energy barns
1E-05 9721228
1.065E-05 9419993
1.13E-05 9145141
1.195E-05 8893034
1.26E-05 8660698
1.34E-05 8398293
1.42E-05 8158391
1.5E-05 7937949
1.58E-05 7734471
1.685E-05 7489729
1.79E-05 7266854
1.895E-05 7062772
2E-05 6874984
2.1275E-05 6665923
2.255E-05 6474856
2.3825E-05 6299344
2.51E-05 6137384
2.6725E-05 5948014
2.835E-05 5775173
2.9975E-05 5616588
3.16E-05 5470403
3.365E-05 5301317
3.57E-05 5147017
3.775E-05 5005468
3.98E-05 4875006
4.235E-05 4726141
4.49E-05 4590151
4.745E-05 4465281
5E-05 4350094
5.01E-05 4345757
5.050625E-05 4328271
5.09125E-05 4310994
5.1725E-05 4277054
5.335E-05 4211516
5.66E-05 4089016
5.985E-05 3976641
6.31E-05 3873068
6.7175E-05 3753987
7.125E-05 3645281
7.5325E-05 3545526
7.94E-05 3453558
8.455E-05 3346988
8.97E-05 3249740
9.485E-05 3160532
0.0001 3078313
0.0001065 2983189
0.000113 2896405
0.0001195 2816809
0.000126 2743462
0.000134 2660631
0.000142 2584911
0.00015 2515342
0.000158 2451134
0.0001685 2373914
0.000179 2303604
0.0001895 2239233
0.0002 2180009
0.00021275 2114088
0.0002255 2053851
0.00023825 1998528
0.000251 1947486
0.00026725 1887818
0.0002835 1833371
0.00029975 1783427
0.000316 1737398
0.0003365 1684172
0.000357 1635616
0.0003775 1591084
0.000398 1550053
0.0004235 1503250
0.000449 1460510
0.0004745 1421280
0.0005 1385105
0.000501 1383743
0.0005050625 1378253
0.000509125 1372829
0.00051725 1362174
0.0005335 1341603
0.000566 1303166
0.0005985 1267922
0.000631 1235455
0.00067175 1198146
0.0007125 1164108
0.00075325 1132891
0.000794 1104129
0.0008455 1070821
0.000897 1040451
0.0009485 1012611
0.001 986972.7
0.001065 957335.1
0.00113 930321.5
0.001195 905569.1
0.00126 882781.6
0.00134 857074.9
0.00142 833602.9
0.0015 812062.6
0.00158 792205.6
0.001685 768357.1
0.00179 746676.2
0.001895 726857.1
0.002 708651.3
0.0021275 688421.1
0.002255 669970.4
0.0023825 653056.9
0.00251 637481.6
0.0026725 619313.3
0.002835 602774.7
0.0029975 587640.3
0.00316 573726.2
0.003365 557680.1
0.00357 543085.6
0.003775 529741.1
0.00398 517481.6
0.004235 503543.2
0.00449 490860.4
0.005 468599.9
0.00501 468199.3
0.005050625 466584.8
0.00509125 464990.7
0.0051725 461861.8
0.005335 455830.7
0.00566 444597.1
0.00631 424928.6
0.0067175 414162.4
0.007125 404387.7
0.00794 387281.2
0.008455 377850.2
0.00897 369295.1
0.01 354335.5
0.0109875 342131.9
0.011975 331544.1
0.0129625 322227.9
0.01395 313927.2
0.0149375 306448.5
0.015925 299642.2
0.0179 287596.5
0.01995 276723
0.02 276474
0.02016563 275653.8
0.02033125 274840.9
0.0206625 273235.8
0.021325 270103
0.02265 264105.7
0.0253 252911.8
0.02835 240864.1
0.0314 229293.4
0.0336675 220844.2
0.03570907 213294.6
0.03775063 205778.9
0.03979219 198291.1
0.04183375 190836.4
0.04387532 183427.7
0.04591688 176083.4
0.05 161678.2
0.053275 150500.9
0.05655 139750.3
0.059825 129492.9
0.0631 119782.9
0.0660978 111409.2
0.0690956 103544.6
0.0720934 96192.28
0.07509119 89344.8
0.07808899 82986.68
0.08108679 77096.6
0.08408459 71650.08
0.08708238 66622.19
0.09031179 61645.47
0.09354119 57093.19
0.0967706 52931.95
0.1 49128.33
0.1020002 46937.59
0.1040004 44864.38
0.1060006 42901.91
0.1080007 41043.94
0.1100009 39284.37
0.112001 37617.79
0.1140012 36038.73
0.1160013 34542.3
0.1180015 33123.57
0.1200016 31778.14
0.1220018 30501.68
0.1240019 29290.37
0.1260021 28140.42
0.1280022 27048.53
0.1320025 25025.63
0.1342993 23953.39
0.136596 22940.74
0.1388927 21983.55
0.1411894 21078.08
0.1434862 20220.91
0.1457829 19409.04
0.1480796 18639.61
0.1503763 17909.99
0.1526731 17217.72
0.1549698 16560.59
0.1595632 15343.49
0.1641566 14243.78
0.16875 13248.4
0.1726563 12475.05
0.1765625 11761.78
0.1804688 11102.5
0.184375 10492.05
0.1882813 9925.936
0.1921875 9400.279
0.1960938 8911.596
0.2 8456.847
0.2047991 7940.569
0.2095982 7466.737
0.2143973 7031.123
0.2191963 6629.944
0.2239954 6259.777
0.2287944 5917.527
0.2335935 5600.387
0.2383925 5305.97
0.2450735 4930.149
0.2517544 4589.838
0.2584354 4281.125
0.2651163 4000.567
0.2717973 3745.039
0.2784782 3511.803
0.2851591 3298.379
0.29184 3102.498
0.3000063 2884.105
0.3081725 2686.245
0.3163388 2506.595
0.324505 2343.213
0.3326713 2194.373
0.3408375 2058.483
0.3490038 1934.154
0.35717 1820.159
0.3629129 1745.542
0.3686557 1675.082
0.3743985 1608.47
0.3801413 1545.446
0.3858841 1485.774
0.3916269 1429.234
0.3973697 1375.629
0.4031125 1324.786
0.4145982 1230.759
0.4260838 1145.941
0.4375694 1069.204
0.449055 999.4739
0.4617913 929.4039
0.4745275 866.3147
0.5 756.1594
0.515843 697.0378
0.531686 644.9779
0.5633719 555.9308
0.5950579 482.644
0.6267438 422.3775
0.6584298 372.4216
0.6901157 330.1182
0.7218016 294.2592
0.7534875 263.7012
0.7843016 238.1936
0.8151157 216.2273
0.8459298 196.7733
0.8767438 179.8465
0.9075579 164.8278
0.9383719 151.5956
1 129.3797
1.073112 108.7051
1.146223 92.52065
1.219334 79.68945
1.292445 69.47221
1.365557 61.0848
1.438668 54.23819
1.511779 48.62416
1.58489 44.02488
1.688668 38.88022
1.792445 35.06992
1.896223 32.43388
2 30.88327
2.063987 30.5586
2.117976 30.73565
2.171964 31.37241
2.225953 32.59819
2.279941 34.55335
2.33393 37.64913
2.360924 39.76644
2.387918 42.38097
2.414912 45.62117
2.441906 49.65529
2.4689 54.7097
2.495894 61.13908
2.51189 65.81197
2.531515 72.68152
2.551139 81.14162
2.570763 91.69204
2.590387 105.0483
2.610012 122.2576
2.619824 132.7731
2.629636 144.9092
2.639448 159.0146
2.64926 175.5348
2.659072 195.0418
2.668884 218.2712
2.677147 241.4098
2.68541 268.5681
2.693673 300.6203
2.701936 338.6247
2.710199 383.8312
2.718462 437.6593
2.726725 501.6235
2.734987 577.1714
2.743956 673.6254
2.752925 785.6256
2.761894 912.1151
2.770863 1049.762
2.779832 1192.507
2.788801 1331.576
2.79777 1456.191
2.806738 1554.96
2.815869 1618.576
2.825 1637.771
2.83261 1618.07
2.840219 1567.527
2.847829 1490.167
2.855438 1391.829
2.866739 1221.615
2.87804 1041.915
2.889341 870.3242
2.900642 717.8997
2.911943 589.3438
2.917594 534.1419
2.923244 484.6678
2.928895 440.5062
2.934545 401.2171
2.940195 366.3151
2.945845 335.3285
2.952609 302.7557
2.959373 274.4498
2.966137 249.7882
2.9729 228.235
2.979664 209.3235
2.986427 192.67
2.999954 164.8688
3.013482 142.7909
3.027009 124.9974
3.040536 110.455
3.054063 98.41631
3.068823 87.49658
3.083583 78.38785
3.098343 70.71059
3.113102 64.18232
3.127862 58.58625
3.142621 53.7548
3.157381 49.55383
3.17214 45.87674
3.20166 39.76536
3.231179 34.91893
3.260698 31.00933
3.290217 27.80859
3.320602 25.0836
3.350987 22.81324
3.381372 20.8997
3.411756 19.25847
3.442141 17.83448
3.472526 16.59378
3.533295 14.5486
3.594065 12.93917
3.654834 11.64388
3.715604 10.58165
3.776373 9.703973
3.85285 8.788115
3.929327 8.020553
4.005804 7.379618
4.08228 6.832789
4.235234 5.945821
4.388187 5.26416
4.541141 4.722779
4.694094 4.281881
5 3.608864
5.01187 3.585951
5.057674 3.502292
5.103477 3.424371
5.195084 3.280316
5.378297 3.028615
5.744723 2.627553
6.111149 2.329922
6.294362 2.206782
6.477575 2.10734
6.844002 1.934174
7.210428 1.802167
7.576854 1.702759
7.94328 1.630332
8.45746 1.56555
8.97164 1.537218
9.48582 1.542239
10 1.580564
10.42553 1.643846
10.85105 1.724703
11.27657 1.842779
11.70209 2.003835
12.12761 2.218847
12.55313 2.504553
12.76589 2.683483
12.97865 2.895359
13.19141 3.146075
13.40417 3.445325
13.6079 3.789365
13.81163 4.205492
14.01536 4.715411
14.21909 5.349935
14.42282 6.146224
14.52469 6.624236
14.62655 7.17648
14.72842 7.813397
14.83028 8.552868
14.93215 9.418973
15.03401 10.44309
15.16135 12.0116
15.28868 14.01345
15.35235 15.23084
15.41601 16.63133
15.47968 18.25108
15.54334 20.13874
15.61974 22.87602
15.69614 26.31803
15.73434 28.38711
15.77254 30.75406
15.81074 33.49177
15.84893 36.70476
15.88401 40.21328
15.91909 44.46688
15.95417 49.83385
15.97171 53.13153
15.98924 57.0022
16.00678 61.62821
16.02432 67.23608
16.04186 74.10248
16.0594 82.53485
16.07694 92.83223
16.09448 105.221
16.11202 119.7698
16.12955 136.2884
16.1486 155.8913
16.16764 176.1358
16.18669 195.5855
16.20573 212.6276
16.22287 224.7551
16.24 233.1408
16.25143 236.5587
16.26857 238.6442
16.2857 237.7792
16.31306 233.2263
16.34042 229.7256
16.35923 230.7071
16.37804 236.0694
16.39685 246.918
16.41565 264.2341
16.43446 289.1554
16.44387 304.9329
16.45327 323.2264
16.46268 344.3963
16.47208 368.7944
16.48148 396.9294
16.49088 429.3967
16.50456 485.9015
16.51824 555.9013
16.53192 642.8883
16.53876 694.0552
16.5456 751.1293
16.55244 814.7596
16.55928 885.6327
16.56612 964.4637
16.57296 1051.984
16.5798 1148.925
16.58664 1255.999
16.60031 1502.962
16.60972 1700.333
16.61912 1920.85
16.62852 2164.944
16.63792 2432.034
16.65673 3028.249
16.67553 3682.845
16.70529 4724.416
16.72017 5181.978
16.73505 5553.262
16.7467 5764.619
16.75835 5894.351
16.77 5935.721
16.78168 5886.352
16.79335 5748.86
16.80503 5530.27
16.82173 5099.837
16.83843 4569.181
16.87183 3392.544
16.88714 2873.339
16.90245 2398.461
16.9193 1941.48
16.92772 1741.008
16.93614 1559.17
16.94457 1395.264
16.95299 1248.83
16.96141 1118.575
16.96983 1003.258
16.97826 901.4424
16.98668 812.0196
16.9951 733.5381
17.00352 664.7344
17.01194 604.4288
17.02036 551.5407
17.02878 505.0958
17.0372 464.2272
17.05252 401.7472
17.06783 351.5092
17.08314 310.5903
17.09845 276.8335
17.11377 248.6168
17.12908 224.7833
17.14439 204.4215
17.1597 186.8596
17.17502 171.5755
17.19033 158.1927
17.22095 135.9203
17.25157 118.223
17.28219 103.9078
17.31129 92.68678
17.34038 83.2762
17.36948 75.29542
17.39857 68.46746
17.42767 62.57195
17.45676 57.44726
17.48585 52.9627
17.51494 49.01698
17.57313 42.43034
17.63131 37.19761
17.6895 32.97743
17.74768 29.53284
17.80587 26.69346
17.86406 24.33697
17.92225 22.36611
17.98043 20.7014
18.03862 19.28554
18.0968 18.08129
18.21317 16.19253
18.32955 14.8507
18.44592 13.93559
18.56229 13.37267
18.67866 13.12006
18.79504 13.16136
18.91141 13.50316
19.02778 14.17659
19.14415 15.24318
19.26052 16.80699
19.31871 17.82371
19.37689 19.0308
19.43508 20.46345
19.49326 22.17303
19.55145 24.23242
19.60963 26.731
19.68313 30.70033
19.71988 33.11896
19.75663 35.90031
19.79338 39.117
19.83013 42.86168
19.86688 47.25542
19.90363 52.45912
19.92773 56.41244
19.95182 60.88159
19.97591 65.96413
20 71.7798
20.02393 78.43211
20.04785 86.1437
20.07177 95.16413
20.09569 105.8204
20.10765 111.8944
20.11961 118.5549
20.13157 125.8842
20.14353 133.9807
20.15549 142.9623
20.16745 152.972
20.17941 164.1841
20.19137 176.8125
20.20084 187.9885
20.21031 200.375
20.21978 214.1597
20.22925 229.5654
20.23872 246.8561
20.24819 266.3441
20.25766 288.3971
20.26712 313.4181
20.27659 341.9609
20.28606 374.5792
20.29553 411.9328
20.305 454.7657
20.31447 503.9034
20.32394 560.2466
20.33341 624.7568
20.34287 698.3517
20.35384 796.4743
20.3648 909.647
20.37577 1039.415
20.38673 1186.579
20.3977 1352.004
20.40866 1535.377
20.41962 1736.078
20.43058 1952.453
20.45207 2411.131
20.47355 2887.448
20.49504 3337.538
20.51652 3709.885
20.53826 3958.608
20.54913 4022.743
20.56 4043.02
20.56622 4034.534
20.5867 3905.822
20.60717 3638.497
20.62764 3266.206
20.64811 2831.842
20.69035 1918.631
20.71147 1521.454
20.72203 1346.246
20.73259 1187.71
20.74316 1045.715
20.75372 920.0139
20.76428 809.5706
20.77484 713.2293
20.7854 629.6811
20.79596 557.5533
20.80652 495.4806
20.81708 442.1572
20.82765 396.3321
20.83821 356.996
20.84877 323.1322
20.85933 293.8959
20.86989 268.5617
20.88045 246.514
20.89101 227.2348
20.90157 210.2916
20.92174 183.1701
20.9419 161.3901
20.96206 143.5919
20.98222 128.8297
21.00238 116.4286
21.02254 105.8984
21.0427 96.87638
21.06286 89.08912
21.08302 82.32695
21.10318 76.42693
21.1435 66.72779
21.18382 59.25612
21.22414 53.56227
21.26255 49.5769
21.30095 46.97619
21.33936 45.98332
21.35856 46.25786
21.37776 47.19751
21.39984 49.30916
21.42192 52.81136
21.444 58.03687
21.46608 65.2929
21.48816 74.76454
21.51024 86.39104
21.5544 113.9562
21.5736 126.0227
21.5928 136.7577
21.6071 143.2684
21.6214 148.0781
21.6357 150.8817
21.65 151.4848
21.67145 148.1625
21.6929 140.1353
21.71478 128.089
21.73666 113.5523
21.78042 82.91713
21.80483 67.68087
21.81703 60.958
21.82923 54.88966
21.84144 49.47604
21.85364 44.70553
21.86584 40.53485
21.87804 36.91358
21.89025 33.78259
21.90245 31.08821
21.91465 28.77032
21.92685 26.77524
21.95126 23.56347
21.97566 21.1351
21.99626 19.51943
22.01685 18.19452
22.05803 16.14796
22.09921 14.63196
22.14039 13.45646
22.18158 12.5159
22.22276 11.74804
22.30512 10.58188
22.38749 9.764052
22.46985 9.205223
22.55222 8.875062
22.63458 8.786359
22.68339 8.871079
22.7322 9.085748
22.78101 9.46887
22.82982 10.08514
22.85423 10.51351
22.87863 11.04884
22.90304 11.7217
22.92744 12.5741
22.95185 13.66811
22.97625 15.09247
23.00066 16.97986
23.01286 18.15322
23.02506 19.51916
23.04489 22.24538
23.06472 25.76401
23.07464 27.89028
23.08455 30.29864
23.09447 33.02579
23.10438 36.09805
23.1143 39.55232
23.12421 43.4096
23.14404 52.43536
23.16387 63.27168
23.1837 75.83982
23.21115 95.45381
23.2386 116.0145
23.25955 130.7416
23.2805 143.1484
23.30145 151.9499
23.32239 156.1607
23.33 156.4412
23.35284 153.2318
23.37568 144.4
23.39468 133.599
23.41367 120.6538
23.45165 92.30363
23.46937 79.52802
23.48709 67.757
23.50481 57.28319
23.52253 48.23524
23.54025 40.60945
23.55797 34.30855
23.57569 29.17987
23.5934 25.0495
23.60395 22.98929
23.6145 21.18474
23.63559 18.21782
23.65669 15.92449
23.67778 14.13417
23.69888 12.7156
23.71997 11.57551
23.74106 10.64496
23.76215 9.874884
23.78325 9.229485
23.80434 8.683322
23.84652 7.814843
23.88871 7.162884
23.93089 6.663811
23.97139 6.290819
24.01189 5.998055
24.09289 5.593865
24.17389 5.371876
24.25488 5.293645
24.32576 5.331513
24.39663 5.470126
24.46751 5.721346
24.53838 6.108849
24.60926 6.673065
24.6447 7.040622
24.68013 7.479758
24.71557 8.006093
24.751 8.639884
24.78644 9.409482
24.82187 10.35315
24.85731 11.52596
24.89275 13.00677
24.92819 14.91511
24.94591 16.08511
24.96362 17.44118
24.98134 19.03016
24.99906 20.91235
25.01678 23.17087
25.0345 25.91995
25.05222 29.31692
25.06994 33.5774
25.08766 38.99327
25.09652 42.25117
25.10537 45.94693
25.11365 49.86227
25.12192 54.27525
25.13019 59.25541
25.13846 64.87318
25.14674 71.21188
25.15501 78.33539
25.16328 86.33268
25.17155 95.2865
25.17983 105.2912
25.1881 116.4008
25.20464 142.2446
25.22119 173.28
25.23773 209.619
25.24888 237.0101
25.26002 266.4803
25.27117 297.7594
25.28231 330.346
25.29717 374.8984
25.31203 419.1698
25.34175 499.1484
25.36274 541.6687
25.38373 567.0806
25.4 573.0127
25.41628 566.3742
25.43212 548.309
25.44795 520.0661
25.46378 483.5014
25.47961 440.8895
25.50375 369.7754
25.52789 298.3748
25.54449 252.487
25.56108 210.8868
25.57768 174.3076
25.59427 143.0623
25.61087 116.9751
25.61917 105.7495
25.62746 95.65664
25.63576 86.59491
25.64406 78.49596
25.65236 71.27739
25.66065 64.86487
25.67574 54.98263
25.69083 47.04156
25.70592 40.65669
25.721 35.507
25.73609 31.32114
25.75118 27.89183
25.76627 25.05388
25.78135 22.68113
25.79644 20.6728
25.81153 18.95604
25.82662 17.47395
25.8417 16.1837
25.87187 14.04775
25.90204 12.35688
25.93071 11.05112
25.95937 9.967349
25.98804 9.055265
26.0167 8.279451
26.04537 7.612496
26.07403 7.034515
26.13136 6.085428
26.18869 5.343162
26.24602 4.750701
26.30335 4.269757
26.36067 3.873715
26.43611 3.449693
26.51154 3.107438
26.58697 2.82568
26.6624 2.590652
26.73783 2.392454
26.81326 2.223502
26.96412 1.951607
27.11499 1.743679
27.26585 1.580965
27.41671 1.447883
27.56757 1.337811
27.82103 1.191177
28.07448 1.078638
28.32793 0.9917543
28.58138 0.9177047
28.83483 0.8576706
29.08828 0.8072113
29.59518 0.7273664
30.10208 0.6681012
30.60898 0.623581
31.62278 0.5642713
32.13453 0.5452491
32.64628 0.5325759
33.66977 0.5227995
34.85319 0.5364773
35.4449 0.5552589
36.0366 0.5841791
36.62831 0.6270025
37.22002 0.6909645
37.51588 0.7350307
37.81173 0.7928146
38.10758 0.8703278
38.25551 0.9191883
38.40343 0.9781307
38.53137 1.040703
38.65931 1.117368
38.78725 1.21325
38.91518 1.336122
39.04312 1.49839
39.10709 1.600946
39.17105 1.723353
39.23502 1.871602
39.29899 2.053901
39.36296 2.282214
39.42692 2.574786
39.4749 2.853541
39.52287 3.203887
39.57085 3.6558
39.59484 3.933915
39.61882 4.257763
39.64281 4.639539
39.6668 5.095457
39.69079 5.648247
39.71477 6.329504
39.73876 7.184661
39.76275 8.276133
39.77475 8.936598
39.78674 9.68996
39.79873 10.55203
39.81072 11.54019
39.82199 12.60137
39.83326 13.80903
39.84453 15.18257
39.85579 16.74124
39.86706 18.5095
39.87832 20.50644
39.88959 22.75781
39.90085 25.28099
39.91212 28.10023
39.92339 31.23047
39.94592 38.46833
39.96845 47.03445
39.99098 56.84637
40.02893 75.45622
40.06688 94.66278
40.08918 104.9381
40.11148 113.5669
40.13378 119.8775
40.15608 123.3491
40.17 123.935
40.19785 121.3894
40.21829 116.5503
40.23873 109.5651
40.25917 100.9077
40.2796 91.13032
40.30848 76.47499
40.33735 62.11645
40.36622 49.10883
40.38066 43.31816
40.39509 38.064
40.40857 33.64744
40.42204 29.7029
40.43551 26.20925
40.44898 23.13999
40.46246 20.46068
40.47593 18.13919
40.4894 16.13584
40.50287 14.41337
40.51539 13.03295
40.5279 11.83841
40.54041 10.80404
40.55292 9.907724
40.56543 9.129818
40.57794 8.4531
40.60296 7.345573
40.62798 6.489612
40.653 5.816478
40.67802 5.277575
40.70304 4.838777
40.72806 4.476047
40.75308 4.172268
40.80312 3.69521
40.85316 3.341742
40.9032 3.073406
40.97249 2.799426
41.04178 2.604798
41.11107 2.466217
41.18036 2.368824
41.24965 2.302535
41.31894 2.26033
41.45752 2.230936
41.6269 2.272246
41.79627 2.383557
41.96565 2.561464
42.13502 2.812551
42.3044 3.1533
42.38909 3.365769
42.47377 3.612862
42.55846 3.901295
42.64314 4.239315
42.72783 4.63762
42.81251 5.111007
42.8972 5.681208
42.98189 6.377707
43.06658 7.240329
43.15126 8.325688
43.19361 8.977024
43.23595 9.718622
43.2783 10.56861
43.32064 11.54909
43.36299 12.68949
43.40533 14.02729
43.44767 15.61364
43.49001 17.51812
43.52851 19.60719
43.567 22.14157
43.6055 25.27088
43.64399 29.21616
43.66709 32.11435
43.69019 35.53942
43.71329 39.64271
43.73638 44.63116
43.75948 50.79956
43.77103 54.44576
43.78257 58.54395
43.79412 63.17473
43.80567 68.41996
43.81722 74.37779
43.82876 81.15411
43.83935 88.20523
43.84994 96.16564
43.86053 105.1558
43.87111 115.2967
43.8817 126.7486
43.89228 139.6397
43.90287 154.1512
43.91345 170.4165
43.92404 188.6285
43.93462 208.9118
43.94521 231.4556
43.95579 256.3543
43.96638 283.772
43.97696 313.7469
43.98755 346.3911
43.99813 381.6567
44.00968 423.1389
44.02123 467.6146
44.04433 564.6078
44.06743 669.7828
44.09052 778.666
44.1323 965.819
44.15319 1044.175
44.17407 1105.695
44.19704 1149.111
44.22 1163.632
44.22657 1162.238
44.24897 1139.119
44.27137 1089.359
44.29377 1016.907
44.31617 927.2289
44.36419 706.1719
44.3882 595.3483
44.41221 492.0873
44.43623 400.0107
44.46024 321.0748
44.47225 286.6662
44.48425 255.5953
44.49626 227.6815
44.50826 202.7993
44.52027 180.704
44.53228 161.1947
44.54429 144.0393
44.55629 129.0158
44.5683 115.8713
44.5803 104.4107
44.59231 94.41153
44.60431 85.70388
44.62177 74.98165
44.63378 68.73805
44.64579 63.26942
44.6698 54.23524
44.69381 47.16416
44.71782 41.53765
44.74184 36.98121
44.76585 33.23261
44.78986 30.10004
44.81387 27.44712
44.83789 25.17362
44.8619 23.20779
44.90992 19.98657
44.95794 17.47122
45.00596 15.46567
45.05617 13.77264
45.10637 12.39197
45.15658 11.25088
45.20678 10.29802
45.25699 9.495148
45.30719 8.814277
45.3574 8.233503
45.4076 7.736199
45.50801 6.941131
45.60842 6.35171
45.70883 5.916002
45.80924 5.597124
45.91402 5.363066
46.0188 5.213712
46.12358 5.138151
46.22835 5.12907
46.38552 5.232088
46.54269 5.474801
46.69986 5.869532
46.85702 6.443973
47.01419 7.245222
47.09277 7.751989
47.17135 8.345841
47.24994 9.045455
47.32852 9.875561
47.4071 10.86739
47.48568 12.06059
47.53807 12.99346
47.59046 14.05935
47.64285 15.28356
47.69524 16.69804
47.752 18.49314
47.80875 20.62888
47.86551 23.20039
47.92226 26.33705
47.95064 28.17238
47.97902 30.22351
48.0074 32.52659
48.03577 35.12507
48.06415 38.07608
48.09252 41.44736
48.1209 45.33101
48.14927 49.84159
48.17765 55.13911
48.20603 61.43646
48.22022 65.04936
48.23441 69.03335
48.2486 73.44623
48.26278 78.35388
48.27697 83.8471
48.29116 90.02402
48.30535 97.00713
48.31954 104.9442
48.33373 114.0128
48.34792 124.4255
48.36211 136.4351
48.37629 150.3291
48.3883 163.8333
48.40031 179.1845
48.41232 196.6522
48.42432 216.5173
48.43633 239.1388
48.44833 264.8301
48.46034 294.0065
48.47234 327.0067
48.48435 364.2801
48.49635 406.1552
48.50836 453.0756
48.52036 505.3045
48.53237 563.2206
48.54437 626.9496
48.55638 696.7302
48.56838 772.4676
48.59239 941.4655
48.6164 1131.168
48.66442 1547.415
48.71084 1932.288
48.73405 2089.225
48.75725 2207.396
48.77863 2274.374
48.8 2296.558
48.82318 2268.395
48.84636 2188.15
48.86954 2062.033
48.89272 1899.387
48.91728 1699.774
48.94184 1485.944
48.99095 1066.327
48.99988 995.983
49.02444 817.0593
49.049 662.0372
49.06128 593.899
49.07356 531.9397
49.08584 475.9664
49.09811 425.7398
49.11039 380.8374
49.12267 340.9189
49.13495 305.5762
49.14722 274.4156
49.1595 246.9727
49.17178 222.874
49.18406 201.7397
49.19633 183.2305
49.20806 167.6746
49.21978 153.9593
49.24322 131.1125
49.26666 113.1267
49.2901 98.80578
49.31354 87.24816
49.33698 77.78503
49.36042 69.92496
49.38386 63.30772
49.4073 57.6684
49.43074 52.81048
49.45418 48.58633
49.47762 44.88339
49.5245 38.71084
49.57138 33.79054
49.62496 29.28475
49.67854 25.66084
49.73212 22.69633
49.78569 20.23644
49.83927 18.16947
49.89285 16.41512
49.94643 14.91303
50 13.61731
50.06346 12.30019
50.12691 11.17604
50.19037 10.2089
50.25382 9.37137
50.31728 8.641225
50.38073 8.000846
50.50763 6.932929
50.63454 6.081754
50.76144 5.393806
50.88835 4.831356
51.01525 4.366473
51.15133 3.952883
51.28741 3.60887
51.42349 3.320583
51.55957 3.078241
51.69565 2.874303
51.83173 2.700009
52.10389 2.421101
52.37605 2.218209
52.64821 2.073693
52.92037 1.975865
53.19252 1.917386
53.44867 1.894481
53.75285 1.905722
54.05703 1.959444
54.36121 2.059858
54.66538 2.215495
54.96956 2.440876
55.12165 2.586623
55.27374 2.7593
55.42583 2.962736
55.57792 3.203388
55.73001 3.493521
55.88209 3.844634
56.03418 4.27159
56.18627 4.795886
56.33836 5.447846
56.49045 6.270891
56.5665 6.765398
56.64254 7.328394
56.71859 7.972584
56.79463 8.713441
56.87068 9.571764
56.94672 10.57521
57.02276 11.76083
57.0988 13.17649
57.16284 14.59278
57.22688 16.26602
57.29092 18.26238
57.35495 20.67212
57.40298 22.82586
57.45101 25.3556
57.49904 28.35811
57.52306 30.07625
57.54707 31.96447
57.57109 34.0488
57.5951 36.35683
57.61912 38.92586
57.64313 41.79704
57.66715 45.02623
57.69116 48.67775
57.71517 52.83789
57.73918 57.61607
57.75319 60.74475
57.7672 64.16655
57.78121 67.92271
57.79522 72.06188
57.80923 76.64163
57.82324 81.73009
57.83725 87.40788
57.85125 93.76542
57.86526 100.9239
57.87927 109.0109
57.89328 118.1803
57.90728 128.6029
57.92129 140.4997
57.9353 154.0992
57.94931 169.668
57.96331 187.4909
57.97432 203.3114
57.98533 220.9075
57.99634 240.4617
58.00734 262.1437
58.01835 286.1891
58.02935 312.7531
58.04036 342.082
58.05136 374.3153
58.06237 409.6941
58.07338 448.3569
58.09539 536.0374
58.1174 638.1397
58.13941 754.7106
58.15542 848.1303
58.17143 948.0536
58.21546 1246.588
58.25948 1549.96
58.29556 1767.85
58.33163 1927.077
58.34775 1972.806
58.38 2009.643
58.38807 2006.984
58.41225 1970.755
58.42838 1924.076
58.45286 1822.531
58.47733 1690.406
58.5018 1536.246
58.52627 1369.252
58.57169 1054.814
58.59668 892.8789
58.62166 745.6332
58.64664 615.8995
58.67162 504.7548
58.69661 411.7914
58.7091 371.7518
58.72159 335.6848
58.73408 303.3239
58.74657 274.3875
58.75906 248.588
58.77155 225.6392
58.79427 190.3023
58.81698 161.9353
58.83969 139.1514
58.8624 120.7924
58.88511 105.9094
58.90782 93.74351
58.93053 83.69957
58.95324 75.31744
58.97596 68.24172
58.99867 62.20971
59.02138 57.01307
59.04409 52.49492
59.08951 45.03714
59.13493 39.15158
59.17809 34.61904
59.22124 30.86602
59.26439 27.71636
59.30754 25.04293
59.35069 22.7512
59.39384 20.76963
59.43699 19.04325
59.48014 17.52923
59.56645 15.00915
59.65275 13.00994
59.73905 11.39657
59.82535 10.07528
59.90257 9.085589
59.97979 8.240974
60.05701 7.514751
60.13422 6.886142
60.21144 6.338036
60.28866 5.85656
60.44309 5.051956
60.59753 4.411284
60.75196 3.894455
60.9064 3.472018
61.06083 3.122732
61.18802 2.878844
61.3152 2.667385
61.56956 2.323048
61.82392 2.059426
62.07828 1.851373
62.33265 1.688734
62.58701 1.562872
62.84137 1.467694
63.09573 1.399005
63.31533 1.359977
63.53492 1.340239
63.75452 1.340616
63.97411 1.363863
64.1937 1.414965
64.41329 1.502014
64.63289 1.637089
64.74269 1.729609
64.85248 1.844952
64.96228 1.98903
65.07207 2.169742
65.18187 2.398357
65.29166 2.691059
65.37401 2.967134
65.45636 3.308563
65.53871 3.737763
65.62105 4.287345
65.66223 4.621918
65.7034 5.006997
65.74457 5.453598
65.78574 5.976024
65.82692 6.593583
65.86809 7.332345
65.90926 8.230152
65.95043 9.343489
65.97788 10.24758
66.00533 11.32531
66.02421 12.19565
66.04308 13.19831
66.06195 14.36559
66.08082 15.73871
66.09969 17.37085
66.11856 19.33022
66.13743 21.70367
66.1563 24.60048
66.17518 28.15849
66.19405 32.53993
66.21292 37.94555
66.23179 44.60893
66.25066 52.79746
66.26953 62.80832
66.2884 74.96048
66.30727 89.58181
66.32786 108.7267
66.34845 131.5578
66.36904 158.3519
66.38962 189.2297
66.41021 224.1669
66.43079 262.8377
66.45138 304.7142
66.47196 348.8991
66.51314 439.4699
66.55431 522.7018
66.59196 581.0775
66.61078 600.909
66.6296 613.3591
66.65 617.9286
66.6551 617.5861
66.67181 612.3179
66.68851 600.8689
66.72192 561.0923
66.75614 501.6539
66.79035 430.49
66.8588 282.6258
66.89302 217.6761
66.91013 189.0136
66.92724 163.1358
66.94358 141.0587
66.95991 121.5216
66.97624 104.4014
66.99257 89.54327
67.0089 76.76076
67.02523 65.84973
67.04156 56.59947
67.05789 48.80198
67.07423 42.2552
67.09056 36.78317
67.10689 32.21512
67.12322 28.40357
67.13955 25.22018
67.15588 22.55507
67.17221 20.31543
67.18854 18.42391
67.2041 16.8869
67.21965 15.56341
67.23521 14.4146
67.25076 13.41173
67.28187 11.74744
67.31298 10.42485
67.34409 9.348199
67.3752 8.453846
67.40631 7.698569
67.43741 7.052397
67.46852 6.493206
67.49963 6.005132
67.56185 5.196072
67.62407 4.55554
67.68628 4.038664
67.7485 3.614714
67.81072 3.262176
67.87294 2.965368
67.93515 2.712762
67.99737 2.495668
68.05959 2.307632
68.18402 1.999812
68.30846 1.760338
68.43289 1.570335
68.55732 1.417142
68.68175 1.29193
68.88085 1.133422
69.07994 1.011361
69.27904 0.9157393
69.47813 0.839569
69.67723 0.7780173
69.87632 0.7281533
70.2745 0.651704
70.67269 0.596746
71.07088 0.5571548
71.46907 0.5285331
71.86725 0.5081524
72.46453 0.4905645
73.06181 0.4827172
73.6591 0.4855752
74.25638 0.4981377
74.85366 0.5191205
75.45094 0.5541099
76.04823 0.6056748
76.34687 0.6395653
76.64551 0.6804327
76.94415 0.7300582
77.24279 0.7905951
77.54143 0.8638761
77.84007 0.9565458
78.08565 1.05152
78.33122 1.168747
78.5768 1.315793
78.82237 1.503829
78.94516 1.618249
79.06795 1.749963
79.19074 1.902537
79.31352 2.080371
79.43631 2.289652
79.5591 2.539425
79.68189 2.841788
79.80467 3.212344
79.90538 3.582177
80.00609 4.029618
80.1068 4.579791
80.20751 5.269397
80.25787 5.682524
80.30822 6.152631
80.35858 6.691326
80.40893 7.31295
80.45929 8.036637
80.50964 8.887106
80.55999 9.898415
80.61034 11.11799
80.64133 12.00072
80.67232 13.00967
80.70331 14.17364
80.73429 15.53064
80.7769 17.81249
80.79821 19.18856
80.81951 20.76482
80.84082 22.58697
80.86212 24.70897
80.88342 27.20141
80.90472 30.15128
80.92603 33.66777
80.94733 37.87866
80.96864 42.94558
80.98994 49.04988
81.01125 56.41265
81.03255 65.26986
81.05385 75.8906
81.07515 88.5559
81.09646 103.5572
81.11776 121.1502
81.13907 141.5854
81.16037 165.0164
81.18168 191.5485
81.20298 221.1218
81.22429 253.5839
81.24559 288.5568
81.29981 384.8871
81.35403 479.9345
81.37753 516.1396
81.40102 547.0756
81.42451 571.3567
81.448 587.8378
81.48 596.3767
81.488 595.9084
81.51588 586.2033
81.54375 564.6354
81.57163 532.7206
81.5995 492.6406
81.63003 442.3741
81.66055 388.8829
81.7216 284.9168
81.74935 243.3247
81.7771 207.0534
81.80485 176.7931
81.8326 152.8782
81.84648 143.3292
81.86035 135.3884
81.87423 129.0308
81.8881 124.2472
81.90198 121.0096
81.91585 119.2996
81.92973 119.0902
81.9436 120.3559
81.96442 124.9611
81.98523 132.7092
82.00604 143.4596
82.02685 157.023
82.04767 173.1538
82.06848 191.502
82.08929 211.6488
82.1101 233.0717
82.16005 285.8532
82.21 332.2922
82.24075 353.2278
82.2715 365.8988
82.3 369.1503
82.3057 368.7749
82.32184 365.8554
82.33797 360.2505
82.37024 341.5377
82.41213 304.9199
82.45401 259.3725
82.52792 174.8335
82.56487 137.1941
82.58335 120.4125
82.60182 105.1543
82.6203 91.44067
82.63878 79.26629
82.65726 68.57538
82.67573 59.285
82.69421 51.27546
82.71268 44.43254
82.73116 38.62016
82.74963 33.71644
82.76811 29.59298
82.78659 26.13804
82.80507 23.24757
82.82354 20.83046
82.84202 18.80374
82.86049 17.10087
82.87897 15.66199
82.89744 14.44039
82.91962 13.20395
82.94179 12.16813
82.96396 11.28971
82.98613 10.53595
83.03048 9.307726
83.07482 8.345894
83.11917 7.567845
83.16351 6.923339
83.20785 6.379502
83.25219 5.914146
83.34088 5.16
83.42956 4.577447
83.51825 4.116748
83.60693 3.746253
83.68577 3.475031
83.7646 3.247119
83.92226 2.890013
84.07993 2.63018
84.23759 2.442503
84.39526 2.311555
84.55292 2.227462
84.71059 2.184403
84.86825 2.179777
85.03578 2.217222
85.2033 2.302008
85.37082 2.442141
85.53834 2.651233
85.70586 2.950902
85.78962 3.145306
85.87338 3.378169
85.95714 3.658778
86.0409 3.999289
86.12466 4.415884
86.20842 4.930803
86.28233 5.491736
86.35623 6.184588
86.43014 7.054735
86.50404 8.170273
86.541 8.851848
86.57795 9.639903
86.6149 10.56007
86.65185 11.64678
86.68881 12.9481
86.72576 14.53096
86.76271 16.49343
86.79966 18.97843
86.83415 21.95281
86.8514 23.7519
86.86864 25.80703
86.88589 28.16591
86.90313 30.87846
86.92038 34.00856
86.93762 37.62173
86.95487 41.80016
86.97211 46.62553
86.98936 52.19819
87.0066 58.61334
87.02385 65.98543
87.04109 74.41557
87.05833 84.01675
87.07557 94.89316
87.09652 109.9615
87.11746 127.1797
87.1384 146.6401
87.15934 168.3597
87.18028 192.269
87.20122 218.1965
87.22216 245.8572
87.2431 274.846
87.2973 352.0184
87.35149 422.2301
87.39279 462.5225
87.41344 476.4313
87.43409 485.4932
87.46 489.533
87.46864 489.0219
87.49474 481.8816
87.52084 466.7125
87.54694 444.3647
87.57303 416.0586
87.60158 379.9688
87.63013 340.5342
87.68723 259.5411
87.73555 196.6193
87.75971 168.8465
87.78387 143.9696
87.80803 122.0868
87.83219 103.149
87.85635 86.9955
87.8805 73.39427
87.90466 62.05319
87.92882 52.68053
87.95298 44.98249
87.97714 38.68399
88.0013 33.53774
88.02546 29.32863
88.04962 25.87457
88.07377 23.02592
88.09793 20.65796
88.12209 18.67404
88.14625 16.99669
88.17041 15.56514
88.19457 14.33194
88.21873 13.26011
88.26704 11.49165
88.31317 10.15133
88.35929 9.058318
88.40541 8.151321
88.45153 7.388077
88.49765 6.738312
88.54377 6.179708
88.58989 5.695436
88.63601 5.272544
88.72826 4.572342
88.8205 4.020128
88.91274 3.576781
89.00498 3.215457
89.12358 2.841182
89.24218 2.542469
89.36078 2.299974
89.47937 2.100685
89.59797 1.935329
89.71657 1.797032
89.83517 1.680642
89.95376 1.582322
90.19096 1.427507
90.42815 1.312432
90.66534 1.226953
90.90253 1.164569
91.11337 1.124553
91.32421 1.096595
91.74589 1.070954
92.07972 1.075849
92.41355 1.102125
92.74738 1.15131
93.0812 1.227453
93.41503 1.338145
93.74886 1.496354
93.91578 1.599056
94.08269 1.72282
94.2496 1.874896
94.41651 2.064035
94.54829 2.247272
94.68006 2.469578
94.81184 2.742959
94.94361 3.084296
95.07539 3.519058
95.14128 3.783336
95.20716 4.087874
95.27305 4.441932
95.33894 4.857318
95.40483 5.349649
95.47071 5.939948
95.5366 6.657846
95.60249 7.545856
95.66838 8.668327
95.70132 9.34725
95.73426 10.12784
95.76721 11.03488
95.80015 12.10096
95.8331 13.37234
95.86604 14.91169
95.89899 16.80889
95.93193 19.18725
95.96487 22.22
95.98134 24.05263
95.99781 26.14317
96.01538 28.70504
96.03295 31.66647
96.05052 35.09358
96.06809 39.06058
96.08566 43.64959
96.10323 48.95007
96.1208 55.05773
96.13837 62.07285
96.15594 70.09796
96.17351 79.23469
96.19108 89.58002
96.20865 101.2217
96.22622 114.2329
96.24379 128.6668
96.26136 144.5505
96.27893 161.8786
96.31627 203.2494
96.35361 249.8021
96.42828 349.1468
96.47659 407.3911
96.50075 431.4848
96.5249 450.8649
96.55745 468.1103
96.59 473.9505
96.61281 470.9539
96.63562 462.2274
96.65843 448.1236
96.68124 429.1991
96.71064 398.8802
96.74004 363.5864
96.79884 285.8796
96.84784 222.3153
96.87234 193.098
96.89684 166.275
96.92134 142.1302
96.94584 120.7837
96.97034 102.2171
96.99483 86.31053
97.01933 72.84875
97.04383 61.58917
97.06833 52.26006
97.09283 44.58772
97.11733 38.31122
97.14183 33.19222
97.16633 29.02028
97.19082 25.61614
97.21532 22.82586
97.23982 20.52683
97.26432 18.61885
97.28882 17.02215
97.31332 15.67385
97.33782 14.52477
97.38681 12.67989
97.43908 11.18917
97.49134 10.03803
97.54361 9.128873
97.59587 8.399779
97.64814 7.808614
97.7004 7.326281
97.75266 6.931439
97.80492 6.608387
97.90945 6.133313
98.01398 5.837009
98.11851 5.682469
98.22303 5.649016
98.30143 5.697258
98.37983 5.807264
98.45823 5.980867
98.53662 6.222517
98.61502 6.539697
98.69341 6.943266
98.77181 7.448858
98.8502 8.078237
98.92533 8.826252
99.00046 9.755069
99.07559 10.91974
99.11316 11.61439
99.15072 12.40069
99.18829 13.29581
99.22585 14.32044
99.26342 15.50243
99.30098 16.87705
99.33855 18.49333
99.37611 20.41678
99.41368 22.74169
99.43246 24.09376
99.45124 25.60005
99.46921 27.20974
99.48718 29.01178
99.50515 31.03878
99.52311 33.32818
99.54108 35.92855
99.55904 38.89127
99.57701 42.28343
99.59497 46.17555
99.61294 50.65797
99.6309 55.82416
99.64887 61.79155
99.66683 68.67846
99.6848 76.63071
99.70276 85.78952
99.72073 96.32548
99.73869 108.3944
99.76319 127.6478
99.78769 150.5064
99.81219 177.3562
99.83669 208.506
99.86119 244.1429
99.88569 284.2847
99.91019 328.7346
99.93468 377.0215
100 518.1903
100.0488 624.0049
100.0975 715.2953
100.1232 753.0291
100.1488 781.1575
100.1744 798.5268
100.2 804.3055
100.2272 797.4455
100.2544 777.5749
100.2816 745.7715
100.3088 703.7097
100.3379 649.7592
100.367 589.4163
100.4252 461.355
100.4786 349.6187
100.5053 299.5242
100.5319 254.5304
100.5586 214.647
100.5853 180.0869
100.612 150.6365
100.6386 125.9907
100.6641 106.3074
100.6896 90.00073
100.7151 76.58907
100.7405 65.65209
100.766 56.68595
100.7914 49.39469
100.8169 43.40569
100.8423 38.50384
100.8678 34.43479
100.8933 31.04543
100.9188 28.19722
100.9442 25.78993
100.9697 23.71968
100.9951 21.93691
101.046 19.0092
101.0848 17.21421
101.1236 15.70127
101.1867 13.69467
101.2497 12.10695
101.3128 10.82121
101.3758 9.766856
101.4389 8.888488
101.5019 8.151572
101.565 7.526179
101.628 6.993491
101.7541 6.141736
101.8802 5.50387
102.0063 5.020275
102.1323 4.652709
102.2875 4.323081
102.4427 4.102117
102.5979 3.971154
102.753 3.919615
102.9179 3.947416
103.0828 4.062954
103.2477 4.276916
103.4126 4.609945
103.5775 5.097044
103.66 5.416178
103.7424 5.799502
103.8249 6.263221
103.9073 6.826524
103.9897 7.517578
104.0309 7.922576
104.0721 8.375272
104.1109 8.852044
104.1619 9.566629
104.1874 9.967536
104.2128 10.40015
104.2383 10.8718
104.2637 11.38337
104.2892 11.94426
104.3146 12.55642
104.3401 13.23231
104.3656 13.97886
104.3911 14.80737
104.4165 15.72792
104.442 16.76512
104.4674 17.93258
104.4929 19.26734
104.5183 20.79445
104.545 22.6626
104.5584 23.72229
104.5717 24.86827
104.5851 26.1298
104.5984 27.50167
104.6117 29.00827
104.625 30.66711
104.6384 32.51248
104.6517 34.53939
104.6651 36.80396
104.6784 39.30086
104.6918 42.09971
104.7051 45.19402
104.7184 48.64232
104.7317 52.48711
104.7451 56.80874
104.7584 61.59319
104.7718 66.96719
104.7851 72.90827
104.7985 79.56731
104.8118 86.9085
104.8251 95.04416
104.8384 104.0406
104.8518 114.0427
104.8651 124.9668
104.8785 137.0413
104.8918 150.1453
104.9185 180.0255
104.9451 214.7912
104.9645 243.3777
104.9839 274.6626
105.0033 308.531
105.0227 344.7727
105.0615 423.0182
105.1003 505.6273
105.1537 616.4735
105.1804 665.9847
105.207 708.5168
105.2303 738.6444
105.2535 760.8606
105.2768 774.5091
105.3 778.9485
105.325 773.3232
105.3499 757.2451
105.3749 731.3076
105.3998 696.8444
105.4267 651.6102
105.4535 600.3191
105.5072 487.6899
105.5565 384.3619
105.5811 336.1643
105.6057 291.3975
105.6303 250.6159
105.6549 214.1198
105.6795 181.9877
105.7041 154.1156
105.7276 131.2467
105.7511 111.7525
105.7746 95.29258
105.7981 81.5063
105.8216 70.03375
105.8451 60.53199
105.8686 52.68579
105.8921 46.21384
105.9156 40.87136
105.9391 36.44986
105.9626 32.77496
105.9861 29.70313
106.0096 27.11773
106.0331 24.92499
106.0566 23.05016
106.08 21.44037
106.1158 19.37142
106.1516 17.67269
106.1919 16.09585
106.2322 14.79179
106.2725 13.70043
106.3127 12.78115
106.3933 11.33149
106.4738 10.28101
106.5544 9.532316
106.6349 9.034797
106.7154 8.765918
106.7959 8.735831
106.8675 8.956016
106.9033 9.183908
106.9391 9.519884
106.9749 10.00091
107.0107 10.68272
107.0465 11.64792
107.0823 13.01614
107.1002 13.90165
107.1181 14.95524
107.136 16.20717
107.1539 17.69182
107.1718 19.44775
107.1897 21.51754
107.2076 23.94742
107.2255 26.78662
107.2434 30.08643
107.2613 33.89887
107.2792 38.27503
107.2971 43.26303
107.315 48.90568
107.3329 55.23775
107.3508 62.28316
107.3687 70.052
107.3889 79.67875
107.409 90.12406
107.4493 113.3331
107.5298 164.2551
107.5791 193.137
107.6037 205.2675
107.6283 215.2097
107.6586 223.8314
107.6888 227.9217
107.7 228.2304
107.7331 225.2905
107.7661 216.8751
107.8029 201.8631
107.8397 182.2925
107.9763 97.95268
108.0158 77.10139
108.0355 67.93277
108.0552 59.6322
108.0749 52.20126
108.0946 45.6187
108.1143 39.84512
108.134 34.82769
108.1538 30.48424
108.1735 26.79136
108.1932 23.65662
108.2129 21.0122
108.2326 18.79331
108.2523 16.93968
108.272 15.39647
108.2917 14.11477
108.3233 12.49969
108.3548 11.30645
108.3863 10.41861
108.4178 9.754049
108.4494 9.251779
108.4809 8.872371
108.544 8.365343
108.6071 8.08522
108.6701 7.959164
108.7752 7.998611
108.8803 8.293648
108.9854 8.829978
109.0905 9.630416
109.1957 10.75413
109.2483 11.46724
109.3008 12.30344
109.3534 13.29105
109.4059 14.45973
109.4585 15.85938
109.511 17.54769
109.5689 19.85683
109.6267 22.81153
109.6556 24.62071
109.6845 26.72065
109.7134 29.18469
109.7423 32.11046
109.7713 35.64138
109.8002 39.92634
109.8291 45.20415
109.858 51.77132
109.8869 60.00763
109.9014 64.91443
109.9158 70.38948
109.9303 76.58545
109.9447 83.49962
109.9592 91.31829
109.9736 100.0294
109.9881 109.8562
110.0026 120.8495
110.0171 133.1206
110.0315 146.6834
110.046 161.8389
110.0604 178.4871
110.0749 196.9641
110.0893 217.1106
110.1182 263.2689
110.1471 317.4299
110.176 379.6907
110.2049 449.6559
110.2391 541.0075
110.2732 638.6054
110.3415 836.186
110.3968 973.0529
110.4244 1025.154
110.452 1062.9
110.476 1082.537
110.5 1089.079
110.5254 1081.461
110.5507 1059.351
110.576 1023.722
110.6013 976.1045
110.6526 851.2127
110.7038 705.0891
110.7528 562.9663
110.8017 432.563
110.8262 374.3302
110.8506 321.8659
110.8751 274.9735
110.8995 234.0142
110.9228 200.046
110.9461 170.7792
110.9694 145.8107
110.9927 124.6909
111.016 106.9544
111.0393 92.14381
111.0626 79.82694
111.0859 69.60867
111.1092 61.1372
111.1325 54.10641
111.1558 48.25518
111.1791 43.36448
111.2024 39.2533
111.2257 35.77382
111.249 32.80659
111.2722 30.26594
111.3002 27.64315
111.3281 25.41651
111.356 23.49821
111.3839 21.82911
111.4445 18.85959
111.5051 16.5468
111.5657 14.69839
111.6262 13.19424
111.6868 11.94742
111.7473 10.90479
111.8079 10.02138
111.8684 9.269245
111.929 8.62232
111.9895 8.064427
112.1106 7.156611
112.2317 6.46084
112.3528 5.922138
112.446 5.591512
112.5392 5.321096
112.7255 4.928638
112.9118 4.697805
113.0981 4.604735
113.2565 4.628771
113.4149 4.753049
113.5733 4.993139
113.7317 5.378157
113.8109 5.639653
113.8901 5.959084
113.9693 6.34956
114.0485 6.829108
114.1277 7.422645
114.2069 8.165174
114.2861 9.107506
114.3652 10.32542
114.4211 11.41835
114.477 12.78047
114.5329 14.52141
114.5609 15.58809
114.5888 16.82074
114.6133 18.07594
114.6378 19.53073
114.6623 21.23152
114.6867 23.22795
114.7112 25.60949
114.7356 28.4471
114.7601 31.87571
114.7845 36.00204
114.809 41.02149
114.8334 47.08125
114.8579 54.44772
114.8823 63.30142
114.9068 73.97695
114.9312 86.65916
114.9557 101.7242
114.9801 119.302
115.0058 140.8289
115.0314 165.5136
115.057 193.4977
115.0826 224.7042
115.1082 258.8856
115.1338 295.6018
115.185 373.8589
115.2363 452.1827
115.2875 520.6279
115.3136 548.531
115.3397 570.1368
115.3658 584.5128
115.3918 591.0139
115.4 591.3893
115.4083 590.945
115.4358 583.6023
115.4632 567.6569
115.4906 543.8781
115.518 513.3937
115.5752 434.4002
115.6324 346.2567
115.6896 261.5906
115.7182 223.446
115.7468 189.0164
115.7754 158.6183
115.804 132.3127
115.8326 109.9566
115.8611 91.32002
115.8819 79.79794
115.8975 72.19722
115.9131 65.41002
115.9287 59.36576
115.9443 53.99547
115.9599 49.23282
115.9755 45.01493
115.9911 41.2829
116.0067 37.98217
116.0379 32.47915
116.0691 28.16006
116.1003 24.7477
116.1315 22.02561
116.1627 19.82819
116.1939 18.03071
116.2251 16.54026
116.2563 15.28797
116.2875 14.22284
116.3187 13.30693
116.381 11.81786
116.4486 10.57522
116.5162 9.606362
116.5838 8.83725
116.6513 8.219903
116.7189 7.718899
116.7865 7.311205
116.9216 6.709521
117.0568 6.317022
117.1919 6.076361
117.3271 5.952729
117.4622 5.926293
117.587 5.978015
117.7117 6.097709
117.8365 6.284065
117.9612 6.538221
118.1068 6.926591
118.2523 7.424154
118.3979 8.049224
118.5434 8.828156
118.689 9.801541
118.7618 10.37725
118.8345 11.02239
118.9073 11.74907
118.9801 12.56899
119.0529 13.49745
119.1256 14.55168
119.214 16.03845
119.3024 17.80072
119.3908 19.90939
119.435 21.12252
119.4791 22.45795
119.5233 23.9399
119.5675 25.58729
119.6117 27.42641
119.6559 29.48919
119.7001 31.81484
119.7443 34.45183
119.7885 37.46103
119.8326 40.91138
119.8898 46.21939
119.9184 49.30828
119.947 52.74962
119.9756 56.6033
120.0042 60.94296
120.0328 65.85973
120.0614 71.46685
120.09 77.90536
120.1186 85.35106
120.1472 94.02244
120.1758 104.1897
120.2044 116.1844
120.233 130.4083
120.2616 147.3416
120.2901 167.4703
120.3109 184.5755
120.3317 204.0232
120.3525 226.104
120.3733 251.1202
120.4019 290.8737
120.4305 337.531
120.4591 391.7846
120.4877 454.1687
120.5163 524.9713
120.5449 604.1414
120.5735 691.1985
120.602 784.8188
120.6852 1080.57
120.7268 1226.032
120.7683 1356.184
120.8013 1442.004
120.8342 1506.801
120.8671 1547.117
120.9 1560.55
120.9471 1531.743
120.9942 1450.041
121.0413 1325.155
121.0883 1171.302
121.1932 798.512
121.2457 629.7902
121.2719 554.7719
121.2981 486.6477
121.3171 441.6652
121.3434 385.4808
121.3696 336.2858
121.3958 293.4338
121.422 256.3965
121.4483 224.4735
121.4745 197.2979
121.5007 174.1424
121.5269 154.4451
121.5532 137.633
121.5794 123.3746
121.6056 111.2009
121.6318 100.7691
121.658 91.78917
121.6842 84.01851
121.7104 77.25616
121.7366 71.33661
121.7819 62.70532
121.8272 55.66094
121.8725 49.82141
121.9178 44.91344
121.9631 40.7387
122.0084 37.1507
122.0537 34.03921
122.0989 31.32552
122.1895 26.81312
122.28 23.24447
122.3706 20.36336
122.4611 18.00689
122.5517 16.04999
122.6422 14.40973
122.7328 13.01715
122.8233 11.82575
122.9139 10.79508
123.0044 9.898715
123.095 9.112543
123.1855 8.420879
123.3666 7.263746
123.5477 6.34117
123.7288 5.593667
123.9099 4.979555
124.0881 4.476771
124.2662 4.054663
124.4444 3.696669
124.6225 3.388935
124.8007 3.121439
124.9788 2.888511
125.3351 2.50592
125.6914 2.208185
126.0477 1.972734
126.404 1.784535
126.7602 1.632935
127.1579 1.499357
127.5555 1.392104
127.9532 1.306818
128.3508 1.24003
128.7485 1.189496
129.1461 1.153421
129.5438 1.130009
129.9414 1.118724
130.4656 1.122427
130.9898 1.148047
131.514 1.198411
132.0381 1.278486
132.5623 1.394835
132.8244 1.473599
133.0865 1.569573
133.3486 1.687635
133.6107 1.835697
133.8728 2.027146
134.0038 2.147567
134.1348 2.294895
134.2794 2.512304
134.3517 2.662911
134.424 2.87142
134.4602 3.012716
134.4963 3.19149
134.5325 3.42357
134.5686 3.727301
134.6048 4.129552
134.6409 4.658757
134.6771 5.353439
134.7132 6.248031
134.7494 7.38522
134.7855 8.790569
134.8217 10.49164
134.8578 12.47949
134.894 14.73962
134.9301 17.20325
135.0024 22.38156
135.0522 25.69147
135.1019 28.34185
135.1299 29.41392
135.1578 30.11882
135.19 30.44271
135.2115 30.35837
135.2426 29.81859
135.2737 28.8182
135.3245 26.35914
135.3753 23.20186
135.4414 18.72653
135.5074 14.57049
135.5405 12.77437
135.5735 11.22181
135.6065 9.916492
135.6395 8.851888
135.6802 7.842883
135.7208 7.125617
135.7615 6.642913
135.8021 6.345628
135.8428 6.187269
135.8834 6.132383
135.9647 6.229702
136.0459 6.501138
136.1374 6.944275
136.2288 7.509764
136.3203 8.203749
136.4117 9.045873
136.5032 10.07338
136.5489 10.67144
136.5946 11.33736
136.6403 12.08214
136.686 12.9195
136.7317 13.86681
136.7774 14.94639
136.8333 16.49043
136.8892 18.35246
136.9172 19.43822
136.9451 20.64633
136.9731 22.01012
137.001 23.55116
137.029 25.32089
137.0569 27.35839
137.0849 29.7452
137.1128 32.54984
137.1408 35.90222
137.1687 39.91681
137.1966 44.77732
137.2245 50.69692
137.2436 55.49155
137.2626 60.96789
137.2817 67.29011
137.3007 74.50848
137.3198 82.82636
137.3388 92.29203
137.3579 103.1486
137.3769 115.4292
137.396 129.4124
137.415 145.0969
137.4341 162.7859
137.4531 182.4176
137.4722 204.3026
137.4912 228.288
137.5293 283.1667
137.5751 360.7066
137.6208 448.6596
137.7122 637.6792
137.7681 742.5679
137.796 786.1455
137.8239 821.5946
137.862 854.3966
137.9 867.0811
137.924 864.371
137.948 853.5155
137.996 809.4094
138.0275 766.8258
138.0589 716.5029
138.1217 603.7755
138.1875 489.5231
138.2204 441.1686
138.2533 401.7783
138.2743 382.1251
138.2952 367.2172
138.3162 357.1577
138.3371 352.2059
138.3536 351.9203
138.37 354.8147
138.3865 360.9023
138.4029 370.0572
138.4194 382.3087
138.4359 397.4964
138.4524 415.4746
138.4688 435.9329
138.4928 470.0859
138.5167 508.3773
138.5645 594.0342
138.6663 779.6102
138.6992 828.184
138.732 866.0027
138.766 891.6977
138.8 902.1592
138.8085 902.319
138.8385 895.1161
138.8685 876.3594
138.8985 847.2587
138.9285 809.5115
138.9618 759.9582
138.995 705.4158
139.0615 592.0729
139.1341 479.1341
139.1856 412.0989
139.2113 382.9107
139.237 356.2848
139.243 350.4038
139.2573 336.8521
139.2715 323.9919
139.3 299.721
139.3282 277.3339
139.3688 247.1428
139.4094 218.6158
139.4457 194.1843
139.4819 170.8194
139.5543 127.9195
139.5845 111.9697
139.6147 97.38666
139.6449 84.26695
139.6751 72.65242
139.7053 62.5298
139.7355 53.83654
139.7657 46.47083
139.7958 40.32222
139.822 35.8285
139.8482 32.0318
139.8744 28.8372
139.9005 26.16462
139.9267 23.91207
139.9528 22.02466
139.979 20.42496
140.0051 19.07188
140.0575 16.90889
140.1098 15.27541
140.1621 13.99305
140.2144 12.95263
140.2668 12.08454
140.3191 11.34892
140.4237 10.16545
140.5283 9.261437
140.6329 8.56084
140.7939 7.778037
140.9549 7.269666
141.1159 6.981568
141.2768 6.887855
141.4217 6.965555
141.5666 7.207798
141.7115 7.640972
141.8563 8.31172
141.9288 8.759956
142.0012 9.300484
142.0737 9.953866
142.1461 10.74376
142.2186 11.70694
142.291 12.88846
142.3634 14.3573
142.4358 16.2137
142.5002 18.31542
142.5324 19.57868
142.5646 21.02268
142.5848 22.03836
142.6049 23.14733
142.625 24.36879
142.6451 25.71988
142.6653 27.22884
142.6854 28.9051
142.7055 30.78458
142.7256 32.90152
142.7387 34.42801
142.7518 36.08524
142.7649 37.88747
142.778 39.85049
142.7911 41.99176
142.8042 44.33052
142.8173 46.88793
142.8303 49.66482
142.8434 52.72902
142.8565 56.0876
142.8696 59.77029
142.8826 63.77687
142.8957 68.20309
142.9088 73.05616
142.9219 78.3749
142.9349 84.15375
142.9571 95.29608
142.9792 108.1722
143.0013 123.0533
143.0234 140.1669
143.0456 159.8292
143.0677 182.0706
143.0898 207.1534
143.1119 235.2171
143.1341 266.495
143.1562 300.7221
143.1784 338.1415
143.2005 378.2541
143.2448 466.071
143.289 560.4318
143.3414 673.6881
143.3937 777.5664
143.4391 850.8999
143.4845 900.9896
143.5123 917.8314
143.54 923.2619
143.5493 922.4925
143.5771 912.4719
143.6048 891.3589
143.6326 859.8571
143.6603 819.428
143.695 758.4123
143.7296 689.2798
143.7989 540.0273
143.8544 424.0443
143.8822 370.5729
143.9099 321.4359
143.9377 276.7392
143.9654 237.0143
143.9931 202.0886
144.0208 171.7894
144.0463 147.7311
144.0717 127.1194
144.0971 109.5249
144.1225 94.60574
144.1479 82.02286
144.1733 71.45282
144.1987 62.59629
144.2241 55.18334
144.2496 48.95347
144.275 43.74876
144.3004 39.36711
144.3258 35.66126
144.3512 32.50906
144.3766 29.81027
144.402 27.48324
144.4274 25.46192
144.4783 22.12827
144.5291 19.50972
144.58 17.39279
144.6308 15.65255
144.6817 14.19205
144.7325 12.95455
144.7833 11.89216
144.8341 10.97176
144.9358 9.460785
145.0374 8.282501
145.1391 7.343785
145.2407 6.585536
145.3239 6.068104
145.4071 5.625266
145.5734 4.914799
145.7398 4.381363
145.9061 3.981736
146.0725 3.687807
146.2388 3.483421
146.4052 3.360672
146.5715 3.320357
146.7009 3.352075
146.8303 3.450009
146.9597 3.632825
147.0891 3.93347
147.1538 4.144959
147.2185 4.411602
147.2832 4.75015
147.3479 5.18615
147.4126 5.761071
147.445 6.121816
147.4773 6.546576
147.5097 7.056226
147.542 7.672295
147.5744 8.432198
147.6067 9.376337
147.6345 10.38346
147.6622 11.61703
147.6899 13.14105
147.7176 15.03011
147.7454 17.38349
147.7731 20.2907
147.8008 23.88161
147.8285 28.29324
147.8459 31.55033
147.8632 35.20568
147.8806 39.33997
147.8979 43.9433
147.9153 49.10521
147.9326 54.79974
147.9499 61.08425
147.9672 67.98271
148.0019 83.73143
148.0365 101.9861
148.0712 122.7063
148.1058 145.4148
148.1798 197.8173
148.2537 247.5667
148.3033 273.8841
148.3528 290.7936
148.4 296.2401
148.4069 296.1054
148.4286 294.1294
148.4502 289.8692
148.4935 274.9219
148.5435 248.7568
148.5934 216.1768
148.678 156.0594
148.7203 127.6276
148.7625 102.1148
148.7837 90.61105
148.8048 80.09865
148.826 70.49292
148.8471 61.8762
148.8683 54.13913
148.8894 47.31185
148.9105 41.30162
148.9316 36.04655
148.9528 31.46002
148.9739 27.51675
148.9951 24.11088
149.0162 21.20881
149.0374 18.72065
149.0585 16.61252
149.0796 14.8198
149.1007 13.29598
149.1314 11.47594
149.1564 10.27616
149.1814 9.278476
149.2064 8.44403
149.2314 7.741175
149.2564 7.144399
149.2814 6.633298
149.3313 5.808052
149.3813 5.169031
149.4312 4.660702
149.4812 4.244187
149.5311 3.897319
149.5811 3.602651
149.631 3.350165
149.7309 2.939074
149.8308 2.619895
149.9307 2.365789
150.0537 2.117221
150.1767 1.920385
150.2997 1.761667
150.4226 1.631936
150.5456 1.524478
150.6686 1.434623
150.9145 1.294088
151.1605 1.191028
151.4064 1.115314
151.6523 1.060608
151.8982 1.022897
152.1441 0.9998344
152.39 0.9903118
152.6514 0.9949594
152.9127 1.01596
153.174 1.055955
153.4353 1.119552
153.6966 1.213988
153.8273 1.276295
153.9579 1.351594
154.0886 1.443245
154.2192 1.55528
154.3499 1.693387
154.4805 1.864955
154.5958 2.052832
154.7111 2.285782
154.8264 2.579125
154.9417 2.955971
154.9994 3.186526
155.057 3.452655
155.1147 3.763646
155.1723 4.129569
155.23 4.567138
155.2876 5.097044
155.3452 5.753517
155.4028 6.589846
155.4336 7.139367
155.4643 7.781918
155.4951 8.547753
155.5258 9.466342
155.5566 10.58936
155.5873 11.96907
155.6181 13.69189
155.6488 15.84494
155.67 17.64896
155.6911 19.75573
155.7123 22.2397
155.7334 25.13831
155.7546 28.54696
155.7757 32.50717
155.7968 37.11255
155.8179 42.44596
155.8391 48.62374
155.8602 55.67308
155.8814 63.74387
155.9025 72.83614
155.9237 83.1023
155.9448 94.49661
155.9659 107.0964
155.987 120.9095
156.0101 137.3979
156.0331 155.1632
156.0639 180.8394
156.0946 208.1646
156.156 265.3656
156.1983 303.8269
156.2406 338.5041
156.2828 366.6629
156.325 386.0491
156.3525 393.1192
156.38 395.4536
156.3869 395.2815
156.409 392.6893
156.4311 387.0473
156.4752 367.3052
156.5274 331.7078
156.5795 287.2317
156.6678 205.366
156.7119 166.9119
156.756 132.5188
156.7781 117.1274
156.8002 103.0491
156.8223 90.2973
156.8443 78.90215
156.8664 68.71502
156.8885 59.7248
156.9106 51.85058
156.9326 45.03038
156.9547 39.10643
156.9768 34.01446
156.9989 29.65871
157.0209 25.96307
157.043 22.80867
157.065 20.14633
157.0871 17.88137
157.1091 15.97209
157.1412 13.69396
157.1633 12.41091
157.1854 11.31628
157.2075 10.37822
157.2295 9.573519
157.2516 8.872833
157.2737 8.261843
157.3178 7.253744
157.362 6.45479
157.4061 5.808888
157.4502 5.274164
157.4943 4.823598
157.5385 4.437658
157.5826 4.104742
157.6709 3.557949
157.7592 3.129613
157.8474 2.786963
157.9277 2.530502
158.0079 2.315186
158.0882 2.132064
158.1684 1.975338
158.3289 1.722346
158.4893 1.529541
158.6119 1.41172
158.7344 1.313541
158.857 1.23095
158.9795 1.161228
159.2246 1.051941
159.4696 0.9733167
159.7147 0.9175454
159.9598 0.8800344
160.2049 0.8575956
160.4499 0.8476405
160.7563 0.8518365
161.0626 0.8749433
161.369 0.9189694
161.6753 0.9903597
161.8285 1.038998
161.9817 1.098281
162.1349 1.170448
162.288 1.258435
162.4412 1.366349
162.5943 1.499473
162.7475 1.665805
162.9006 1.876939
163.017 2.078196
163.1334 2.326789
163.2498 2.638673
163.3662 3.037475
163.4244 3.280223
163.4826 3.560042
163.5408 3.885427
163.599 4.267756
163.6572 4.72273
163.7154 5.2728
163.7736 5.951411
163.8318 6.810477
163.8808 7.733555
163.9298 8.920333
163.9559 9.698538
163.9819 10.60416
164.008 11.67367
164.034 12.93485
164.0601 14.44133
164.0861 16.23403
164.1121 18.38021
164.1381 20.95229
164.1642 24.0464
164.1902 27.73287
164.2163 32.14435
164.2423 37.35864
164.2684 43.53289
164.2944 50.73693
164.3204 59.1045
164.3464 68.73601
164.3756 81.15939
164.4047 95.29863
164.4338 111.2045
164.4629 128.8129
164.492 147.9715
164.5211 168.4301
164.5793 211.7409
164.6467 261.2851
164.6804 283.5296
164.714 302.6844
164.7553 320.7383
164.7965 331.4432
164.83 334.1649
164.8384 333.9781
164.8675 330.6465
164.8965 323.3063
164.9255 312.2437
164.9545 297.8861
165.0177 257.8729
165.0808 211.3621
165.144 164.5486
165.1756 142.6671
165.2072 122.4056
165.2388 104.0424
165.2704 87.72458
165.302 73.48481
165.3335 61.29882
165.3637 51.38087
165.3938 43.06195
165.424 36.1132
165.4541 30.40004
165.4843 25.70627
165.5144 21.89642
165.5445 18.80305
165.5746 16.29433
165.6048 14.25142
165.6349 12.59335
165.6651 11.23128
165.6952 10.11173
165.7254 9.177337
165.7555 8.395184
165.7856 7.731466
165.8157 7.162569
165.8732 6.276571
165.9306 5.584393
165.988 5.028572
166.0454 4.573381
166.1028 4.195037
166.1602 3.877084
166.2176 3.60775
166.275 3.378361
166.3899 3.014667
166.5047 2.751087
166.6195 2.567246
166.7343 2.454691
166.8262 2.418821
166.918 2.446213
166.9927 2.542007
167.03 2.629205
167.0673 2.75505
167.1047 2.934053
167.142 3.184178
167.1793 3.530649
167.2166 4.005035
167.2353 4.302855
167.254 4.647944
167.2727 5.0462
167.2913 5.501223
167.31 6.024321
167.3286 6.616385
167.3473 7.290286
167.3659 8.045084
167.3846 8.894814
167.4032 9.835662
167.4405 12.02657
167.4778 14.63857
167.5151 17.66644
167.5611 21.91255
167.607 26.565
167.6988 36.0576
167.7476 40.44322
167.7964 43.80219
167.8136 44.66977
167.8441 45.74401
167.8746 46.1859
167.88 46.1963
167.8937 46.13063
167.9073 45.9355
167.9397 44.9623
167.972 43.32411
168.0205 39.79949
168.069 35.33915
168.1659 25.35445
168.2144 20.60207
168.2628 16.39455
168.3052 13.26082
168.3264 11.89978
168.3476 10.67541
168.3688 9.584022
168.39 8.619967
168.4112 7.776071
168.4324 7.04413
168.4536 6.415336
168.4748 5.88065
168.496 5.431139
168.5172 5.058238
168.5384 4.753977
168.5596 4.511149
168.5808 4.323441
168.6019 4.186074
168.6322 4.066917
168.6625 4.032559
168.6928 4.079416
168.7231 4.208987
168.7534 4.428061
168.7837 4.748923
168.814 5.18954
168.8442 5.771451
168.8745 6.527822
168.9048 7.491609
168.9351 8.701816
168.9654 10.20036
168.9957 12.0299
169.026 14.23098
169.0563 16.83836
169.0865 19.86606
169.1138 22.98044
169.1411 26.44782
169.1956 34.32725
169.2501 43.14475
169.3046 52.25031
169.3591 60.76824
169.4136 67.72726
169.4378 70.07863
169.4797 72.82508
169.5182 73.7143
169.5403 73.48891
169.5726 72.20922
169.6049 69.86744
169.6505 64.99642
169.696 58.74425
169.787 44.30807
169.8325 37.19282
169.878 30.70517
169.9205 25.44079
169.963 21.05328
169.9843 19.19274
170.0055 17.56099
170.0267 16.14144
170.0479 14.92445
170.0844 13.27065
170.1208 12.12456
170.1572 11.42156
170.1936 11.11154
170.23 11.15942
170.2664 11.54985
170.3028 12.29117
170.3392 13.41936
170.365 14.48894
170.3908 15.82109
170.4166 17.46067
170.4424 19.46324
170.4682 21.8956
170.494 24.83615
170.5198 28.37466
170.5456 32.61162
170.5714 37.65662
170.5972 43.62592
170.623 50.63875
170.6488 58.81259
170.6746 68.25706
170.7004 79.06678
170.7262 91.31328
170.7519 104.9802
170.7762 119.2498
170.8005 134.7885
170.849 169.2121
170.8976 207.1294
170.9461 246.3327
171.0068 293.1136
171.0675 331.6411
171.1078 349.7919
171.148 360.4313
171.18 363.0304
171.1882 362.8339
171.2112 360.4096
171.2341 355.307
171.28 337.5562
171.3394 302.1981
171.3988 257.6979
171.5036 174.1311
171.556 136.5004
171.5822 119.6307
171.6084 104.2263
171.6312 92.05363
171.6539 81.07632
171.6766 71.21467
171.6993 62.42493
171.722 54.64792
171.7447 47.81342
171.7674 41.84416
171.7901 36.65937
171.8128 32.17771
171.8355 28.31971
171.8582 25.00955
171.8809 22.17646
171.9036 19.75549
171.9263 17.68802
171.949 15.92188
171.9717 14.41125
171.9945 13.11102
172.0172 11.99825
172.0399 11.03764
172.0626 10.20457
172.108 8.841779
172.1534 7.782702
172.1989 6.938449
172.2443 6.253313
172.2897 5.684833
172.3351 5.20519
172.3806 4.794027
172.426 4.439107
172.5168 3.856243
172.6076 3.398885
172.6984 3.032002
172.8033 2.691029
172.9081 2.416729
173.0129 2.192664
173.1177 2.007561
173.2225 1.853261
173.3273 1.723701
173.4321 1.614252
173.5369 1.521302
173.7466 1.374125
173.9562 1.266589
174.1658 1.189332
174.3754 1.136448
174.599 1.102631
174.8225 1.089624
175.0601 1.097625
175.2977 1.129011
175.5353 1.186841
175.7728 1.276829
176.0104 1.408566
176.1292 1.494836
176.248 1.598662
176.3668 1.724265
176.4856 1.877203
176.6044 2.064915
176.7231 2.297469
176.828 2.552023
176.9328 2.867334
177.0376 3.265001
177.1424 3.777782
177.1948 4.092702
177.2472 4.458683
177.2996 4.888666
177.352 5.400584
177.4044 6.019994
177.4568 6.784284
177.5092 7.749195
177.5354 8.331638
177.5616 8.998565
177.5896 9.824133
177.6175 10.78767
177.6455 11.92733
177.6734 13.27268
177.7014 14.8788
177.7293 16.78775
177.7573 19.07596
177.7852 21.79866
177.8132 25.05619
177.8411 28.91362
177.8691 33.4935
177.897 38.86082
177.925 45.1516
177.9529 52.4122
177.9809 60.77441
178.0088 70.23875
178.0438 83.75733
178.0787 99.04406
178.1137 116.0646
178.1486 134.4743
178.1871 155.9854
178.2255 178.0163
178.3023 220.212
178.3407 238.3515
178.3791 253.1746
178.4296 266.19
178.48 270.6275
178.5003 269.8608
178.5306 266.0104
178.5608 259.0914
178.6213 237.1424
178.6615 217.8938
178.7017 196.2467
178.782 150.4747
178.8473 115.2945
178.88 99.43059
178.9126 85.07957
178.9453 72.25707
178.9779 61.06168
179.0105 51.40488
179.0431 43.18986
179.0733 36.75319
179.1034 31.34085
179.1336 26.79429
179.1637 23.02323
179.1939 19.88828
179.224 17.30616
179.2541 15.17327
179.2842 13.40957
179.3144 11.94254
179.3445 10.72489
179.3746 9.704487
179.4047 8.843296
179.4349 8.108463
179.465 7.480363
179.4951 6.936986
179.5252 6.462992
179.5604 5.980591
179.5955 5.562599
179.6658 4.871279
179.7361 4.32454
179.8064 3.882349
179.8767 3.518595
179.947 3.215421
180.0173 2.960092
180.0876 2.743233
180.1579 2.557753
180.2282 2.398187
180.3688 2.140627
180.5094 1.946077
180.6499 1.799152
180.8106 1.676605
180.9713 1.593508
181.132 1.544057
181.2926 1.525374
181.4533 1.537096
181.614 1.581457
181.7747 1.663697
181.9354 1.793401
182.0158 1.880962
182.0961 1.987403
182.1765 2.117139
182.2568 2.275418
182.3372 2.47027
182.4175 2.711973
182.4978 3.016597
182.5781 3.409028
182.6484 3.857191
182.6836 4.133107
182.7187 4.453934
182.7539 4.833918
182.789 5.287655
182.8242 5.840517
182.8593 6.519987
182.8945 7.371071
182.9296 8.443088
182.9648 9.812853
182.9824 10.63578
182.9999 11.56242
183.0175 12.61808
183.0351 13.81411
183.0527 15.16834
183.0702 16.69088
183.0878 18.41983
183.1054 20.36919
183.123 22.56229
183.1405 25.00865
183.1594 27.97671
183.1782 31.29513
183.1971 35.03016
183.2159 39.17199
183.2348 43.7928
183.2536 48.86881
183.2912 60.53607
183.3289 74.34056
183.3665 90.19862
183.4042 108.0352
183.4418 127.4231
183.5172 168.8514
183.5925 208.2661
183.6377 227.8481
183.6828 242.4135
183.7214 249.9932
183.76 252.5405
183.7672 252.4398
183.7879 251.1419
183.8086 248.3702
183.85 238.6402
183.8991 220.7662
183.9482 197.6985
184.0268 155.1938
184.1054 112.9845
184.1415 95.44825
184.1775 79.65229
184.2135 65.73131
184.2495 53.73866
184.2856 43.59515
184.3036 39.20257
184.3216 35.22441
184.3396 31.63646
184.3576 28.41298
184.3756 25.52735
184.3936 22.95268
184.4117 20.65033
184.4297 18.61962
184.4477 16.82208
184.4657 15.23397
184.4837 13.83301
184.5017 12.59848
184.5197 11.51131
184.5377 10.55409
184.5558 9.706662
184.5738 8.964141
184.6098 7.729673
184.6458 6.760927
184.6818 5.992497
184.7179 5.373298
184.7539 4.869708
184.7899 4.45252
184.8259 4.101684
184.8619 3.802498
184.8979 3.544144
184.9699 3.119853
185.0551 2.731686
185.1402 2.428984
185.2254 2.186519
185.3105 1.989212
185.3957 1.825994
185.4808 1.68979
185.5659 1.574966
185.651 1.477471
185.8213 1.32268
185.9916 1.207892
186.1619 1.121859
186.3321 1.057421
186.5417 1.001043
186.7513 0.9650447
186.9609 0.946064
187.1704 0.9422499
187.4062 0.955355
187.642 0.987727
187.8778 1.042189
188.1135 1.124151
188.3493 1.242998
188.4672 1.320878
188.5851 1.41495
188.703 1.529611
188.8209 1.671037
188.9388 1.84798
189.0566 2.073052
189.1549 2.311795
189.2531 2.615415
189.3023 2.800545
189.3514 3.014073
189.4005 3.263829
189.4496 3.560418
189.4988 3.920133
189.5479 4.364704
189.597 4.929908
189.6461 5.669154
189.6707 6.128871
189.6952 6.663023
189.7198 7.292231
189.7443 8.030815
189.7689 8.908072
189.7934 9.944159
189.818 11.17952
189.8425 12.64075
189.8687 14.50544
189.8949 16.73811
189.9211 19.40166
189.9473 22.56407
189.9735 26.29696
189.9997 30.67341
190.0259 35.76524
190.0521 41.63952
190.0832 49.70745
190.1143 59.03095
190.1454 69.6432
190.1765 81.52705
190.2076 94.60426
190.2387 108.727
190.3009 139.1454
190.3632 170.1953
190.4254 198.2593
190.4614 211.6671
190.4974 222.1489
190.5387 229.8704
190.58 232.4809
190.5871 232.3954
190.6085 231.189
190.6298 228.5951
190.6724 219.4639
190.7262 201.4104
190.7799 178.0592
190.8659 135.5996
190.9089 114.5335
190.9519 94.83012
190.9985 75.7306
191.0218 67.20302
191.0451 59.39365
191.0684 52.30655
191.0917 45.92996
191.115 40.23914
191.1382 35.21942
191.1615 30.78521
191.1848 26.91204
191.2081 23.54961
191.2313 20.65832
191.2546 18.16293
191.2779 16.02831
191.3012 14.20876
191.3244 12.66817
191.3495 11.26232
191.3746 10.08604
191.3997 9.101922
191.4248 8.277709
191.4499 7.585924
191.475 7.003428
191.5001 6.510923
191.5251 6.093998
191.5753 5.428869
191.6254 4.932919
191.6756 4.553075
191.7257 4.257684
191.7759 4.023815
191.8261 3.837666
191.9264 3.572416
192.0267 3.412932
192.127 3.333881
192.2632 3.332114
192.3993 3.439979
192.5354 3.659104
192.6715 4.005581
192.7396 4.236481
192.8077 4.513902
192.8758 4.846621
192.9438 5.245886
193.0119 5.729198
193.0799 6.318137
193.148 7.048246
193.216 7.969311
193.2519 8.559638
193.2877 9.2418
193.3235 10.04096
193.3593 10.98873
193.3952 12.13097
193.431 13.51807
193.4668 15.22815
193.5026 17.36006
193.5277 19.17375
193.5528 21.31118
193.5779 23.83591
193.603 26.82165
193.6281 30.35286
193.6532 34.52493
193.6783 39.4439
193.7033 45.20069
193.7284 51.96491
193.7535 59.84491
193.7786 68.97244
193.8036 79.43213
193.8287 91.42876
193.8538 105.0304
193.8789 120.3225
193.9039 137.2893
193.9254 153.2809
193.9469 170.5526
193.9899 208.7333
194.0329 251.1034
194.0758 296.2814
194.1439 369.3677
194.212 435.7992
194.2514 467.1536
194.2907 490.9755
194.3304 506.0213
194.37 511.0557
194.3782 510.8117
194.4049 506.9637
194.4315 498.5883
194.4848 469.2543
194.5395 424.784
194.5941 370.6997
194.7035 254.1626
194.7582 200.6718
194.7856 176.4152
194.8129 154.2038
194.839 134.8874
194.8651 117.4721
194.8912 101.9303
194.9173 88.19259
194.9434 76.15702
194.9695 65.69869
194.9956 56.67831
195.0217 48.94972
195.0478 42.36611
195.0739 36.78498
195.1 32.07177
195.1261 28.10241
195.1522 24.76478
195.1783 21.95937
195.2044 19.59924
195.2305 17.60949
195.2554 15.9979
195.2803 14.61867
195.3052 13.43257
195.33 12.41074
195.3797 10.73915
195.4294 9.440827
195.4792 8.404475
195.5289 7.561077
195.5786 6.859218
195.6283 6.265368
195.6781 5.755137
195.7278 5.313709
195.8272 4.587184
195.9266 4.016054
196.026 3.55752
196.1255 3.182766
196.2249 2.8727
196.3244 2.612417
196.4238 2.391986
196.5233 2.203184
196.6227 2.040535
196.8215 1.776098
197.0204 1.572615
197.2193 1.413503
197.4182 1.287605
197.617 1.187177
197.8557 1.091941
198.0943 1.017768
198.333 0.9603542
198.5716 0.9168661
198.8103 0.8851195
199.0489 0.8636651
199.2876 0.8515636
199.5262 0.8484669
199.7631 0.8547299
200 0.8714015
200.3304 0.9151289
200.4956 0.9481615
200.6607 0.9912533
200.8259 1.048067
200.9911 1.124157
201.1563 1.22857
201.2389 1.296096
201.3214 1.37789
201.4144 1.493784
201.5073 1.646816
201.5538 1.744246
201.6002 1.861547
201.6467 2.006818
201.6931 2.190826
201.7396 2.431505
201.786 2.753167
201.8093 2.956424
201.8325 3.19415
201.8557 3.474161
201.8789 3.804663
201.9022 4.196996
201.9254 4.658741
201.9486 5.203814
201.9718 5.84605
201.9951 6.604235
202.0183 7.488503
202.0415 8.519553
202.0647 9.715904
202.0841 10.85694
202.1035 12.13785
202.1229 13.56934
202.1422 15.15291
202.1616 16.91414
202.1809 18.84267
202.2196 23.26249
202.2583 28.43486
202.297 34.33703
202.3357 40.89041
202.3744 47.95334
202.4312 58.79581
202.488 69.40783
202.5396 77.97586
202.5912 84.7072
202.6487 89.23061
202.69 90.21511
202.7019 90.13012
202.7347 89.04646
202.7675 86.76104
202.8127 81.83391
202.8579 75.21105
202.9382 60.8313
203.0185 45.6239
203.0587 38.49034
203.0988 31.98758
203.139 26.21183
203.1791 21.25046
203.1992 19.06606
203.2193 17.07842
203.2394 15.28055
203.2594 13.67118
203.2795 12.22395
203.2996 10.93604
203.3197 9.795483
203.3397 8.794741
203.3724 7.415358
203.405 6.313589
203.4376 5.437987
203.4702 4.74674
203.5029 4.202109
203.5355 3.776723
203.5681 3.44344
203.6007 3.181839
203.6334 2.975154
203.666 2.811959
203.7312 2.577237
203.7964 2.423878
203.8616 2.321802
203.9419 2.242249
204.0222 2.198256
204.1427 2.181525
204.2631 2.216388
204.3836 2.314247
204.4438 2.400536
204.504 2.528187
204.5392 2.6303
204.5743 2.759393
204.6095 2.923546
204.6446 3.13058
204.6798 3.391852
204.7149 3.717179
204.75 4.11924
204.7851 4.610131
204.8203 5.202943
204.8554 5.903595
204.8905 6.719553
204.9256 7.652004
204.9608 8.699149
204.9959 9.842835
205.0661 12.33959
205.1464 15.24295
205.1866 16.56182
205.2267 17.69524
205.287 18.9205
205.3447 19.42878
205.35 19.44014
205.3662 19.43753
205.3823 19.37952
205.4446 18.65909
205.5103 17.17165
205.576 15.19259
205.7133 10.77329
205.7476 9.81197
205.7819 8.953115
205.8162 8.207149
205.8505 7.578378
205.8992 6.884863
205.9478 6.412884
205.9964 6.140502
206.045 6.047644
206.0936 6.120062
206.1422 6.353237
206.1908 6.754478
206.2394 7.343147
206.288 8.148891
206.3366 9.207662
206.3852 10.55542
206.4338 12.21971
206.4824 14.20986
206.531 16.50722
206.6282 21.76762
206.714 26.53143
206.7569 28.67865
206.7997 30.52035
206.8676 32.61463
206.8946 33.12372
206.9 33.2025
206.9165 33.39572
206.9329 33.51765
206.9658 33.55936
207.0336 32.90082
207.1014 31.56134
207.1353 30.78775
207.1692 30.03238
207.2003 29.41036
207.2314 28.90435
207.2625 28.55724
207.2935 28.408
207.3246 28.49069
207.3556 28.83693
207.3867 29.47993
207.4177 30.44705
207.4488 31.77917
207.4798 33.50787
207.5109 35.6932
207.5419 38.38141
207.573 41.66523
207.604 45.61643
207.6351 50.37462
207.6661 56.04608
207.6845 59.91582
207.7029 64.20667
207.7213 68.95987
207.7396 74.18975
207.758 80.00054
207.7763 86.37841
207.7947 93.44505
207.813 101.177
207.8314 109.7137
207.8498 119.0703
207.8682 129.3019
207.8865 140.3986
207.9232 165.617
207.9599 195.0708
207.991 223.523
208.022 255.132
208.0531 290.0474
208.0841 327.8644
208.1462 411.2191
208.2083 500.7273
208.2818 605.1379
208.3552 694.2917
208.3914 728.2602
208.4276 753.5951
208.4638 769.1746
208.5 774.2938
208.5139 773.415
208.5583 760.1503
208.6027 731.8026
208.6471 690.2687
208.6915 638.2135
208.7801 515.5321
208.8686 388.7061
208.9129 329.9767
208.9572 276.6435
209.0015 229.5789
209.0457 189.1736
209.09 155.0982
209.1122 140.3011
209.1343 126.9794
209.1565 114.923
209.1786 104.1463
209.2007 94.49585
209.2228 85.8751
209.2651 71.90492
209.3074 60.74015
209.3497 51.82833
209.3919 44.71442
209.4342 38.97841
209.4764 34.33874
209.5187 30.53039
209.5609 27.38433
209.6032 24.74236
209.6455 22.50376
209.6878 20.58609
209.73 18.93044
209.8145 16.2088
209.899 14.07245
209.9634 12.73255
210.0278 11.58558
210.1164 10.25633
210.2049 9.153846
210.2935 8.225593
210.382 7.437289
210.4706 6.76006
210.5591 6.174901
210.6477 5.664575
210.7362 5.217719
210.9133 4.474149
211.0904 3.884735
211.2675 3.40954
211.4445 3.021244
211.6055 2.726664
211.7665 2.47633
211.9275 2.261494
212.0885 2.075538
212.2495 1.913622
212.4105 1.772058
212.7324 1.53856
213.0544 1.356609
213.3763 1.214106
213.6983 1.103044
214.0202 1.018802
214.4066 0.9508051
214.5998 0.9312232
214.7929 0.9229757
215.0505 0.9348744
215.1793 0.954524
215.3081 0.9873728
215.4369 1.038721
215.5657 1.117795
215.6301 1.172889
215.6945 1.243367
215.7589 1.335998
215.8232 1.46209
215.8575 1.549483
215.8917 1.656022
215.9259 1.787888
215.9601 1.95294
215.9943 2.161447
216.0285 2.426634
216.0627 2.765252
216.0969 3.198113
216.1312 3.752341
216.1483 4.082803
216.1654 4.454805
216.1825 4.872819
216.1996 5.341579
216.2167 5.866045
216.2338 6.451365
216.2509 7.102822
216.268 7.825772
216.3022 9.507484
216.3364 11.53767
216.3706 13.95268
216.4028 16.60301
216.435 19.63141
216.4672 23.03664
216.4994 26.80073
216.5638 35.23567
216.6282 44.38676
216.7087 55.50121
216.757 61.19913
216.8053 65.62054
216.844 67.98935
216.8826 69.16511
216.9 69.28708
216.9117 69.22464
216.9506 68.19056
216.9894 65.94867
217.0323 62.21726
217.0752 57.41271
217.1538 46.84516
217.2324 35.65065
217.2753 29.88114
217.3182 24.60306
217.3611 19.93352
217.404 15.92706
217.4255 14.17078
217.4469 12.58512
217.4684 11.14921
217.4898 9.868758
217.5113 8.72283
217.5327 7.712324
217.5541 6.82136
217.5755 6.039498
217.6006 5.247498
217.6256 4.577503
217.6506 4.010868
217.6756 3.533455
217.7006 3.132378
217.7256 2.796081
217.7506 2.514354
217.7756 2.278293
217.8007 2.079503
217.8257 1.913014
217.8507 1.772459
217.8757 1.653239
217.9257 1.464235
217.9757 1.323019
218.0401 1.187587
218.1044 1.086471
218.1687 1.00778
218.233 0.9446838
218.3616 0.8501461
218.4902 0.7841159
218.6189 0.7376353
218.7475 0.7060407
218.8761 0.6868531
219.0047 0.6792327
219.1763 0.6884411
219.2621 0.7032062
219.3478 0.7270819
219.4336 0.7637544
219.5193 0.8202201
219.5622 0.860027
219.6051 0.9112806
219.648 0.9783985
219.6908 1.067475
219.7212 1.148908
219.7516 1.250075
219.782 1.376171
219.8123 1.532992
219.8427 1.729239
219.8731 1.973566
219.9035 2.276576
219.9338 2.648974
219.9642 3.106577
219.9946 3.662739
220.025 4.332549
220.0553 5.128267
220.0857 6.069448
220.1161 7.166286
220.1465 8.428516
220.1768 9.856799
220.2054 11.36123
220.234 13.01248
220.2912 16.70609
220.4055 24.94198
220.4663 29.10824
220.527 32.53541
220.5341 32.86796
220.5534 33.68659
220.5726 34.36867
220.6111 35.30323
220.65 35.61987
220.6668 35.55575
220.7057 34.94714
220.7446 33.72816
220.791 31.57273
220.8374 28.81166
221.0087 16.64739
221.0551 13.61551
221.1015 10.92417
221.1247 9.722649
221.1479 8.620855
221.1711 7.618746
221.1943 6.714409
221.2175 5.904387
221.2407 5.183998
221.2639 4.547646
221.2871 3.989106
221.3103 3.50179
221.3335 3.078968
221.3567 2.713964
221.3799 2.400306
221.4014 2.150108
221.4228 1.935071
221.4442 1.749762
221.4656 1.590353
221.4871 1.452789
221.5085 1.335236
221.5299 1.234256
221.5513 1.147429
221.5942 1.007798
221.637 0.9033298
221.6798 0.8236777
221.7226 0.7617098
221.7905 0.6879474
221.8583 0.6338199
221.9261 0.592084
221.9939 0.5587027
222.1295 0.5083424
222.2651 0.4721573
222.4008 0.4450626
222.5364 0.4242336
222.8076 0.394939
223.0789 0.37645
223.3501 0.3652023
223.6214 0.3591922
223.8926 0.3572125
224.221 0.3597481
224.5494 0.3678455
224.8778 0.3822617
225.2061 0.4054327
225.5345 0.4415057
225.6987 0.4664784
225.8628 0.4979123
226.027 0.5380931
226.1912 0.5905499
226.3554 0.6610644
226.4375 0.7059172
226.5195 0.7594015
226.6052 0.8274119
226.6908 0.9121249
226.7765 1.021102
226.8193 1.088349
226.8621 1.167354
226.8978 1.244865
226.9335 1.336049
226.9692 1.444917
227.0049 1.57689
227.0406 1.739275
227.0763 1.941827
227.112 2.197436
227.1477 2.522884
227.1834 2.939666
227.2013 3.191257
227.2191 3.474781
227.237 3.797786
227.2548 4.161407
227.2727 4.57493
227.2905 5.03931
227.3084 5.565788
227.3262 6.154833
227.3441 6.819803
227.3619 7.560246
227.3798 8.391731
227.3976 9.3123
227.4154 10.33368
227.4332 11.46312
227.452 12.78111
227.4707 14.22721
227.5082 17.56067
227.5457 21.50794
227.5831 26.07787
227.6206 31.28622
227.6581 37.07495
227.6956 43.3539
227.733 49.96877
227.8115 64.15265
227.89 76.91829
227.9329 82.4433
227.9829 87.00306
228.0186 88.80664
228.05 89.31119
228.0672 89.14943
228.0977 88.10668
228.1282 86.1308
228.1714 81.87073
228.2145 76.17014
228.2845 64.75274
228.3545 52.13608
228.4192 40.7569
228.4515 35.48804
228.4838 30.6042
228.5162 26.14378
228.5485 22.16222
228.5808 18.65204
228.6131 15.6028
228.632 14.02318
228.6509 12.58686
228.6698 11.28648
228.6886 10.1199
228.7075 9.066305
228.7263 8.128281
228.7452 7.287155
228.764 6.543289
228.7829 5.880382
228.8018 5.294519
228.8207 4.777987
228.8395 4.325774
228.8584 3.926327
228.8772 3.577681
228.8961 3.270414
228.9149 3.002616
228.9338 2.76674
228.9527 2.560075
228.9904 2.220512
229.0281 1.957568
229.0658 1.751971
229.1035 1.589149
229.1412 1.458251
229.1789 1.351291
229.2166 1.262444
229.2705 1.158723
229.3244 1.075056
229.3783 1.00598
229.4322 0.9479144
229.54 0.8558027
229.6477 0.7864955
229.7447 0.7377543
229.8417 0.6986261
230.0357 0.6410635
230.2297 0.6026993
230.4236 0.5774377
230.6176 0.5614792
230.8116 0.5523408
231.1995 0.5489478
231.6737 0.5651403
232.1479 0.5994371
232.6221 0.6510159
233.0962 0.7217346
233.5704 0.8159519
233.8075 0.8740179
234.0445 0.9409883
234.2816 1.018553
234.5187 1.108761
234.7558 1.214221
234.9928 1.338048
235.2515 1.498996
235.5101 1.694721
235.7688 1.937316
236.0274 2.2423
236.1568 2.425024
236.2861 2.632502
236.4154 2.869606
236.5447 3.14226
236.674 3.457917
236.8033 3.826065
236.9326 4.259009
237.0619 4.773145
237.1482 5.172249
237.2344 5.625469
237.353 6.358676
237.4715 7.253008
237.5901 8.363202
237.6494 9.021979
237.7086 9.765073
237.7679 10.61122
237.8272 11.57981
237.8865 12.69729
237.9457 13.99579
238.005 15.52534
238.0642 17.34193
238.1235 19.53488
238.1827 22.21007
238.242 25.53143
238.2717 27.49946
238.3013 29.70479
238.331 32.19958
238.3606 35.00934
238.3902 38.18958
238.4198 41.79352
238.4495 45.89464
238.4791 50.5295
238.5088 55.79845
238.5384 61.73822
238.5681 68.46336
238.5977 76.0024
238.6273 84.44732
238.6569 93.86259
238.6947 107.3819
238.7324 122.6068
238.7701 139.5954
238.8078 158.3042
238.8832 200.2833
238.9586 246.3701
239.0871 323.104
239.1513 353.9924
239.2155 375.7119
239.2578 383.8328
239.3 386.5359
239.3622 380.4774
239.4243 363.1558
239.4864 336.3526
239.5485 302.6682
239.6876 217.3897
239.7572 176.7552
239.8267 140.8525
239.8814 116.6237
239.936 96.11609
239.9907 79.08345
240.018 71.79368
240.0453 65.24062
240.0727 59.34727
240.1 54.09865
240.1273 49.41467
240.1546 45.23969
240.2092 38.20827
240.2638 32.62329
240.3185 28.1588
240.3731 24.57447
240.4278 21.6562
240.4824 19.26125
240.5371 17.26471
240.5917 15.58687
240.6463 14.15857
240.7009 12.93061
240.7556 11.86374
240.8102 10.93299
240.9195 9.387156
241.0288 8.162796
241.138 7.175507
241.2175 6.571147
241.3268 5.863975
241.4361 5.27131
241.5454 4.769441
241.6546 4.341107
241.7639 3.972217
241.8732 3.652944
241.9825 3.375245
242.0917 3.132938
242.3103 2.733959
242.5288 2.426532
242.7474 2.191844
242.9659 2.020562
243.0852 1.95338
243.2044 1.907034
243.3236 1.886859
243.4428 1.906825
243.5223 1.959246
243.6017 2.069014
243.6402 2.155076
243.6787 2.272182
243.7172 2.430102
243.7557 2.641161
243.7942 2.920522
243.8327 3.286318
243.8712 3.759532
243.9097 4.363537
243.9482 5.123201
243.9867 6.063478
244.0252 7.207475
244.0637 8.574013
244.1022 10.17482
244.1407 12.01157
244.1792 14.07305
244.2177 16.33286
244.3121 22.40491
244.4064 28.3375
244.4586 31.06868
244.5107 33.11266
244.5306 33.67404
244.5889 34.52993
244.6 34.55366
244.628 34.41288
244.6629 33.8422
244.6978 32.85658
244.7509 30.6574
244.804 27.79726
244.9102 21.07823
244.9633 17.70206
245.0163 14.58202
245.0561 12.48197
245.0959 10.62763
245.1357 9.034167
245.1755 7.702805
245.2153 6.624384
245.2551 5.783282
245.2949 5.161252
245.3347 4.740979
245.3679 4.534987
245.4011 4.455862
245.4343 4.503636
245.4674 4.682603
245.5006 5.004518
245.5338 5.485903
245.567 6.150111
245.6001 7.02407
245.6333 8.14922
245.6665 9.565196
245.6997 11.31848
245.7328 13.4513
245.766 16.02613
245.7991 19.07419
245.8323 22.65451
245.8654 26.77547
245.897 31.23735
245.9285 36.19487
245.96 41.63879
245.9915 47.52475
246.0545 60.32649
246.1175 73.7708
246.1772 86.05772
246.2368 96.7295
246.2766 102.4119
246.3164 106.5989
246.3503 108.8205
246.3842 109.7116
246.39 109.7275
246.4018 109.636
246.4413 108.1335
246.4807 104.8731
246.5243 99.41975
246.5679 92.35295
246.6478 76.60471
246.7276 59.57677
246.7712 50.60399
246.8148 42.25347
246.8584 34.72589
246.9019 28.14944
246.9455 22.53072
246.9673 20.08049
246.989 17.86971
247.0108 15.86778
247.0326 14.07338
247.0544 12.47319
247.0761 11.05918
247.1088 9.233629
247.1415 7.731462
247.1742 6.505329
247.2068 5.513916
247.2395 4.711477
247.2722 4.066395
247.3049 3.548577
247.3375 3.1338
247.3702 2.798575
247.4029 2.527219
247.4356 2.306009
247.4682 2.124576
247.5009 1.973307
247.5336 1.846193
247.5989 1.645461
247.6643 1.49365
247.7296 1.374743
247.795 1.278545
247.8603 1.199318
247.991 1.076986
248.1217 0.9891981
248.2524 0.9264759
248.3831 0.8837516
248.5138 0.8586964
248.6445 0.8512548
248.7897 0.8670538
248.8623 0.8874378
248.9349 0.9196812
249.0075 0.9690861
249.0801 1.045328
249.1164 1.098577
249.1527 1.166063
249.189 1.2522
249.2253 1.362772
249.2562 1.481692
249.2871 1.629451
249.318 1.813009
249.3488 2.039844
249.3797 2.321123
249.4105 2.666134
249.4414 3.089695
249.4722 3.602866
249.5031 4.223856
249.534 4.966676
249.5649 5.846878
249.5957 6.8757
249.6266 8.073012
249.6574 9.441567
249.6883 10.99703
249.7191 12.73118
249.7482 14.53446
249.7772 16.48162
249.8353 20.76596
249.9514 30.03244
250.0132 34.61136
250.0749 38.33358
250.1039 39.6645
250.1406 40.88685
250.1773 41.54384
250.2 41.6532
250.2227 41.53252
250.2599 40.84452
250.2971 39.57763
250.345 37.18908
250.3928 34.11766
250.4813 27.33413
250.5697 20.28374
250.6176 16.74948
250.6655 13.57093
250.7134 10.81186
250.7374 9.5953
250.7613 8.49351
250.7853 7.494632
250.8092 6.602856
250.8332 5.805372
250.8571 5.102631
250.8811 4.481924
250.905 3.941302
250.9289 3.470801
250.9528 3.063287
250.9823 2.63691
251.0117 2.284846
251.0412 1.993512
251.0706 1.754891
251.1001 1.558523
251.1295 1.39813
251.159 1.266108
251.1884 1.157906
251.2179 1.068253
251.2473 0.9940564
251.2768 0.931796
251.3062 0.8794815
251.3651 0.7966019
251.424 0.7343399
251.4829 0.6858319
251.5418 0.6468387
251.6596 0.5877443
251.7774 0.5451152
251.8951 0.5133415
252.0718 0.4795213
252.2484 0.4575134
252.425 0.4443655
252.6016 0.4387166
252.7856 0.4404061
252.9696 0.450333
253.1536 0.4701606
253.3375 0.5034023
253.4295 0.5270574
253.5215 0.5571918
253.6135 0.5960657
253.7055 0.647484
253.7975 0.7185257
253.8435 0.7653965
253.8895 0.8234444
253.9355 0.8969122
253.9815 0.9918942
254.0275 1.117035
254.0505 1.19452
254.0734 1.283962
254.1047 1.430048
254.136 1.609709
254.1673 1.830805
254.1986 2.102612
254.2299 2.435904
254.2612 2.842974
254.2925 3.337579
254.3237 3.932688
254.355 4.648152
254.3863 5.498913
254.4176 6.501683
254.4488 7.668459
254.4801 9.021151
254.5114 10.56823
254.5427 12.318
254.5739 14.26749
254.6291 18.20813
254.6843 22.71439
254.7946 32.76967
254.8498 37.82143
254.905 42.45945
254.9344 44.64272
255 48.49898
255.0273 49.60746
255.0637 50.57048
255.1 50.91259
255.1494 50.36673
255.2 48.64099
255.2273 47.26032
255.2808 43.77418
255.3319 39.68902
255.383 35.13552
255.4805 26.10733
255.5292 21.83499
255.5779 17.91941
255.6081 15.71198
255.6383 13.6897
255.6685 11.85862
255.6986 10.22426
255.7288 8.771416
255.759 7.497605
255.7892 6.391652
255.8193 5.443231
255.8495 4.631603
255.8797 3.945149
255.9099 3.368912
255.94 2.889911
255.9702 2.49145
256.0004 2.162837
256.0306 1.892892
256.0607 1.67241
256.0956 1.466344
256.1304 1.303348
256.1652 1.173693
256.2 1.070069
256.2348 0.9866736
256.2696 0.9189603
256.3044 0.863409
256.3392 0.8173192
256.4089 0.7457091
256.4785 0.6931699
256.5481 0.6531888
256.6177 0.6220376
256.757 0.5779922
256.8962 0.5509665
257.0354 0.5361444
257.1746 0.5310249
257.3603 0.5372174
257.546 0.5576269
257.7317 0.5933766
257.9173 0.6476434
258.0102 0.6835083
258.103 0.7265448
258.1958 0.7783014
258.2886 0.8408347
258.3815 0.9170923
258.4743 1.011001
258.5671 1.128733
258.6599 1.280028
258.7435 1.45884
258.7853 1.569981
258.827 1.700639
258.8688 1.85739
258.9106 2.048194
258.9524 2.284445
258.9941 2.580978
259.0359 2.960386
259.0777 3.450386
259.0986 3.748091
259.1195 4.088183
259.1404 4.476978
259.1612 4.919273
259.1821 5.427146
259.203 6.007281
259.2239 6.669162
259.2448 7.423084
259.2657 8.280106
259.2866 9.251994
259.3075 10.35112
259.3283 11.58405
259.3504 13.06059
259.3724 14.7161
259.3945 16.58105
259.4165 18.65328
259.4386 20.96542
259.4606 23.50872
259.5047 29.37099
259.5488 36.28711
259.5929 44.24469
259.637 53.15568
259.6811 62.84457
259.7182 71.40424
259.8018 90.8807
259.8853 108.1096
259.9271 114.8945
259.9688 119.9613
260.03 123.7789
260.05 124.0212
260.0567 123.9892
260.0753 123.6032
260.0939 122.7842
260.1311 119.8884
260.1835 113.1976
260.2359 103.9708
260.3242 84.74468
260.4125 64.15715
260.4898 47.52808
260.5284 40.18822
260.567 33.61951
260.6057 27.84336
260.6443 22.88396
260.6829 18.68751
260.7215 15.19325
260.7409 13.67891
260.7602 12.31946
260.7795 11.09632
260.7988 9.999122
260.8182 9.012811
260.8375 8.137536
260.8568 7.358313
260.8761 6.665987
260.8955 6.048926
260.9148 5.505369
260.9341 5.02444
260.9534 4.599225
260.9727 4.223401
260.992 3.891222
261.0306 3.337556
261.0693 2.901846
261.1079 2.558303
261.1465 2.28393
261.1851 2.06211
261.2238 1.879865
261.2624 1.728732
261.301 1.601219
261.3396 1.492161
261.3838 1.385057
261.4279 1.293133
261.5162 1.142582
261.6045 1.024483
261.6928 0.9295361
261.7811 0.8518817
261.8694 0.7875614
261.9577 0.7337639
262.046 0.6884311
262.2226 0.6173668
262.3992 0.5659288
262.5758 0.5290703
262.7524 0.5036774
262.929 0.4878455
263.1055 0.4805367
263.2932 0.4817478
263.4808 0.492671
263.6684 0.5147783
263.856 0.5509949
263.9499 0.575972
264.0437 0.6067924
264.1375 0.6449586
264.2313 0.6926084
264.3251 0.7529892
264.4189 0.8314565
264.5127 0.9377602
264.5596 1.0068
264.6065 1.091369
264.6452 1.176922
264.6838 1.281285
264.7225 1.411204
264.7611 1.574287
264.7998 1.782364
264.8384 2.048616
264.877 2.391705
264.8963 2.598988
264.9156 2.834411
264.935 3.103097
264.9543 3.40628
264.9736 3.749584
264.9929 4.137667
265.0122 4.575501
265.0315 5.068347
265.0508 5.62172
265.0701 6.241339
265.0895 6.93685
265.1088 7.707035
265.1281 8.561194
265.1474 9.505103
265.186 11.68392
265.2246 14.28235
265.2578 16.87471
265.2909 19.7978
265.324 23.05647
265.3571 26.63509
265.4233 34.61341
265.4895 43.29225
265.5613 52.69415
265.6331 61.00897
265.6772 65.08081
265.7103 67.4428
265.7433 69.11672
265.8 70.25452
265.8172 70.14914
265.8564 69.12987
265.8956 67.07431
265.9414 63.49443
265.9871 58.87367
266.0743 48.16783
266.1615 36.70382
266.2051 31.25081
266.2487 26.2054
266.2923 21.67321
266.3359 17.71218
266.3795 14.33815
266.4013 12.86666
266.4231 11.53296
266.4449 10.33101
266.4667 9.253809
266.4885 8.293656
266.5103 7.442424
266.5311 6.724117
266.5519 6.090092
266.5727 5.533184
266.5934 5.048631
266.6142 4.625143
266.635 4.258965
266.6558 3.944269
266.6765 3.67688
266.6973 3.449361
266.7181 3.258732
266.7596 2.973714
266.8011 2.79579
266.8426 2.707762
266.878 2.696118
266.9133 2.740403
266.9486 2.842306
266.9839 3.007535
267.0192 3.245957
267.0545 3.571952
267.0898 4.004837
267.1251 4.569287
267.1604 5.295693
267.1957 6.220337
267.231 7.385286
267.2663 8.837848
267.3016 10.62948
267.3369 12.81405
267.3722 15.44529
267.4075 18.57354
267.4449 22.47773
267.4823 27.02412
267.5197 32.22725
267.557 38.05708
267.5944 44.4975
267.6318 51.44809
267.7065 66.31621
267.7813 81.24865
267.8561 94.34883
267.8935 99.59836
267.9308 103.6789
267.9783 106.9412
268.02 107.8556
268.032 107.7703
268.0688 106.5426
268.1055 103.9151
268.1496 99.06194
268.1936 92.64422
268.2691 79.01471
268.3445 63.84025
268.4137 50.14901
268.4483 43.76337
268.4828 37.83747
268.5174 32.40261
268.552 27.51462
268.5866 23.18646
268.6211 19.42012
268.6557 16.16883
268.6903 13.40696
268.7249 11.08901
268.7595 9.165127
268.7941 7.584251
268.8287 6.296633
268.8633 5.25565
268.8978 4.421152
268.9324 3.751033
268.967 3.215784
269.0016 2.788241
269.0362 2.445924
269.0708 2.170552
269.1054 1.947481
269.14 1.765139
269.1745 1.614888
269.2154 1.46816
269.2563 1.347375
269.2972 1.246228
269.338 1.160349
269.4198 1.021025
269.5015 0.9125419
269.5833 0.8250254
269.665 0.7529569
269.7468 0.6924658
269.8285 0.6411697
269.992 0.5590248
270.1555 0.4966104
270.319 0.4479273
270.4824 0.4091734
270.6585 0.3756284
270.8346 0.348574
271.0107 0.3265568
271.1867 0.3085281
271.5388 0.2812743
271.8909 0.2622844
272.2431 0.2492525
272.5952 0.24081
272.9473 0.2360274
273.2994 0.2343314
273.8025 0.2366638
274.3055 0.244363
274.8086 0.2577621
275.3116 0.2778437
275.8147 0.3064614
276.0662 0.3248796
276.3177 0.3467382
276.5692 0.3727071
276.8207 0.4036552
277.0722 0.4409592
277.3237 0.4866373
277.5501 0.5370351
277.7765 0.5988271
278.0029 0.6756209
278.2292 0.772588
278.4556 0.8975498
278.5688 0.9740607
278.6819 1.062567
278.7951 1.166057
278.9083 1.288191
279.0215 1.433956
279.1346 1.609975
279.229 1.786919
279.3233 1.999106
279.4176 2.257721
279.5119 2.579204
279.6063 2.990196
279.6535 3.24202
279.7006 3.534544
279.7478 3.880478
279.7949 4.294113
279.8421 4.799056
279.8892 5.423253
279.9238 5.98177
279.9584 6.64823
279.993 7.44884
280.0276 8.41573
280.0622 9.587799
280.0968 11.01147
280.1314 12.74127
280.1659 14.83336
280.2005 17.37066
280.2351 20.42587
280.2697 24.08282
280.3042 28.41483
280.3388 33.53331
280.3734 39.50823
280.408 46.41044
280.4425 54.26957
280.4756 62.75449
280.5086 72.13481
280.5416 82.40351
280.5746 93.49376
280.6406 117.675
280.7066 143.3476
280.7758 169.7703
280.8449 193.0417
280.9139 210.5082
280.9484 216.3633
280.9828 220.0137
281.02 221.3633
281.0294 221.2689
281.0615 219.6261
281.0935 216.0005
281.1576 203.2437
281.227 182.6557
281.2963 157.5225
281.435 104.2024
281.5044 80.38004
281.5391 69.79713
281.5737 60.23191
281.6037 52.7571
281.6336 46.05933
281.6636 40.07208
281.6935 34.80055
281.7235 30.16483
281.7534 26.14474
281.7834 22.65828
281.8133 19.67245
281.8433 17.11136
281.8732 14.93859
281.9032 13.08918
281.9331 11.52928
281.9631 10.20657
281.993 9.092801
282.023 8.147922
282.0529 7.350148
282.0829 6.670027
282.1128 6.091776
282.1428 5.59442
282.1727 5.167106
282.2326 4.471621
282.2925 3.934586
282.3524 3.508852
282.4123 3.163141
282.4722 2.876572
282.5321 2.634975
282.592 2.428507
282.6519 2.250128
282.7717 1.95817
282.8915 1.730632
283.0112 1.549991
283.1184 1.418204
283.2256 1.308568
283.3328 1.216712
283.4399 1.139403
283.6543 1.018577
283.8686 0.9322667
284.083 0.8720419
284.2973 0.8328631
284.5117 0.8117047
284.726 0.8072339
284.9278 0.8183742
285.1295 0.8458206
285.3313 0.892664
285.533 0.964465
285.6339 1.012674
285.7348 1.071521
285.8357 1.143738
285.9365 1.233134
286.0374 1.345732
286.1383 1.490947
286.2392 1.685837
286.2896 1.811263
286.34 1.964002
286.381 2.115374
286.422 2.29933
286.463 2.526473
286.504 2.811107
286.545 3.172303
286.586 3.63512
286.627 4.23191
286.6475 4.592969
286.6679 5.001468
286.6884 5.468023
286.7089 5.99804
286.7294 6.599463
286.7499 7.280887
286.7704 8.051539
286.7909 8.921231
286.8114 9.900302
286.8319 10.99953
286.8524 12.23002
286.8729 13.60307
286.8934 15.13
286.9139 16.82193
286.9549 20.74309
286.9958 25.43042
287.0305 30.05734
287.0652 35.30095
287.0999 41.15951
287.1345 47.58797
287.1692 54.57059
287.2038 61.9849
287.2731 77.711
287.3866 102.9532
287.4276 110.7794
287.4685 117.3655
287.5032 121.7749
287.5378 124.9369
287.6 127.2062
287.6124 127.113
287.6491 125.7752
287.6857 122.9088
287.7338 117.0088
287.7818 109.0643
287.8599 93.03612
287.9379 75.25265
288.022 56.58787
288.0641 48.07921
288.1061 40.37237
288.1482 33.52078
288.1902 27.58962
288.2323 22.53549
288.2743 18.33081
288.3134 15.10136
288.3524 12.46371
288.372 11.33396
288.3915 10.32706
288.411 9.427481
288.4305 8.626037
288.4501 7.910486
288.4696 7.279715
288.5086 6.229823
288.5476 5.415555
288.5866 4.788475
288.6257 4.307352
288.6647 3.942042
288.7038 3.664715
288.7428 3.456646
288.7819 3.301297
288.8209 3.187843
288.8989 3.053112
288.95 3.014956
289.0011 3.00778
289.1032 3.071663
289.2053 3.232301
289.3074 3.498042
289.3585 3.67861
289.4095 3.898173
289.4606 4.166605
289.5116 4.495712
289.5627 4.905195
289.6137 5.419625
289.6648 6.078174
289.7158 6.930138
289.7489 7.61991
289.7819 8.443281
289.815 9.434996
289.848 10.62421
289.8811 12.05939
289.9141 13.77917
289.9471 15.8409
289.9801 18.30376
290.0132 21.24158
290.0462 24.70458
290.0792 28.77026
290.1122 33.50688
290.1453 38.99595
290.1783 45.2597
290.2113 52.35574
290.2443 60.30833
290.2774 69.14681
290.3104 78.79138
290.3765 100.3423
290.4426 124.0649
290.5086 148.4538
290.5747 171.6463
290.6408 191.4301
290.7063 205.6274
290.7718 212.8618
290.8 213.5929
290.8094 213.5093
290.8393 212.1584
290.8692 209.1886
290.929 198.722
290.9989 180.0552
291.0687 156.6765
291.187 113.3738
291.2461 92.85846
291.3052 74.38596
291.3375 65.35347
291.3697 57.15569
291.402 49.75424
291.4342 43.18424
291.4665 37.37515
291.4987 32.31884
291.531 27.92932
291.5632 24.17298
291.5955 20.96243
291.6277 18.25348
291.66 15.967
291.6922 14.05866
291.7245 12.46265
291.7567 11.14047
291.7889 10.04406
291.8211 9.136344
291.848 8.499544
291.8749 7.956335
291.9286 7.099438
291.9824 6.476033
292.0361 6.0273
292.0899 5.709389
292.1436 5.495519
292.1973 5.36746
292.251 5.315542
292.2967 5.328724
292.3424 5.395954
292.3881 5.521854
292.4338 5.714839
292.4795 5.988033
292.5252 6.360619
292.5709 6.859627
292.6165 7.520521
292.6622 8.395925
292.7079 9.549949
292.7308 10.25847
292.7536 11.06629
292.7764 11.98991
292.7992 13.04429
292.8221 14.25137
292.8449 15.6183
292.8678 17.17611
292.8906 18.9312
292.9135 20.92
292.9363 23.1467
292.9591 25.64125
292.9819 28.42534
293.0034 31.33495
293.0249 34.53769
293.0464 38.04908
293.0679 41.8829
293.1056 49.41675
293.1432 57.9903
293.1808 67.62501
293.2184 78.27942
293.2561 89.89246
293.2937 102.2525
293.3689 128.4121
293.4334 150.8845
293.4979 171.4728
293.557 187.037
293.6161 198.0565
293.6581 202.5532
293.7 204.0198
293.7092 203.9282
293.7425 202.3542
293.7757 198.8914
293.8422 186.7368
293.918 166.0156
293.9938 140.7564
294.1317 93.01053
294.2006 71.9705
294.2351 62.62879
294.2695 54.18722
294.304 46.61331
294.3385 39.92055
294.373 34.07321
294.4074 29.03159
294.4419 24.70127
294.4763 21.03554
294.5108 17.93828
294.5452 15.35366
294.5797 13.19594
294.6142 11.40765
294.6487 9.929461
294.6831 8.712164
294.7176 7.703353
294.752 6.8704
294.7865 6.176046
294.8209 5.597578
294.8537 5.131831
294.8864 4.735283
294.9192 4.393028
294.9519 4.097117
295.0174 3.609723
295.0828 3.226399
295.1483 2.915676
295.2138 2.658503
295.2793 2.441792
295.3447 2.25684
295.4757 1.957105
295.6066 1.726195
295.7376 1.543873
295.8685 1.397671
295.9719 1.301829
296.0753 1.219894
296.2821 1.088771
296.4889 0.9909967
296.6956 0.918498
296.9024 0.8661246
297.1091 0.8307147
297.3159 0.8103589
297.5226 0.8042987
297.7432 0.8138636
297.9637 0.8415647
298.1843 0.8907041
298.4048 0.9669246
298.5151 1.018047
298.6254 1.080093
298.7357 1.155454
298.8459 1.247216
298.9562 1.35984
299.0665 1.499201
299.1768 1.67386
299.287 1.896532
299.3835 2.147263
299.4318 2.299469
299.48 2.474604
299.5283 2.679342
299.5765 2.920978
299.6248 3.211837
299.673 3.566436
299.7213 4.008171
299.7695 4.565424
299.8178 5.281881
299.8419 5.715218
299.866 6.209998
299.8902 6.778404
299.9143 7.426737
299.9384 8.169531
299.9625 9.020564
299.9866 9.995089
300.0107 11.10985
300.0348 12.38302
300.0589 13.83416
300.0865 15.74142
300.1141 17.9421
300.1417 20.47006
300.1692 23.34838
300.1968 26.63151
300.2244 30.34156
300.252 34.50734
300.2795 39.1354
300.3157 45.98333
300.3519 53.70715
300.3881 62.29726
300.4243 71.70871
300.4605 81.85641
300.4967 92.61208
300.569 115.1847
300.6448 138.6547
300.7206 159.3256
300.762 168.454
300.8033 175.5306
300.8517 180.8289
300.9 182.5896
300.9087 182.5202
300.937 181.4782
300.9653 179.209
301.0219 171.2093
301.0798 158.8748
301.1376 143.3946
301.1955 125.9164
301.2534 107.6847
301.3113 89.79879
301.3691 73.1627
301.4244 58.94238
301.4796 46.69471
301.5073 41.31359
301.5349 36.45515
301.5625 32.08415
301.5901 28.1789
301.6178 24.70068
301.6454 21.64393
301.673 18.96243
301.7006 16.62225
301.7282 14.5894
301.7558 12.83072
301.7834 11.3145
301.811 10.011
301.8374 8.937844
301.8637 8.015446
301.89 7.219826
301.9163 6.533452
301.9426 5.940798
301.9689 5.42824
301.9952 4.983923
302.0215 4.597605
302.0741 3.965113
302.1267 3.475077
302.1793 3.087735
302.2319 2.775103
302.2845 2.517635
302.3371 2.301688
302.3897 2.117681
302.4423 1.9588
302.5475 1.697929
302.6527 1.49268
302.758 1.327184
302.8632 1.191601
302.9684 1.078807
303.0736 0.9838679
303.1788 0.9031819
303.284 0.8340719
303.3892 0.7745144
303.4944 0.7229571
303.7049 0.6392388
303.9153 0.5761356
304.1257 0.529491
304.3361 0.4972384
304.5045 0.4816381
304.6728 0.4762492
304.7991 0.48062
304.9253 0.4951933
304.9885 0.5080658
305.0516 0.5263871
305.1147 0.5525209
305.1778 0.5902925
305.241 0.6460087
305.2726 0.6834889
305.3041 0.7293806
305.3357 0.7860733
305.3672 0.8557646
305.3988 0.9420042
305.4303 1.047947
305.4619 1.178656
305.4935 1.338953
305.5251 1.534722
305.5566 1.771777
305.5882 2.058968
305.6197 2.402426
305.6513 2.812817
305.6828 3.296297
305.7052 3.690128
305.7276 4.129051
305.75 4.616013
305.7723 5.151232
305.817 6.384914
305.8617 7.844497
305.9065 9.539704
305.9512 11.45739
305.9959 13.58228
306.0406 15.88129
306.13 20.80047
306.2194 25.70681
306.3141 30.24227
306.3299 30.88964
306.3891 32.96914
306.4 33.28866
306.433 34.13083
306.4878 35.11307
306.539 35.58273
306.5902 35.66979
306.5999 35.64872
306.6001 30.09242
316.2278 29.51922
350 27.50855
398.1072 25.20247
400 25.11174
500 21.53505
501.1872 21.50463
600 18.97242
630.9573 18.38591
720 16.69892
794.3282 15.64523
850 14.85602
1000 13.24115
1250 11.29779
1258.925 11.2486
1500 9.919806
1584.893 9.559853
1700 9.07179
1995.262 8.094298
2000 8.078612
2500 6.893395
2511.886 6.873599
3000 6.060664
3162.278 5.85945
3500 5.440698
3981.072 4.977854
4000 4.959643
5000 4.258737
5011.872 4.252935
6000 3.770037
6309.573 3.657949
7000 3.407963
7200 3.346385
7943.282 3.153924
8500 3.009771
10000 2.719461
12500 2.37466
12589.25 2.365989
15000 2.13178
15848.93 2.068248
17000 1.982104
19952.62 1.80844
20000 1.805653
25000 1.591582
25118.86 1.587916
30000 1.437366
31622.78 1.399164
35000 1.319662
39810.72 1.22989
40000 1.226358
50000 1.087039
50118.72 1.085768
54880.5 1.034784
54880.51 1.034784
54881.09 1.034778
54881.11 1.0808
60000 0.982534
63095.73 0.9282869
64330.9 0.9066428
70000 0.807302
79432.82 0.6890588
80000 0.681949
90000 0.596978
100000 0.558171
116464 0.5045158
120000 0.4929922
125892.5 0.4737889
130000 0.4604028
132295 0.4529235
150000 0.395224
158489.3 0.3842355
181388 0.3545954
181388.6 0.3545946
199526.2 0.3311173
200000 0.330504
228771 0.3158498
228771.2 0.3158497
250000 0.305037
251188.6 0.3044316
270000 0.2948502
277774 0.2908906
277774.2 0.2908905
300000 0.27957
316227.8 0.2708093
317025 0.2703789
320000 0.2687728
349482 0.2528566
349482.1 0.2528566
350000 0.252577
362314 0.2477524
362314.1 0.2477523
370000 0.244741
374391 0.2430206
374391.2 0.2430205
398107.2 0.2337286
400000 0.232987
420000 0.2269538
428738 0.2243179
428738.3 0.2243178
437222 0.2217586
437222.5 0.2217585
450000 0.217904
470000 0.2118708
477681 0.2095537
481948 0.2082666
481948.1 0.2082665
500000 0.202821
501187.2 0.2025213
516297 0.1987067
516297.5 0.1987065
517978 0.1982823
517978.3 0.1982822
520000 0.1977718
528224 0.1956956
550000 0.190198
569638 0.1852402
569638.2 0.1852401
570000 0.1851488
584735 0.1814288
600000 0.177575
611495 0.1756564
611495.5 0.1756563
620000 0.1742368
621972 0.1739077
621972.4 0.1739076
630957.3 0.1724079
644677 0.170118
644677.4 0.1701179
650000 0.1692295
659915 0.1675746
661938 0.1672369
669275 0.1660123
670000 0.1658913
687622 0.16295
689403 0.1626527
689403.1 0.1626527
691084 0.1623722
694435 0.1618129
700000 0.160884
700474 0.1608215
706613 0.1600116
720000 0.1582457
727547 0.1572501
733706 0.1564376
740000 0.1556073
743750 0.1551126
743750.2 0.1551126
751802 0.1540505
756260 0.1534624
756260.1 0.1534624
760000 0.152969
762872 0.1525901
767562 0.1519714
767562.3 0.1519714
776278 0.1508217
780000 0.1503307
783866 0.1498207
791052 0.1488727
791052.3 0.1488727
794328.2 0.1484405
798500 0.1478902
799104 0.1478105
800000 0.1476923
849657 0.1411417
882637 0.1367911
900000 0.1345007
936984 0.1296219
981599 0.1237364
1000000 0.121309
1041150 0.1169691
1044670 0.1165979
1100000 0.1107625
1127200 0.1078939
1172490 0.1031173
1200000 0.100216
1233880 0.09711584
1259460 0.09477517
1300000 0.0910656
1305650 0.0905486
1313390 0.08984036
1400000 0.0819152
1500000 0.0727648
1562970 0.0672865
1579470 0.06585103
1600000 0.06406495
1612570 0.06297138
1648530 0.05984291
1664630 0.05844224
1689790 0.05625335
1700000 0.0553651
1737090 0.05379666
1800000 0.05113637
1839750 0.04945545
1893090 0.04719984
1900000 0.04690763
1915230 0.0462636
1954400 0.0446072
1962530 0.04426341
1970910 0.04390904
1976560 0.04367012
1997760 0.04277362
2000000 0.0426789
2012320 0.04228418
2057260 0.04084434
2156770 0.03765611
2198040 0.03633386
2200000 0.03627106
2230240 0.03530219
2400000 0.02986322
2500000 0.0266593
2600000 0.02481216
2800000 0.02111788
3000000 0.0174236
3500000 0.0116126
4000000 0.00756874
4500000 0.00504421
5000000 0.00345434
5500000 0.002518905
6000000 0.00158347
6400880 0.00147791
6400881 0.00147791
6500000 0.00145181
6599146 0.001444551
7000000 0.0014152
7500000 0.00144043
7800000 0.001481332
8000000 0.0015086
8080608 0.001523698
8500000 0.00160225
9000000 0.00170839
9500000 0.00171803
10000000 0.00169266
10500000 0.00162217
11000000 0.00161737
11500000 0.00158645
12000000 0.00142966
12500000 0.0013548
13000000 0.00122384
13500000 0.00114378
14000000 0.00107406
14458300 0.0009671423
14500000 0.000957414
14991700 0.0008398328
14991760 0.0008398184
15000000 0.000837848
15500000 0.00072203
16000000 0.000601481
16500000 0.000494157
17000000 0.0004239695
17500000 0.000353782
18000000 0.000310822
18500000 0.000262318
19000000 0.0002352513
19100000 0.000229838
19500000 0.000206605
19900000 0.000185772
20000000 0.000182258
