Low	Centre	Weight	Normed
0.0	0.5	0.0	0.0
1.0	1.5	0.0	0.0
2.0	2.5	0.0	0.0
3.0	3.5	0.0	0.0
4.0	4.5	0.0	0.0
5.0	5.5	0.0	0.0
6.0	6.5	0.0	0.0
7.0	7.5	0.0	0.0
8.0	8.5	0.0	0.0
9.0	9.5	0.0	0.0
10.0	10.5	0.0	0.0
11.0	11.5	0.0	0.0
12.0	12.5	0.0	0.0
13.0	13.5	0.0	0.0
14.0	14.5	0.0	0.0
15.0	15.5	20.0	0.29411765933036804
16.0	16.5	16.0	0.23529411852359772
17.0	17.5	18.0	0.2647058963775635
18.0	18.5	15.0	0.22058823704719543
19.0	19.5	16.0	0.23529411852359772
20.0	20.5	12.0	0.1764705926179886
21.0	21.5	9.0	0.13235294818878174
22.0	22.5	20.0	0.29411765933036804
23.0	23.5	18.0	0.2647058963775635
24.0	24.5	11.0	0.1617647111415863
25.0	25.5	18.0	0.2647058963775635
26.0	26.5	18.0	0.2647058963775635
27.0	27.5	11.0	0.1617647111415863
28.0	28.5	15.0	0.22058823704719543
29.0	29.5	11.0	0.1617647111415863
30.0	30.5	10.0	0.14705882966518402
31.0	31.5	9.0	0.13235294818878174
32.0	32.5	14.0	0.20588235557079315
33.0	33.5	9.0	0.13235294818878174
34.0	34.5	13.0	0.19117647409439087
35.0	35.5	5.0	0.07352941483259201
36.0	36.5	8.0	0.11764705926179886
37.0	37.5	10.0	0.14705882966518402
38.0	38.5	9.0	0.13235294818878174
39.0	39.5	9.0	0.13235294818878174
40.0	40.5	17.0	0.25
41.0	41.5	6.0	0.0882352963089943
42.0	42.5	11.0	0.1617647111415863
43.0	43.5	7.0	0.10294117778539658
44.0	44.5	13.0	0.19117647409439087
45.0	45.5	10.0	0.14705882966518402
46.0	46.5	8.0	0.11764705926179886
47.0	47.5	15.0	0.22058823704719543
48.0	48.5	12.0	0.1764705926179886
49.0	49.5	14.0	0.20588235557079315
50.0	50.5	9.0	0.13235294818878174
51.0	51.5	3.0	0.04411764815449715
52.0	52.5	3.0	0.04411764815449715
53.0	53.5	7.0	0.10294117778539658
54.0	54.5	10.0	0.14705882966518402
55.0	55.5	8.0	0.11764705926179886
56.0	56.5	10.0	0.14705882966518402
57.0	57.5	12.0	0.1764705926179886
58.0	58.5	10.0	0.14705882966518402
59.0	59.5	6.0	0.0882352963089943
60.0	60.5	10.0	0.14705882966518402
61.0	61.5	8.0	0.11764705926179886
62.0	62.5	8.0	0.11764705926179886
63.0	63.5	14.0	0.20588235557079315
64.0	64.5	10.0	0.14705882966518402
65.0	65.5	12.0	0.1764705926179886
66.0	66.5	17.0	0.25
67.0	67.5	12.0	0.1764705926179886
68.0	68.5	10.0	0.14705882966518402
69.0	69.5	10.0	0.14705882966518402
70.0	70.5	8.0	0.11764705926179886
71.0	71.5	10.0	0.14705882966518402
72.0	72.5	16.0	0.23529411852359772
73.0	73.5	10.0	0.14705882966518402
74.0	74.5	9.0	0.13235294818878174
75.0	75.5	10.0	0.14705882966518402
76.0	76.5	6.0	0.0882352963089943
77.0	77.5	13.0	0.19117647409439087
78.0	78.5	6.0	0.0882352963089943
79.0	79.5	13.0	0.19117647409439087
80.0	80.5	6.0	0.0882352963089943
81.0	81.5	14.0	0.20588235557079315
82.0	82.5	16.0	0.23529411852359772
83.0	83.5	14.0	0.20588235557079315
84.0	84.5	12.0	0.1764705926179886
85.0	85.5	13.0	0.19117647409439087
86.0	86.5	19.0	0.27941176295280457
87.0	87.5	9.0	0.13235294818878174
88.0	88.5	11.0	0.1617647111415863
89.0	89.5	11.0	0.1617647111415863
90.0	90.5	15.0	0.22058823704719543
91.0	91.5	13.0	0.19117647409439087
92.0	92.5	11.0	0.1617647111415863
93.0	93.5	18.0	0.2647058963775635
94.0	94.5	12.0	0.1764705926179886
95.0	95.5	14.0	0.20588235557079315
96.0	96.5	17.0	0.25
97.0	97.5	17.0	0.25
98.0	98.5	12.0	0.1764705926179886
99.0	99.5	20.0	0.29411765933036804
100.0	100.5	19.0	0.27941176295280457
101.0	101.5	11.0	0.1617647111415863
102.0	102.5	15.0	0.22058823704719543
103.0	103.5	13.0	0.19117647409439087
104.0	104.5	19.0	0.27941176295280457
105.0	105.5	14.0	0.20588235557079315
106.0	106.5	14.0	0.20588235557079315
107.0	107.5	14.0	0.20588235557079315
108.0	108.5	22.0	0.3235294222831726
109.0	109.5	20.0	0.29411765933036804
110.0	110.5	16.0	0.23529411852359772
111.0	111.5	17.0	0.25
112.0	112.5	9.0	0.13235294818878174
113.0	113.5	17.0	0.25
114.0	114.5	17.0	0.25
115.0	115.5	21.0	0.30882352590560913
116.0	116.5	13.0	0.19117647409439087
117.0	117.5	12.0	0.1764705926179886
118.0	118.5	14.0	0.20588235557079315
119.0	119.5	14.0	0.20588235557079315
120.0	120.5	19.0	0.27941176295280457
121.0	121.5	17.0	0.25
122.0	122.5	18.0	0.2647058963775635
123.0	123.5	27.0	0.3970588147640228
124.0	124.5	13.0	0.19117647409439087
125.0	125.5	19.0	0.27941176295280457
126.0	126.5	14.0	0.20588235557079315
127.0	127.5	25.0	0.36764705181121826
128.0	128.5	11.0	0.1617647111415863
129.0	129.5	12.0	0.1764705926179886
130.0	130.5	15.0	0.22058823704719543
131.0	131.5	13.0	0.19117647409439087
132.0	132.5	13.0	0.19117647409439087
133.0	133.5	16.0	0.23529411852359772
134.0	134.5	12.0	0.1764705926179886
135.0	135.5	21.0	0.30882352590560913
136.0	136.5	16.0	0.23529411852359772
137.0	137.5	13.0	0.19117647409439087
138.0	138.5	18.0	0.2647058963775635
139.0	139.5	9.0	0.13235294818878174
140.0	140.5	14.0	0.20588235557079315
141.0	141.5	16.0	0.23529411852359772
142.0	142.5	12.0	0.1764705926179886
143.0	143.5	15.0	0.22058823704719543
144.0	144.5	20.0	0.29411765933036804
145.0	145.5	19.0	0.27941176295280457
146.0	146.5	18.0	0.2647058963775635
147.0	147.5	16.0	0.23529411852359772
148.0	148.5	19.0	0.27941176295280457
149.0	149.5	12.0	0.1764705926179886
150.0	150.5	12.0	0.1764705926179886
151.0	151.5	17.0	0.25
152.0	152.5	19.0	0.27941176295280457
153.0	153.5	22.0	0.3235294222831726
154.0	154.5	20.0	0.29411765933036804
155.0	155.5	18.0	0.2647058963775635
156.0	156.5	11.0	0.1617647111415863
157.0	157.5	14.0	0.20588235557079315
158.0	158.5	23.0	0.3382352888584137
159.0	159.5	20.0	0.29411765933036804
160.0	160.5	10.0	0.14705882966518402
161.0	161.5	15.0	0.22058823704719543
162.0	162.5	19.0	0.27941176295280457
163.0	163.5	20.0	0.29411765933036804
164.0	164.5	12.0	0.1764705926179886
165.0	165.5	15.0	0.22058823704719543
166.0	166.5	24.0	0.3529411852359772
167.0	167.5	19.0	0.27941176295280457
168.0	168.5	15.0	0.22058823704719543
169.0	169.5	20.0	0.29411765933036804
170.0	170.5	18.0	0.2647058963775635
171.0	171.5	20.0	0.29411765933036804
172.0	172.5	26.0	0.38235294818878174
173.0	173.5	19.0	0.27941176295280457
174.0	174.5	23.0	0.3382352888584137
175.0	175.5	22.0	0.3235294222831726
176.0	176.5	24.0	0.3529411852359772
177.0	177.5	22.0	0.3235294222831726
178.0	178.5	13.0	0.19117647409439087
179.0	179.5	15.0	0.22058823704719543
180.0	180.5	28.0	0.4117647111415863
181.0	181.5	15.0	0.22058823704719543
182.0	182.5	19.0	0.27941176295280457
183.0	183.5	23.0	0.3382352888584137
184.0	184.5	13.0	0.19117647409439087
185.0	185.5	25.0	0.36764705181121826
186.0	186.5	17.0	0.25
187.0	187.5	16.0	0.23529411852359772
188.0	188.5	19.0	0.27941176295280457
189.0	189.5	21.0	0.30882352590560913
190.0	190.5	19.0	0.27941176295280457
191.0	191.5	20.0	0.29411765933036804
192.0	192.5	14.0	0.20588235557079315
193.0	193.5	24.0	0.3529411852359772
194.0	194.5	23.0	0.3382352888584137
195.0	195.5	27.0	0.3970588147640228
196.0	196.5	14.0	0.20588235557079315
197.0	197.5	23.0	0.3382352888584137
198.0	198.5	26.0	0.38235294818878174
199.0	199.5	27.0	0.3970588147640228
200.0	200.5	11.0	0.1617647111415863
201.0	201.5	27.0	0.3970588147640228
202.0	202.5	21.0	0.30882352590560913
203.0	203.5	24.0	0.3529411852359772
204.0	204.5	25.0	0.36764705181121826
205.0	205.5	16.0	0.23529411852359772
206.0	206.5	35.0	0.5147058963775635
207.0	207.5	25.0	0.36764705181121826
208.0	208.5	23.0	0.3382352888584137
209.0	209.5	24.0	0.3529411852359772
210.0	210.5	21.0	0.30882352590560913
211.0	211.5	34.0	0.5
212.0	212.5	20.0	0.29411765933036804
213.0	213.5	18.0	0.2647058963775635
214.0	214.5	26.0	0.38235294818878174
215.0	215.5	20.0	0.29411765933036804
216.0	216.5	22.0	0.3235294222831726
217.0	217.5	27.0	0.3970588147640228
218.0	218.5	26.0	0.38235294818878174
219.0	219.5	23.0	0.3382352888584137
220.0	220.5	21.0	0.30882352590560913
221.0	221.5	17.0	0.25
222.0	222.5	26.0	0.38235294818878174
223.0	223.5	28.0	0.4117647111415863
224.0	224.5	29.0	0.4264705777168274
225.0	225.5	29.0	0.4264705777168274
226.0	226.5	22.0	0.3235294222831726
227.0	227.5	26.0	0.38235294818878174
228.0	228.5	20.0	0.29411765933036804
229.0	229.5	28.0	0.4117647111415863
230.0	230.5	16.0	0.23529411852359772
231.0	231.5	21.0	0.30882352590560913
232.0	232.5	23.0	0.3382352888584137
233.0	233.5	14.0	0.20588235557079315
234.0	234.5	33.0	0.4852941036224365
235.0	235.5	24.0	0.3529411852359772
236.0	236.5	19.0	0.27941176295280457
237.0	237.5	28.0	0.4117647111415863
238.0	238.5	18.0	0.2647058963775635
239.0	239.5	23.0	0.3382352888584137
240.0	240.5	27.0	0.3970588147640228
241.0	241.5	20.0	0.29411765933036804
242.0	242.5	25.0	0.36764705181121826
243.0	243.5	24.0	0.3529411852359772
244.0	244.5	30.0	0.44117647409439087
245.0	245.5	36.0	0.529411792755127
246.0	246.5	21.0	0.30882352590560913
247.0	247.5	22.0	0.3235294222831726
248.0	248.5	30.0	0.44117647409439087
249.0	249.5	40.0	0.5882353186607361
250.0	250.5	28.0	0.4117647111415863
251.0	251.5	38.0	0.5588235259056091
252.0	252.5	34.0	0.5
253.0	253.5	33.0	0.4852941036224365
254.0	254.5	21.0	0.30882352590560913
255.0	255.5	32.0	0.47058823704719543
256.0	256.5	31.0	0.45588234066963196
257.0	257.5	24.0	0.3529411852359772
258.0	258.5	30.0	0.44117647409439087
259.0	259.5	29.0	0.4264705777168274
260.0	260.5	36.0	0.529411792755127
261.0	261.5	27.0	0.3970588147640228
262.0	262.5	31.0	0.45588234066963196
263.0	263.5	30.0	0.44117647409439087
264.0	264.5	23.0	0.3382352888584137
265.0	265.5	32.0	0.47058823704719543
266.0	266.5	29.0	0.4264705777168274
267.0	267.5	32.0	0.47058823704719543
268.0	268.5	29.0	0.4264705777168274
269.0	269.5	23.0	0.3382352888584137
270.0	270.5	31.0	0.45588234066963196
271.0	271.5	30.0	0.44117647409439087
272.0	272.5	31.0	0.45588234066963196
273.0	273.5	33.0	0.4852941036224365
274.0	274.5	30.0	0.44117647409439087
275.0	275.5	32.0	0.47058823704719543
276.0	276.5	31.0	0.45588234066963196
277.0	277.5	28.0	0.4117647111415863
278.0	278.5	37.0	0.5441176295280457
279.0	279.5	27.0	0.3970588147640228
280.0	280.5	32.0	0.47058823704719543
281.0	281.5	27.0	0.3970588147640228
282.0	282.5	40.0	0.5882353186607361
283.0	283.5	28.0	0.4117647111415863
284.0	284.5	32.0	0.47058823704719543
285.0	285.5	29.0	0.4264705777168274
286.0	286.5	33.0	0.4852941036224365
287.0	287.5	35.0	0.5147058963775635
288.0	288.5	35.0	0.5147058963775635
289.0	289.5	33.0	0.4852941036224365
290.0	290.5	25.0	0.36764705181121826
291.0	291.5	22.0	0.3235294222831726
292.0	292.5	33.0	0.4852941036224365
293.0	293.5	27.0	0.3970588147640228
294.0	294.5	36.0	0.529411792755127
295.0	295.5	23.0	0.3382352888584137
296.0	296.5	38.0	0.5588235259056091
297.0	297.5	38.0	0.5588235259056091
298.0	298.5	24.0	0.3529411852359772
299.0	299.5	49.0	0.720588207244873
300.0	300.5	34.0	0.5
301.0	301.5	27.0	0.3970588147640228
302.0	302.5	31.0	0.45588234066963196
303.0	303.5	44.0	0.6470588445663452
304.0	304.5	33.0	0.4852941036224365
305.0	305.5	38.0	0.5588235259056091
306.0	306.5	41.0	0.6029411554336548
307.0	307.5	30.0	0.44117647409439087
308.0	308.5	40.0	0.5882353186607361
309.0	309.5	25.0	0.36764705181121826
310.0	310.5	31.0	0.45588234066963196
311.0	311.5	36.0	0.529411792755127
312.0	312.5	35.0	0.5147058963775635
313.0	313.5	30.0	0.44117647409439087
314.0	314.5	35.0	0.5147058963775635
315.0	315.5	32.0	0.47058823704719543
316.0	316.5	39.0	0.5735294222831726
317.0	317.5	34.0	0.5
318.0	318.5	40.0	0.5882353186607361
319.0	319.5	34.0	0.5
320.0	320.5	22.0	0.3235294222831726
321.0	321.5	47.0	0.6911764740943909
322.0	322.5	39.0	0.5735294222831726
323.0	323.5	38.0	0.5588235259056091
324.0	324.5	34.0	0.5
325.0	325.5	33.0	0.4852941036224365
326.0	326.5	48.0	0.7058823704719543
327.0	327.5	27.0	0.3970588147640228
328.0	328.5	45.0	0.6617646813392639
329.0	329.5	39.0	0.5735294222831726
330.0	330.5	30.0	0.44117647409439087
331.0	331.5	46.0	0.6764705777168274
332.0	332.5	36.0	0.529411792755127
333.0	333.5	31.0	0.45588234066963196
334.0	334.5	32.0	0.47058823704719543
335.0	335.5	31.0	0.45588234066963196
336.0	336.5	30.0	0.44117647409439087
337.0	337.5	34.0	0.5
338.0	338.5	25.0	0.36764705181121826
339.0	339.5	38.0	0.5588235259056091
340.0	340.5	34.0	0.5
341.0	341.5	36.0	0.529411792755127
342.0	342.5	48.0	0.7058823704719543
343.0	343.5	40.0	0.5882353186607361
344.0	344.5	30.0	0.44117647409439087
345.0	345.5	37.0	0.5441176295280457
346.0	346.5	43.0	0.6323529481887817
347.0	347.5	45.0	0.6617646813392639
348.0	348.5	40.0	0.5882353186607361
349.0	349.5	33.0	0.4852941036224365
350.0	350.5	36.0	0.529411792755127
351.0	351.5	39.0	0.5735294222831726
352.0	352.5	39.0	0.5735294222831726
353.0	353.5	38.0	0.5588235259056091
354.0	354.5	44.0	0.6470588445663452
355.0	355.5	33.0	0.4852941036224365
356.0	356.5	35.0	0.5147058963775635
357.0	357.5	47.0	0.6911764740943909
358.0	358.5	48.0	0.7058823704719543
359.0	359.5	22.0	0.3235294222831726
360.0	360.5	43.0	0.6323529481887817
361.0	361.5	45.0	0.6617646813392639
362.0	362.5	45.0	0.6617646813392639
363.0	363.5	36.0	0.529411792755127
364.0	364.5	46.0	0.6764705777168274
365.0	365.5	27.0	0.3970588147640228
366.0	366.5	41.0	0.6029411554336548
367.0	367.5	41.0	0.6029411554336548
368.0	368.5	32.0	0.47058823704719543
369.0	369.5	34.0	0.5
370.0	370.5	40.0	0.5882353186607361
371.0	371.5	36.0	0.529411792755127
372.0	372.5	39.0	0.5735294222831726
373.0	373.5	41.0	0.6029411554336548
374.0	374.5	32.0	0.47058823704719543
375.0	375.5	42.0	0.6176470518112183
376.0	376.5	42.0	0.6176470518112183
377.0	377.5	38.0	0.5588235259056091
378.0	378.5	36.0	0.529411792755127
379.0	379.5	37.0	0.5441176295280457
380.0	380.5	36.0	0.529411792755127
381.0	381.5	47.0	0.6911764740943909
382.0	382.5	34.0	0.5
383.0	383.5	41.0	0.6029411554336548
384.0	384.5	40.0	0.5882353186607361
385.0	385.5	47.0	0.6911764740943909
386.0	386.5	34.0	0.5
387.0	387.5	30.0	0.44117647409439087
388.0	388.5	32.0	0.47058823704719543
389.0	389.5	36.0	0.529411792755127
390.0	390.5	42.0	0.6176470518112183
391.0	391.5	43.0	0.6323529481887817
392.0	392.5	40.0	0.5882353186607361
393.0	393.5	28.0	0.4117647111415863
394.0	394.5	39.0	0.5735294222831726
395.0	395.5	48.0	0.7058823704719543
396.0	396.5	32.0	0.47058823704719543
397.0	397.5	39.0	0.5735294222831726
398.0	398.5	51.0	0.75
399.0	399.5	41.0	0.6029411554336548
400.0	400.5	41.0	0.6029411554336548
401.0	401.5	36.0	0.529411792755127
402.0	402.5	31.0	0.45588234066963196
403.0	403.5	39.0	0.5735294222831726
404.0	404.5	34.0	0.5
405.0	405.5	43.0	0.6323529481887817
406.0	406.5	39.0	0.5735294222831726
407.0	407.5	51.0	0.75
408.0	408.5	39.0	0.5735294222831726
409.0	409.5	48.0	0.7058823704719543
410.0	410.5	46.0	0.6764705777168274
411.0	411.5	43.0	0.6323529481887817
412.0	412.5	44.0	0.6470588445663452
413.0	413.5	37.0	0.5441176295280457
414.0	414.5	27.0	0.3970588147640228
415.0	415.5	34.0	0.5
416.0	416.5	47.0	0.6911764740943909
417.0	417.5	49.0	0.720588207244873
418.0	418.5	28.0	0.4117647111415863
419.0	419.5	44.0	0.6470588445663452
420.0	420.5	50.0	0.7352941036224365
421.0	421.5	42.0	0.6176470518112183
422.0	422.5	40.0	0.5882353186607361
423.0	423.5	53.0	0.779411792755127
424.0	424.5	42.0	0.6176470518112183
425.0	425.5	47.0	0.6911764740943909
426.0	426.5	45.0	0.6617646813392639
427.0	427.5	45.0	0.6617646813392639
428.0	428.5	45.0	0.6617646813392639
429.0	429.5	36.0	0.529411792755127
430.0	430.5	49.0	0.720588207244873
431.0	431.5	43.0	0.6323529481887817
432.0	432.5	46.0	0.6764705777168274
433.0	433.5	44.0	0.6470588445663452
434.0	434.5	47.0	0.6911764740943909
435.0	435.5	40.0	0.5882353186607361
436.0	436.5	46.0	0.6764705777168274
437.0	437.5	37.0	0.5441176295280457
438.0	438.5	39.0	0.5735294222831726
439.0	439.5	48.0	0.7058823704719543
440.0	440.5	43.0	0.6323529481887817
441.0	441.5	49.0	0.720588207244873
442.0	442.5	36.0	0.529411792755127
443.0	443.5	51.0	0.75
444.0	444.5	32.0	0.47058823704719543
445.0	445.5	41.0	0.6029411554336548
446.0	446.5	43.0	0.6323529481887817
447.0	447.5	48.0	0.7058823704719543
448.0	448.5	45.0	0.6617646813392639
449.0	449.5	34.0	0.5
450.0	450.5	41.0	0.6029411554336548
451.0	451.5	35.0	0.5147058963775635
452.0	452.5	43.0	0.6323529481887817
453.0	453.5	42.0	0.6176470518112183
454.0	454.5	41.0	0.6029411554336548
455.0	455.5	48.0	0.7058823704719543
456.0	456.5	39.0	0.5735294222831726
457.0	457.5	44.0	0.6470588445663452
458.0	458.5	32.0	0.47058823704719543
459.0	459.5	48.0	0.7058823704719543
460.0	460.5	35.0	0.5147058963775635
461.0	461.5	45.0	0.6617646813392639
462.0	462.5	39.0	0.5735294222831726
463.0	463.5	50.0	0.7352941036224365
464.0	464.5	47.0	0.6911764740943909
465.0	465.5	44.0	0.6470588445663452
466.0	466.5	39.0	0.5735294222831726
467.0	467.5	50.0	0.7352941036224365
468.0	468.5	51.0	0.75
469.0	469.5	30.0	0.44117647409439087
470.0	470.5	49.0	0.720588207244873
471.0	471.5	40.0	0.5882353186607361
472.0	472.5	54.0	0.7941176295280457
473.0	473.5	56.0	0.8235294222831726
474.0	474.5	40.0	0.5882353186607361
475.0	475.5	44.0	0.6470588445663452
476.0	476.5	40.0	0.5882353186607361
477.0	477.5	38.0	0.5588235259056091
478.0	478.5	54.0	0.7941176295280457
479.0	479.5	46.0	0.6764705777168274
480.0	480.5	45.0	0.6617646813392639
481.0	481.5	54.0	0.7941176295280457
482.0	482.5	48.0	0.7058823704719543
483.0	483.5	52.0	0.7647058963775635
484.0	484.5	44.0	0.6470588445663452
485.0	485.5	48.0	0.7058823704719543
486.0	486.5	43.0	0.6323529481887817
487.0	487.5	34.0	0.5
488.0	488.5	39.0	0.5735294222831726
489.0	489.5	48.0	0.7058823704719543
490.0	490.5	55.0	0.8088235259056091
491.0	491.5	43.0	0.6323529481887817
492.0	492.5	44.0	0.6470588445663452
493.0	493.5	48.0	0.7058823704719543
494.0	494.5	47.0	0.6911764740943909
495.0	495.5	41.0	0.6029411554336548
496.0	496.5	40.0	0.5882353186607361
497.0	497.5	49.0	0.720588207244873
498.0	498.5	47.0	0.6911764740943909
499.0	499.5	58.0	0.8529411554336548
500.0	500.5	46.0	0.6764705777168274
501.0	501.5	37.0	0.5441176295280457
502.0	502.5	44.0	0.6470588445663452
503.0	503.5	51.0	0.75
504.0	504.5	41.0	0.6029411554336548
505.0	505.5	56.0	0.8235294222831726
506.0	506.5	47.0	0.6911764740943909
507.0	507.5	55.0	0.8088235259056091
508.0	508.5	54.0	0.7941176295280457
509.0	509.5	42.0	0.6176470518112183
510.0	510.5	55.0	0.8088235259056091
511.0	511.5	54.0	0.7941176295280457
512.0	512.5	42.0	0.6176470518112183
513.0	513.5	54.0	0.7941176295280457
514.0	514.5	50.0	0.7352941036224365
515.0	515.5	47.0	0.6911764740943909
516.0	516.5	49.0	0.720588207244873
517.0	517.5	49.0	0.720588207244873
518.0	518.5	49.0	0.720588207244873
519.0	519.5	56.0	0.8235294222831726
520.0	520.5	42.0	0.6176470518112183
521.0	521.5	43.0	0.6323529481887817
522.0	522.5	42.0	0.6176470518112183
523.0	523.5	39.0	0.5735294222831726
524.0	524.5	46.0	0.6764705777168274
525.0	525.5	59.0	0.8676470518112183
526.0	526.5	50.0	0.7352941036224365
527.0	527.5	44.0	0.6470588445663452
528.0	528.5	45.0	0.6617646813392639
529.0	529.5	31.0	0.45588234066963196
530.0	530.5	40.0	0.5882353186607361
531.0	531.5	46.0	0.6764705777168274
532.0	532.5	59.0	0.8676470518112183
533.0	533.5	33.0	0.4852941036224365
534.0	534.5	43.0	0.6323529481887817
535.0	535.5	51.0	0.75
536.0	536.5	46.0	0.6764705777168274
537.0	537.5	43.0	0.6323529481887817
538.0	538.5	41.0	0.6029411554336548
539.0	539.5	38.0	0.5588235259056091
540.0	540.5	44.0	0.6470588445663452
541.0	541.5	52.0	0.7647058963775635
542.0	542.5	46.0	0.6764705777168274
543.0	543.5	46.0	0.6764705777168274
544.0	544.5	38.0	0.5588235259056091
545.0	545.5	44.0	0.6470588445663452
546.0	546.5	41.0	0.6029411554336548
547.0	547.5	59.0	0.8676470518112183
548.0	548.5	43.0	0.6323529481887817
549.0	549.5	63.0	0.9264705777168274
550.0	550.5	46.0	0.6764705777168274
551.0	551.5	39.0	0.5735294222831726
552.0	552.5	54.0	0.7941176295280457
553.0	553.5	48.0	0.7058823704719543
554.0	554.5	36.0	0.529411792755127
555.0	555.5	49.0	0.720588207244873
556.0	556.5	43.0	0.6323529481887817
557.0	557.5	42.0	0.6176470518112183
558.0	558.5	40.0	0.5882353186607361
559.0	559.5	33.0	0.4852941036224365
560.0	560.5	47.0	0.6911764740943909
561.0	561.5	46.0	0.6764705777168274
562.0	562.5	46.0	0.6764705777168274
563.0	563.5	44.0	0.6470588445663452
564.0	564.5	53.0	0.779411792755127
565.0	565.5	47.0	0.6911764740943909
566.0	566.5	37.0	0.5441176295280457
567.0	567.5	45.0	0.6617646813392639
568.0	568.5	39.0	0.5735294222831726
569.0	569.5	46.0	0.6764705777168274
570.0	570.5	44.0	0.6470588445663452
571.0	571.5	44.0	0.6470588445663452
572.0	572.5	44.0	0.6470588445663452
573.0	573.5	38.0	0.5588235259056091
574.0	574.5	43.0	0.6323529481887817
575.0	575.5	42.0	0.6176470518112183
576.0	576.5	38.0	0.5588235259056091
577.0	577.5	52.0	0.7647058963775635
578.0	578.5	48.0	0.7058823704719543
579.0	579.5	44.0	0.6470588445663452
580.0	580.5	44.0	0.6470588445663452
581.0	581.5	54.0	0.7941176295280457
582.0	582.5	46.0	0.6764705777168274
583.0	583.5	49.0	0.720588207244873
584.0	584.5	35.0	0.5147058963775635
585.0	585.5	38.0	0.5588235259056091
586.0	586.5	45.0	0.6617646813392639
587.0	587.5	41.0	0.6029411554336548
588.0	588.5	41.0	0.6029411554336548
589.0	589.5	44.0	0.6470588445663452
590.0	590.5	57.0	0.8382353186607361
591.0	591.5	48.0	0.7058823704719543
592.0	592.5	40.0	0.5882353186607361
593.0	593.5	40.0	0.5882353186607361
594.0	594.5	42.0	0.6176470518112183
595.0	595.5	41.0	0.6029411554336548
596.0	596.5	47.0	0.6911764740943909
597.0	597.5	61.0	0.8970588445663452
598.0	598.5	42.0	0.6176470518112183
599.0	599.5	50.0	0.7352941036224365
600.0	600.5	40.0	0.5882353186607361
601.0	601.5	44.0	0.6470588445663452
602.0	602.5	47.0	0.6911764740943909
603.0	603.5	57.0	0.8382353186607361
604.0	604.5	44.0	0.6470588445663452
605.0	605.5	45.0	0.6617646813392639
606.0	606.5	39.0	0.5735294222831726
607.0	607.5	54.0	0.7941176295280457
608.0	608.5	41.0	0.6029411554336548
609.0	609.5	41.0	0.6029411554336548
610.0	610.5	45.0	0.6617646813392639
611.0	611.5	50.0	0.7352941036224365
612.0	612.5	45.0	0.6617646813392639
613.0	613.5	45.0	0.6617646813392639
614.0	614.5	39.0	0.5735294222831726
615.0	615.5	56.0	0.8235294222831726
616.0	616.5	40.0	0.5882353186607361
617.0	617.5	45.0	0.6617646813392639
618.0	618.5	41.0	0.6029411554336548
619.0	619.5	58.0	0.8529411554336548
620.0	620.5	44.0	0.6470588445663452
621.0	621.5	49.0	0.720588207244873
622.0	622.5	54.0	0.7941176295280457
623.0	623.5	39.0	0.5735294222831726
624.0	624.5	40.0	0.5882353186607361
625.0	625.5	58.0	0.8529411554336548
626.0	626.5	48.0	0.7058823704719543
627.0	627.5	50.0	0.7352941036224365
628.0	628.5	56.0	0.8235294222831726
629.0	629.5	56.0	0.8235294222831726
630.0	630.5	58.0	0.8529411554336548
631.0	631.5	61.0	0.8970588445663452
632.0	632.5	50.0	0.7352941036224365
633.0	633.5	43.0	0.6323529481887817
634.0	634.5	36.0	0.529411792755127
635.0	635.5	59.0	0.8676470518112183
636.0	636.5	58.0	0.8529411554336548
637.0	637.5	56.0	0.8235294222831726
638.0	638.5	47.0	0.6911764740943909
639.0	639.5	43.0	0.6323529481887817
640.0	640.5	51.0	0.75
641.0	641.5	42.0	0.6176470518112183
642.0	642.5	44.0	0.6470588445663452
643.0	643.5	54.0	0.7941176295280457
644.0	644.5	52.0	0.7647058963775635
645.0	645.5	43.0	0.6323529481887817
646.0	646.5	50.0	0.7352941036224365
647.0	647.5	46.0	0.6764705777168274
648.0	648.5	47.0	0.6911764740943909
649.0	649.5	53.0	0.779411792755127
650.0	650.5	47.0	0.6911764740943909
651.0	651.5	41.0	0.6029411554336548
652.0	652.5	49.0	0.720588207244873
653.0	653.5	59.0	0.8676470518112183
654.0	654.5	43.0	0.6323529481887817
655.0	655.5	51.0	0.75
656.0	656.5	64.0	0.9411764740943909
657.0	657.5	45.0	0.6617646813392639
658.0	658.5	50.0	0.7352941036224365
659.0	659.5	50.0	0.7352941036224365
660.0	660.5	52.0	0.7647058963775635
661.0	661.5	45.0	0.6617646813392639
662.0	662.5	63.0	0.9264705777168274
663.0	663.5	45.0	0.6617646813392639
664.0	664.5	66.0	0.970588207244873
665.0	665.5	52.0	0.7647058963775635
666.0	666.5	43.0	0.6323529481887817
667.0	667.5	54.0	0.7941176295280457
668.0	668.5	44.0	0.6470588445663452
669.0	669.5	53.0	0.779411792755127
670.0	670.5	62.0	0.9117646813392639
671.0	671.5	55.0	0.8088235259056091
672.0	672.5	50.0	0.7352941036224365
673.0	673.5	47.0	0.6911764740943909
674.0	674.5	53.0	0.779411792755127
675.0	675.5	32.0	0.47058823704719543
676.0	676.5	52.0	0.7647058963775635
677.0	677.5	45.0	0.6617646813392639
678.0	678.5	56.0	0.8235294222831726
679.0	679.5	60.0	0.8823529481887817
680.0	680.5	55.0	0.8088235259056091
681.0	681.5	62.0	0.9117646813392639
682.0	682.5	49.0	0.720588207244873
683.0	683.5	50.0	0.7352941036224365
684.0	684.5	50.0	0.7352941036224365
685.0	685.5	48.0	0.7058823704719543
686.0	686.5	52.0	0.7647058963775635
687.0	687.5	48.0	0.7058823704719543
688.0	688.5	48.0	0.7058823704719543
689.0	689.5	58.0	0.8529411554336548
690.0	690.5	48.0	0.7058823704719543
691.0	691.5	49.0	0.720588207244873
692.0	692.5	51.0	0.75
693.0	693.5	51.0	0.75
694.0	694.5	54.0	0.7941176295280457
695.0	695.5	44.0	0.6470588445663452
696.0	696.5	64.0	0.9411764740943909
697.0	697.5	68.0	1.0
698.0	698.5	38.0	0.5588235259056091
699.0	699.5	64.0	0.9411764740943909
700.0	700.5	50.0	0.7352941036224365
701.0	701.5	66.0	0.970588207244873
702.0	702.5	43.0	0.6323529481887817
703.0	703.5	50.0	0.7352941036224365
704.0	704.5	48.0	0.7058823704719543
705.0	705.5	44.0	0.6470588445663452
706.0	706.5	38.0	0.5588235259056091
707.0	707.5	39.0	0.5735294222831726
708.0	708.5	56.0	0.8235294222831726
709.0	709.5	61.0	0.8970588445663452
710.0	710.5	50.0	0.7352941036224365
711.0	711.5	50.0	0.7352941036224365
712.0	712.5	44.0	0.6470588445663452
713.0	713.5	52.0	0.7647058963775635
714.0	714.5	58.0	0.8529411554336548
715.0	715.5	54.0	0.7941176295280457
716.0	716.5	48.0	0.7058823704719543
717.0	717.5	50.0	0.7352941036224365
718.0	718.5	49.0	0.720588207244873
719.0	719.5	45.0	0.6617646813392639
720.0	720.5	53.0	0.779411792755127
721.0	721.5	51.0	0.75
722.0	722.5	49.0	0.720588207244873
723.0	723.5	52.0	0.7647058963775635
724.0	724.5	47.0	0.6911764740943909
725.0	725.5	54.0	0.7941176295280457
726.0	726.5	40.0	0.5882353186607361
727.0	727.5	59.0	0.8676470518112183
728.0	728.5	49.0	0.720588207244873
729.0	729.5	52.0	0.7647058963775635
730.0	730.5	49.0	0.720588207244873
731.0	731.5	47.0	0.6911764740943909
732.0	732.5	45.0	0.6617646813392639
733.0	733.5	47.0	0.6911764740943909
734.0	734.5	38.0	0.5588235259056091
735.0	735.5	56.0	0.8235294222831726
736.0	736.5	49.0	0.720588207244873
737.0	737.5	44.0	0.6470588445663452
738.0	738.5	31.0	0.45588234066963196
739.0	739.5	44.0	0.6470588445663452
740.0	740.5	48.0	0.7058823704719543
741.0	741.5	40.0	0.5882353186607361
742.0	742.5	49.0	0.720588207244873
743.0	743.5	52.0	0.7647058963775635
744.0	744.5	31.0	0.45588234066963196
745.0	745.5	52.0	0.7647058963775635
746.0	746.5	35.0	0.5147058963775635
747.0	747.5	41.0	0.6029411554336548
748.0	748.5	34.0	0.5
749.0	749.5	47.0	0.6911764740943909
750.0	750.5	37.0	0.5441176295280457
751.0	751.5	44.0	0.6470588445663452
752.0	752.5	33.0	0.4852941036224365
753.0	753.5	49.0	0.720588207244873
754.0	754.5	35.0	0.5147058963775635
755.0	755.5	34.0	0.5
756.0	756.5	31.0	0.45588234066963196
757.0	757.5	36.0	0.529411792755127
758.0	758.5	31.0	0.45588234066963196
759.0	759.5	36.0	0.529411792755127
760.0	760.5	45.0	0.6617646813392639
761.0	761.5	30.0	0.44117647409439087
762.0	762.5	33.0	0.4852941036224365
763.0	763.5	39.0	0.5735294222831726
764.0	764.5	42.0	0.6176470518112183
765.0	765.5	43.0	0.6323529481887817
766.0	766.5	42.0	0.6176470518112183
767.0	767.5	39.0	0.5735294222831726
768.0	768.5	30.0	0.44117647409439087
769.0	769.5	31.0	0.45588234066963196
770.0	770.5	39.0	0.5735294222831726
771.0	771.5	38.0	0.5588235259056091
772.0	772.5	41.0	0.6029411554336548
773.0	773.5	43.0	0.6323529481887817
774.0	774.5	27.0	0.3970588147640228
775.0	775.5	29.0	0.4264705777168274
776.0	776.5	34.0	0.5
777.0	777.5	37.0	0.5441176295280457
778.0	778.5	32.0	0.47058823704719543
779.0	779.5	25.0	0.36764705181121826
780.0	780.5	23.0	0.3382352888584137
781.0	781.5	32.0	0.47058823704719543
782.0	782.5	35.0	0.5147058963775635
783.0	783.5	30.0	0.44117647409439087
784.0	784.5	33.0	0.4852941036224365
785.0	785.5	27.0	0.3970588147640228
786.0	786.5	28.0	0.4117647111415863
787.0	787.5	31.0	0.45588234066963196
788.0	788.5	28.0	0.4117647111415863
789.0	789.5	28.0	0.4117647111415863
790.0	790.5	20.0	0.29411765933036804
791.0	791.5	30.0	0.44117647409439087
792.0	792.5	24.0	0.3529411852359772
793.0	793.5	29.0	0.4264705777168274
794.0	794.5	24.0	0.3529411852359772
795.0	795.5	22.0	0.3235294222831726
796.0	796.5	25.0	0.36764705181121826
797.0	797.5	26.0	0.38235294818878174
798.0	798.5	29.0	0.4264705777168274
799.0	799.5	26.0	0.38235294818878174
800.0	800.5	20.0	0.29411765933036804
801.0	801.5	24.0	0.3529411852359772
802.0	802.5	19.0	0.27941176295280457
803.0	803.5	18.0	0.2647058963775635
804.0	804.5	24.0	0.3529411852359772
805.0	805.5	12.0	0.1764705926179886
806.0	806.5	15.0	0.22058823704719543
807.0	807.5	22.0	0.3235294222831726
808.0	808.5	13.0	0.19117647409439087
809.0	809.5	12.0	0.1764705926179886
810.0	810.5	17.0	0.25
811.0	811.5	20.0	0.29411765933036804
812.0	812.5	19.0	0.27941176295280457
813.0	813.5	18.0	0.2647058963775635
814.0	814.5	16.0	0.23529411852359772
815.0	815.5	19.0	0.27941176295280457
816.0	816.5	20.0	0.29411765933036804
817.0	817.5	11.0	0.1617647111415863
818.0	818.5	15.0	0.22058823704719543
819.0	819.5	9.0	0.13235294818878174
820.0	820.5	18.0	0.2647058963775635
821.0	821.5	18.0	0.2647058963775635
822.0	822.5	16.0	0.23529411852359772
823.0	823.5	9.0	0.13235294818878174
824.0	824.5	19.0	0.27941176295280457
825.0	825.5	14.0	0.20588235557079315
826.0	826.5	12.0	0.1764705926179886
827.0	827.5	11.0	0.1617647111415863
828.0	828.5	16.0	0.23529411852359772
829.0	829.5	13.0	0.19117647409439087
830.0	830.5	14.0	0.20588235557079315
831.0	831.5	9.0	0.13235294818878174
832.0	832.5	9.0	0.13235294818878174
833.0	833.5	13.0	0.19117647409439087
834.0	834.5	17.0	0.25
835.0	835.5	6.0	0.0882352963089943
836.0	836.5	11.0	0.1617647111415863
837.0	837.5	12.0	0.1764705926179886
838.0	838.5	8.0	0.11764705926179886
839.0	839.5	5.0	0.07352941483259201
840.0	840.5	10.0	0.14705882966518402
841.0	841.5	6.0	0.0882352963089943
842.0	842.5	8.0	0.11764705926179886
843.0	843.5	9.0	0.13235294818878174
844.0	844.5	7.0	0.10294117778539658
845.0	845.5	10.0	0.14705882966518402
846.0	846.5	9.0	0.13235294818878174
847.0	847.5	8.0	0.11764705926179886
848.0	848.5	6.0	0.0882352963089943
849.0	849.5	3.0	0.04411764815449715
850.0	850.5	6.0	0.0882352963089943
851.0	851.5	6.0	0.0882352963089943
852.0	852.5	9.0	0.13235294818878174
853.0	853.5	6.0	0.0882352963089943
854.0	854.5	4.0	0.05882352963089943
855.0	855.5	5.0	0.07352941483259201
856.0	856.5	3.0	0.04411764815449715
857.0	857.5	3.0	0.04411764815449715
858.0	858.5	3.0	0.04411764815449715
859.0	859.5	6.0	0.0882352963089943
860.0	860.5	2.0	0.029411764815449715
861.0	861.5	3.0	0.04411764815449715
862.0	862.5	7.0	0.10294117778539658
863.0	863.5	5.0	0.07352941483259201
864.0	864.5	2.0	0.029411764815449715
865.0	865.5	4.0	0.05882352963089943
866.0	866.5	6.0	0.0882352963089943
867.0	867.5	5.0	0.07352941483259201
868.0	868.5	2.0	0.029411764815449715
869.0	869.5	2.0	0.029411764815449715
870.0	870.5	3.0	0.04411764815449715
871.0	871.5	0.0	0.0
872.0	872.5	1.0	0.014705882407724857
873.0	873.5	4.0	0.05882352963089943
874.0	874.5	2.0	0.029411764815449715
875.0	875.5	1.0	0.014705882407724857
876.0	876.5	4.0	0.05882352963089943
877.0	877.5	2.0	0.029411764815449715
878.0	878.5	0.0	0.0
879.0	879.5	4.0	0.05882352963089943
880.0	880.5	2.0	0.029411764815449715
881.0	881.5	2.0	0.029411764815449715
882.0	882.5	3.0	0.04411764815449715
883.0	883.5	1.0	0.014705882407724857
884.0	884.5	1.0	0.014705882407724857
885.0	885.5	1.0	0.014705882407724857
886.0	886.5	0.0	0.0
887.0	887.5	2.0	0.029411764815449715
888.0	888.5	0.0	0.0
889.0	889.5	0.0	0.0
890.0	890.5	5.0	0.07352941483259201
891.0	891.5	3.0	0.04411764815449715
892.0	892.5	0.0	0.0
893.0	893.5	5.0	0.07352941483259201
894.0	894.5	1.0	0.014705882407724857
895.0	895.5	1.0	0.014705882407724857
896.0	896.5	1.0	0.014705882407724857
897.0	897.5	2.0	0.029411764815449715
898.0	898.5	0.0	0.0
899.0	899.5	2.0	0.029411764815449715
900.0	900.5	2.0	0.029411764815449715
901.0	901.5	1.0	0.014705882407724857
902.0	902.5	0.0	0.0
903.0	903.5	3.0	0.04411764815449715
904.0	904.5	0.0	0.0
905.0	905.5	0.0	0.0
906.0	906.5	0.0	0.0
907.0	907.5	1.0	0.014705882407724857
908.0	908.5	0.0	0.0
909.0	909.5	0.0	0.0
910.0	910.5	1.0	0.014705882407724857
911.0	911.5	3.0	0.04411764815449715
912.0	912.5	0.0	0.0
913.0	913.5	0.0	0.0
914.0	914.5	1.0	0.014705882407724857
915.0	915.5	1.0	0.014705882407724857
916.0	916.5	2.0	0.029411764815449715
917.0	917.5	1.0	0.014705882407724857
918.0	918.5	0.0	0.0
919.0	919.5	1.0	0.014705882407724857
920.0	920.5	0.0	0.0
921.0	921.5	0.0	0.0
922.0	922.5	1.0	0.014705882407724857
923.0	923.5	0.0	0.0
924.0	924.5	0.0	0.0
925.0	925.5	0.0	0.0
926.0	926.5	1.0	0.014705882407724857
927.0	927.5	0.0	0.0
928.0	928.5	0.0	0.0
929.0	929.5	0.0	0.0
930.0	930.5	0.0	0.0
931.0	931.5	0.0	0.0
932.0	932.5	0.0	0.0
933.0	933.5	1.0	0.014705882407724857
934.0	934.5	0.0	0.0
935.0	935.5	0.0	0.0
936.0	936.5	0.0	0.0
937.0	937.5	0.0	0.0
938.0	938.5	0.0	0.0
939.0	939.5	0.0	0.0
940.0	940.5	0.0	0.0
941.0	941.5	1.0	0.014705882407724857
942.0	942.5	0.0	0.0
943.0	943.5	0.0	0.0
944.0	944.5	1.0	0.014705882407724857
945.0	945.5	1.0	0.014705882407724857
946.0	946.5	0.0	0.0
947.0	947.5	0.0	0.0
948.0	948.5	1.0	0.014705882407724857
949.0	949.5	0.0	0.0
950.0	950.5	0.0	0.0
951.0	951.5	0.0	0.0
952.0	952.5	0.0	0.0
953.0	953.5	0.0	0.0
954.0	954.5	0.0	0.0
955.0	955.5	0.0	0.0
956.0	956.5	0.0	0.0
957.0	957.5	1.0	0.014705882407724857
958.0	958.5	0.0	0.0
959.0	959.5	1.0	0.014705882407724857
960.0	960.5	0.0	0.0
961.0	961.5	0.0	0.0
962.0	962.5	0.0	0.0
963.0	963.5	0.0	0.0
964.0	964.5	0.0	0.0
965.0	965.5	0.0	0.0
966.0	966.5	0.0	0.0
967.0	967.5	0.0	0.0
968.0	968.5	0.0	0.0
969.0	969.5	0.0	0.0
970.0	970.5	0.0	0.0
971.0	971.5	0.0	0.0
972.0	972.5	0.0	0.0
973.0	973.5	0.0	0.0
974.0	974.5	0.0	0.0
975.0	975.5	0.0	0.0
976.0	976.5	0.0	0.0
977.0	977.5	0.0	0.0
978.0	978.5	0.0	0.0
979.0	979.5	0.0	0.0
980.0	980.5	0.0	0.0
981.0	981.5	0.0	0.0
982.0	982.5	0.0	0.0
983.0	983.5	0.0	0.0
984.0	984.5	0.0	0.0
985.0	985.5	0.0	0.0
986.0	986.5	0.0	0.0
987.0	987.5	0.0	0.0
988.0	988.5	0.0	0.0
989.0	989.5	0.0	0.0
990.0	990.5	0.0	0.0
991.0	991.5	0.0	0.0
992.0	992.5	0.0	0.0
993.0	993.5	0.0	0.0
994.0	994.5	0.0	0.0
995.0	995.5	0.0	0.0
996.0	996.5	0.0	0.0
997.0	997.5	0.0	0.0
998.0	998.5	0.0	0.0
999.0	999.5	0.0	0.0
1000.0	1000.5	0.0	0.0
