Low	Centre	Weight	Normed
0.0	0.005	0.0	0.0
0.01	0.015	0.0	0.0
0.02	0.025	0.0	0.0
0.03	0.035	0.0	0.0
0.04	0.045	0.0	0.0
0.05	0.055	0.0	0.0
0.06	0.065	0.0	0.0
0.07	0.07500000000000001	0.0	0.0
0.08	0.08499999999999999	0.0	0.0
0.09	0.095	0.0	0.0
0.1	0.10500000000000001	0.0	0.0
0.11	0.11499999999999999	0.0	0.0
0.12	0.125	0.0	0.0
0.13	0.135	0.0	0.0
0.14	0.14500000000000002	4.0	0.0023767082020640373
0.15	0.155	45.0	0.026737967506051064
0.16	0.165	275.0	0.16339869797229767
0.17	0.175	717.0	0.4260249435901642
0.18	0.185	1249.0	0.7421271800994873
0.19	0.195	1600.0	0.9506832957267761
0.2	0.20500000000000002	1683.0	1.0
0.21	0.215	1558.0	0.9257278442382812
0.22	0.225	1396.0	0.8294711709022522
0.23	0.235	1263.0	0.7504456043243408
0.24	0.245	1080.0	0.6417112350463867
0.25	0.255	1006.0	0.5977421402931213
0.26	0.265	936.0	0.5561497211456299
0.27	0.275	891.0	0.529411792755127
0.28	0.28500000000000003	838.0	0.4979203939437866
0.29	0.295	782.0	0.46464645862579346
0.3	0.305	636.0	0.37789660692214966
0.31	0.315	635.0	0.3773024380207062
0.32	0.325	590.0	0.35056447982788086
0.33	0.335	519.0	0.3083778917789459
0.34	0.34500000000000003	504.0	0.29946523904800415
0.35000000000000003	0.355	511.0	0.3036244809627533
0.36	0.365	416.0	0.24717766046524048
0.37	0.375	398.0	0.23648247122764587
0.38	0.385	360.0	0.2139037400484085
0.39	0.395	359.0	0.21330957114696503
0.4	0.405	307.0	0.18241235613822937
0.41000000000000003	0.41500000000000004	310.0	0.1841948926448822
0.42	0.425	317.0	0.18835413455963135
0.43	0.435	304.0	0.18062983453273773
0.44	0.445	228.0	0.135472372174263
0.45	0.455	256.0	0.1521093249320984
0.46	0.465	251.0	0.1491384506225586
0.47000000000000003	0.475	206.0	0.12240047752857208
0.48	0.485	212.0	0.12596553564071655
0.49	0.495	169.0	0.1004159227013588
0.5	0.505	185.0	0.10992275923490524
0.51	0.515	174.0	0.10338681191205978
0.52	0.525	160.0	0.09506832808256149
0.53	0.535	155.0	0.0920974463224411
0.54	0.545	137.0	0.0814022570848465
0.55	0.555	142.0	0.08437314629554749
0.56	0.5650000000000001	137.0	0.0814022570848465
0.5700000000000001	0.575	112.0	0.06654783338308334
0.58	0.585	111.0	0.06595365703105927
0.59	0.595	100.0	0.05941770598292351
0.6	0.605	95.0	0.05644682049751282
0.61	0.615	92.0	0.05466429144144058
0.62	0.625	95.0	0.05644682049751282
0.63	0.635	88.0	0.05228758230805397
0.64	0.645	76.0	0.04515745863318443
0.65	0.655	74.0	0.04396910220384598
0.66	0.665	92.0	0.05466429144144058
0.67	0.675	81.0	0.048128340393304825
0.68	0.685	79.0	0.04693998768925667
0.6900000000000001	0.6950000000000001	58.0	0.03446226939558983
0.7000000000000001	0.7050000000000001	60.0	0.035650622099637985
0.71	0.715	71.0	0.04218657314777374
0.72	0.725	68.0	0.04040404036641121
0.73	0.735	54.0	0.03208556026220322
0.74	0.745	55.0	0.03267974033951759
0.75	0.755	59.0	0.03505644574761391
0.76	0.765	41.0	0.0243612602353096
0.77	0.775	48.0	0.028520498424768448
0.78	0.785	45.0	0.026737967506051064
0.79	0.795	42.0	0.02495543658733368
0.8	0.805	44.0	0.026143791154026985
0.81	0.8150000000000001	41.0	0.0243612602353096
0.8200000000000001	0.8250000000000001	42.0	0.02495543658733368
0.8300000000000001	0.835	30.0	0.017825311049818993
0.84	0.845	38.0	0.022578729316592216
0.85	0.855	31.0	0.01841948926448822
0.86	0.865	47.0	0.02792632207274437
0.87	0.875	31.0	0.01841948926448822
0.88	0.885	41.0	0.0243612602353096
0.89	0.895	41.0	0.0243612602353096
0.9	0.905	31.0	0.01841948926448822
0.91	0.915	36.0	0.02139037474989891
0.92	0.925	20.0	0.011883541010320187
0.93	0.935	20.0	0.011883541010320187
0.9400000000000001	0.9450000000000001	33.0	0.019607843831181526
0.9500000000000001	0.9550000000000001	23.0	0.013666072860360146
0.96	0.965	28.0	0.016636958345770836
0.97	0.975	31.0	0.01841948926448822
0.98	0.985	19.0	0.011289364658296108
0.99	0.995	21.0	0.01247771829366684
1.0	1.005	16.0	0.00950683280825615
1.01	1.0150000000000001	18.0	0.010695187374949455
1.02	1.025	26.0	0.01544860377907753
1.03	1.0350000000000001	27.0	0.01604278013110161
1.04	1.045	15.0	0.008912655524909496
1.05	1.0550000000000002	22.0	0.013071895577013493
1.06	1.065	21.0	0.01247771829366684
1.07	1.0750000000000002	15.0	0.008912655524909496
1.08	1.085	18.0	0.010695187374949455
1.09	1.0950000000000002	20.0	0.011883541010320187
1.1	1.105	19.0	0.011289364658296108
1.11	1.1150000000000002	20.0	0.011883541010320187
1.12	1.125	18.0	0.010695187374949455
1.1300000000000001	1.1350000000000002	23.0	0.013666072860360146
1.1400000000000001	1.145	14.0	0.008318479172885418
1.1500000000000001	1.155	14.0	0.008318479172885418
1.16	1.165	24.0	0.014260249212384224
1.17	1.1749999999999998	18.0	0.010695187374949455
1.18	1.185	19.0	0.011289364658296108
1.19	1.1949999999999998	17.0	0.010101010091602802
1.2	1.205	16.0	0.00950683280825615
1.21	1.2149999999999999	21.0	0.01247771829366684
1.22	1.225	16.0	0.00950683280825615
1.23	1.2349999999999999	16.0	0.00950683280825615
1.24	1.245	9.0	0.005347593687474728
1.25	1.255	13.0	0.007724301889538765
1.26	1.2650000000000001	15.0	0.008912655524909496
1.27	1.275	7.0	0.004159239586442709
1.28	1.2850000000000001	19.0	0.011289364658296108
1.29	1.295	19.0	0.011289364658296108
1.3	1.3050000000000002	17.0	0.010101010091602802
1.31	1.315	12.0	0.007130124606192112
1.32	1.3250000000000002	16.0	0.00950683280825615
1.33	1.335	13.0	0.007724301889538765
1.34	1.3450000000000002	13.0	0.007724301889538765
1.35	1.355	10.0	0.005941770505160093
1.36	1.3650000000000002	11.0	0.006535947788506746
1.37	1.375	12.0	0.007130124606192112
1.3800000000000001	1.3850000000000002	9.0	0.005347593687474728
1.3900000000000001	1.395	14.0	0.008318479172885418
1.4000000000000001	1.405	15.0	0.008912655524909496
1.41	1.415	10.0	0.005941770505160093
1.42	1.4249999999999998	10.0	0.005941770505160093
1.43	1.435	12.0	0.007130124606192112
1.44	1.4449999999999998	11.0	0.006535947788506746
1.45	1.455	13.0	0.007724301889538765
1.46	1.4649999999999999	13.0	0.007724301889538765
1.47	1.475	7.0	0.004159239586442709
1.48	1.4849999999999999	9.0	0.005347593687474728
1.49	1.495	7.0	0.004159239586442709
1.5	1.505	12.0	0.007130124606192112
1.51	1.5150000000000001	7.0	0.004159239586442709
1.52	1.525	3.0	0.001782531151548028
1.53	1.5350000000000001	6.0	0.003565062303096056
1.54	1.545	6.0	0.003565062303096056
1.55	1.5550000000000002	3.0	0.001782531151548028
1.56	1.565	9.0	0.005347593687474728
1.57	1.5750000000000002	6.0	0.003565062303096056
1.58	1.585	6.0	0.003565062303096056
1.59	1.5950000000000002	9.0	0.005347593687474728
1.6	1.605	7.0	0.004159239586442709
1.61	1.6150000000000002	9.0	0.005347593687474728
1.62	1.625	7.0	0.004159239586442709
1.6300000000000001	1.6350000000000002	11.0	0.006535947788506746
1.6400000000000001	1.645	7.0	0.004159239586442709
1.6500000000000001	1.6550000000000002	9.0	0.005347593687474728
1.6600000000000001	1.665	12.0	0.007130124606192112
1.67	1.6749999999999998	6.0	0.003565062303096056
1.68	1.685	4.0	0.0023767082020640373
1.69	1.6949999999999998	4.0	0.0023767082020640373
1.7	1.705	7.0	0.004159239586442709
1.71	1.7149999999999999	5.0	0.0029708852525800467
1.72	1.725	8.0	0.004753416404128075
1.73	1.7349999999999999	7.0	0.004159239586442709
1.74	1.745	4.0	0.0023767082020640373
1.75	1.755	4.0	0.0023767082020640373
1.76	1.7650000000000001	6.0	0.003565062303096056
1.77	1.775	5.0	0.0029708852525800467
1.78	1.7850000000000001	1.0	0.0005941770505160093
1.79	1.795	2.0	0.0011883541010320187
1.8	1.8050000000000002	11.0	0.006535947788506746
1.81	1.815	4.0	0.0023767082020640373
1.82	1.8250000000000002	8.0	0.004753416404128075
1.83	1.835	4.0	0.0023767082020640373
1.84	1.8450000000000002	3.0	0.001782531151548028
1.85	1.855	7.0	0.004159239586442709
1.86	1.8650000000000002	5.0	0.0029708852525800467
1.87	1.875	2.0	0.0011883541010320187
1.8800000000000001	1.8850000000000002	2.0	0.0011883541010320187
1.8900000000000001	1.895	5.0	0.0029708852525800467
1.9000000000000001	1.9050000000000002	4.0	0.0023767082020640373
1.9100000000000001	1.915	6.0	0.003565062303096056
1.92	1.9249999999999998	11.0	0.006535947788506746
1.93	1.935	5.0	0.0029708852525800467
1.94	1.9449999999999998	4.0	0.0023767082020640373
1.95	1.955	4.0	0.0023767082020640373
1.96	1.9649999999999999	2.0	0.0011883541010320187
1.97	1.975	1.0	0.0005941770505160093
1.98	1.9849999999999999	0.0	0.0
1.99	1.995	4.0	0.0023767082020640373
2.0	2.005	1.0	0.0005941770505160093
2.0100000000000002	2.015	6.0	0.003565062303096056
2.02	2.0250000000000004	6.0	0.003565062303096056
2.0300000000000002	2.035	4.0	0.0023767082020640373
2.04	2.045	2.0	0.0011883541010320187
2.05	2.0549999999999997	2.0	0.0011883541010320187
2.06	2.065	5.0	0.0029708852525800467
2.07	2.075	3.0	0.001782531151548028
2.08	2.085	4.0	0.0023767082020640373
2.09	2.0949999999999998	4.0	0.0023767082020640373
2.1	2.105	3.0	0.001782531151548028
