x   y
0.1 	 3.1144343148753594e-16
1.1 	 3.1574634788301067e-15
2.1 	 5.551794171347795e-15
3.1 	 7.542914929751134e-15
4.1 	 9.175142781367054e-15
5.1 	 1.0488936165258258e-14
6.1 	 1.1521179274111194e-14
7.1 	 1.2305448050341145e-14
8.1 	 1.2872258895500874e-14
9.1 	 1.3249301096522643e-14
10.1 	 1.3461653919443294e-14
11.1 	 1.353198927094386e-14
12.1 	 1.3480760780158433e-14
13.1 	 1.33263801076677e-14
14.1 	 1.308538124527912e-14
15.1 	 1.2772573529013934e-14
16.1 	 1.2401184048567458e-14
17.1 	 1.1982990099297645e-14
18.1 	 1.1528442287432482e-14
19.1 	 1.104677886559121e-14
20.1 	 1.0546131843799426e-14
21.1 	 1.0033625390872747e-14
22.1 	 9.515467012267827e-15
23.1 	 8.997031963186222e-15
24.1 	 8.48294132979343e-15
25.1 	 7.977134186823474e-15
26.1 	 7.48293421650657e-15
27.1 	 7.003111151636424e-15
28.1 	 6.539937384615033e-15
29.1 	 6.0952400644314924e-15
30.1 	 5.670448984689932e-15
31.1 	 5.266640547951795e-15
32.1 	 4.88457807475193e-15
33.1 	 4.524748709641289e-15
34.1 	 4.187397161454206e-15
35.1 	 3.8725565006625254e-15
36.1 	 3.580076223108476e-15
37.1 	 3.3096477765821584e-15
38.1 	 3.0608277345750742e-15
39.1 	 2.8330587900775274e-15
40.1 	 2.6256887314522138e-15
41.1 	 2.4379875521825135e-15
42.1 	 2.2691628366302223e-15
43.1 	 2.118373554815609e-15
44.1 	 1.9847423906241084e-15
45.1 	 1.867366719724535e-15
46.1 	 1.7653283458274436e-15
47.1 	 1.6777020966932318e-15
48.1 	 1.6035633745023437e-15
49.1 	 1.5419947487928963e-15
50.1 	 1.4920916741400328e-15
51.1 	 1.452967409081159e-15
52.1 	 1.4237572074465215e-15
53.1 	 1.4036218482396961e-15
54.1 	 1.3917505654959244e-15
55.1 	 1.387363435108505e-15
56.1 	 1.3897132714604906e-15
57.1 	 1.3980870827883367e-15
58.1 	 1.4118071305440114e-15
59.1 	 1.430231634585613e-15
60.1 	 1.4527551628135579e-15
61.1 	 1.4788087408500415e-15
62.1 	 1.5078597145470915e-15
63.1 	 1.5394113954638603e-15
64.1 	 1.5730025169930425e-15
65.1 	 1.6082065265145676e-15
66.1 	 1.6446307367985306e-15
67.1 	 1.6819153578826267e-15
68.1 	 1.7197324287748136e-15
69.1 	 1.7577846665921462e-15
70.1 	 1.795804249129092e-15
71.1 	 1.833551545340832e-15
72.1 	 1.8708138068257884e-15
73.1 	 1.9074038320988917e-15
74.1 	 1.943158614235655e-15
75.1 	 1.9779379813585304e-15
76.1 	 2.01162323839953e-15
77.1 	 2.0441158176248784e-15
78.1 	 2.075335944521745e-15
79.1 	 2.105221324841988e-15
80.1 	 2.1337258578450454e-15
81.1 	 2.1608183800983526e-15
82.1 	 2.1864814435659244e-15
83.1 	 2.21071013113454e-15
84.1 	 2.2335109122000484e-15
85.1 	 2.254900540457862e-15
86.1 	 2.2749049955994647e-15
87.1 	 2.29355847021635e-15
88.1 	 2.310902402863041e-15
89.1 	 2.3269845578839707e-15
90.1 	 2.34185815233722e-15
91.1 	 2.3555810300660313e-15
92.1 	 2.3682148827458944e-15
93.1 	 2.379824517513764e-15
94.1 	 2.390477170605403e-15
95.1 	 2.400241866269851e-15
96.1 	 2.4091888200589798e-15
97.1 	 2.417388885508612e-15
98.1 	 2.4249130430705046e-15
99.1 	 2.4318319301088675e-15
100.1 	 2.4382154106581163e-15
101.1 	 2.44413218361013e-15
102.1 	 2.4496494279174746e-15
103.1 	 2.454832483384656e-15
104.1 	 2.459744565567425e-15
105.1 	 2.464446513296587e-15
106.1 	 2.4689965673268595e-15
107.1 	 2.4734501785945354e-15
108.1 	 2.4778598445922177e-15
109.1 	 2.4822749723546266e-15
110.1 	 2.4867417665833014e-15
111.1 	 2.4913031414374007e-15
112.1 	 2.495998654571179e-15
113.1 	 2.50086446197625e-15
114.1 	 2.5059332922817217e-15
115.1 	 2.511234439139883e-15
116.1 	 2.5167937703940014e-15
117.1 	 2.522633752759617e-15
118.1 	 2.5287734907754073e-15
119.1 	 2.535228778839113e-15
120.1 	 2.5420121651740378e-15
121.1 	 2.5491330266192063e-15
122.1 	 2.556597653179186e-15
123.1 	 2.5644093413151123e-15
124.1 	 2.5725684950054615e-15
125.1 	 2.5810727336324933e-15
126.1 	 2.5899170058226524e-15
127.1 	 2.5990937083974053e-15
128.1 	 2.6085928096146757e-15
129.1 	 2.6184019759730273e-15
130.1 	 2.62850670184516e-15
131.1 	 2.6388904412678723e-15
132.1 	 2.6495347412698588e-15
133.1 	 2.6604193761245517e-15
134.1 	 2.671522481991857e-15
135.1 	 2.6828206914159994e-15
136.1 	 2.6942892672115688e-15
137.1 	 2.7059022352872022e-15
138.1 	 2.71763251598749e-15
139.1 	 2.7294520535957304e-15
140.1 	 2.7413319436279504e-15
141.1 	 2.753242557624944e-15
142.1 	 2.765153665126307e-15
143.1 	 2.7770345526049844e-15
144.1 	 2.7888541391049758e-15
145.1 	 2.800581088382295e-15
146.1 	 2.8121839173747162e-15
147.1 	 2.823631100838154e-15
148.1 	 2.8348911720134345e-15
149.1 	 2.8459328192184782e-15
150.1 	 2.8567249782541103e-15
151.1 	 2.8672369205703336e-15
152.1 	 2.877438337121554e-15
153.1 	 2.8872994178717897e-15
154.1 	 2.896790926926792e-15
155.1 	 2.9058842732919144e-15
156.1 	 2.9145515772415705e-15
157.1 	 2.922765732332999e-15
158.1 	 2.9305004630846147e-15
159.1 	 2.937730378365096e-15
160.1 	 2.9444310205319437e-15
161.1 	 2.9505789103952762e-15
162.1 	 2.9561515880602914e-15
163.1 	 2.961127649732183e-15
164.1 	 2.9654867805616897e-15
165.1 	 2.969209783633679e-15
166.1 	 2.9722786051666474e-15
167.1 	 2.9746763560607855e-15
168.1 	 2.976387329865917e-15
169.1 	 2.9773970173001973e-15
170.1 	 2.9776921174221726e-15
171.1 	 2.9772605455743733e-15
172.1 	 2.9760914382171455e-15
173.1 	 2.9741751547663558e-15
174.1 	 2.971503276574843e-15
175.1 	 2.9680686031519774e-15
176.1 	 2.963865145766859e-15
177.1 	 2.9588881185529197e-15
178.1 	 2.9531339272313306e-15
179.1 	 2.9466001555874183e-15
180.1 	 2.939285549807255e-15
181.1 	 2.9311900008211938e-15
182.1 	 2.9223145247449967e-15
183.1 	 2.9126612415571555e-15
184.1 	 2.9022333521310786e-15
185.1 	 2.8910351137253245e-15
186.1 	 2.8790718140587057e-15
187.1 	 2.8663497440767907e-15
188.1 	 2.8528761695093473e-15
189.1 	 2.8386593013519056e-15
190.1 	 2.823708265363753e-15
191.1 	 2.8080330706788e-15
192.1 	 2.7916445776295693e-15
193.1 	 2.774554464876401e-15
194.1 	 2.7567751959247235e-15
195.1 	 2.738319985159972e-15
196.1 	 2.719202763462581e-15
197.1 	 2.699438143489189e-15
198.1 	 2.6790413846706344e-15
199.1 	 2.6580283580602603e-15
200.1 	 2.6364155110646762e-15
201.1 	 2.614219832156172e-15
202.1 	 2.5914588156214882e-15
203.1 	 2.568150426410021e-15
204.1 	 2.5443130651716466e-15
205.1 	 2.5199655334946726e-15
206.1 	 2.495126999461215e-15
207.1 	 2.4698169635038946e-15
208.1 	 2.4440552246829554e-15
209.1 	 2.4178618473843915e-15
210.1 	 2.3912571285032558e-15
211.1 	 2.364261565145499e-15
212.1 	 2.3368958229003186e-15
213.1 	 2.3091807047012943e-15
214.1 	 2.2811371203302037e-15
215.1 	 2.252786056562438e-15
216.1 	 2.224148548040749e-15
217.1 	 2.19524564883409e-15
218.1 	 2.166098404740661e-15
219.1 	 2.1367278263808047e-15
220.1 	 2.1071548630375762e-15
221.1 	 2.077400377314351e-15
222.1 	 2.047485120612482e-15
223.1 	 2.01742970940994e-15
224.1 	 1.987254602404847e-15
225.1 	 1.9569800784816992e-15
226.1 	 1.92662621554767e-15
227.1 	 1.8962128702107485e-15
228.1 	 1.8657596583348273e-15
229.1 	 1.8352859364451717e-15
230.1 	 1.8048107840048454e-15
231.1 	 1.7743529865472337e-15
232.1 	 1.7439310196755866e-15
233.1 	 1.713563033907152e-15
234.1 	 1.6832668403860833e-15
235.1 	 1.6530598974181436e-15
236.1 	 1.6229592978576951e-15
237.1 	 1.5929817573173116e-15
238.1 	 1.5631436032020721e-15
239.1 	 1.5334607645311738e-15
240.1 	 1.5039487625871286e-15
241.1 	 1.4746227023207112e-15
242.1 	 1.4454972645468294e-15
243.1 	 1.4165866988776399e-15
244.1 	 1.387904817424254e-15
245.1 	 1.3594649891992779e-15
246.1 	 1.33128013524618e-15
247.1 	 1.303362724468725e-15
248.1 	 1.2757247701198125e-15
249.1 	 1.2483778269766365e-15
250.1 	 1.2213329891399189e-15
251.1 	 1.1946008884723103e-15
252.1 	 1.1681916936494258e-15
253.1 	 1.1421151097784453e-15
254.1 	 1.1163803786199641e-15
255.1 	 1.0909962793459786e-15
256.1 	 1.06597112983119e-15
257.1 	 1.0413127884639595e-15
258.1 	 1.017028656469621e-15
259.1 	 9.93125680682066e-16
260.1 	 9.69610356798791e-16
261.1 	 9.464887330681855e-16
262.1 	 9.237664144063099e-16
263.1 	 9.014485668899641e-16
264.1 	 8.795399226897641e-16
265.1 	 8.580447852933308e-16
266.1 	 8.369670351539157e-16
267.1 	 8.163101356059154e-16
268.1 	 7.960771391332421e-16
269.1 	 7.762706939161042e-16
270.1 	 7.5689305064833e-16
271.1 	 7.379460696269414e-16
272.1 	 7.194312280768142e-16
273.1 	 7.013496277093232e-16
274.1 	 6.837020024720918e-16
275.1 	 6.664887265173642e-16
276.1 	 6.4970982232223995e-16
277.1 	 6.333649689915223e-16
278.1 	 6.174535107062726e-16
279.1 	 6.019744652834769e-16
280.1 	 5.869265328784413e-16
281.1 	 5.723081047803942e-16
282.1 	 5.581172722968767e-16
283.1 	 5.443518357224202e-16
284.1 	 5.310093133555412e-16
285.1 	 5.180869505962736e-16
286.1 	 5.055817290442091e-16
287.1 	 4.934903756604806e-16
288.1 	 4.818093719176529e-16
289.1 	 4.705349629785725e-16
290.1 	 4.596631668456659e-16
291.1 	 4.491897835109039e-16
292.1 	 4.3911040408337245e-16
293.1 	 4.2942041985367183e-16
294.1 	 4.201150313543229e-16
295.1 	 4.111892573264381e-16
296.1 	 4.026379436585e-16
297.1 	 3.944557722262771e-16
298.1 	 3.866372696842708e-16
299.1 	 3.79176816140189e-16
300.1 	 3.7206865377142265e-16
301.1 	 3.653068953049292e-16
302.1 	 3.588855324350312e-16
303.1 	 3.5279844409867457e-16
304.1 	 3.470394046359543e-16
305.1 	 3.416020918517651e-16
306.1 	 3.364800949240941e-16
307.1 	 3.316669222026561e-16
308.1 	 3.271560088555981e-16
309.1 	 3.229407243931762e-16
310.1 	 3.190143800246156e-16
311.1 	 3.1537023588753497e-16
312.1 	 3.1200150813590873e-16
313.1 	 3.08901375838e-16
314.1 	 3.06062987760918e-16
315.1 	 3.0347946897279976e-16
316.1 	 3.0114392728656144e-16
317.1 	 2.9904945955949124e-16
318.1 	 2.971891578059581e-16
319.1 	 2.955561151566804e-16
320.1 	 2.9414343167005735e-16
321.1 	 2.9294421993703654e-16
322.1 	 2.919516105612351e-16
323.1 	 2.9115875743277624e-16
324.1 	 2.9055884287290776e-16
325.1 	 2.9014508257518184e-16
326.1 	 2.8991073040575867e-16
327.1 	 2.8984908302005195e-16
328.1 	 2.8995348431733084e-16
329.1 	 2.902173297310389e-16
330.1 	 2.906340703512921e-16
331.1 	 2.911972168779915e-16
332.1 	 2.919003434220431e-16
333.1 	 2.9273709112979296e-16
334.1 	 2.937011716620827e-16
335.1 	 2.9478637049854063e-16
336.1 	 2.9598655008678336e-16
337.1 	 2.9729565285357467e-16
338.1 	 2.9870770403264516e-16
339.1 	 3.0021681435889285e-16
340.1 	 3.0181718260841454e-16
341.1 	 3.0350309798808396e-16
342.1 	 3.052689423819418e-16
343.1 	 3.0710919244688227e-16
344.1 	 3.090184215776188e-16
345.1 	 3.1099130171527727e-16
346.1 	 3.1302260504046716e-16
347.1 	 3.151072055162275e-16
348.1 	 3.1724008031180574e-16
349.1 	 3.1941631107483373e-16
350.1 	 3.2163108510792644e-16
351.1 	 3.238796964000518e-16
352.1 	 3.2615754653887895e-16
353.1 	 3.2846014551894706e-16
354.1 	 3.3078311241815347e-16
355.1 	 3.331221759658775e-16
356.1 	 3.354731750125195e-16
357.1 	 3.378320588781328e-16
358.1 	 3.401948876065546e-16
359.1 	 3.4255783210357746e-16
360.1 	 3.4491717421081587e-16
361.1 	 3.472693066356635e-16
362.1 	 3.496107328349984e-16
363.1 	 3.5193806678112423e-16
364.1 	 3.5424803264900433e-16
365.1 	 3.565374644262643e-16
366.1 	 3.5880330542966066e-16
367.1 	 3.610426077554298e-16
368.1 	 3.632525316458582e-16
369.1 	 3.654303447917924e-16
370.1 	 3.675734215593101e-16
371.1 	 3.6967924214739965e-16
372.1 	 3.717453916954078e-16
373.1 	 3.737695593027013e-16
374.1 	 3.757495370274125e-16
375.1 	 3.7768321879457534e-16
376.1 	 3.795685992605797e-16
377.1 	 3.8140377264529783e-16
378.1 	 3.831869314924841e-16
379.1 	 3.8491636538786004e-16
380.1 	 3.8659045965237607e-16
381.1 	 3.882076939694296e-16
382.1 	 3.897666409962072e-16
383.1 	 3.9126596491850725e-16
384.1 	 3.927044199870704e-16
385.1 	 3.9408084902234193e-16
386.1 	 3.9539418186657786e-16
387.1 	 3.9664343384937764e-16
388.1 	 3.9782770418935595e-16
389.1 	 3.9894617439945582e-16
390.1 	 3.99998106651258e-16
391.1 	 4.0098284213947424e-16
392.1 	 4.0189979941571274e-16
393.1 	 4.027484727097469e-16
394.1 	 4.0352843024644903e-16
395.1 	 4.042393125397675e-16
396.1 	 4.048808306805447e-16
397.1 	 4.054527646256706e-16
398.1 	 4.0595496146192607e-16
399.1 	 4.0638733368335725e-16
400.1 	 4.067498574637019e-16
401.1 	 4.070425709094852e-16
402.1 	 4.0726557233689745e-16
403.1 	 4.0741901853569253e-16
404.1 	 4.075031230377257e-16
405.1 	 4.0751815439221743e-16
406.1 	 4.0746443444774437e-16
407.1 	 4.0734233663661334e-16
408.1 	 4.071522842681805e-16
409.1 	 4.0689474883506995e-16
410.1 	 4.0657024832627423e-16
411.1 	 4.061793455432477e-16
412.1 	 4.057226464553442e-16
413.1 	 4.0520079852952675e-16
414.1 	 4.0461448910924865e-16
415.1 	 4.039644437881452e-16
416.1 	 4.0325142480249155e-16
417.1 	 4.024762294486087e-16
418.1 	 4.016396885128042e-16
419.1 	 4.0074266471332957e-16
420.1 	 3.9978605117177227e-16
421.1 	 3.987707698998391e-16
422.1 	 3.976977703009723e-16
423.1 	 3.965680277085878e-16
424.1 	 3.953825419186111e-16
425.1 	 3.9414233577711004e-16
426.1 	 3.928484537649881e-16
427.1 	 3.915019606116346e-16
428.1 	 3.901039399405022e-16
429.1 	 3.8865549293069243e-16
430.1 	 3.8715773700153854e-16
431.1 	 3.856118045216401e-16
432.1 	 3.840188415570236e-16
433.1 	 3.823800066149037e-16
434.1 	 3.8069646944528465e-16
435.1 	 3.7896940984046263e-16
436.1 	 3.7720001647687353e-16
437.1 	 3.7538948578040724e-16
438.1 	 3.735390208127867e-16
439.1 	 3.7164983017964834e-16
440.1 	 3.6972312697924644e-16
441.1 	 3.677601277668287e-16
442.1 	 3.657620515417189e-16
443.1 	 3.637301187725651e-16
444.1 	 3.616655504378815e-16
445.1 	 3.595695670971266e-16
446.1 	 3.5744338798838026e-16
447.1 	 3.5528823014839107e-16
448.1 	 3.5310530756528005e-16
449.1 	 3.5089583034630496e-16
450.1 	 3.4866100392309807e-16
451.1 	 3.464020282739302e-16
452.1 	 3.4412009717544363e-16
453.1 	 3.418163974753935e-16
454.1 	 3.394921083974309e-16
455.1 	 3.371484008641135e-16
456.1 	 3.3478643684594237e-16
457.1 	 3.324073687362079e-16
458.1 	 3.300123387532025e-16
459.1 	 3.276024783519869e-16
460.1 	 3.2517890768370385e-16
461.1 	 3.2274273505133053e-16
462.1 	 3.2029505641461994e-16
463.1 	 3.178369548928114e-16
464.1 	 3.153695003117096e-16
465.1 	 3.128937487562946e-16
466.1 	 3.1041074215539594e-16
467.1 	 3.0792150788341165e-16
468.1 	 3.0542705838561775e-16
469.1 	 3.029283908208402e-16
470.1 	 3.0042648672745133e-16
471.1 	 2.979223117115858e-16
472.1 	 2.9541681514921694e-16
473.1 	 2.929109299123855e-16
474.1 	 2.90405572110688e-16
475.1 	 2.8790164085840615e-16
476.1 	 2.854000180538036e-16
477.1 	 2.829015681748021e-16
478.1 	 2.804071381034111e-16
479.1 	 2.779175569509326e-16
480.1 	 2.7543363591748414e-16
481.1 	 2.729561681507027e-16
482.1 	 2.7048592863608994e-16
483.1 	 2.6802367409756486e-16
484.1 	 2.6557014290208326e-16
485.1 	 2.6312605500444086e-16
486.1 	 2.606921118789693e-16
487.1 	 2.5826899648620383e-16
488.1 	 2.558573732421003e-16
489.1 	 2.534578880052771e-16
490.1 	 2.51071168077669e-16
491.1 	 2.4869782221360674e-16
492.1 	 2.4633844064848627e-16
493.1 	 2.4399359513429454e-16
494.1 	 2.4166383898390955e-16
495.1 	 2.3934970713821304e-16
496.1 	 2.3705171622976504e-16
497.1 	 2.347703646703583e-16
498.1 	 2.325061327378551e-16
499.1 	 2.3025948267927137e-16
500.1 	 2.2803085882199206e-16
501.1 	 2.25820687694868e-16
502.1 	 2.236293781561096e-16
503.1 	 2.2145732153195609e-16
504.1 	 2.1930489175862065e-16
505.1 	 2.1717244554395015e-16
506.1 	 2.1506032252119246e-16
507.1 	 2.129688454207181e-16
508.1 	 2.108983202471949e-16
509.1 	 2.0884903645523691e-16
510.1 	 2.0682126714625541e-16
511.1 	 2.0481526925624733e-16
512.1 	 2.028312837570942e-16
513.1 	 2.0086953586587896e-16
514.1 	 1.9893023525090253e-16
515.1 	 1.9701357624519171e-16
516.1 	 1.9511973807492124e-16
517.1 	 1.932488850743461e-16
518.1 	 1.9140116691875033e-16
519.1 	 1.8957671885742088e-16
520.1 	 1.8777566194294125e-16
521.1 	 1.8599810327710465e-16
522.1 	 1.8424413624591445e-16
523.1 	 1.825138407714822e-16
524.1 	 1.8080728355018212e-16
525.1 	 1.7912451830884003e-16
526.1 	 1.7746558605038245e-16
527.1 	 1.758305153124147e-16
528.1 	 1.7421932241588147e-16
529.1 	 1.7263201172611913e-16
530.1 	 1.7106857590657165e-16
531.1 	 1.6952899617760633e-16
532.1 	 1.680132425773599e-16
533.1 	 1.665212742200619e-16
534.1 	 1.6505303955328524e-16
535.1 	 1.6360847662114701e-16
536.1 	 1.6218751332656112e-16
537.1 	 1.6079006768535114e-16
538.1 	 1.594160480907088e-16
539.1 	 1.5806535357337347e-16
540.1 	 1.567378740529679e-16
541.1 	 1.5543349060762865e-16
542.1 	 1.541520757201498e-16
543.1 	 1.528934935418261e-16
544.1 	 1.5165760014352971e-16
545.1 	 1.5044424377083817e-16
546.1 	 1.492532650944198e-16
547.1 	 1.480844974645978e-16
548.1 	 1.4693776715558985e-16
549.1 	 1.4581289361778424e-16
550.1 	 1.4470968971808236e-16
551.1 	 1.4362796198710542e-16
552.1 	 1.4256751085853724e-16
553.1 	 1.4152813090971703e-16
554.1 	 1.4050961109742075e-16
555.1 	 1.3951173499172993e-16
556.1 	 1.385342810099721e-16
557.1 	 1.3757702264471715e-16
558.1 	 1.3663972869090908e-16
559.1 	 1.3572216347069837e-16
560.1 	 1.3482408705386935e-16
561.1 	 1.3394525547874026e-16
562.1 	 1.3308542096464544e-16
563.1 	 1.3224433212766952e-16
564.1 	 1.3142173418865652e-16
565.1 	 1.306173691821515e-16
566.1 	 1.2983097615760847e-16
567.1 	 1.2906229138213554e-16
568.1 	 1.2831104853736808e-16
569.1 	 1.2757697891295502e-16
570.1 	 1.268598115986994e-16
571.1 	 1.2615927367258074e-16
572.1 	 1.2547509038391786e-16
573.1 	 1.248069853354176e-16
574.1 	 1.2415468066194263e-16
575.1 	 1.2351789720302066e-16
576.1 	 1.2289635467477444e-16
577.1 	 1.2228977183953188e-16
578.1 	 1.2169786666725471e-16
579.1 	 1.2112035649750094e-16
580.1 	 1.2055695819827967e-16
581.1 	 1.2000738831799606e-16
582.1 	 1.1947136323719185e-16
583.1 	 1.189485993163037e-16
584.1 	 1.184388130390141e-16
585.1 	 1.1794172115065188e-16
586.1 	 1.1745704079848975e-16
587.1 	 1.1698448966320867e-16
588.1 	 1.1652378609010726e-16
589.1 	 1.1607464921403915e-16
590.1 	 1.156367990853482e-16
591.1 	 1.1520995678718882e-16
592.1 	 1.1479384455411793e-16
593.1 	 1.1438818588571303e-16
594.1 	 1.1399270565442297e-16
595.1 	 1.1360713021453105e-16
596.1 	 1.1323118750422709e-16
597.1 	 1.128646071465209e-16
598.1 	 1.1250712054639448e-16
599.1 	 1.1215846098396592e-16
600.1 	 1.1181836370660351e-16
601.1 	 1.1148656601386313e-16
602.1 	 1.1116280734437855e-16
603.1 	 1.1084682935716147e-16
604.1 	 1.105383760078002e-16
605.1 	 1.1023719362637295e-16
606.1 	 1.0994303098769902e-16
607.1 	 1.0965563938211789e-16
608.1 	 1.093747726817692e-16
609.1 	 1.0910018740356877e-16
610.1 	 1.0883164277102658e-16
611.1 	 1.085689007709207e-16
612.1 	 1.0831172621030712e-16
613.1 	 1.0805988676773039e-16
614.1 	 1.0781315304346533e-16
615.1 	 1.0757129860665997e-16
616.1 	 1.0733410004056328e-16
617.1 	 1.0710133698400249e-16
618.1 	 1.0687279217104409e-16
619.1 	 1.0664825146814838e-16
620.1 	 1.0642750390850187e-16
621.1 	 1.0621034172493671e-16
622.1 	 1.0599656037951873e-16
623.1 	 1.0578595859102615e-16
624.1 	 1.0557833836003142e-16
625.1 	 1.0537350499300878e-16
626.1 	 1.0517126712186469e-16
627.1 	 1.0497143672394961e-16
628.1 	 1.0477382913811086e-16
629.1 	 1.0457826307934669e-16
630.1 	 1.043845606518944e-16
631.1 	 1.041925473591537e-16
632.1 	 1.0400205211301017e-16
633.1 	 1.0381290724075512e-16
634.1 	 1.0362494848986017e-16
635.1 	 1.034380150310311e-16
636.1 	 1.0325194945952493e-16
637.1 	 1.0306659779638859e-16
638.1 	 1.0288180948446407e-16
639.1 	 1.026974373861228e-16
640.1 	 1.0251333777789064e-16
641.1 	 1.0232937034387399e-16
642.1 	 1.021453981672917e-16
643.1 	 1.0196128772129555e-16
644.1 	 1.0177690885735731e-16
645.1 	 1.0159213479353667e-16
646.1 	 1.0140684209966503e-16
647.1 	 1.0122091068420236e-16
648.1 	 1.0103422377553324e-16
649.1 	 1.0084666790604203e-16
650.1 	 1.0065813289294091e-16
651.1 	 1.0046851181827536e-16
652.1 	 1.0027770100781903e-16
653.1 	 1.0008560000996011e-16
654.1 	 9.989211157094444e-17
655.1 	 9.969714161269226e-17
656.1 	 9.95005992060118e-17
657.1 	 9.930239654609154e-17
658.1 	 9.910244892457583e-17
659.1 	 9.890067470278522e-17
660.1 	 9.869699528250189e-17
661.1 	 9.849133507662545e-17
662.1 	 9.8283621479528e-17
663.1 	 9.807378483637403e-17
664.1 	 9.786175841143683e-17
665.1 	 9.764747835582785e-17
666.1 	 9.743088367478799e-17
667.1 	 9.721191619493319e-17
668.1 	 9.69905205296831e-17
669.1 	 9.676664404502022e-17
670.1 	 9.654023682503076e-17
671.1 	 9.631125163594146e-17
672.1 	 9.607964389037176e-17
673.1 	 9.584537161161145e-17
674.1 	 9.560839539659433e-17
675.1 	 9.536867837889774e-17
676.1 	 9.512618619133899e-17
677.1 	 9.488088692857893e-17
678.1 	 9.463275110943769e-17
679.1 	 9.43817516383139e-17
680.1 	 9.41278637665402e-17
681.1 	 9.38710650549671e-17
682.1 	 9.361133533355294e-17
683.1 	 9.334865666365753e-17
684.1 	 9.30830132984359e-17
685.1 	 9.281439164402183e-17
686.1 	 9.254278021974729e-17
687.1 	 9.226816961858335e-17
688.1 	 9.199055246874429e-17
689.1 	 9.170992339341869e-17
690.1 	 9.1426278971236e-17
691.1 	 9.113961769703912e-17
692.1 	 9.084993994244075e-17
693.1 	 9.055724791665405e-17
694.1 	 9.02615456264327e-17
695.1 	 8.996283883751186e-17
696.1 	 8.966113503495337e-17
697.1 	 8.935644338437501e-17
698.1 	 8.904877469263441e-17
699.1 	 8.873814136949315e-17
700.1 	 8.842455738852881e-17
701.1 	 8.810803824875976e-17
702.1 	 8.778860093650773e-17
703.1 	 8.746626388702097e-17
704.1 	 8.714104694659214e-17
705.1 	 8.681297133522918e-17
706.1 	 8.64820596083548e-17
707.1 	 8.614833562067333e-17
708.1 	 8.58118244882589e-17
709.1 	 8.547255255256981e-17
710.1 	 8.513054734328541e-17
711.1 	 8.478583754290442e-17
712.1 	 8.443845295040978e-17
713.1 	 8.408842444588888e-17
714.1 	 8.373578395552956e-17
715.1 	 8.338056441624497e-17
716.1 	 8.302279974128365e-17
717.1 	 8.266252478622126e-17
718.1 	 8.229977531499808e-17
719.1 	 8.19345879661917e-17
720.1 	 8.156700021982103e-17
721.1 	 8.119705036480641e-17
722.1 	 8.08247774662041e-17
723.1 	 8.045022133362399e-17
724.1 	 8.007342248885121e-17
725.1 	 7.969442213536564e-17
726.1 	 7.931326212652198e-17
727.1 	 7.892998493611279e-17
728.1 	 7.854463362724913e-17
729.1 	 7.815725182322221e-17
730.1 	 7.776788367828673e-17
731.1 	 7.737657384840263e-17
732.1 	 7.698336746317666e-17
733.1 	 7.658831009748393e-17
734.1 	 7.619144774390144e-17
735.1 	 7.579282678588589e-17
736.1 	 7.539249397040181e-17
737.1 	 7.499049638210437e-17
738.1 	 7.458688141712843e-17
739.1 	 7.418169675755947e-17
740.1 	 7.377499034666384e-17
741.1 	 7.336681036381062e-17
742.1 	 7.295720520088393e-17
743.1 	 7.254622343785387e-17
744.1 	 7.213391381990192e-17
745.1 	 7.17203252343454e-17
746.1 	 7.13055066881171e-17
747.1 	 7.088950728597048e-17
748.1 	 7.047237620849323e-17
749.1 	 7.005416269120471e-17
750.1 	 6.963491600392426e-17
751.1 	 6.921468542987681e-17
752.1 	 6.87935202465099e-17
753.1 	 6.837146970550519e-17
754.1 	 6.794858301400158e-17
755.1 	 6.752490931589512e-17
756.1 	 6.710049767354292e-17
757.1 	 6.667539705017853e-17
758.1 	 6.624965629236653e-17
759.1 	 6.582332411299927e-17
760.1 	 6.539644907503071e-17
761.1 	 6.496907957502938e-17
762.1 	 6.454126382756197e-17
763.1 	 6.411304985004786e-17
764.1 	 6.368448544742469e-17
765.1 	 6.325561819798991e-17
766.1 	 6.282649543905388e-17
767.1 	 6.239716425339367e-17
768.1 	 6.19676714555885e-17
769.1 	 6.153806357924109e-17
770.1 	 6.110838686444227e-17
771.1 	 6.067868724540012e-17
772.1 	 6.024901033871334e-17
773.1 	 5.981940143172323e-17
774.1 	 5.938990547160083e-17
775.1 	 5.896056705457495e-17
776.1 	 5.853143041536761e-17
777.1 	 5.810253941736748e-17
778.1 	 5.767393754284984e-17
779.1 	 5.724566788361083e-17
780.1 	 5.681777313202656e-17
781.1 	 5.63902955723952e-17
782.1 	 5.59632770726031e-17
783.1 	 5.553675907605092e-17
784.1 	 5.511078259408007e-17
785.1 	 5.468538819875062e-17
786.1 	 5.4260616015435026e-17
787.1 	 5.3836505716411923e-17
788.1 	 5.341309651439e-17
789.1 	 5.299042715635815e-17
790.1 	 5.2568535917810933e-17
791.1 	 5.2147460597146137e-17
792.1 	 5.172723851061643e-17
793.1 	 5.1307906487153205e-17
794.1 	 5.088950086396754e-17
795.1 	 5.0472057481941504e-17
796.1 	 5.005561168163013e-17
797.1 	 4.9640198299438506e-17
798.1 	 4.9225851664041746e-17
799.1 	 4.881260559287839e-17
800.1 	 4.840049338939708e-17
801.1 	 4.7989547840001287e-17
802.1 	 4.757980121154984e-17
803.1 	 4.7171285249027587e-17
804.1 	 4.6764031173456724e-17
805.1 	 4.6358069680056154e-17
806.1 	 4.595343093647687e-17
807.1 	 4.5550144581559044e-17
808.1 	 4.514823972402684e-17
809.1 	 4.4747744941534054e-17
810.1 	 4.4348688279842836e-17
811.1 	 4.395109725235345e-17
812.1 	 4.355499883964635e-17
813.1 	 4.3160419489375735e-17
814.1 	 4.27673851162225e-17
815.1 	 4.237592110205332e-17
816.1 	 4.1986052296547295e-17
817.1 	 4.159780301749524e-17
818.1 	 4.121119705162846e-17
819.1 	 4.082625765562422e-17
820.1 	 4.0443007557098453e-17
821.1 	 4.006146895580759e-17
822.1 	 3.968166352520286e-17
823.1 	 3.9303612413794367e-17
824.1 	 3.892733624700003e-17
825.1 	 3.855285512897665e-17
826.1 	 3.818018864450891e-17
827.1 	 3.7809355861300274e-17
828.1 	 3.74403753321153e-17
829.1 	 3.7073265097226375e-17
830.1 	 3.670804268696491e-17
831.1 	 3.6344725124300396e-17
832.1 	 3.598332892770563e-17
833.1 	 3.562387011393175e-17
834.1 	 3.526636420107689e-17
835.1 	 3.491082621169746e-17
836.1 	 3.4557270675953844e-17
837.1 	 3.4205711635016483e-17
838.1 	 3.3856162644406465e-17
839.1 	 3.350863677747233e-17
840.1 	 3.316314662910585e-17
841.1 	 3.281970431934249e-17
842.1 	 3.24783214971053e-17
843.1 	 3.2139009344153964e-17
844.1 	 3.180177857890622e-17
845.1 	 3.146663946057549e-17
846.1 	 3.1133601793095665e-17
847.1 	 3.080267492941755e-17
848.1 	 3.0473867775585395e-17
849.1 	 3.014718879513061e-17
850.1 	 2.982264601337971e-17
851.1 	 2.950024702176396e-17
852.1 	 2.9179998982422705e-17
853.1 	 2.88619086325571e-17
854.1 	 2.854598228909422e-17
855.1 	 2.8232225853201367e-17
856.1 	 2.792064481499751e-17
857.1 	 2.7611244258210417e-17
858.1 	 2.73040288648771e-17
859.1 	 2.6999002920132418e-17
860.1 	 2.669617031700424e-17
861.1 	 2.6395534561199654e-17
862.1 	 2.609709877602717e-17
863.1 	 2.5800865707201666e-17
864.1 	 2.550683772778922e-17
865.1 	 2.5215016843141495e-17
866.1 	 2.4925404695831817e-17
867.1 	 2.4638002570623414e-17
868.1 	 2.435281139944722e-17
869.1 	 2.406983176636321e-17
870.1 	 2.3789063912672665e-17
871.1 	 2.3510507741811807e-17
872.1 	 2.3234162824452934e-17
873.1 	 2.2960028403509582e-17
874.1 	 2.2688103399175302e-17
875.1 	 2.2418386413967513e-17
876.1 	 2.2150875737742808e-17
877.1 	 2.1885569352783498e-17
878.1 	 2.1622464938773304e-17
879.1 	 2.136155987786702e-17
880.1 	 2.110285125969772e-17
881.1 	 2.0846335886399778e-17
882.1 	 2.059201027763058e-17
883.1 	 2.0339870675535403e-17
884.1 	 2.0089913049749443e-17
885.1 	 1.984213310237544e-17
886.1 	 1.959652627293461e-17
887.1 	 1.9353087743316804e-17
888.1 	 1.9111812442683254e-17
889.1 	 1.8872695052388672e-17
890.1 	 1.8635730010857038e-17
891.1 	 1.840091151846673e-17
892.1 	 1.816823354235282e-17
893.1 	 1.793768982127548e-17
894.1 	 1.7709273870367312e-17
895.1 	 1.7482978985934007e-17
896.1 	 1.725879825018112e-17
897.1 	 1.7036724535942687e-17
898.1 	 1.681675051134623e-17
899.1 	 1.6598868644496286e-17
900.1 	 1.6383071208088266e-17
901.1 	 1.616935028400058e-17
902.1 	 1.5957697767868065e-17
903.1 	 1.574810537360748e-17
904.1 	 1.5540564637923062e-17
905.1 	 1.5335066924766382e-17
906.1 	 1.5131603429763213e-17
907.1 	 1.4930165184615017e-17
908.1 	 1.4730743061462406e-17
909.1 	 1.453332777716622e-17
910.1 	 1.433790989766084e-17
911.1 	 1.414447984214056e-17
912.1 	 1.3953027887294224e-17
913.1 	 1.3763544171467029e-17
914.1 	 1.3576018698784283e-17
915.1 	 1.3390441343261877e-17
916.1 	 1.3206801852836997e-17
917.1 	 1.3025089853369678e-17
918.1 	 1.2845294852624767e-17
919.1 	 1.2667406244198741e-17
920.1 	 1.2491413311391194e-17
921.1 	 1.2317305231052972e-17
922.1 	 1.214507107738794e-17
923.1 	 1.197469982570435e-17
924.1 	 1.1806180356118677e-17
925.1 	 1.1639501457254201e-17
926.1 	 1.1474651829832717e-17
927.1 	 1.1311620090275893e-17
928.1 	 1.1150394774256777e-17
929.1 	 1.0990964340151419e-17
930.1 	 1.0833317172544298e-17
931.1 	 1.0677441585584628e-17
932.1 	 1.0523325826385835e-17
933.1 	 1.0370958078319411e-17
934.1 	 1.0220326464299811e-17
935.1 	 1.007141905000194e-17
936.1 	 9.924223847060844e-18
937.1 	 9.778728816193688e-18
938.1 	 9.634921870303894e-18
939.1 	 9.492790877520876e-18
940.1 	 9.352323664218744e-18
941.1 	 9.213508017966386e-18
942.1 	 9.076331690452038e-18
943.1 	 8.94078240033087e-18
944.1 	 8.806847836080671e-18
945.1 	 8.67451565877516e-18
946.1 	 8.543773504807612e-18
947.1 	 8.41460898860437e-18
948.1 	 8.287009705265167e-18
949.1 	 8.160963233161727e-18
950.1 	 8.036457136518079e-18
951.1 	 7.913478967917293e-18
952.1 	 7.792016270776897e-18
953.1 	 7.672056581783432e-18
954.1 	 7.553587433281764e-18
955.1 	 7.436596355622887e-18
956.1 	 7.321070879461575e-18
957.1 	 7.206998538031206e-18
958.1 	 7.094366869345189e-18
959.1 	 6.983163418383653e-18
960.1 	 6.8733757392317296e-18
961.1 	 6.7649913971680615e-18
962.1 	 6.6579979707268045e-18
963.1 	 6.552383053691285e-18
964.1 	 6.448134257091153e-18
965.1 	 6.345239211111518e-18
966.1 	 6.243685566990218e-18
967.1 	 6.143460998883893e-18
968.1 	 6.044553205658749e-18
969.1 	 5.946949912668684e-18
970.1 	 5.850638873505872e-18
971.1 	 5.755607871672346e-18
972.1 	 5.66184472225611e-18
973.1 	 5.569337273536944e-18
974.1 	 5.478073408579114e-18
975.1 	 5.3880410467689625e-18
976.1 	 5.299228145324364e-18
977.1 	 5.211622700767992e-18
978.1 	 5.125212750361746e-18
979.1 	 5.0399863735014644e-18
980.1 	 4.955931693087365e-18
981.1 	 4.873036876853272e-18
982.1 	 4.79129013865192e-18
983.1 	 4.710679739720236e-18
984.1 	 4.631193989906159e-18
985.1 	 4.5528212488582966e-18
986.1 	 4.475549927184154e-18
987.1 	 4.399368487578272e-18
988.1 	 4.32426544590854e-18
989.1 	 4.250229372289334e-18
990.1 	 4.177248892095376e-18
991.1 	 4.105312686970887e-18
992.1 	 4.034409495792858e-18
993.1 	 3.964528115604718e-18
994.1 	 3.8956574025247666e-18
995.1 	 3.827786272623472e-18
996.1 	 3.760903702758189e-18
997.1 	 3.694998731412064e-18
998.1 	 3.630060459458055e-18
999.1 	 3.566078050934918e-18
1000.1 	 3.5030407337774425e-18