energy 	 rate 
0.1 	 3.4391e-14 
1.1 	 8.2838e-12 
2.1 	 4.4446e-11 
3.1 	 1.2507e-10 
4.1 	 2.6342e-10 
5.1 	 4.6981e-10 
6.1 	 7.5194e-10 
7.1 	 1.1152e-09 
8.1 	 1.5629e-09 
9.1 	 2.0967e-09 
10.1 	 2.7165e-09 
11.1 	 3.4209e-09 
12.1 	 4.2075e-09 
13.1 	 5.0728e-09 
14.1 	 6.0125e-09 
15.1 	 7.0215e-09 
16.1 	 8.0943e-09 
17.1 	 9.225e-09 
18.1 	 1.0407e-08 
19.1 	 1.1635e-08 
20.1 	 1.29e-08 
21.1 	 1.4198e-08 
22.1 	 1.552e-08 
23.1 	 1.686e-08 
24.1 	 1.8212e-08 
25.1 	 1.957e-08 
26.1 	 2.0926e-08 
27.1 	 2.2276e-08 
28.1 	 2.3613e-08 
29.1 	 2.4931e-08 
30.1 	 2.6226e-08 
31.1 	 2.7493e-08 
32.1 	 2.8727e-08 
33.1 	 2.9924e-08 
34.1 	 3.1079e-08 
35.1 	 3.219e-08 
36.1 	 3.3254e-08 
37.1 	 3.4266e-08 
38.1 	 3.5225e-08 
39.1 	 3.6128e-08 
40.1 	 3.6974e-08 
41.1 	 3.776e-08 
42.1 	 3.8486e-08 
43.1 	 3.915e-08 
44.1 	 3.9751e-08 
45.1 	 4.0289e-08 
46.1 	 4.0763e-08 
47.1 	 4.1175e-08 
48.1 	 4.1522e-08 
49.1 	 4.1807e-08 
50.1 	 4.203e-08 
51.1 	 4.219e-08 
52.1 	 4.2291e-08 
53.1 	 4.2331e-08 
54.1 	 4.2314e-08 
55.1 	 4.2239e-08 
56.1 	 4.2109e-08 
57.1 	 4.1926e-08 
58.1 	 4.169e-08 
59.1 	 4.1404e-08 
60.1 	 4.107e-08 
61.1 	 4.069e-08 
62.1 	 4.0265e-08 
63.1 	 3.9799e-08 
64.1 	 3.9292e-08 
65.1 	 3.8747e-08 
66.1 	 3.8167e-08 
67.1 	 3.7553e-08 
68.1 	 3.6909e-08 
69.1 	 3.6235e-08 
70.1 	 3.5534e-08 
71.1 	 3.4809e-08 
72.1 	 3.4061e-08 
73.1 	 3.3293e-08 
74.1 	 3.2506e-08 
75.1 	 3.1704e-08 
76.1 	 3.0888e-08 
77.1 	 3.0059e-08 
78.1 	 2.9221e-08 
79.1 	 2.8374e-08 
80.1 	 2.7521e-08 
81.1 	 2.6664e-08 
82.1 	 2.5804e-08 
83.1 	 2.4943e-08 
84.1 	 2.4083e-08 
85.1 	 2.3225e-08 
86.1 	 2.237e-08 
87.1 	 2.1521e-08 
88.1 	 2.0678e-08 
89.1 	 1.9843e-08 
90.1 	 1.9018e-08 
91.1 	 1.8202e-08 
92.1 	 1.7398e-08 
93.1 	 1.6607e-08 
94.1 	 1.5829e-08 
95.1 	 1.5065e-08 
96.1 	 1.4317e-08 
97.1 	 1.3584e-08 
98.1 	 1.2869e-08 
99.1 	 1.2171e-08 
100.1 	 1.1491e-08 
101.1 	 1.0829e-08 
102.1 	 1.0187e-08 
103.1 	 9.5642e-09 
104.1 	 8.9614e-09 
105.1 	 8.3789e-09 
106.1 	 7.817e-09 
107.1 	 7.2758e-09 
108.1 	 6.7556e-09 
109.1 	 6.2565e-09 
110.1 	 5.7786e-09 
111.1 	 5.322e-09 
112.1 	 4.8865e-09 
113.1 	 4.4723e-09 
114.1 	 4.0792e-09 
115.1 	 3.7072e-09 
116.1 	 3.356e-09 
117.1 	 3.0255e-09 
118.1 	 2.7155e-09 
119.1 	 2.4257e-09 
120.1 	 2.156e-09 
121.1 	 1.9059e-09 
122.1 	 1.6752e-09 
123.1 	 1.4636e-09 
124.1 	 1.2706e-09 
125.1 	 1.0959e-09 
126.1 	 9.3911e-10 
127.1 	 7.998e-10 
128.1 	 6.7755e-10 
129.1 	 5.7191e-10 
130.1 	 4.8242e-10 
131.1 	 4.0861e-10 
132.1 	 3.5001e-10 
133.1 	 3.0614e-10 
134.1 	 2.7649e-10 
135.1 	 2.6058e-10 
136.1 	 2.579e-10 
137.1 	 2.6793e-10 
138.1 	 2.9019e-10 
139.1 	 3.2414e-10 
140.1 	 3.6928e-10 
141.1 	 4.251e-10 
142.1 	 4.9108e-10 
143.1 	 5.6673e-10 
144.1 	 6.5152e-10 
145.1 	 7.4496e-10 
146.1 	 8.4656e-10 
147.1 	 9.5581e-10 
148.1 	 1.0722e-09 
149.1 	 1.1953e-09 
150.1 	 1.3247e-09 
151.1 	 1.4597e-09 
152.1 	 1.6001e-09 
153.1 	 1.7453e-09 
154.1 	 1.8949e-09 
155.1 	 2.0484e-09 
156.1 	 2.2055e-09 
157.1 	 2.3657e-09 
158.1 	 2.5286e-09 
159.1 	 2.6938e-09 
160.1 	 2.861e-09 
161.1 	 3.0297e-09 
162.1 	 3.1996e-09 
163.1 	 3.3704e-09 
164.1 	 3.5417e-09 
165.1 	 3.7132e-09 
166.1 	 3.8845e-09 
167.1 	 4.0554e-09 
168.1 	 4.2255e-09 
169.1 	 4.3946e-09 
170.1 	 4.5624e-09 
171.1 	 4.7287e-09 
172.1 	 4.8932e-09 
173.1 	 5.0556e-09 
174.1 	 5.2158e-09 
175.1 	 5.3735e-09 
176.1 	 5.5285e-09 
177.1 	 5.6806e-09 
178.1 	 5.8297e-09 
179.1 	 5.9755e-09 
180.1 	 6.1179e-09 
181.1 	 6.2568e-09 
182.1 	 6.392e-09 
183.1 	 6.5234e-09 
184.1 	 6.6509e-09 
185.1 	 6.7743e-09 
186.1 	 6.8936e-09 
187.1 	 7.0086e-09 
188.1 	 7.1194e-09 
189.1 	 7.2257e-09 
190.1 	 7.3276e-09 
191.1 	 7.4249e-09 
192.1 	 7.5177e-09 
193.1 	 7.6059e-09 
194.1 	 7.6895e-09 
195.1 	 7.7683e-09 
196.1 	 7.8425e-09 
197.1 	 7.9121e-09 
198.1 	 7.9769e-09 
199.1 	 8.037e-09 
200.1 	 8.0924e-09 
201.1 	 8.1431e-09 
202.1 	 8.1892e-09 
203.1 	 8.2307e-09 
204.1 	 8.2676e-09 
205.1 	 8.2999e-09 
206.1 	 8.3276e-09 
207.1 	 8.3509e-09 
208.1 	 8.3698e-09 
209.1 	 8.3843e-09 
210.1 	 8.3945e-09 
211.1 	 8.4004e-09 
212.1 	 8.4021e-09 
213.1 	 8.3997e-09 
214.1 	 8.3932e-09 
215.1 	 8.3828e-09 
216.1 	 8.3685e-09 
217.1 	 8.3503e-09 
218.1 	 8.3284e-09 
219.1 	 8.3029e-09 
220.1 	 8.2738e-09 
221.1 	 8.2412e-09 
222.1 	 8.2052e-09 
223.1 	 8.1659e-09 
224.1 	 8.1234e-09 
225.1 	 8.0778e-09 
226.1 	 8.0291e-09 
227.1 	 7.9775e-09 
228.1 	 7.9231e-09 
229.1 	 7.866e-09 
230.1 	 7.8062e-09 
231.1 	 7.7438e-09 
232.1 	 7.679e-09 
233.1 	 7.6119e-09 
234.1 	 7.5425e-09 
235.1 	 7.471e-09 
236.1 	 7.3973e-09 
237.1 	 7.3218e-09 
238.1 	 7.2443e-09 
239.1 	 7.1651e-09 
240.1 	 7.0842e-09 
241.1 	 7.0016e-09 
242.1 	 6.9176e-09 
243.1 	 6.8322e-09 
244.1 	 6.7455e-09 
245.1 	 6.6575e-09 
246.1 	 6.5684e-09 
247.1 	 6.4783e-09 
248.1 	 6.3872e-09 
249.1 	 6.2951e-09 
250.1 	 6.2023e-09 
251.1 	 6.1088e-09 
252.1 	 6.0146e-09 
253.1 	 5.9199e-09 
254.1 	 5.8247e-09 
255.1 	 5.7291e-09 
256.1 	 5.6331e-09 
257.1 	 5.5369e-09 
258.1 	 5.4404e-09 
259.1 	 5.3439e-09 
260.1 	 5.2472e-09 
261.1 	 5.1506e-09 
262.1 	 5.0541e-09 
263.1 	 4.9577e-09 
264.1 	 4.8615e-09 
265.1 	 4.7655e-09 
266.1 	 4.6698e-09 
267.1 	 4.5745e-09 
268.1 	 4.4796e-09 
269.1 	 4.3851e-09 
270.1 	 4.2912e-09 
271.1 	 4.1978e-09 
272.1 	 4.105e-09 
273.1 	 4.0129e-09 
274.1 	 3.9215e-09 
275.1 	 3.8308e-09 
276.1 	 3.7408e-09 
277.1 	 3.6517e-09 
278.1 	 3.5634e-09 
279.1 	 3.476e-09 
280.1 	 3.3895e-09 
281.1 	 3.304e-09 
282.1 	 3.2194e-09 
283.1 	 3.1358e-09 
284.1 	 3.0532e-09 
285.1 	 2.9716e-09 
286.1 	 2.8912e-09 
287.1 	 2.8118e-09 
288.1 	 2.7335e-09 
289.1 	 2.6564e-09 
290.1 	 2.5804e-09 
291.1 	 2.5055e-09 
292.1 	 2.4319e-09 
293.1 	 2.3594e-09 
294.1 	 2.2881e-09 
295.1 	 2.2181e-09 
296.1 	 2.1492e-09 
297.1 	 2.0816e-09 
298.1 	 2.0152e-09 
299.1 	 1.95e-09 
300.1 	 1.8861e-09 
301.1 	 1.8235e-09 
302.1 	 1.7621e-09 
303.1 	 1.7019e-09 
304.1 	 1.643e-09 
305.1 	 1.5854e-09 
306.1 	 1.529e-09 
307.1 	 1.4738e-09 
308.1 	 1.4199e-09 
309.1 	 1.3673e-09 
310.1 	 1.3159e-09 
311.1 	 1.2657e-09 
312.1 	 1.2167e-09 
313.1 	 1.169e-09 
314.1 	 1.1224e-09 
315.1 	 1.0771e-09 
316.1 	 1.033e-09 
317.1 	 9.9001e-10 
318.1 	 9.4824e-10 
319.1 	 9.0762e-10 
320.1 	 8.6816e-10 
321.1 	 8.2984e-10 
322.1 	 7.9265e-10 
323.1 	 7.5658e-10 
324.1 	 7.2161e-10 
325.1 	 6.8773e-10 
326.1 	 6.5492e-10 
327.1 	 6.2318e-10 
328.1 	 5.9248e-10 
329.1 	 5.6282e-10 
330.1 	 5.3417e-10 
331.1 	 5.0653e-10 
332.1 	 4.7987e-10 
333.1 	 4.5418e-10 
334.1 	 4.2945e-10 
335.1 	 4.0566e-10 
336.1 	 3.8279e-10 
337.1 	 3.6082e-10 
338.1 	 3.3974e-10 
339.1 	 3.1954e-10 
340.1 	 3.0019e-10 
341.1 	 2.8168e-10 
342.1 	 2.6399e-10 
343.1 	 2.471e-10 
344.1 	 2.3101e-10 
345.1 	 2.1568e-10 
346.1 	 2.011e-10 
347.1 	 1.8726e-10 
348.1 	 1.7414e-10 
349.1 	 1.6173e-10 
350.1 	 1.4999e-10 
351.1 	 1.3893e-10 
352.1 	 1.2851e-10 
353.1 	 1.1873e-10 
354.1 	 1.0957e-10 
355.1 	 1.01e-10 
356.1 	 9.3026e-11 
357.1 	 8.5616e-11 
358.1 	 7.8758e-11 
359.1 	 7.2436e-11 
360.1 	 6.6633e-11 
361.1 	 6.1334e-11 
362.1 	 5.6524e-11 
363.1 	 5.2186e-11 
364.1 	 4.8306e-11 
365.1 	 4.4868e-11 
366.1 	 4.1858e-11 
367.1 	 3.9261e-11 
368.1 	 3.7061e-11 
369.1 	 3.5246e-11 
370.1 	 3.38e-11 
371.1 	 3.271e-11 
372.1 	 3.1962e-11 
373.1 	 3.1543e-11 
374.1 	 3.1439e-11 
375.1 	 3.1637e-11 
376.1 	 3.2124e-11 
377.1 	 3.2888e-11 
378.1 	 3.3917e-11 
379.1 	 3.5197e-11 
380.1 	 3.6718e-11 
381.1 	 3.8468e-11 
382.1 	 4.0434e-11 
383.1 	 4.2607e-11 
384.1 	 4.4974e-11 
385.1 	 4.7525e-11 
386.1 	 5.025e-11 
387.1 	 5.3139e-11 
388.1 	 5.6181e-11 
389.1 	 5.9366e-11 
390.1 	 6.2685e-11 
391.1 	 6.6129e-11 
392.1 	 6.9688e-11 
393.1 	 7.3354e-11 
394.1 	 7.7118e-11 
395.1 	 8.0972e-11 
396.1 	 8.4907e-11 
397.1 	 8.8915e-11 
398.1 	 9.299e-11 
399.1 	 9.7122e-11 
400.1 	 1.0131e-10 
401.1 	 1.0553e-10 
402.1 	 1.098e-10 
403.1 	 1.1409e-10 
404.1 	 1.1841e-10 
405.1 	 1.2275e-10 
406.1 	 1.271e-10 
407.1 	 1.3145e-10 
408.1 	 1.3581e-10 
409.1 	 1.4016e-10 
410.1 	 1.445e-10 
411.1 	 1.4883e-10 
412.1 	 1.5313e-10 
413.1 	 1.5741e-10 
414.1 	 1.6167e-10 
415.1 	 1.6588e-10 
416.1 	 1.7007e-10 
417.1 	 1.7421e-10 
418.1 	 1.783e-10 
419.1 	 1.8235e-10 
420.1 	 1.8635e-10 
421.1 	 1.9029e-10 
422.1 	 1.9418e-10 
423.1 	 1.98e-10 
424.1 	 2.0176e-10 
425.1 	 2.0545e-10 
426.1 	 2.0908e-10 
427.1 	 2.1263e-10 
428.1 	 2.1611e-10 
429.1 	 2.1952e-10 
430.1 	 2.2285e-10 
431.1 	 2.261e-10 
432.1 	 2.2927e-10 
433.1 	 2.3236e-10 
434.1 	 2.3536e-10 
435.1 	 2.3829e-10 
436.1 	 2.4112e-10 
437.1 	 2.4387e-10 
438.1 	 2.4653e-10 
439.1 	 2.4911e-10 
440.1 	 2.5159e-10 
441.1 	 2.5399e-10 
442.1 	 2.5629e-10 
443.1 	 2.5851e-10 
444.1 	 2.6063e-10 
445.1 	 2.6267e-10 
446.1 	 2.6461e-10 
447.1 	 2.6646e-10 
448.1 	 2.6822e-10 
449.1 	 2.6989e-10 
450.1 	 2.7147e-10 
451.1 	 2.7296e-10 
452.1 	 2.7436e-10 
453.1 	 2.7566e-10 
454.1 	 2.7688e-10 
455.1 	 2.7801e-10 
456.1 	 2.7905e-10 
457.1 	 2.8001e-10 
458.1 	 2.8087e-10 
459.1 	 2.8165e-10 
460.1 	 2.8235e-10 
461.1 	 2.8295e-10 
462.1 	 2.8348e-10 
463.1 	 2.8392e-10 
464.1 	 2.8428e-10 
465.1 	 2.8456e-10 
466.1 	 2.8476e-10 
467.1 	 2.8488e-10 
468.1 	 2.8492e-10 
469.1 	 2.8489e-10 
470.1 	 2.8478e-10 
471.1 	 2.8459e-10 
472.1 	 2.8434e-10 
473.1 	 2.8401e-10 
474.1 	 2.8361e-10 
475.1 	 2.8314e-10 
476.1 	 2.826e-10 
477.1 	 2.8199e-10 
478.1 	 2.8132e-10 
479.1 	 2.8059e-10 
480.1 	 2.7979e-10 
481.1 	 2.7893e-10 
482.1 	 2.7801e-10 
483.1 	 2.7703e-10 
484.1 	 2.7599e-10 
485.1 	 2.749e-10 
486.1 	 2.7375e-10 
487.1 	 2.7255e-10 
488.1 	 2.713e-10 
489.1 	 2.7e-10 
490.1 	 2.6865e-10 
491.1 	 2.6725e-10 
492.1 	 2.658e-10 
493.1 	 2.6431e-10 
494.1 	 2.6278e-10 
495.1 	 2.612e-10 
496.1 	 2.5958e-10 
497.1 	 2.5792e-10 
498.1 	 2.5623e-10 
499.1 	 2.545e-10 
500.1 	 2.5273e-10 
501.1 	 2.5093e-10 
502.1 	 2.4909e-10 
503.1 	 2.4723e-10 
504.1 	 2.4533e-10 
505.1 	 2.434e-10 
506.1 	 2.4145e-10 
507.1 	 2.3947e-10 
508.1 	 2.3747e-10 
509.1 	 2.3544e-10 
510.1 	 2.3339e-10 
511.1 	 2.3132e-10 
512.1 	 2.2922e-10 
513.1 	 2.2711e-10 
514.1 	 2.2498e-10 
515.1 	 2.2284e-10 
516.1 	 2.2067e-10 
517.1 	 2.185e-10 
518.1 	 2.163e-10 
519.1 	 2.141e-10 
520.1 	 2.1189e-10 
521.1 	 2.0966e-10 
522.1 	 2.0743e-10 
523.1 	 2.0518e-10 
524.1 	 2.0293e-10 
525.1 	 2.0068e-10 
526.1 	 1.9841e-10 
527.1 	 1.9615e-10 
528.1 	 1.9388e-10 
529.1 	 1.916e-10 
530.1 	 1.8933e-10 
531.1 	 1.8705e-10 
532.1 	 1.8477e-10 
533.1 	 1.825e-10 
534.1 	 1.8022e-10 
535.1 	 1.7795e-10 
536.1 	 1.7568e-10 
537.1 	 1.7341e-10 
538.1 	 1.7115e-10 
539.1 	 1.6889e-10 
540.1 	 1.6664e-10 
541.1 	 1.644e-10 
542.1 	 1.6216e-10 
543.1 	 1.5993e-10 
544.1 	 1.577e-10 
545.1 	 1.5549e-10 
546.1 	 1.5329e-10 
547.1 	 1.5109e-10 
548.1 	 1.4891e-10 
549.1 	 1.4673e-10 
550.1 	 1.4457e-10 
551.1 	 1.4242e-10 
552.1 	 1.4029e-10 
553.1 	 1.3816e-10 
554.1 	 1.3605e-10 
555.1 	 1.3395e-10 
556.1 	 1.3187e-10 
557.1 	 1.298e-10 
558.1 	 1.2775e-10 
559.1 	 1.2571e-10 
560.1 	 1.2368e-10 
561.1 	 1.2168e-10 
562.1 	 1.1969e-10 
563.1 	 1.1771e-10 
564.1 	 1.1575e-10 
565.1 	 1.1381e-10 
566.1 	 1.1189e-10 
567.1 	 1.0998e-10 
568.1 	 1.0809e-10 
569.1 	 1.0622e-10 
570.1 	 1.0437e-10 
571.1 	 1.0254e-10 
572.1 	 1.0072e-10 
573.1 	 9.8923e-11 
574.1 	 9.7145e-11 
575.1 	 9.5386e-11 
576.1 	 9.3646e-11 
577.1 	 9.1925e-11 
578.1 	 9.0223e-11 
579.1 	 8.8541e-11 
580.1 	 8.6879e-11 
581.1 	 8.5236e-11 
582.1 	 8.3612e-11 
583.1 	 8.2009e-11 
584.1 	 8.0425e-11 
585.1 	 7.8861e-11 
586.1 	 7.7316e-11 
587.1 	 7.5791e-11 
588.1 	 7.4287e-11 
589.1 	 7.2802e-11 
590.1 	 7.1337e-11 
591.1 	 6.9891e-11 
592.1 	 6.8466e-11 
593.1 	 6.706e-11 
594.1 	 6.5674e-11 
595.1 	 6.4307e-11 
596.1 	 6.296e-11 
597.1 	 6.1633e-11 
598.1 	 6.0325e-11 
599.1 	 5.9036e-11 
600.1 	 5.7767e-11 
601.1 	 5.6517e-11 
602.1 	 5.5287e-11 
603.1 	 5.4075e-11 
604.1 	 5.2882e-11 
605.1 	 5.1708e-11 
606.1 	 5.0553e-11 
607.1 	 4.9417e-11 
608.1 	 4.8299e-11 
609.1 	 4.7199e-11 
610.1 	 4.6118e-11 
611.1 	 4.5055e-11 
612.1 	 4.401e-11 
613.1 	 4.2982e-11 
614.1 	 4.1973e-11 
615.1 	 4.0981e-11 
616.1 	 4.0006e-11 
617.1 	 3.9049e-11 
618.1 	 3.8109e-11 
619.1 	 3.7185e-11 
620.1 	 3.6279e-11 
621.1 	 3.5389e-11 
622.1 	 3.4516e-11 
623.1 	 3.3659e-11 
624.1 	 3.2818e-11 
625.1 	 3.1993e-11 
626.1 	 3.1184e-11 
627.1 	 3.0391e-11 
628.1 	 2.9613e-11 
629.1 	 2.885e-11 
630.1 	 2.8103e-11 
631.1 	 2.737e-11 
632.1 	 2.6652e-11 
633.1 	 2.5949e-11 
634.1 	 2.526e-11 
635.1 	 2.4585e-11 
636.1 	 2.3924e-11 
637.1 	 2.3277e-11 
638.1 	 2.2644e-11 
639.1 	 2.2025e-11 
640.1 	 2.1418e-11 
641.1 	 2.0825e-11 
642.1 	 2.0244e-11 
643.1 	 1.9677e-11 
644.1 	 1.9121e-11 
645.1 	 1.8579e-11 
646.1 	 1.8048e-11 
647.1 	 1.753e-11 
648.1 	 1.7023e-11 
649.1 	 1.6528e-11 
650.1 	 1.6044e-11 
651.1 	 1.5572e-11 
652.1 	 1.5111e-11 
653.1 	 1.466e-11 
654.1 	 1.4221e-11 
655.1 	 1.3792e-11 
656.1 	 1.3373e-11 
657.1 	 1.2965e-11 
658.1 	 1.2566e-11 
659.1 	 1.2178e-11 
660.1 	 1.1799e-11 
661.1 	 1.143e-11 
662.1 	 1.107e-11 
663.1 	 1.072e-11 
664.1 	 1.0378e-11 
665.1 	 1.0045e-11 
666.1 	 9.7213e-12 
667.1 	 9.4059e-12 
668.1 	 9.0988e-12 
669.1 	 8.7999e-12 
670.1 	 8.5091e-12 
671.1 	 8.2262e-12 
672.1 	 7.951e-12 
673.1 	 7.6835e-12 
674.1 	 7.4234e-12 
675.1 	 7.1706e-12 
676.1 	 6.9249e-12 
677.1 	 6.6863e-12 
678.1 	 6.4545e-12 
679.1 	 6.2294e-12 
680.1 	 6.0109e-12 
681.1 	 5.7988e-12 
682.1 	 5.5931e-12 
683.1 	 5.3934e-12 
684.1 	 5.1998e-12 
685.1 	 5.0121e-12 
686.1 	 4.8302e-12 
687.1 	 4.6539e-12 
688.1 	 4.4831e-12 
689.1 	 4.3177e-12 
690.1 	 4.1575e-12 
691.1 	 4.0024e-12 
692.1 	 3.8524e-12 
693.1 	 3.7073e-12 
694.1 	 3.5669e-12 
695.1 	 3.4312e-12 
696.1 	 3.3e-12 
697.1 	 3.1733e-12 
698.1 	 3.0509e-12 
699.1 	 2.9327e-12 
700.1 	 2.8186e-12 
701.1 	 2.7086e-12 
702.1 	 2.6024e-12 
703.1 	 2.5e-12 
704.1 	 2.4014e-12 
705.1 	 2.3063e-12 
706.1 	 2.2147e-12 
707.1 	 2.1266e-12 
708.1 	 2.0418e-12 
709.1 	 1.9602e-12 
710.1 	 1.8818e-12 
711.1 	 1.8064e-12 
712.1 	 1.7339e-12 
713.1 	 1.6644e-12 
714.1 	 1.5977e-12 
715.1 	 1.5336e-12 
716.1 	 1.4722e-12 
717.1 	 1.4134e-12 
718.1 	 1.3571e-12 
719.1 	 1.3032e-12 
720.1 	 1.2516e-12 
721.1 	 1.2022e-12 
722.1 	 1.1551e-12 
723.1 	 1.1101e-12 
724.1 	 1.0671e-12 
725.1 	 1.0262e-12 
726.1 	 9.8715e-13 
727.1 	 9.4998e-13 
728.1 	 9.1462e-13 
729.1 	 8.8099e-13 
730.1 	 8.4905e-13 
731.1 	 8.1874e-13 
732.1 	 7.8999e-13 
733.1 	 7.6276e-13 
734.1 	 7.3698e-13 
735.1 	 7.1262e-13 
736.1 	 6.8961e-13 
737.1 	 6.6791e-13 
738.1 	 6.4746e-13 
739.1 	 6.2823e-13 
740.1 	 6.1016e-13 
741.1 	 5.9321e-13 
742.1 	 5.7733e-13 
743.1 	 5.6248e-13 
744.1 	 5.4862e-13 
745.1 	 5.3572e-13 
746.1 	 5.2372e-13 
747.1 	 5.1259e-13 
748.1 	 5.023e-13 
749.1 	 4.928e-13 
750.1 	 4.8407e-13 
751.1 	 4.7606e-13 
752.1 	 4.6875e-13 
753.1 	 4.621e-13 
754.1 	 4.5607e-13 
755.1 	 4.5065e-13 
756.1 	 4.4579e-13 
757.1 	 4.4148e-13 
758.1 	 4.3768e-13 
759.1 	 4.3436e-13 
760.1 	 4.315e-13 
761.1 	 4.2908e-13 
762.1 	 4.2706e-13 
763.1 	 4.2543e-13 
764.1 	 4.2416e-13 
765.1 	 4.2323e-13 
766.1 	 4.2262e-13 
767.1 	 4.223e-13 
768.1 	 4.2226e-13 
769.1 	 4.2248e-13 
770.1 	 4.2294e-13 
771.1 	 4.2361e-13 
772.1 	 4.2449e-13 
773.1 	 4.2556e-13 
774.1 	 4.268e-13 
775.1 	 4.2819e-13 
776.1 	 4.2972e-13 
777.1 	 4.3138e-13 
778.1 	 4.3314e-13 
779.1 	 4.3501e-13 
780.1 	 4.3696e-13 
781.1 	 4.3898e-13 
782.1 	 4.4106e-13 
783.1 	 4.432e-13 
784.1 	 4.4537e-13 
785.1 	 4.4758e-13 
786.1 	 4.498e-13 
787.1 	 4.5203e-13 
788.1 	 4.5426e-13 
789.1 	 4.5649e-13 
790.1 	 4.587e-13 
791.1 	 4.6089e-13 
792.1 	 4.6305e-13 
793.1 	 4.6517e-13 
794.1 	 4.6725e-13 
795.1 	 4.6928e-13 
796.1 	 4.7125e-13 
797.1 	 4.7316e-13 
798.1 	 4.7501e-13 
799.1 	 4.7679e-13 
800.1 	 4.7849e-13 
801.1 	 4.8011e-13 
802.1 	 4.8165e-13 
803.1 	 4.8311e-13 
804.1 	 4.8447e-13 
805.1 	 4.8574e-13 
806.1 	 4.8691e-13 
807.1 	 4.8799e-13 
808.1 	 4.8897e-13 
809.1 	 4.8984e-13 
810.1 	 4.9061e-13 
811.1 	 4.9127e-13 
812.1 	 4.9183e-13 
813.1 	 4.9228e-13 
814.1 	 4.9261e-13 
815.1 	 4.9284e-13 
816.1 	 4.9296e-13 
817.1 	 4.9296e-13 
818.1 	 4.9285e-13 
819.1 	 4.9263e-13 
820.1 	 4.923e-13 
821.1 	 4.9185e-13 
822.1 	 4.913e-13 
823.1 	 4.9063e-13 
824.1 	 4.8985e-13 
825.1 	 4.8896e-13 
826.1 	 4.8796e-13 
827.1 	 4.8685e-13 
828.1 	 4.8564e-13 
829.1 	 4.8432e-13 
830.1 	 4.8289e-13 
831.1 	 4.8136e-13 
832.1 	 4.7972e-13 
833.1 	 4.7798e-13 
834.1 	 4.7615e-13 
835.1 	 4.7421e-13 
836.1 	 4.7218e-13 
837.1 	 4.7005e-13 
838.1 	 4.6783e-13 
839.1 	 4.6552e-13 
840.1 	 4.6312e-13 
841.1 	 4.6062e-13 
842.1 	 4.5805e-13 
843.1 	 4.5539e-13 
844.1 	 4.5265e-13 
845.1 	 4.4982e-13 
846.1 	 4.4692e-13 
847.1 	 4.4395e-13 
848.1 	 4.409e-13 
849.1 	 4.3778e-13 
850.1 	 4.3458e-13 
851.1 	 4.3133e-13 
852.1 	 4.28e-13 
853.1 	 4.2462e-13 
854.1 	 4.2117e-13 
855.1 	 4.1767e-13 
856.1 	 4.141e-13 
857.1 	 4.1049e-13 
858.1 	 4.0682e-13 
859.1 	 4.0311e-13 
860.1 	 3.9934e-13 
861.1 	 3.9553e-13 
862.1 	 3.9168e-13 
863.1 	 3.8779e-13 
864.1 	 3.8386e-13 
865.1 	 3.7989e-13 
866.1 	 3.7589e-13 
867.1 	 3.7185e-13 
868.1 	 3.6779e-13 
869.1 	 3.637e-13 
870.1 	 3.5958e-13 
871.1 	 3.5544e-13 
872.1 	 3.5127e-13 
873.1 	 3.4709e-13 
874.1 	 3.4289e-13 
875.1 	 3.3867e-13 
876.1 	 3.3444e-13 
877.1 	 3.302e-13 
878.1 	 3.2594e-13 
879.1 	 3.2168e-13 
880.1 	 3.1741e-13 
881.1 	 3.1314e-13 
882.1 	 3.0886e-13 
883.1 	 3.0458e-13 
884.1 	 3.003e-13 
885.1 	 2.9603e-13 
886.1 	 2.9175e-13 
887.1 	 2.8749e-13 
888.1 	 2.8323e-13 
889.1 	 2.7897e-13 
890.1 	 2.7473e-13 
891.1 	 2.705e-13 
892.1 	 2.6628e-13 
893.1 	 2.6208e-13 
894.1 	 2.5789e-13 
895.1 	 2.5371e-13 
896.1 	 2.4956e-13 
897.1 	 2.4542e-13 
898.1 	 2.4131e-13 
899.1 	 2.3722e-13 
900.1 	 2.3314e-13 
901.1 	 2.291e-13 
902.1 	 2.2508e-13 
903.1 	 2.2108e-13 
904.1 	 2.1711e-13 
905.1 	 2.1317e-13 
906.1 	 2.0926e-13 
907.1 	 2.0537e-13 
908.1 	 2.0152e-13 
909.1 	 1.977e-13 
910.1 	 1.9391e-13 
911.1 	 1.9016e-13 
912.1 	 1.8644e-13 
913.1 	 1.8275e-13 
914.1 	 1.791e-13 
915.1 	 1.7549e-13 
916.1 	 1.7191e-13 
917.1 	 1.6836e-13 
918.1 	 1.6486e-13 
919.1 	 1.6139e-13 
920.1 	 1.5797e-13 
921.1 	 1.5458e-13 
922.1 	 1.5123e-13 
923.1 	 1.4792e-13 
924.1 	 1.4465e-13 
925.1 	 1.4142e-13 
926.1 	 1.3824e-13 
927.1 	 1.3509e-13 
928.1 	 1.3199e-13 
929.1 	 1.2892e-13 
930.1 	 1.259e-13 
931.1 	 1.2293e-13 
932.1 	 1.1999e-13 
933.1 	 1.171e-13 
934.1 	 1.1425e-13 
935.1 	 1.1144e-13 
936.1 	 1.0867e-13 
937.1 	 1.0595e-13 
938.1 	 1.0327e-13 
939.1 	 1.0064e-13 
940.1 	 9.8042e-14 
941.1 	 9.5492e-14 
942.1 	 9.2984e-14 
943.1 	 9.0519e-14 
944.1 	 8.8097e-14 
945.1 	 8.5717e-14 
946.1 	 8.338e-14 
947.1 	 8.1085e-14 
948.1 	 7.8832e-14 
949.1 	 7.6622e-14 
950.1 	 7.4453e-14 
951.1 	 7.2325e-14 
952.1 	 7.0239e-14 
953.1 	 6.8194e-14 
954.1 	 6.619e-14 
955.1 	 6.4227e-14 
956.1 	 6.2303e-14 
957.1 	 6.042e-14 
958.1 	 5.8577e-14 
959.1 	 5.6773e-14 
960.1 	 5.5008e-14 
961.1 	 5.3282e-14 
962.1 	 5.1594e-14 
963.1 	 4.9944e-14 
964.1 	 4.8332e-14 
965.1 	 4.6757e-14 
966.1 	 4.5219e-14 
967.1 	 4.3718e-14 
968.1 	 4.2253e-14 
969.1 	 4.0823e-14 
970.1 	 3.9428e-14 
971.1 	 3.8069e-14 
972.1 	 3.6744e-14 
973.1 	 3.5453e-14 
974.1 	 3.4195e-14 
975.1 	 3.297e-14 
976.1 	 3.1778e-14 
977.1 	 3.0619e-14 
978.1 	 2.949e-14 
979.1 	 2.8393e-14 
980.1 	 2.7327e-14 
981.1 	 2.6291e-14 
982.1 	 2.5285e-14 
983.1 	 2.4308e-14 
984.1 	 2.336e-14 
985.1 	 2.244e-14 
986.1 	 2.1548e-14 
987.1 	 2.0683e-14 
988.1 	 1.9845e-14 
989.1 	 1.9033e-14 
990.1 	 1.8247e-14 
991.1 	 1.7487e-14 
992.1 	 1.6751e-14 
993.1 	 1.604e-14 
994.1 	 1.5352e-14 
995.1 	 1.4688e-14 
996.1 	 1.4046e-14 
997.1 	 1.3427e-14 
998.1 	 1.283e-14 
999.1 	 1.2254e-14 
1000.0 	 1.1753e-14 
