x   y
0.1 	 0.0
1.1 	 0.0
2.1 	 7.4793e-17
3.1 	 8.0873e-16
4.1 	 2.1349e-15
5.1 	 3.6557e-15
6.1 	 5.1259e-15
7.1 	 6.4333e-15
8.1 	 7.5378e-15
9.1 	 8.434e-15
10.1 	 9.1323e-15
11.1 	 9.65e-15
12.1 	 1.0007e-14
13.1 	 1.0222e-14
14.1 	 1.0316e-14
15.1 	 1.0304e-14
16.1 	 1.0204e-14
17.1 	 1.003e-14
18.1 	 9.7941e-15
19.1 	 9.5088e-15
20.1 	 9.1841e-15
21.1 	 8.8292e-15
22.1 	 8.4519e-15
23.1 	 8.0594e-15
24.1 	 7.6576e-15
25.1 	 7.2519e-15
26.1 	 6.8467e-15
27.1 	 6.446e-15
28.1 	 6.053e-15
29.1 	 5.6704e-15
30.1 	 5.3006e-15
31.1 	 4.9452e-15
32.1 	 4.6058e-15
33.1 	 4.2834e-15
34.1 	 3.9789e-15
35.1 	 3.6927e-15
36.1 	 3.4253e-15
37.1 	 3.1767e-15
38.1 	 2.9468e-15
39.1 	 2.7355e-15
40.1 	 2.5424e-15
41.1 	 2.3669e-15
42.1 	 2.2087e-15
43.1 	 2.0671e-15
44.1 	 1.9413e-15
45.1 	 1.8308e-15
46.1 	 1.7346e-15
47.1 	 1.6521e-15
48.1 	 1.5824e-15
49.1 	 1.5248e-15
50.1 	 1.4784e-15
51.1 	 1.4424e-15
52.1 	 1.4161e-15
53.1 	 1.3986e-15
54.1 	 1.3893e-15
55.1 	 1.3873e-15
56.1 	 1.392e-15
57.1 	 1.4027e-15
58.1 	 1.4187e-15
59.1 	 1.4395e-15
60.1 	 1.4644e-15
61.1 	 1.4929e-15
62.1 	 1.5245e-15
63.1 	 1.5586e-15
64.1 	 1.5949e-15
65.1 	 1.6328e-15
66.1 	 1.672e-15
67.1 	 1.7122e-15
68.1 	 1.753e-15
69.1 	 1.7941e-15
70.1 	 1.8352e-15
71.1 	 1.8761e-15
72.1 	 1.9166e-15
73.1 	 1.9564e-15
74.1 	 1.9955e-15
75.1 	 2.0336e-15
76.1 	 2.0707e-15
77.1 	 2.1065e-15
78.1 	 2.1411e-15
79.1 	 2.1744e-15
80.1 	 2.2063e-15
81.1 	 2.2368e-15
82.1 	 2.2658e-15
83.1 	 2.2934e-15
84.1 	 2.3196e-15
85.1 	 2.3443e-15
86.1 	 2.3676e-15
87.1 	 2.3895e-15
88.1 	 2.4101e-15
89.1 	 2.4293e-15
90.1 	 2.4474e-15
91.1 	 2.4642e-15
92.1 	 2.4799e-15
93.1 	 2.4946e-15
94.1 	 2.5082e-15
95.1 	 2.521e-15
96.1 	 2.5329e-15
97.1 	 2.544e-15
98.1 	 2.5544e-15
99.1 	 2.5641e-15
100.1 	 2.5733e-15
101.1 	 2.582e-15
102.1 	 2.5903e-15
103.1 	 2.5983e-15
104.1 	 2.6059e-15
105.1 	 2.6133e-15
106.1 	 2.6206e-15
107.1 	 2.6278e-15
108.1 	 2.6349e-15
109.1 	 2.642e-15
110.1 	 2.6492e-15
111.1 	 2.6565e-15
112.1 	 2.6639e-15
113.1 	 2.6715e-15
114.1 	 2.6794e-15
115.1 	 2.6875e-15
116.1 	 2.6958e-15
117.1 	 2.7045e-15
118.1 	 2.7135e-15
119.1 	 2.7229e-15
120.1 	 2.7326e-15
121.1 	 2.7427e-15
122.1 	 2.7531e-15
123.1 	 2.764e-15
124.1 	 2.7752e-15
125.1 	 2.7869e-15
126.1 	 2.7989e-15
127.1 	 2.8112e-15
128.1 	 2.824e-15
129.1 	 2.8371e-15
130.1 	 2.8505e-15
131.1 	 2.8642e-15
132.1 	 2.8783e-15
133.1 	 2.8926e-15
134.1 	 2.9072e-15
135.1 	 2.922e-15
136.1 	 2.937e-15
137.1 	 2.9522e-15
138.1 	 2.9676e-15
139.1 	 2.983e-15
140.1 	 2.9986e-15
141.1 	 3.0142e-15
142.1 	 3.0298e-15
143.1 	 3.0454e-15
144.1 	 3.061e-15
145.1 	 3.0765e-15
146.1 	 3.0919e-15
147.1 	 3.1071e-15
148.1 	 3.1221e-15
149.1 	 3.137e-15
150.1 	 3.1515e-15
151.1 	 3.1658e-15
152.1 	 3.1798e-15
153.1 	 3.1934e-15
154.1 	 3.2066e-15
155.1 	 3.2193e-15
156.1 	 3.2317e-15
157.1 	 3.2435e-15
158.1 	 3.2548e-15
159.1 	 3.2656e-15
160.1 	 3.2758e-15
161.1 	 3.2854e-15
162.1 	 3.2944e-15
163.1 	 3.3027e-15
164.1 	 3.3103e-15
165.1 	 3.3173e-15
166.1 	 3.3235e-15
167.1 	 3.329e-15
168.1 	 3.3337e-15
169.1 	 3.3376e-15
170.1 	 3.3407e-15
171.1 	 3.343e-15
172.1 	 3.3445e-15
173.1 	 3.3452e-15
174.1 	 3.3449e-15
175.1 	 3.3439e-15
176.1 	 3.3419e-15
177.1 	 3.3391e-15
178.1 	 3.3354e-15
179.1 	 3.3308e-15
180.1 	 3.3253e-15
181.1 	 3.3189e-15
182.1 	 3.3116e-15
183.1 	 3.3034e-15
184.1 	 3.2943e-15
185.1 	 3.2843e-15
186.1 	 3.2735e-15
187.1 	 3.2617e-15
188.1 	 3.2491e-15
189.1 	 3.2356e-15
190.1 	 3.2212e-15
191.1 	 3.206e-15
192.1 	 3.1899e-15
193.1 	 3.173e-15
194.1 	 3.1553e-15
195.1 	 3.1368e-15
196.1 	 3.1175e-15
197.1 	 3.0974e-15
198.1 	 3.0766e-15
199.1 	 3.055e-15
200.1 	 3.0326e-15
201.1 	 3.0096e-15
202.1 	 2.9859e-15
203.1 	 2.9615e-15
204.1 	 2.9364e-15
205.1 	 2.9107e-15
206.1 	 2.8844e-15
207.1 	 2.8576e-15
208.1 	 2.8301e-15
209.1 	 2.8021e-15
210.1 	 2.7736e-15
211.1 	 2.7445e-15
212.1 	 2.715e-15
213.1 	 2.685e-15
214.1 	 2.6546e-15
215.1 	 2.6238e-15
216.1 	 2.5926e-15
217.1 	 2.561e-15
218.1 	 2.5291e-15
219.1 	 2.4969e-15
220.1 	 2.4644e-15
221.1 	 2.4316e-15
222.1 	 2.3986e-15
223.1 	 2.3654e-15
224.1 	 2.3319e-15
225.1 	 2.2983e-15
226.1 	 2.2645e-15
227.1 	 2.2306e-15
228.1 	 2.1966e-15
229.1 	 2.1625e-15
230.1 	 2.1284e-15
231.1 	 2.0942e-15
232.1 	 2.06e-15
233.1 	 2.0258e-15
234.1 	 1.9917e-15
235.1 	 1.9576e-15
236.1 	 1.9235e-15
237.1 	 1.8896e-15
238.1 	 1.8557e-15
239.1 	 1.822e-15
240.1 	 1.7884e-15
241.1 	 1.755e-15
242.1 	 1.7218e-15
243.1 	 1.6887e-15
244.1 	 1.6559e-15
245.1 	 1.6233e-15
246.1 	 1.591e-15
247.1 	 1.5589e-15
248.1 	 1.5272e-15
249.1 	 1.4957e-15
250.1 	 1.4645e-15
251.1 	 1.4336e-15
252.1 	 1.4031e-15
253.1 	 1.3729e-15
254.1 	 1.3431e-15
255.1 	 1.3136e-15
256.1 	 1.2846e-15
257.1 	 1.2559e-15
258.1 	 1.2276e-15
259.1 	 1.1998e-15
260.1 	 1.1724e-15
261.1 	 1.1453e-15
262.1 	 1.1188e-15
263.1 	 1.0927e-15
264.1 	 1.067e-15
265.1 	 1.0418e-15
266.1 	 1.017e-15
267.1 	 9.9275e-16
268.1 	 9.6895e-16
269.1 	 9.4562e-16
270.1 	 9.2278e-16
271.1 	 9.0042e-16
272.1 	 8.7856e-16
273.1 	 8.5718e-16
274.1 	 8.363e-16
275.1 	 8.1592e-16
276.1 	 7.9603e-16
277.1 	 7.7664e-16
278.1 	 7.5775e-16
279.1 	 7.3936e-16
280.1 	 7.2147e-16
281.1 	 7.0407e-16
282.1 	 6.8717e-16
283.1 	 6.7077e-16
284.1 	 6.5486e-16
285.1 	 6.3944e-16
286.1 	 6.2451e-16
287.1 	 6.1007e-16
288.1 	 5.9611e-16
289.1 	 5.8263e-16
290.1 	 5.6962e-16
291.1 	 5.5709e-16
292.1 	 5.4502e-16
293.1 	 5.3342e-16
294.1 	 5.2227e-16
295.1 	 5.1158e-16
296.1 	 5.0133e-16
297.1 	 4.9153e-16
298.1 	 4.8217e-16
299.1 	 4.7323e-16
300.1 	 4.6472e-16
301.1 	 4.5663e-16
302.1 	 4.4895e-16
303.1 	 4.4168e-16
304.1 	 4.348e-16
305.1 	 4.2832e-16
306.1 	 4.2222e-16
307.1 	 4.165e-16
308.1 	 4.1114e-16
309.1 	 4.0616e-16
310.1 	 4.0152e-16
311.1 	 3.9724e-16
312.1 	 3.9329e-16
313.1 	 3.8968e-16
314.1 	 3.8639e-16
315.1 	 3.8341e-16
316.1 	 3.8075e-16
317.1 	 3.7839e-16
318.1 	 3.7632e-16
319.1 	 3.7453e-16
320.1 	 3.7302e-16
321.1 	 3.7178e-16
322.1 	 3.708e-16
323.1 	 3.7007e-16
324.1 	 3.6959e-16
325.1 	 3.6934e-16
326.1 	 3.6933e-16
327.1 	 3.6953e-16
328.1 	 3.6994e-16
329.1 	 3.7056e-16
330.1 	 3.7138e-16
331.1 	 3.7238e-16
332.1 	 3.7357e-16
333.1 	 3.7493e-16
334.1 	 3.7645e-16
335.1 	 3.7814e-16
336.1 	 3.7997e-16
337.1 	 3.8195e-16
338.1 	 3.8406e-16
339.1 	 3.863e-16
340.1 	 3.8867e-16
341.1 	 3.9115e-16
342.1 	 3.9373e-16
343.1 	 3.9642e-16
344.1 	 3.992e-16
345.1 	 4.0207e-16
346.1 	 4.0501e-16
347.1 	 4.0804e-16
348.1 	 4.1113e-16
349.1 	 4.1428e-16
350.1 	 4.1748e-16
351.1 	 4.2074e-16
352.1 	 4.2404e-16
353.1 	 4.2738e-16
354.1 	 4.3075e-16
355.1 	 4.3415e-16
356.1 	 4.3757e-16
357.1 	 4.41e-16
358.1 	 4.4445e-16
359.1 	 4.479e-16
360.1 	 4.5135e-16
361.1 	 4.548e-16
362.1 	 4.5824e-16
363.1 	 4.6167e-16
364.1 	 4.6508e-16
365.1 	 4.6847e-16
366.1 	 4.7183e-16
367.1 	 4.7517e-16
368.1 	 4.7847e-16
369.1 	 4.8173e-16
370.1 	 4.8496e-16
371.1 	 4.8814e-16
372.1 	 4.9127e-16
373.1 	 4.9436e-16
374.1 	 4.9739e-16
375.1 	 5.0036e-16
376.1 	 5.0327e-16
377.1 	 5.0613e-16
378.1 	 5.0891e-16
379.1 	 5.1164e-16
380.1 	 5.1429e-16
381.1 	 5.1687e-16
382.1 	 5.1937e-16
383.1 	 5.2181e-16
384.1 	 5.2416e-16
385.1 	 5.2643e-16
386.1 	 5.2863e-16
387.1 	 5.3074e-16
388.1 	 5.3277e-16
389.1 	 5.3471e-16
390.1 	 5.3657e-16
391.1 	 5.3834e-16
392.1 	 5.4002e-16
393.1 	 5.4161e-16
394.1 	 5.4311e-16
395.1 	 5.4452e-16
396.1 	 5.4584e-16
397.1 	 5.4707e-16
398.1 	 5.482e-16
399.1 	 5.4925e-16
400.1 	 5.502e-16
401.1 	 5.5105e-16
402.1 	 5.5182e-16
403.1 	 5.5248e-16
404.1 	 5.5306e-16
405.1 	 5.5354e-16
406.1 	 5.5393e-16
407.1 	 5.5423e-16
408.1 	 5.5444e-16
409.1 	 5.5455e-16
410.1 	 5.5457e-16
411.1 	 5.545e-16
412.1 	 5.5434e-16
413.1 	 5.5409e-16
414.1 	 5.5375e-16
415.1 	 5.5333e-16
416.1 	 5.5281e-16
417.1 	 5.5221e-16
418.1 	 5.5152e-16
419.1 	 5.5075e-16
420.1 	 5.499e-16
421.1 	 5.4896e-16
422.1 	 5.4794e-16
423.1 	 5.4684e-16
424.1 	 5.4567e-16
425.1 	 5.4441e-16
426.1 	 5.4308e-16
427.1 	 5.4167e-16
428.1 	 5.4019e-16
429.1 	 5.3863e-16
430.1 	 5.3701e-16
431.1 	 5.3531e-16
432.1 	 5.3355e-16
433.1 	 5.3171e-16
434.1 	 5.2982e-16
435.1 	 5.2785e-16
436.1 	 5.2583e-16
437.1 	 5.2374e-16
438.1 	 5.216e-16
439.1 	 5.194e-16
440.1 	 5.1714e-16
441.1 	 5.1482e-16
442.1 	 5.1245e-16
443.1 	 5.1003e-16
444.1 	 5.0756e-16
445.1 	 5.0504e-16
446.1 	 5.0248e-16
447.1 	 4.9987e-16
448.1 	 4.9721e-16
449.1 	 4.9452e-16
450.1 	 4.9178e-16
451.1 	 4.89e-16
452.1 	 4.8619e-16
453.1 	 4.8334e-16
454.1 	 4.8045e-16
455.1 	 4.7753e-16
456.1 	 4.7459e-16
457.1 	 4.7161e-16
458.1 	 4.686e-16
459.1 	 4.6557e-16
460.1 	 4.6251e-16
461.1 	 4.5943e-16
462.1 	 4.5633e-16
463.1 	 4.5321e-16
464.1 	 4.5007e-16
465.1 	 4.4691e-16
466.1 	 4.4373e-16
467.1 	 4.4054e-16
468.1 	 4.3734e-16
469.1 	 4.3412e-16
470.1 	 4.309e-16
471.1 	 4.2767e-16
472.1 	 4.2442e-16
473.1 	 4.2118e-16
474.1 	 4.1792e-16
475.1 	 4.1467e-16
476.1 	 4.1141e-16
477.1 	 4.0815e-16
478.1 	 4.0489e-16
479.1 	 4.0163e-16
480.1 	 3.9837e-16
481.1 	 3.9512e-16
482.1 	 3.9187e-16
483.1 	 3.8863e-16
484.1 	 3.8539e-16
485.1 	 3.8217e-16
486.1 	 3.7895e-16
487.1 	 3.7574e-16
488.1 	 3.7254e-16
489.1 	 3.6936e-16
490.1 	 3.6619e-16
491.1 	 3.6303e-16
492.1 	 3.5989e-16
493.1 	 3.5676e-16
494.1 	 3.5365e-16
495.1 	 3.5056e-16
496.1 	 3.4748e-16
497.1 	 3.4442e-16
498.1 	 3.4139e-16
499.1 	 3.3837e-16
500.1 	 3.3538e-16
501.1 	 3.3241e-16
502.1 	 3.2946e-16
503.1 	 3.2653e-16
504.1 	 3.2363e-16
505.1 	 3.2075e-16
506.1 	 3.1789e-16
507.1 	 3.1507e-16
508.1 	 3.1226e-16
509.1 	 3.0949e-16
510.1 	 3.0674e-16
511.1 	 3.0402e-16
512.1 	 3.0133e-16
513.1 	 2.9866e-16
514.1 	 2.9603e-16
515.1 	 2.9342e-16
516.1 	 2.9085e-16
517.1 	 2.883e-16
518.1 	 2.8578e-16
519.1 	 2.833e-16
520.1 	 2.8084e-16
521.1 	 2.7841e-16
522.1 	 2.7602e-16
523.1 	 2.7366e-16
524.1 	 2.7133e-16
525.1 	 2.6903e-16
526.1 	 2.6676e-16
527.1 	 2.6453e-16
528.1 	 2.6232e-16
529.1 	 2.6015e-16
530.1 	 2.5801e-16
531.1 	 2.559e-16
532.1 	 2.5383e-16
533.1 	 2.5179e-16
534.1 	 2.4978e-16
535.1 	 2.478e-16
536.1 	 2.4586e-16
537.1 	 2.4394e-16
538.1 	 2.4206e-16
539.1 	 2.4022e-16
540.1 	 2.384e-16
541.1 	 2.3662e-16
542.1 	 2.3486e-16
543.1 	 2.3314e-16
544.1 	 2.3145e-16
545.1 	 2.298e-16
546.1 	 2.2817e-16
547.1 	 2.2658e-16
548.1 	 2.2501e-16
549.1 	 2.2348e-16
550.1 	 2.2198e-16
551.1 	 2.2051e-16
552.1 	 2.1906e-16
553.1 	 2.1765e-16
554.1 	 2.1627e-16
555.1 	 2.1492e-16
556.1 	 2.1359e-16
557.1 	 2.123e-16
558.1 	 2.1103e-16
559.1 	 2.098e-16
560.1 	 2.0859e-16
561.1 	 2.074e-16
562.1 	 2.0625e-16
563.1 	 2.0512e-16
564.1 	 2.0402e-16
565.1 	 2.0295e-16
566.1 	 2.019e-16
567.1 	 2.0087e-16
568.1 	 1.9988e-16
569.1 	 1.989e-16
570.1 	 1.9796e-16
571.1 	 1.9703e-16
572.1 	 1.9613e-16
573.1 	 1.9526e-16
574.1 	 1.9441e-16
575.1 	 1.9358e-16
576.1 	 1.9277e-16
577.1 	 1.9198e-16
578.1 	 1.9122e-16
579.1 	 1.9048e-16
580.1 	 1.8976e-16
581.1 	 1.8906e-16
582.1 	 1.8838e-16
583.1 	 1.8772e-16
584.1 	 1.8707e-16
585.1 	 1.8645e-16
586.1 	 1.8585e-16
587.1 	 1.8526e-16
588.1 	 1.8469e-16
589.1 	 1.8414e-16
590.1 	 1.8361e-16
591.1 	 1.8309e-16
592.1 	 1.8259e-16
593.1 	 1.821e-16
594.1 	 1.8163e-16
595.1 	 1.8118e-16
596.1 	 1.8074e-16
597.1 	 1.8031e-16
598.1 	 1.799e-16
599.1 	 1.795e-16
600.1 	 1.7911e-16
601.1 	 1.7874e-16
602.1 	 1.7838e-16
603.1 	 1.7803e-16
604.1 	 1.7769e-16
605.1 	 1.7736e-16
606.1 	 1.7705e-16
607.1 	 1.7674e-16
608.1 	 1.7645e-16
609.1 	 1.7616e-16
610.1 	 1.7588e-16
611.1 	 1.7561e-16
612.1 	 1.7535e-16
613.1 	 1.751e-16
614.1 	 1.7486e-16
615.1 	 1.7462e-16
616.1 	 1.7439e-16
617.1 	 1.7417e-16
618.1 	 1.7395e-16
619.1 	 1.7374e-16
620.1 	 1.7354e-16
621.1 	 1.7334e-16
622.1 	 1.7314e-16
623.1 	 1.7295e-16
624.1 	 1.7277e-16
625.1 	 1.7259e-16
626.1 	 1.7241e-16
627.1 	 1.7224e-16
628.1 	 1.7207e-16
629.1 	 1.719e-16
630.1 	 1.7174e-16
631.1 	 1.7158e-16
632.1 	 1.7142e-16
633.1 	 1.7126e-16
634.1 	 1.7111e-16
635.1 	 1.7095e-16
636.1 	 1.708e-16
637.1 	 1.7065e-16
638.1 	 1.7049e-16
639.1 	 1.7034e-16
640.1 	 1.7019e-16
641.1 	 1.7004e-16
642.1 	 1.6989e-16
643.1 	 1.6973e-16
644.1 	 1.6958e-16
645.1 	 1.6943e-16
646.1 	 1.6927e-16
647.1 	 1.6911e-16
648.1 	 1.6896e-16
649.1 	 1.688e-16
650.1 	 1.6863e-16
651.1 	 1.6847e-16
652.1 	 1.683e-16
653.1 	 1.6813e-16
654.1 	 1.6796e-16
655.1 	 1.6779e-16
656.1 	 1.6761e-16
657.1 	 1.6743e-16
658.1 	 1.6724e-16
659.1 	 1.6705e-16
660.1 	 1.6686e-16
661.1 	 1.6667e-16
662.1 	 1.6647e-16
663.1 	 1.6626e-16
664.1 	 1.6606e-16
665.1 	 1.6585e-16
666.1 	 1.6563e-16
667.1 	 1.6541e-16
668.1 	 1.6518e-16
669.1 	 1.6495e-16
670.1 	 1.6472e-16
671.1 	 1.6448e-16
672.1 	 1.6423e-16
673.1 	 1.6399e-16
674.1 	 1.6373e-16
675.1 	 1.6347e-16
676.1 	 1.632e-16
677.1 	 1.6293e-16
678.1 	 1.6266e-16
679.1 	 1.6238e-16
680.1 	 1.6209e-16
681.1 	 1.618e-16
682.1 	 1.615e-16
683.1 	 1.6119e-16
684.1 	 1.6088e-16
685.1 	 1.6057e-16
686.1 	 1.6025e-16
687.1 	 1.5992e-16
688.1 	 1.5959e-16
689.1 	 1.5925e-16
690.1 	 1.589e-16
691.1 	 1.5855e-16
692.1 	 1.5819e-16
693.1 	 1.5783e-16
694.1 	 1.5746e-16
695.1 	 1.5709e-16
696.1 	 1.567e-16
697.1 	 1.5632e-16
698.1 	 1.5593e-16
699.1 	 1.5553e-16
700.1 	 1.5512e-16
701.1 	 1.5471e-16
702.1 	 1.5429e-16
703.1 	 1.5387e-16
704.1 	 1.5344e-16
705.1 	 1.5301e-16
706.1 	 1.5257e-16
707.1 	 1.5212e-16
708.1 	 1.5167e-16
709.1 	 1.5121e-16
710.1 	 1.5075e-16
711.1 	 1.5028e-16
712.1 	 1.498e-16
713.1 	 1.4932e-16
714.1 	 1.4884e-16
715.1 	 1.4834e-16
716.1 	 1.4785e-16
717.1 	 1.4734e-16
718.1 	 1.4684e-16
719.1 	 1.4632e-16
720.1 	 1.458e-16
721.1 	 1.4528e-16
722.1 	 1.4475e-16
723.1 	 1.4422e-16
724.1 	 1.4368e-16
725.1 	 1.4313e-16
726.1 	 1.4258e-16
727.1 	 1.4203e-16
728.1 	 1.4147e-16
729.1 	 1.4091e-16
730.1 	 1.4034e-16
731.1 	 1.3976e-16
732.1 	 1.3919e-16
733.1 	 1.386e-16
734.1 	 1.3802e-16
735.1 	 1.3743e-16
736.1 	 1.3683e-16
737.1 	 1.3623e-16
738.1 	 1.3563e-16
739.1 	 1.3502e-16
740.1 	 1.3441e-16
741.1 	 1.3379e-16
742.1 	 1.3317e-16
743.1 	 1.3255e-16
744.1 	 1.3192e-16
745.1 	 1.3129e-16
746.1 	 1.3066e-16
747.1 	 1.3002e-16
748.1 	 1.2938e-16
749.1 	 1.2874e-16
750.1 	 1.2809e-16
751.1 	 1.2744e-16
752.1 	 1.2679e-16
753.1 	 1.2613e-16
754.1 	 1.2548e-16
755.1 	 1.2481e-16
756.1 	 1.2415e-16
757.1 	 1.2348e-16
758.1 	 1.2281e-16
759.1 	 1.2214e-16
760.1 	 1.2147e-16
761.1 	 1.2079e-16
762.1 	 1.2011e-16
763.1 	 1.1943e-16
764.1 	 1.1875e-16
765.1 	 1.1807e-16
766.1 	 1.1738e-16
767.1 	 1.1669e-16
768.1 	 1.16e-16
769.1 	 1.1531e-16
770.1 	 1.1462e-16
771.1 	 1.1392e-16
772.1 	 1.1323e-16
773.1 	 1.1253e-16
774.1 	 1.1183e-16
775.1 	 1.1114e-16
776.1 	 1.1044e-16
777.1 	 1.0973e-16
778.1 	 1.0903e-16
779.1 	 1.0833e-16
780.1 	 1.0763e-16
781.1 	 1.0692e-16
782.1 	 1.0622e-16
783.1 	 1.0551e-16
784.1 	 1.0481e-16
785.1 	 1.041e-16
786.1 	 1.034e-16
787.1 	 1.0269e-16
788.1 	 1.0199e-16
789.1 	 1.0128e-16
790.1 	 1.0058e-16
791.1 	 9.987e-17
792.1 	 9.9164e-17
793.1 	 9.8459e-17
794.1 	 9.7755e-17
795.1 	 9.705e-17
796.1 	 9.6346e-17
797.1 	 9.5643e-17
798.1 	 9.4941e-17
799.1 	 9.4239e-17
800.1 	 9.3538e-17
801.1 	 9.2837e-17
802.1 	 9.2138e-17
803.1 	 9.144e-17
804.1 	 9.0742e-17
805.1 	 9.0046e-17
806.1 	 8.9351e-17
807.1 	 8.8657e-17
808.1 	 8.7965e-17
809.1 	 8.7273e-17
810.1 	 8.6584e-17
811.1 	 8.5895e-17
812.1 	 8.5208e-17
813.1 	 8.4523e-17
814.1 	 8.3839e-17
815.1 	 8.3157e-17
816.1 	 8.2477e-17
817.1 	 8.1799e-17
818.1 	 8.1122e-17
819.1 	 8.0448e-17
820.1 	 7.9775e-17
821.1 	 7.9104e-17
822.1 	 7.8435e-17
823.1 	 7.7769e-17
824.1 	 7.7104e-17
825.1 	 7.6442e-17
826.1 	 7.5782e-17
827.1 	 7.5124e-17
828.1 	 7.4469e-17
829.1 	 7.3816e-17
830.1 	 7.3165e-17
831.1 	 7.2517e-17
832.1 	 7.1872e-17
833.1 	 7.1228e-17
834.1 	 7.0588e-17
835.1 	 6.995e-17
836.1 	 6.9315e-17
837.1 	 6.8682e-17
838.1 	 6.8052e-17
839.1 	 6.7425e-17
840.1 	 6.68e-17
841.1 	 6.6179e-17
842.1 	 6.556e-17
843.1 	 6.4944e-17
844.1 	 6.4332e-17
845.1 	 6.3722e-17
846.1 	 6.3115e-17
847.1 	 6.2511e-17
848.1 	 6.191e-17
849.1 	 6.1312e-17
850.1 	 6.0717e-17
851.1 	 6.0125e-17
852.1 	 5.9537e-17
853.1 	 5.8951e-17
854.1 	 5.8369e-17
855.1 	 5.779e-17
856.1 	 5.7214e-17
857.1 	 5.6642e-17
858.1 	 5.6073e-17
859.1 	 5.5507e-17
860.1 	 5.4944e-17
861.1 	 5.4385e-17
862.1 	 5.3828e-17
863.1 	 5.3276e-17
864.1 	 5.2726e-17
865.1 	 5.2181e-17
866.1 	 5.1638e-17
867.1 	 5.1099e-17
868.1 	 5.0563e-17
869.1 	 5.0031e-17
870.1 	 4.9502e-17
871.1 	 4.8977e-17
872.1 	 4.8455e-17
873.1 	 4.7936e-17
874.1 	 4.7422e-17
875.1 	 4.691e-17
876.1 	 4.6402e-17
877.1 	 4.5898e-17
878.1 	 4.5397e-17
879.1 	 4.4899e-17
880.1 	 4.4406e-17
881.1 	 4.3915e-17
882.1 	 4.3428e-17
883.1 	 4.2945e-17
884.1 	 4.2466e-17
885.1 	 4.1989e-17
886.1 	 4.1517e-17
887.1 	 4.1048e-17
888.1 	 4.0582e-17
889.1 	 4.012e-17
890.1 	 3.9662e-17
891.1 	 3.9207e-17
892.1 	 3.8756e-17
893.1 	 3.8308e-17
894.1 	 3.7864e-17
895.1 	 3.7423e-17
896.1 	 3.6986e-17
897.1 	 3.6552e-17
898.1 	 3.6122e-17
899.1 	 3.5695e-17
900.1 	 3.5272e-17
901.1 	 3.4853e-17
902.1 	 3.4437e-17
903.1 	 3.4024e-17
904.1 	 3.3615e-17
905.1 	 3.321e-17
906.1 	 3.2808e-17
907.1 	 3.2409e-17
908.1 	 3.2014e-17
909.1 	 3.1622e-17
910.1 	 3.1234e-17
911.1 	 3.0849e-17
912.1 	 3.0468e-17
913.1 	 3.009e-17
914.1 	 2.9716e-17
915.1 	 2.9344e-17
916.1 	 2.8977e-17
917.1 	 2.8612e-17
918.1 	 2.8251e-17
919.1 	 2.7894e-17
920.1 	 2.7539e-17
921.1 	 2.7188e-17
922.1 	 2.6841e-17
923.1 	 2.6496e-17
924.1 	 2.6155e-17
925.1 	 2.5818e-17
926.1 	 2.5483e-17
927.1 	 2.5152e-17
928.1 	 2.4824e-17
929.1 	 2.4499e-17
930.1 	 2.4177e-17
931.1 	 2.3859e-17
932.1 	 2.3543e-17
933.1 	 2.3231e-17
934.1 	 2.2922e-17
935.1 	 2.2617e-17
936.1 	 2.2314e-17
937.1 	 2.2014e-17
938.1 	 2.1718e-17
939.1 	 2.1424e-17
940.1 	 2.1134e-17
941.1 	 2.0846e-17
942.1 	 2.0562e-17
943.1 	 2.028e-17
944.1 	 2.0002e-17
945.1 	 1.9726e-17
946.1 	 1.9454e-17
947.1 	 1.9184e-17
948.1 	 1.8918e-17
949.1 	 1.8654e-17
950.1 	 1.8393e-17
951.1 	 1.8135e-17
952.1 	 1.7879e-17
953.1 	 1.7627e-17
954.1 	 1.7377e-17
955.1 	 1.713e-17
956.1 	 1.6886e-17
957.1 	 1.6645e-17
958.1 	 1.6406e-17
959.1 	 1.617e-17
960.1 	 1.5937e-17
961.1 	 1.5706e-17
962.1 	 1.5478e-17
963.1 	 1.5253e-17
964.1 	 1.503e-17
965.1 	 1.481e-17
966.1 	 1.4593e-17
967.1 	 1.4377e-17
968.1 	 1.4165e-17
969.1 	 1.3955e-17
970.1 	 1.3747e-17
971.1 	 1.3542e-17
972.1 	 1.334e-17
973.1 	 1.314e-17
974.1 	 1.2942e-17
975.1 	 1.2747e-17
976.1 	 1.2554e-17
977.1 	 1.2363e-17
978.1 	 1.2175e-17
979.1 	 1.1989e-17
980.1 	 1.1805e-17
981.1 	 1.1624e-17
982.1 	 1.1445e-17
983.1 	 1.1268e-17
984.1 	 1.1093e-17
985.1 	 1.0921e-17
986.1 	 1.075e-17
987.1 	 1.0582e-17
988.1 	 1.0416e-17
989.1 	 1.0252e-17
990.1 	 1.009e-17
991.1 	 9.9308e-18
992.1 	 9.7732e-18
993.1 	 9.6176e-18
994.1 	 9.4641e-18
995.1 	 9.3125e-18
996.1 	 9.163e-18
997.1 	 9.0154e-18
998.1 	 8.8698e-18
999.1 	 8.7261e-18