low_edge centre high_edge rate neg_error pos_error bin_error
0.0 2.5 5.0 2756.652099609375 0.24127754812603358 0.24127754812603358 0.5
5.0 7.5 10.0 164.00869750976562 0.5269431473490865 0.5269431473490865 0.5
10.0 12.5 15.0 41.695274353027344 0.41687244117987027 0.41687244117987027 0.5
15.0 17.5 20.0 23.026378631591797 0.1570148583966865 0.1570148583966865 0.5
20.0 22.5 25.0 13.316810607910156 0.07656196884530952 0.07656196884530952 0.5
25.0 27.5 30.0 5.676141738891602 0.050959270929778686 0.050959270929778686 0.5
30.0 32.5 35.0 2.3108267784118652 0.03925822693928961 0.03925822693928961 0.5
35.0 37.5 40.0 1.3779921531677246 0.032006493854080574 0.032006493854080574 0.5
40.0 42.5 45.0 1.1063779592514038 0.027109665617044035 0.027109665617044035 0.5
45.0 47.5 50.0 0.9614960551261902 0.023656503741261905 0.023656503741261905 0.5
50.0 52.5 55.0 0.8629133701324463 0.02111139482322243 0.02111139482322243 0.5
55.0 57.5 60.0 0.7906692624092102 0.01919015728242666 0.01919015728242666 0.5
60.0 62.5 65.0 0.7395275831222534 0.017715704267467193 0.017715704267467193 0.5
65.0 67.5 70.0 0.7003937363624573 0.016494794456327375 0.016494794456327375 0.5
70.0 72.5 75.0 0.6672834753990173 0.015545698226116017 0.015545698226116017 0.5
75.0 77.5 80.0 0.6483858227729797 0.014680763980449454 0.014680763980449454 0.5
80.0 82.5 85.0 0.6533070802688599 0.014056717084105746 0.014056717084105746 0.5
85.0 87.5 90.0 0.6567716598510742 0.0134266399575367 0.0134266399575367 0.5
90.0 92.5 95.0 0.6716929078102112 0.012813070605813295 0.012813070605813295 0.5
95.0 97.5 100.0 0.6541732549667358 0.012205930852233102 0.012205930852233102 0.5
100.0 102.5 105.0 0.6167322993278503 0.01157440140713704 0.01157440140713704 0.5
105.0 107.5 110.0 0.5478740334510803 0.010911550674577662 0.010911550674577662 0.5
110.0 112.5 115.0 0.48291337490081787 0.010256566696235188 0.010256566696235188 0.5
115.0 117.5 120.0 0.4243307113647461 0.009484921187203394 0.009484921187203394 0.5
120.0 122.5 125.0 0.3748031556606293 0.00872320481179964 0.00872320481179964 0.5
125.0 127.5 130.0 0.3397637903690338 0.00795704258057309 0.00795704258057309 0.5
130.0 132.5 135.0 0.3212991952896118 0.007253823490815755 0.007253823490815755 0.5
135.0 137.5 140.0 0.30429133772850037 0.00654254427648535 0.00654254427648535 0.5
140.0 142.5 145.0 0.29047244787216187 0.005939012589963173 0.005939012589963173 0.5
145.0 147.5 150.0 0.2793700695037842 0.005427790427219702 0.005427790427219702 0.5
150.0 152.5 155.0 0.26992127299308777 0.004906592315374928 0.004906592315374928 0.5
155.0 157.5 160.0 0.2613779604434967 0.004533204286140456 0.004533204286140456 0.5
160.0 162.5 165.0 0.24767716228961945 0.004175085012627854 0.004175085012627854 0.5
165.0 167.5 170.0 0.2457086741924286 0.003919646760520832 0.003919646760520832 0.5
170.0 172.5 175.0 0.22972440719604492 0.0036821022685083354 0.0036821022685083354 0.5
175.0 177.5 180.0 0.22381889820098877 0.003538710929837317 0.003538710929837317 0.5
180.0 182.5 185.0 0.216062992811203 0.0033561693234616537 0.0033561693234616537 0.5
185.0 187.5 190.0 0.21425196528434753 0.003283096336911714 0.003283096336911714 0.5
190.0 192.5 195.0 0.2027558982372284 0.003175093724985189 0.003175093724985189 0.5
195.0 197.5 200.0 0.19425196945667267 0.0030992530085067953 0.0030992530085067953 0.5
200.0 202.5 205.0 0.18531495332717896 0.003074649395774714 0.003074649395774714 0.5
205.0 207.5 210.0 0.18539369106292725 0.0030053066505327086 0.0030053066505327086 0.5
210.0 212.5 215.0 0.1711023598909378 0.0029255968823872908 0.0029255968823872908 0.5
215.0 217.5 220.0 0.17401574552059174 0.0029011233743213446 0.0029011233743213446 0.5
220.0 222.5 225.0 0.1723228394985199 0.0028455607873374253 0.0028455607873374253 0.5
225.0 227.5 230.0 0.1607874035835266 0.002844743606220492 0.002844743606220492 0.5
230.0 232.5 235.0 0.1600787341594696 0.002771608804220164 0.002771608804220164 0.5
235.0 237.5 240.0 0.1597244143486023 0.002714823150875482 0.002714823150875482 0.5
240.0 242.5 245.0 0.15137794613838196 0.0027236583553429884 0.0027236583553429884 0.5
245.0 247.5 250.0 0.15653543174266815 0.0027002249133042905 0.0027002249133042905 0.5
250.0 252.5 255.0 0.14944881200790405 0.0026430785027554407 0.0026430785027554407 0.5
255.0 257.5 260.0 0.1483464539051056 0.0026289663031175666 0.0026289663031175666 0.5
260.0 262.5 265.0 0.1404724419116974 0.0026565323476909195 0.0026565323476909195 0.5
265.0 267.5 270.0 0.14216536283493042 0.002570537534315815 0.002570537534315815 0.5
270.0 272.5 275.0 0.13728347420692444 0.0025319582977659095 0.0025319582977659095 0.5
275.0 277.5 280.0 0.13259842991828918 0.0025545083775603676 0.0025545083775603676 0.5
280.0 282.5 285.0 0.13220472633838654 0.002516915308413324 0.002516915308413324 0.5
285.0 287.5 290.0 0.12755905091762543 0.0025061150335180388 0.0025061150335180388 0.5
290.0 292.5 295.0 0.12484252452850342 0.0024668425508378804 0.0024668425508378804 0.5
295.0 297.5 300.0 0.1207086592912674 0.002429487971738821 0.002429487971738821 0.5
300.0 302.5 305.0 0.10901574790477753 0.002443166375448851 0.002443166375448851 0.5
305.0 307.5 310.0 0.10480314493179321 0.0024115579261596146 0.0024115579261596146 0.5
310.0 312.5 315.0 0.09968504309654236 0.0024227797546874704 0.0024227797546874704 0.5
315.0 317.5 320.0 0.09602361917495728 0.002392198036372175 0.002392198036372175 0.5
320.0 322.5 325.0 0.0918503925204277 0.0023954355504214576 0.0023954355504214576 0.5
325.0 327.5 330.0 0.08492126315832138 0.002384085016882312 0.002384085016882312 0.5
330.0 332.5 335.0 0.07937008142471313 0.0023421060972812356 0.0023421060972812356 0.5
335.0 337.5 340.0 0.07775590568780899 0.002359250120721045 0.002359250120721045 0.5
340.0 342.5 345.0 0.07661417126655579 0.0023007087139664535 0.0023007087139664535 0.5
345.0 347.5 350.0 0.07074803113937378 0.0023549758155493195 0.0023549758155493195 0.5
350.0 352.5 355.0 0.06771653890609741 0.002308779041164685 0.002308779041164685 0.5
355.0 357.5 360.0 0.06610236316919327 0.002275985579967659 0.002275985579967659 0.5
360.0 362.5 365.0 0.06137795373797417 0.0022797281404414844 0.0022797281404414844 0.5
365.0 367.5 370.0 0.05724409222602844 0.0023158175070634238 0.0023158175070634238 0.5
370.0 372.5 375.0 0.05488188937306404 0.002280407946074737 0.002280407946074737 0.5
375.0 377.5 380.0 0.0528346449136734 0.0022790481320324888 0.0022790481320324888 0.5
380.0 382.5 385.0 0.04606299102306366 0.0022592388559690667 0.0022592388559690667 0.5
385.0 387.5 390.0 0.04629921168088913 0.0022623240785131717 0.0022623240785131717 0.5
390.0 392.5 395.0 0.0441732257604599 0.0022382158115829757 0.0022382158115829757 0.5
395.0 397.5 400.0 0.04015748202800751 0.0022585526786241678 0.0022585526786241678 0.5
400.0 402.5 405.0 0.03897637873888016 0.0022688235486966785 0.0022688235486966785 0.5
405.0 407.5 410.0 0.03712598606944084 0.002253055736665275 0.002253055736665275 0.5
410.0 412.5 415.0 0.03811023756861687 0.0022427126564765532 0.0022427126564765532 0.5
415.0 417.5 420.0 0.03724409639835358 0.0023067641063449214 0.0023067641063449214 0.5
420.0 422.5 425.0 0.03751968592405319 0.0022684819355729027 0.0022684819355729027 0.5
425.0 427.5 430.0 0.035196851938962936 0.0022878724764988406 0.0022878724764988406 0.5
430.0 432.5 435.0 0.03433070704340935 0.0022797281404414844 0.0022797281404414844 0.5
435.0 437.5 440.0 0.03515747934579849 0.0022821065742030613 0.0022821065742030613 0.5
440.0 442.5 445.0 0.03303149715065956 0.0022684819355729027 0.0022684819355729027 0.5
445.0 447.5 450.0 0.033858269453048706 0.002252023566311038 0.002252023566311038 0.5
450.0 452.5 455.0 0.03145669400691986 0.00230373839973666 0.00230373839973666 0.5
455.0 457.5 460.0 0.03059055097401142 0.0023374689147712437 0.0023374689147712437 0.5
460.0 462.5 465.0 0.03275590389966965 0.0022807477729071242 0.0022807477729071242 0.5
465.0 467.5 470.0 0.031732283532619476 0.0022797281404414844 0.0022797281404414844 0.5
470.0 472.5 475.0 0.030472440645098686 0.002296662915911061 0.002296662915911061 0.5
475.0 477.5 480.0 0.02783464640378952 0.0022814272747166014 0.0022814272747166014 0.5
480.0 482.5 485.0 0.028110235929489136 0.0022976750332936806 0.0022976750332936806 0.5
485.0 487.5 490.0 0.02720472402870655 0.0022571796981455373 0.0022571796981455373 0.5
490.0 492.5 495.0 0.027007874101400375 0.002261638837219696 0.002261638837219696 0.5
495.0 497.5 500.0 0.024330709129571915 0.002249613327112071 0.002249613327112071 0.5
500.0 502.5 505.0 0.026062991470098495 0.002234750542727303 0.002234750542727303 0.5
505.0 507.5 510.0 0.023543307557702065 0.002214545056759879 0.002214545056759879 0.5
510.0 512.5 515.0 0.02350393682718277 0.002213494928641039 0.002213494928641039 0.5
515.0 517.5 520.0 0.021102361381053925 0.0021881406663921657 0.0021881406663921657 0.5
520.0 522.5 525.0 0.02185039408504963 0.0021667854969790574 0.0021667854969790574 0.5
525.0 527.5 530.0 0.01909448765218258 0.002128534486757995 0.002128534486757995 0.5
530.0 532.5 535.0 0.01807086542248726 0.002080290521830379 0.002080290521830379 0.5
535.0 537.5 540.0 0.015590550377964973 0.0020690839910977813 0.0020690839910977813 0.5
540.0 542.5 545.0 0.015314960852265358 0.0020690839910977813 0.0020690839910977813 0.5
545.0 547.5 550.0 0.013937007635831833 0.0020369973732718943 0.0020369973732718943 0.5
550.0 552.5 555.0 0.011259842664003372 0.00201173012457342 0.00201173012457342 0.5
555.0 557.5 560.0 0.012637795880436897 0.0019783219726615927 0.0019783219726615927 0.5
560.0 562.5 565.0 0.010944882407784462 0.0019495147091558973 0.0019495147091558973 0.5
565.0 567.5 570.0 0.008622047491371632 0.0019419468433289012 0.0019419468433289012 0.5
570.0 572.5 575.0 0.007992126047611237 0.001865410667792462 0.001865410667792462 0.5
575.0 577.5 580.0 0.006456692703068256 0.0018753551754038666 0.0018753551754038666 0.5
580.0 582.5 585.0 0.005866141989827156 0.0018318724604932035 0.0018318724604932035 0.5
585.0 587.5 590.0 0.0048031494952738285 0.0017855969244800892 0.0017855969244800892 0.5
590.0 592.5 595.0 0.004527559038251638 0.0018386290439111207 0.0018386290439111207 0.5
595.0 597.5 600.0 0.003897637827321887 0.0018067391977297268 0.0018067391977297268 0.5
600.0 602.5 605.0 0.004015747923403978 0.001732283464566929 0.001732283464566929 0.5
605.0 607.5 610.0 0.002992125926539302 0.0017300450821039236 0.0017300450821039236 0.5
610.0 612.5 615.0 0.002677165437489748 0.001719710997467839 0.001719710997467839 0.5
615.0 617.5 620.0 0.0023228346835821867 0.0017151984969127532 0.0017151984969127532 0.5
620.0 622.5 625.0 0.0022834644187241793 0.0016919975548775037 0.0016919975548775037 0.5
625.0 627.5 630.0 0.001889763749204576 0.0016568208986221112 0.0016568208986221112 0.5
630.0 632.5 635.0 0.0018110235687345266 0.001646027162233612 0.001646027162233612 0.5
635.0 637.5 640.0 0.002125984290614724 0.001644142757308748 0.001644142757308748 0.5
640.0 642.5 645.0 0.0017716535367071629 0.0016151331887217333 0.0016151331887217333 0.5
645.0 647.5 650.0 0.0018503937171772122 0.0016156129550144245 0.0016156129550144245 0.5
650.0 652.5 655.0 0.001614173175767064 0.0016280372541838844 0.0016280372541838844 0.5
655.0 657.5 660.0 0.0011023621773347259 0.0015997046971582712 0.0015997046971582712 0.5
660.0 662.5 665.0 0.001496062963269651 0.0015899858666384781 0.0015899858666384781 0.5
665.0 667.5 670.0 0.0009055117843672633 0.0015748031496062992 0.0015748031496062992 0.5
670.0 672.5 675.0 0.001062992145307362 0.0015594726236486897 0.0015594726236486897 0.5
675.0 677.5 680.0 0.0007086613913998008 0.0015480002560108266 0.0015480002560108266 0.5
680.0 682.5 685.0 0.0007480314816348255 0.0015569858215185187 0.0015569858215185187 0.5
685.0 687.5 690.0 0.0007480314816348255 0.0015594726236486897 0.0015594726236486897 0.5
690.0 692.5 695.0 0.000669291359372437 0.0015424833089889552 0.0015424833089889552 0.5
695.0 697.5 700.0 0.0006299212691374123 0.0015324016107109105 0.0015324016107109105 0.5
700.0 702.5 705.0 0.0007086613913998008 0.0015559899878243703 0.0015559899878243703 0.5
705.0 707.5 710.0 0.0005905511789023876 0.0014903537976966694 0.0014903537976966694 0.5
710.0 712.5 715.0 0.000472440937301144 0.001487230454135756 0.001487230454135756 0.5
715.0 717.5 720.0 0.0005905511789023876 0.001514597170210342 0.001514597170210342 0.5
720.0 722.5 725.0 0.0005511810886673629 0.0015125490324644523 0.0015125490324644523 0.5
725.0 727.5 730.0 0.0005118109984323382 0.001481487222222581 0.001481487222222581 0.5
730.0 732.5 735.0 0.0005118109984323382 0.0014582881242088295 0.0014582881242088295 0.5
735.0 737.5 740.0 0.0003937007859349251 0.001489313410974625 0.001489313410974625 0.5
740.0 742.5 745.0 0.00027559054433368146 0.001506902299921625 0.001506902299921625 0.5
745.0 747.5 750.0 0.00015748031728435308 0.0014793932463036171 0.0014793932463036171 0.5
750.0 752.5 755.0 0.00027559054433368146 0.0014556284682941852 0.0014556284682941852 0.5
755.0 757.5 760.0 0.00019685039296746254 0.001460942938210982 0.001460942938210982 0.5
760.0 762.5 765.0 0.00015748031728435308 0.0014919130174406625 0.0014919130174406625 0.5
765.0 767.5 770.0 7.874015864217654e-05 0.001447084720432213 0.001447084720432213 0.5
770.0 772.5 775.0 0.00023622048320248723 0.0014330924978898658 0.0014330924978898658 0.5
775.0 777.5 780.0 3.937007932108827e-05 0.0014085467574801824 0.0014085467574801824 0.5
780.0 782.5 785.0 0.00023622048320248723 0.0014341736692981876 0.0014341736692981876 0.5
785.0 787.5 790.0 0.00011811024160124362 0.0014598815919479652 0.0014598815919479652 0.5
790.0 792.5 795.0 0.00011811024160124362 0.0014227803936687127 0.0014227803936687127 0.5
795.0 797.5 800.0 0.00011811024160124362 0.001447084720432213 0.001447084720432213 0.5
800.0 802.5 805.0 0.00019685039296746254 0.001401375726815566 0.001401375726815566 0.5
805.0 807.5 810.0 0.00011811024160124362 0.0014309277043611218 0.0014309277043611218 0.5
810.0 812.5 815.0 7.874015864217654e-05 0.0013666578706858095 0.0013666578706858095 0.5
815.0 817.5 820.0 0.00015748031728435308 0.00137907715654622 0.00137907715654622 0.5
820.0 822.5 825.0 7.874015864217654e-05 0.0014035860999981012 0.0014035860999981012 0.5
825.0 827.5 830.0 0.00011811024160124362 0.001418416026350537 0.001418416026350537 0.5
830.0 832.5 835.0 0.00019685039296746254 0.0013768274370114734 0.0013768274370114734 0.5
835.0 837.5 840.0 3.937007932108827e-05 0.001363251156943369 0.001363251156943369 0.5
840.0 842.5 845.0 7.874015864217654e-05 0.001396389594564425 0.001396389594564425 0.5
845.0 847.5 850.0 3.937007932108827e-05 0.001399161861725737 0.001399161861725737 0.5
850.0 852.5 855.0 0.0 0.0013586955847824723 0.0013586955847824723 0.5
855.0 857.5 860.0 7.874015864217654e-05 0.0013449362876014742 0.0013449362876014742 0.5
860.0 862.5 865.0 7.874015864217654e-05 0.0013558405793482333 0.0013558405793482333 0.5
865.0 867.5 870.0 0.00015748031728435308 0.001348389274767221 0.001348389274767221 0.5
870.0 872.5 875.0 3.937007932108827e-05 0.0013163979131732668 0.0013163979131732668 0.5
875.0 877.5 880.0 3.937007932108827e-05 0.0013327803842370675 0.0013327803842370675 0.5
880.0 882.5 885.0 3.937007932108827e-05 0.0013345237209982908 0.0013345237209982908 0.5
885.0 887.5 890.0 0.00015748031728435308 0.001351833441999165 0.001351833441999165 0.5
890.0 892.5 895.0 3.937007932108827e-05 0.0013158090525250711 0.0013158090525250711 0.5
895.0 897.5 900.0 0.000118110234325286 0.001302191764452065 0.001302191764452065 0.5
900.0 902.5 905.0 0.0 0.001287828916046939 0.001287828916046939 0.5
905.0 907.5 910.0 3.937007932108827e-05 0.0013251994235989632 0.0013251994235989632 0.5
910.0 912.5 915.0 0.00019685039296746254 0.0013246144756898206 0.0013246144756898206 0.5
915.0 917.5 920.0 7.874015864217654e-05 0.001306944304936837 0.001306944304936837 0.5
920.0 922.5 925.0 7.874015864217654e-05 0.0012763437068856163 0.0012763437068856163 0.5
925.0 927.5 930.0 3.937007932108827e-05 0.0013181629167545832 0.0013181629167545832 0.5
930.0 932.5 935.0 0.00015748031728435308 0.0013075371579067414 0.0013075371579067414 0.5
935.0 937.5 940.0 3.937007932108827e-05 0.0013163979131732668 0.0013163979131732668 0.5
940.0 942.5 945.0 7.874015864217654e-05 0.0012992125984251969 0.0012992125984251969 0.5
945.0 947.5 950.0 0.00011811024160124362 0.0012518199287861926 0.0012518199287861926 0.5
950.0 952.5 955.0 7.874015864217654e-05 0.0012665911765468829 0.0012665911765468829 0.5
955.0 957.5 960.0 7.874015864217654e-05 0.0012938328130043294 0.0012938328130043294 0.5
960.0 962.5 965.0 0.0 0.0012424987274062599 0.0012424987274062599 0.5
965.0 967.5 970.0 3.937007932108827e-05 0.0012623007513292439 0.0012623007513292439 0.5
970.0 972.5 975.0 0.0 0.0012518199287861926 0.0012518199287861926 0.5
975.0 977.5 980.0 7.874015864217654e-05 0.001252438875636761 0.001252438875636761 0.5
980.0 982.5 985.0 3.937007932108827e-05 0.0012349911134927655 0.0012349911134927655 0.5
985.0 987.5 990.0 3.937007932108827e-05 0.0012268060197545576 0.0012268060197545576 0.5
990.0 992.5 995.0 0.00015748031728435308 0.0012530575167590194 0.0012530575167590194 0.5
995.0 997.5 1000.0 0.0 0.0012160193079905905 0.0012160193079905905 0.5
1000.0 1002.5 1005.0 0.0 0.001233735402834047 0.001233735402834047 0.5
1005.0 1007.5 1010.0 3.937007932108827e-05 0.0012019163403522637 0.0012019163403522637 0.5
1010.0 1012.5 1015.0 0.0 0.0012038492008992641 0.0012038492008992641 0.5
1015.0 1017.5 1020.0 3.937007932108827e-05 0.0011960990181860876 0.0011960990181860876 0.5
1020.0 1022.5 1025.0 7.874015864217654e-05 0.0012038492008992641 0.0012038492008992641 0.5
1025.0 1027.5 1030.0 0.0 0.0011980412641498376 0.0011980412641498376 0.5
1030.0 1032.5 1035.0 0.0 0.0011705565942770476 0.0011705565942770476 0.5
1035.0 1037.5 1040.0 3.937007932108827e-05 0.001235618490273639 0.001235618490273639 0.5
1040.0 1042.5 1045.0 7.874015864217654e-05 0.001244368553486544 0.001244368553486544 0.5
1045.0 1047.5 1050.0 0.0 0.0011909042096263128 0.0011909042096263128 0.5
1050.0 1052.5 1055.0 7.874015864217654e-05 0.0011403738864535621 0.0011403738864535621 0.5
1055.0 1057.5 1060.0 7.874015864217654e-05 0.00115186919986833 0.00115186919986833 0.5
1060.0 1062.5 1065.0 3.937007932108827e-05 0.0011817583480160342 0.0011817583480160342 0.5
1065.0 1067.5 1070.0 0.0 0.0011869931835969555 0.0011869931835969555 0.5
1070.0 1072.5 1075.0 0.0 0.0011417322834645668 0.0011417322834645668 0.5
1075.0 1077.5 1080.0 3.937007932108827e-05 0.0011692316854265746 0.0011692316854265746 0.5
1080.0 1082.5 1085.0 0.0 0.0011922050338367496 0.0011922050338367496 0.5
1085.0 1087.5 1090.0 0.0 0.0011765002202743255 0.0011765002202743255 0.5
1090.0 1092.5 1095.0 0.0 0.0011464739983118926 0.0011464739983118926 0.5
1095.0 1097.5 1100.0 7.874015864217654e-05 0.001167905273558372 0.001167905273558372 0.5
1100.0 1102.5 1105.0 3.937007932108827e-05 0.0011725411505382228 0.0011725411505382228 0.5
1105.0 1107.5 1110.0 7.874015864217654e-05 0.0011558990752679682 0.0011558990752679682 0.5
1110.0 1112.5 1115.0 3.937007932108827e-05 0.0011791322151080265 0.0011791322151080265 0.5
1115.0 1117.5 1120.0 0.0 0.001154557346347652 0.001154557346347652 0.5
1120.0 1122.5 1125.0 0.0 0.0011619176821554098 0.0011619176821554098 0.5
1125.0 1127.5 1130.0 0.0 0.0011191079057914879 0.0011191079057914879 0.5
1130.0 1132.5 1135.0 3.937007932108827e-05 0.0011266998441932428 0.0011266998441932428 0.5
1135.0 1137.5 1140.0 0.0 0.0011142497400066854 0.0011142497400066854 0.5
1140.0 1142.5 1145.0 7.874015864217654e-05 0.0011253233014138937 0.0011253233014138937 0.5
1145.0 1147.5 1150.0 7.874015864217654e-05 0.0011403738864535621 0.0011403738864535621 0.5
1150.0 1152.5 1155.0 3.937007932108827e-05 0.0011211835327478853 0.0011211835327478853 0.5
1155.0 1157.5 1160.0 7.874015864217654e-05 0.0011121611725846878 0.0011121611725846878 0.5
1160.0 1162.5 1165.0 0.0 0.0011552284056000953 0.0011552284056000953 0.5
1165.0 1167.5 1170.0 0.0 0.0011211835327478853 0.0011211835327478853 0.5
1170.0 1172.5 1175.0 7.874015864217654e-05 0.001103065017804874 0.001103065017804874 0.5
1175.0 1177.5 1180.0 7.874015864217654e-05 0.0011072725283799395 0.0011072725283799395 0.5
1180.0 1182.5 1185.0 0.0 0.0011451212261613375 0.0011451212261613375 0.5
1185.0 1187.5 1190.0 3.937007932108827e-05 0.0011184151741214009 0.0011184151741214009 0.5
1190.0 1192.5 1195.0 7.874015864217654e-05 0.0011328735881841068 0.0011328735881841068 0.5
1195.0 1197.5 1200.0 0.0 0.001103065017804874 0.001103065017804874 0.5
1200.0 1202.5 1205.0 3.937007932108827e-05 0.0010953092711215398 0.0010953092711215398 0.5
1205.0 1207.5 1210.0 3.937007932108827e-05 0.0010953092711215398 0.0010953092711215398 0.5
1210.0 1212.5 1215.0 0.00011811024160124362 0.0011023622047244095 0.0011023622047244095 0.5
1215.0 1217.5 1220.0 0.0 0.0010853581694559228 0.0010853581694559228 0.5
1220.0 1222.5 1225.0 3.937007932108827e-05 0.0010803482467726176 0.0010803482467726176 0.5
1225.0 1227.5 1230.0 3.937007932108827e-05 0.0011294478966756734 0.0011294478966756734 0.5
1230.0 1232.5 1235.0 3.937007932108827e-05 0.0011246343981957242 0.0011246343981957242 0.5
1235.0 1237.5 1240.0 0.0 0.001119800208923456 0.001119800208923456 0.5
1240.0 1242.5 1245.0 0.0 0.0010695336777327656 0.0010695336777327656 0.5
1245.0 1247.5 1250.0 3.937007932108827e-05 0.0011065723876027714 0.0011065723876027714 0.5
1250.0 1252.5 1255.0 0.0 0.0010853581694559228 0.0010853581694559228 0.5
1255.0 1257.5 1260.0 7.874015864217654e-05 0.0010882106268571064 0.0010882106268571064 0.5
1260.0 1262.5 1265.0 0.0 0.0010738725745658153 0.0010738725745658153 0.5
1265.0 1267.5 1270.0 0.0 0.0010938932275157327 0.0010938932275157327 0.5
1270.0 1272.5 1275.0 0.0 0.0010824981956588599 0.0010824981956588599 0.5
1275.0 1277.5 1280.0 0.0 0.0010810653714760615 0.0010810653714760615 0.5
1280.0 1282.5 1285.0 3.937007932108827e-05 0.0010709819298216885 0.0010709819298216885 0.5
1285.0 1287.5 1290.0 3.937007932108827e-05 0.001089634055362051 0.001089634055362051 0.5
1290.0 1292.5 1295.0 0.0 0.0010981358803922325 0.0010981358803922325 0.5
1295.0 1297.5 1300.0 0.0 0.0010637209516619129 0.0010637209516619129 0.5
1300.0 1302.5 1305.0 0.0 0.0010774749750711817 0.0010774749750711817 0.5
1305.0 1307.5 1310.0 7.874015864217654e-05 0.0010468295905754592 0.0010468295905754592 0.5
1310.0 1312.5 1315.0 0.0 0.0010556761951017262 0.0010556761951017262 0.5
1315.0 1317.5 1320.0 0.0 0.0010296611677655134 0.0010296611677655134 0.5
1320.0 1322.5 1325.0 7.874015864217654e-05 0.0010483092091097912 0.0010483092091097912 0.5
1325.0 1327.5 1330.0 0.0 0.001065177106966038 0.001065177106966038 0.5
1330.0 1332.5 1335.0 0.0 0.0010874982139317427 0.0010874982139317427 0.5
1335.0 1337.5 1340.0 0.0 0.0010379075847609502 0.0010379075847609502 0.5
1340.0 1342.5 1345.0 0.0 0.0010637209516619129 0.0010637209516619129 0.5
1345.0 1347.5 1350.0 7.874015864217654e-05 0.0010349164904011744 0.0010349164904011744 0.5
1350.0 1352.5 1355.0 0.0 0.0010319167261481224 0.0010319167261481224 0.5
1355.0 1357.5 1360.0 0.0 0.0010356650738555832 0.0010356650738555832 0.5
1360.0 1362.5 1365.0 0.0 0.0010379075847609502 0.0010379075847609502 0.5
1365.0 1367.5 1370.0 0.0 0.0010468295905754592 0.0010468295905754592 0.5
1370.0 1372.5 1375.0 0.0 0.001046088996502868 0.001046088996502868 0.5
1375.0 1377.5 1380.0 3.937007932108827e-05 0.0010468295905754592 0.0010468295905754592 0.5
1380.0 1382.5 1385.0 0.0 0.0010137317472113175 0.0010137317472113175 0.5
1385.0 1387.5 1390.0 0.0 0.0010228646501391008 0.0010228646501391008 0.5
1390.0 1392.5 1395.0 0.0 0.0010213481709506179 0.0010213481709506179 0.5
1395.0 1397.5 1400.0 0.0 0.0010037439987387372 0.0010037439987387372 0.5
1400.0 1402.5 1405.0 3.937007932108827e-05 0.0010228646501391008 0.0010228646501391008 0.5
1405.0 1407.5 1410.0 3.937007932108827e-05 0.0010228646501391008 0.0010228646501391008 0.5
1410.0 1412.5 1415.0 3.937007932108827e-05 0.0010304135691576693 0.0010304135691576693 0.5
1415.0 1417.5 1420.0 0.0 0.0010091343006280549 0.0010091343006280549 0.5
1420.0 1422.5 1425.0 0.00011811024160124362 0.0010160226693357434 0.0010160226693357434 0.5
1425.0 1427.5 1430.0 3.937007932108827e-05 0.0009707738587352718 0.0009707738587352718 0.5
1430.0 1432.5 1435.0 0.0 0.001019069220909038 0.001019069220909038 0.5
1435.0 1437.5 1440.0 0.0 0.00101678516300354 0.00101678516300354 0.5
1440.0 1442.5 1445.0 3.937007932108827e-05 0.0010068277049247575 0.0010068277049247575 0.5
1445.0 1447.5 1450.0 0.0 0.0009967707796198553 0.0009967707796198553 0.5
1450.0 1452.5 1455.0 3.937007932108827e-05 0.000984251968503937 0.000984251968503937 0.5
1455.0 1457.5 1460.0 0.0 0.0009959929638325604 0.0009959929638325604 0.5
1460.0 1462.5 1465.0 0.0 0.0010060576645024124 0.0010060576645024124 0.5
1465.0 1467.5 1470.0 3.937007932108827e-05 0.0009920947376656811 0.0009920947376656811 0.5
1470.0 1472.5 1475.0 0.0 0.0009787246373744924 0.0009787246373744924 0.5
1475.0 1477.5 1480.0 0.0 0.0009826759034920224 0.0009826759034920224 0.5
1480.0 1482.5 1485.0 0.0 0.0009595320950357433 0.0009595320950357433 0.5
1485.0 1487.5 1490.0 0.0 0.0009920947376656811 0.0009920947376656811 0.5
1490.0 1492.5 1495.0 3.937007932108827e-05 0.000981097306643867 0.000981097306643867 0.5
1495.0 1497.5 1500.0 0.0 0.0009587240678650331 0.0009587240678650331 0.5
1500.0 1502.5 1505.0 3.937007932108827e-05 0.0009522351671218759 0.0009522351671218759 0.5
1505.0 1507.5 1510.0 0.0 0.000927497558219665 0.000927497558219665 0.5
1510.0 1512.5 1515.0 0.0 0.0009481570534482121 0.0009481570534482121 0.5
1515.0 1517.5 1520.0 3.937007932108827e-05 0.0009063672782064046 0.0009063672782064046 0.5
1520.0 1522.5 1525.0 3.937007932108827e-05 0.0008969122637712218 0.0008969122637712218 0.5
1525.0 1527.5 1530.0 0.0 0.0009266615981054976 0.0009266615981054976 0.5
1530.0 1532.5 1535.0 0.0 0.0008917127285752854 0.0008917127285752854 0.5
1535.0 1537.5 1540.0 0.0 0.0008899727996423083 0.0008899727996423083 0.5
1540.0 1542.5 1545.0 3.937007932108827e-05 0.00092582488317361 0.00092582488317361 0.5
1545.0 1547.5 1550.0 3.937007932108827e-05 0.0009072219387246388 0.0009072219387246388 0.5
1550.0 1552.5 1555.0 0.0 0.0008829787988978662 0.0008829787988978662 0.5
1555.0 1557.5 1560.0 0.0 0.0008882294624156282 0.0008882294624156282 0.5
1560.0 1562.5 1565.0 0.0 0.0008951824410159112 0.0008951824410159112 0.5
1565.0 1567.5 1570.0 0.0 0.0008714938433534903 0.0008714938433534903 0.5
1570.0 1572.5 1575.0 0.0 0.0008917127285752854 0.0008917127285752854 0.5
1575.0 1577.5 1580.0 3.937007932108827e-05 0.0008425564787020747 0.0008425564787020747 0.5
1580.0 1582.5 1585.0 0.0 0.0008643503307126043 0.0008643503307126043 0.5
1585.0 1587.5 1590.0 0.0 0.0009182601409205198 0.0009182601409205198 0.5
1590.0 1592.5 1595.0 0.0 0.0008750437311375145 0.0008750437311375145 0.5
1595.0 1597.5 1600.0 3.937007932108827e-05 0.000845311439117476 0.000845311439117476 0.5
1600.0 1602.5 1605.0 0.0 0.0008607563428769861 0.0008607563428769861 0.5
1605.0 1607.5 1610.0 0.0 0.000845311439117476 0.000845311439117476 0.5
1610.0 1612.5 1615.0 0.0 0.0008571472857117024 0.0008571472857117024 0.5
1615.0 1617.5 1620.0 0.0 0.0008286442984192594 0.0008286442984192594 0.5
1620.0 1622.5 1625.0 0.0 0.0008598554987339195 0.0008598554987339195 0.5
1625.0 1627.5 1630.0 0.0 0.0007971833358786058 0.0007971833358786058 0.5
1630.0 1632.5 1635.0 0.0 0.0008239547061596988 0.0008239547061596988 0.5
1635.0 1637.5 1640.0 0.0 0.000848970813104245 0.000848970813104245 0.5
1640.0 1642.5 1645.0 0.0 0.0008068465170046927 0.0008068465170046927 0.5
1645.0 1647.5 1650.0 0.0 0.0008106795386603938 0.0008106795386603938 0.5
1650.0 1652.5 1655.0 0.0 0.0007883852123819207 0.0007883852123819207 0.5
1655.0 1657.5 1660.0 0.0 0.000826771653543307 0.000826771653543307 0.5
1660.0 1662.5 1665.0 0.0 0.0007613810868430596 0.0007613810868430596 0.5
1665.0 1667.5 1670.0 0.0 0.0007981549186107595 0.0007981549186107595 0.5
1670.0 1672.5 1675.0 0.0 0.000776499327689607 0.000776499327689607 0.5
1675.0 1677.5 1680.0 3.937007932108827e-05 0.0008507945978336343 0.0008507945978336343 0.5
1680.0 1682.5 1685.0 0.0 0.0007745006131065355 0.0007745006131065355 0.5
1685.0 1687.5 1690.0 0.0 0.0007396966231518086 0.0007396966231518086 0.5
1690.0 1692.5 1695.0 0.0 0.0007844432616209163 0.0007844432616209163 0.5
1695.0 1697.5 1700.0 0.0 0.0007583212710337882 0.0007583212710337882 0.5
1700.0 1702.5 1705.0 3.937007932108827e-05 0.0007834546748871023 0.0007834546748871023 0.5
1705.0 1707.5 1710.0 0.0 0.000776499327689607 0.000776499327689607 0.5
1710.0 1712.5 1715.0 0.0 0.0007583212710337882 0.0007583212710337882 0.5
1715.0 1717.5 1720.0 0.0 0.0007784929107592593 0.0007784929107592593 0.5
1720.0 1722.5 1725.0 0.0 0.0007864167069070149 0.0007864167069070149 0.5
1725.0 1727.5 1730.0 0.0 0.0007469947228744203 0.0007469947228744203 0.5
1730.0 1732.5 1735.0 0.0 0.0007480314960629921 0.0007480314960629921 0.5
1735.0 1737.5 1740.0 0.0 0.000749066834269309 0.000749066834269309 0.5
1740.0 1742.5 1745.0 0.0 0.0007784929107592593 0.0007784929107592593 0.5
1745.0 1747.5 1750.0 0.0 0.0007075669588823397 0.0007075669588823397 0.5
1750.0 1752.5 1755.0 0.0 0.0007375981887872123 0.0007375981887872123 0.5
1755.0 1757.5 1760.0 0.0 0.0007323257967613493 0.0007323257967613493 0.5
1760.0 1762.5 1765.0 0.0 0.0007259483824640069 0.0007259483824640069 0.5
1765.0 1767.5 1770.0 3.937007932108827e-05 0.0007162758030968602 0.0007162758030968602 0.5
1770.0 1772.5 1775.0 0.0 0.000738648151153296 0.000738648151153296 0.5
1775.0 1777.5 1780.0 0.0 0.0007365467296799097 0.0007365467296799097 0.5
1780.0 1782.5 1785.0 0.0 0.0007259483824640069 0.0007259483824640069 0.5
1785.0 1787.5 1790.0 0.0 0.0007259483824640069 0.0007259483824640069 0.5
1790.0 1792.5 1795.0 0.0 0.0007184365193265614 0.0007184365193265614 0.5
1795.0 1797.5 1800.0 0.0 0.0006998578281350857 0.0006998578281350857 0.5
1800.0 1802.5 1805.0 0.0 0.0007064708049183606 0.0007064708049183606 0.5
1805.0 1807.5 1810.0 0.0 0.0007119346976387844 0.0007119346976387844 0.5
1810.0 1812.5 1815.0 7.874015864217654e-05 0.0006886951056903898 0.0006886951056903898 0.5
1815.0 1817.5 1820.0 7.874015864217654e-05 0.0007108452789475507 0.0007108452789475507 0.5
1820.0 1822.5 1825.0 0.0 0.0006564303937217743 0.0006564303937217743 0.5
1825.0 1827.5 1830.0 0.0 0.0006716032326469284 0.0006716032326469284 0.5
1830.0 1832.5 1835.0 3.937007932108827e-05 0.0006599627800881972 0.0006599627800881972 0.5
1835.0 1837.5 1840.0 3.937007932108827e-05 0.0006739071956151059 0.0006739071956151059 0.5
1840.0 1842.5 1845.0 0.0 0.0006564303937217743 0.0006564303937217743 0.5
1845.0 1847.5 1850.0 0.0 0.0006942989011239527 0.0006942989011239527 0.5
1850.0 1852.5 1855.0 0.0 0.0006739071956151059 0.0006739071956151059 0.5
1855.0 1857.5 1860.0 0.0 0.0006669714309487172 0.0006669714309487172 0.5
1860.0 1862.5 1865.0 0.0 0.0006457173018447529 0.0006457173018447529 0.5
1865.0 1867.5 1870.0 3.937007932108827e-05 0.0006516907620963326 0.0006516907620963326 0.5
1870.0 1872.5 1875.0 0.0 0.0006481132926438711 0.0006481132926438711 0.5
1875.0 1877.5 1880.0 0.0 0.0006623072378449103 0.0006623072378449103 0.5
1880.0 1882.5 1885.0 0.0 0.000623739351092711 0.000623739351092711 0.5
1885.0 1887.5 1890.0 0.0 0.0006727562004187033 0.0006727562004187033 0.5
1890.0 1892.5 1895.0 0.0 0.0006311503756646219 0.0006311503756646219 0.5
1895.0 1897.5 1900.0 0.0 0.0006336014543083103 0.0006336014543083103 0.5
1900.0 1902.5 1905.0 3.937007932108827e-05 0.0005983733918728607 0.0005983733918728607 0.5
1905.0 1907.5 1910.0 0.0 0.0006009581701761318 0.0006009581701761318 0.5
1910.0 1912.5 1915.0 3.937007932108827e-05 0.0006048146258164258 0.0006048146258164258 0.5
1915.0 1917.5 1920.0 0.0 0.000612454692366301 0.000612454692366301 0.5
1920.0 1922.5 1925.0 0.0 0.0005944751523835236 0.0005944751523835236 0.5
1925.0 1927.5 1930.0 0.0 0.0005905511811023622 0.0005905511811023622 0.5
1930.0 1932.5 1935.0 3.937007932108827e-05 0.000623739351092711 0.000623739351092711 0.5
1935.0 1937.5 1940.0 0.0 0.0005957773996228959 0.0005957773996228959 0.5
1940.0 1942.5 1945.0 0.0 0.0005826239601160922 0.0005826239601160922 0.5
1945.0 1947.5 1950.0 3.937007932108827e-05 0.0006249806246609268 0.0006249806246609268 0.5
1950.0 1952.5 1955.0 3.937007932108827e-05 0.0006445159662891692 0.0006445159662891692 0.5
1955.0 1957.5 1960.0 0.0 0.0005636937426486753 0.0005636937426486753 0.5
1960.0 1962.5 1965.0 0.0 0.0005525853877015039 0.0005525853877015039 0.5
1965.0 1967.5 1970.0 0.0 0.0005718834270210217 0.0005718834270210217 0.5
1970.0 1972.5 1975.0 0.0 0.0006111879801677174 0.0006111879801677174 0.5
1975.0 1977.5 1980.0 0.0 0.000583952636779186 0.000583952636779186 0.5
1980.0 1982.5 1985.0 0.0 0.0005553833062860585 0.0005553833062860585 0.5
1985.0 1987.5 1990.0 0.0 0.0005745873826506466 0.0005745873826506466 0.5
1990.0 1992.5 1995.0 0.0 0.0005595539528957439 0.0005595539528957439 0.5
1995.0 1997.5 2000.0 3.937007932108827e-05 0.0005369362872829077 0.0005369362872829077 0.5
2000.0 2002.5 2005.0 0.0 0.0005636937426486753 0.0005636937426486753 0.5
2005.0 2007.5 2010.0 0.0 0.0005497732300696434 0.0005497732300696434 0.5
2010.0 2012.5 2015.0 0.0 0.0005799574749077258 0.0005799574749077258 0.5
2015.0 2017.5 2020.0 0.0 0.0005705266435507653 0.0005705266435507653 0.5
2020.0 2022.5 2025.0 0.0 0.0005026435171182561 0.0005026435171182561 0.5
2025.0 2027.5 2030.0 0.0 0.0005102945431817213 0.0005102945431817213 0.5
2030.0 2032.5 2035.0 0.0 0.0005469466137578663 0.0005469466137578663 0.5
2035.0 2037.5 2040.0 0.0 0.0005354909649108443 0.0005354909649108443 0.5
2040.0 2042.5 2045.0 0.0 0.0005398153228662239 0.0005398153228662239 0.5
2045.0 2047.5 2050.0 0.0 0.0005691666257795654 0.0005691666257795654 0.5
2050.0 2052.5 2055.0 0.0 0.0005208171872174391 0.0005208171872174391 0.5
2055.0 2057.5 2060.0 0.0 0.0005525853877015039 0.0005525853877015039 0.5
2060.0 2062.5 2065.0 0.0 0.0005369362872829077 0.0005369362872829077 0.5
2065.0 2067.5 2070.0 0.0 0.0005705266435507653 0.0005705266435507653 0.5
2070.0 2072.5 2075.0 0.0 0.0005567769930602736 0.0005567769930602736 0.5
2075.0 2077.5 2080.0 0.0 0.0005511811023622047 0.0005511811023622047 0.5
2080.0 2082.5 2085.0 3.937007932108827e-05 0.0005525853877015039 0.0005525853877015039 0.5
2085.0 2087.5 2090.0 3.937007932108827e-05 0.0005252623647293832 0.0005252623647293832 0.5
2090.0 2092.5 2095.0 0.0 0.0005525853877015039 0.0005525853877015039 0.5
2095.0 2097.5 2100.0 0.0 0.0005252623647293832 0.0005252623647293832 0.5
2100.0 2102.5 2105.0 0.0 0.0005282050340550685 0.0005282050340550685 0.5
2105.0 2107.5 2110.0 3.937007932108827e-05 0.0005497732300696434 0.0005497732300696434 0.5
2110.0 2112.5 2115.0 0.0 0.0005678033504667699 0.0005678033504667699 0.5
2115.0 2117.5 2120.0 0.0 0.0005553833062860585 0.0005553833062860585 0.5
2120.0 2122.5 2125.0 0.0 0.0005148305838827567 0.0005148305838827567 0.5
2125.0 2127.5 2130.0 0.0 0.0005163337420710237 0.0005163337420710237 0.5
2130.0 2132.5 2135.0 0.0 0.0005398153228662239 0.0005398153228662239 0.5
2135.0 2137.5 2140.0 0.0 0.0005026435171182561 0.0005026435171182561 0.5
2140.0 2142.5 2145.0 3.937007932108827e-05 0.0004995502968680913 0.0004995502968680913 0.5
2145.0 2147.5 2150.0 0.0 0.0005705266435507653 0.0005705266435507653 0.5
2150.0 2152.5 2155.0 0.0 0.0005133230240317046 0.0005133230240317046 0.5
2155.0 2157.5 2160.0 0.0 0.0005340417309547455 0.0005340417309547455 0.5
2160.0 2162.5 2165.0 0.0 0.0005057178180576823 0.0005057178180576823 0.5
2165.0 2167.5 2170.0 0.0 0.0005118110236220473 0.0005118110236220473 0.5
2170.0 2172.5 2175.0 0.0 0.0005340417309547455 0.0005340417309547455 0.5
2175.0 2177.5 2180.0 0.0 0.000532588553483019 0.000532588553483019 0.5
2180.0 2182.5 2185.0 0.0 0.0005497732300696434 0.0005497732300696434 0.5
2185.0 2187.5 2190.0 0.0 0.0005208171872174391 0.0005208171872174391 0.5
2190.0 2192.5 2195.0 0.0 0.0005252623647293832 0.0005252623647293832 0.5
2195.0 2197.5 2200.0 0.0 0.0005010992937542463 0.0005010992937542463 0.5
2200.0 2202.5 2205.0 0.0 0.000507247981367131 0.000507247981367131 0.5
2205.0 2207.5 2210.0 0.0 0.0004979964819162802 0.0004979964819162802 0.5
2210.0 2212.5 2215.0 0.0 0.0005223031165914016 0.0005223031165914016 0.5
2215.0 2217.5 2220.0 0.0 0.000529670238073768 0.000529670238073768 0.5
2220.0 2222.5 2225.0 0.0 0.0004917321258581415 0.0004917321258581415 0.5
2225.0 2227.5 2230.0 0.0 0.0005398153228662239 0.0005398153228662239 0.5
2230.0 2232.5 2235.0 0.0 0.0005087735426503971 0.0005087735426503971 0.5
2235.0 2237.5 2240.0 0.0 0.0004869809794036607 0.0004869809794036607 0.5
2240.0 2242.5 2245.0 0.0 0.0005133230240317046 0.0005133230240317046 0.5
2245.0 2247.5 2250.0 0.0 0.0005311314001272457 0.0005311314001272457 0.5
2250.0 2252.5 2255.0 0.0 0.0004740785267241061 0.0004740785267241061 0.5
2255.0 2257.5 2260.0 0.0 0.0005223031165914016 0.0005223031165914016 0.5
2260.0 2262.5 2265.0 3.937007932108827e-05 0.0004901535274798713 0.0004901535274798713 0.5
2265.0 2267.5 2270.0 0.0 0.0004869809794036607 0.0004869809794036607 0.5
2270.0 2272.5 2275.0 3.937007932108827e-05 0.0005133230240317046 0.0005133230240317046 0.5
2275.0 2277.5 2280.0 0.0 0.0005010992937542463 0.0005010992937542463 0.5
2280.0 2282.5 2285.0 0.0 0.0004789576795510409 0.0004789576795510409 0.5
2285.0 2287.5 2290.0 0.0 0.0005118110236220473 0.0005118110236220473 0.5
2290.0 2292.5 2295.0 0.0 0.00048218302023290906 0.00048218302023290906 0.5
2295.0 2297.5 2300.0 0.0 0.0004789576795510409 0.0004789576795510409 0.5
2300.0 2302.5 2305.0 0.0 0.0005426790847279614 0.0005426790847279614 0.5
2305.0 2307.5 2310.0 0.0 0.00047079766705123615 0.00047079766705123615 0.5
2310.0 2312.5 2315.0 0.0 0.0004979964819162802 0.0004979964819162802 0.5
2315.0 2317.5 2320.0 0.0 0.0005282050340550685 0.0005282050340550685 0.5
2320.0 2322.5 2325.0 0.0 0.0004964378036582083 0.0004964378036582083 0.5
2325.0 2327.5 2330.0 0.0 0.0005087735426503971 0.0005087735426503971 0.5
2330.0 2332.5 2335.0 0.0 0.0005193270062312172 0.0005193270062312172 0.5
2335.0 2337.5 2340.0 0.0 0.0004789576795510409 0.0004789576795510409 0.5
2340.0 2342.5 2345.0 0.0 0.0004917321258581415 0.0004917321258581415 0.5
2345.0 2347.5 2350.0 0.0 0.0004995502968680913 0.0004995502968680913 0.5
2350.0 2352.5 2355.0 0.0 0.0004853869293676359 0.0004853869293676359 0.5
2355.0 2357.5 2360.0 0.0 0.000507247981367131 0.000507247981367131 0.5
2360.0 2362.5 2365.0 0.0 0.0004948742161408084 0.0004948742161408084 0.5
2365.0 2367.5 2370.0 0.0 0.0004789576795510409 0.0004789576795510409 0.5
2370.0 2372.5 2375.0 0.0 0.00048218302023290906 0.00048218302023290906 0.5
2375.0 2377.5 2380.0 0.0 0.00048218302023290906 0.00048218302023290906 0.5
2380.0 2382.5 2385.0 0.0 0.0005010992937542463 0.0005010992937542463 0.5
2385.0 2387.5 2390.0 0.0 0.0004591300704602599 0.0004591300704602599 0.5
2390.0 2392.5 2395.0 0.0 0.00043127760433477643 0.00043127760433477643 0.5
2395.0 2397.5 2400.0 3.937007932108827e-05 0.0004641663827776219 0.0004641663827776219 0.5
2400.0 2402.5 2405.0 0.0 0.00042585251285007746 0.00042585251285007746 0.5
2405.0 2407.5 2410.0 0.0 0.0005026435171182561 0.0005026435171182561 0.5
2410.0 2412.5 2415.0 0.0 0.0005041830108214841 0.0005041830108214841 0.5
2415.0 2417.5 2420.0 0.0 0.00042766852327559904 0.00042766852327559904 0.5
2420.0 2422.5 2425.0 0.0 0.0004853869293676359 0.0004853869293676359 0.5
2425.0 2427.5 2430.0 0.0 0.00046914863337846395 0.00046914863337846395 0.5
2430.0 2432.5 2435.0 0.0 0.0004523277674439392 0.0004523277674439392 0.5
2435.0 2437.5 2440.0 0.0 0.0004773368367315803 0.0004773368367315803 0.5
2440.0 2442.5 2445.0 0.0 0.0004523277674439392 0.0004523277674439392 0.5
2445.0 2447.5 2450.0 0.0 0.000462493705687824 0.000462493705687824 0.5
2450.0 2452.5 2455.0 0.0 0.0004773368367315803 0.0004773368367315803 0.5
2455.0 2457.5 2460.0 0.0 0.0004591300704602599 0.0004591300704602599 0.5
2460.0 2462.5 2465.0 0.0 0.0004557416103460719 0.0004557416103460719 0.5
2465.0 2467.5 2470.0 0.0 0.00044715813746458845 0.00044715813746458845 0.5
2470.0 2472.5 2475.0 0.0 0.00046583305378737134 0.00046583305378737134 0.5
2475.0 2477.5 2480.0 0.0 0.0004419280378079458 0.0004419280378079458 0.5
2480.0 2482.5 2485.0 0.0 0.00043485673296012837 0.00043485673296012837 0.5
2485.0 2487.5 2490.0 0.0 0.00047079766705123615 0.00047079766705123615 0.5
2490.0 2492.5 2495.0 0.0 0.00040149759949549487 0.00040149759949549487 0.5
2495.0 2497.5 2500.0 0.0 0.0004366352955279298 0.0004366352955279298 0.5
2500.0 2502.5 2505.0 0.0 0.00046914863337846395 0.00046914863337846395 0.5
2505.0 2507.5 2510.0 0.0 0.00043127760433477643 0.00043127760433477643 0.5
2510.0 2512.5 2515.0 0.0 0.0004294768549069179 0.0004294768549069179 0.5
2515.0 2517.5 2520.0 0.0 0.0004488879626374559 0.0004488879626374559 0.5
2520.0 2522.5 2525.0 0.0 0.0004837876270647444 0.0004837876270647444 0.5
2525.0 2527.5 2530.0 0.0 0.0004454215944482189 0.0004454215944482189 0.5
2530.0 2532.5 2535.0 0.0 0.00043127760433477643 0.00043127760433477643 0.5
2535.0 2537.5 2540.0 0.0 0.00044017086171255703 0.00044017086171255703 0.5
2540.0 2542.5 2545.0 0.0 0.00040724726113340945 0.00040724726113340945 0.5
2545.0 2547.5 2550.0 0.0 0.00042766852327559904 0.00042766852327559904 0.5
2550.0 2552.5 2555.0 0.0 0.0004203574114972957 0.0004203574114972957 0.5
2555.0 2557.5 2560.0 0.0 0.00041665374977395127 0.00041665374977395127 0.5
2560.0 2562.5 2565.0 0.0 0.0004366352955279298 0.0004366352955279298 0.5
2565.0 2567.5 2570.0 3.937007932108827e-05 0.0004294768549069179 0.0004294768549069179 0.5
2570.0 2572.5 2575.0 0.0 0.00044715813746458845 0.00044715813746458845 0.5
2575.0 2577.5 2580.0 0.0 0.0004053397693301969 0.0004053397693301969 0.5
2580.0 2582.5 2585.0 0.0 0.00040149759949549487 0.00040149759949549487 0.5
2585.0 2587.5 2590.0 0.0 0.0003776245293947023 0.0003776245293947023 0.5
2590.0 2592.5 2595.0 0.0 0.0004557416103460719 0.0004557416103460719 0.5
2595.0 2597.5 2600.0 0.0 0.0003937007874015748 0.0003937007874015748 0.5
2600.0 2602.5 2605.0 0.0 0.0004294768549069179 0.0004294768549069179 0.5
2605.0 2607.5 2610.0 0.0 0.00042402872497122076 0.00042402872497122076 0.5
2610.0 2612.5 2615.0 0.0 0.0003776245293947023 0.0003776245293947023 0.5
2615.0 2617.5 2620.0 0.0 0.00044017086171255703 0.00044017086171255703 0.5
2620.0 2622.5 2625.0 0.0 0.00039956266004300073 0.00039956266004300073 0.5
2625.0 2627.5 2630.0 0.0 0.0003976183046599243 0.0003976183046599243 0.5
2630.0 2632.5 2635.0 0.0 0.00038974389514219156 0.00038974389514219156 0.5
2635.0 2637.5 2640.0 0.0 0.00038373206081925053 0.00038373206081925053 0.5
2640.0 2642.5 2645.0 0.0 0.0003714165800022285 0.0003714165800022285 0.5
2645.0 2647.5 2650.0 0.0 0.0003956643945323185 0.0003956643945323185 0.5
2650.0 2652.5 2655.0 0.0 0.00038775030715732694 0.00038775030715732694 0.5
2655.0 2657.5 2660.0 0.0 0.0003714165800022285 0.0003714165800022285 0.5
2660.0 2662.5 2665.0 0.0 0.0003776245293947023 0.0003776245293947023 0.5
2665.0 2667.5 2670.0 0.0 0.00036297419123200344 0.00036297419123200344 0.5
2670.0 2672.5 2675.0 0.0 0.0003857464161863273 0.0003857464161863273 0.5
2675.0 2677.5 2680.0 0.0 0.0003857464161863273 0.0003857464161863273 0.5
2680.0 2682.5 2685.0 0.0 0.00034547103887370555 0.00034547103887370555 0.5
2685.0 2687.5 2690.0 0.0 0.0003432203892551711 0.0003432203892551711 0.5
2690.0 2692.5 2695.0 0.0 0.000329393711233888 0.000329393711233888 0.5
2695.0 2697.5 2700.0 0.0 0.00034547103887370555 0.00034547103887370555 0.5
2700.0 2702.5 2705.0 0.0 0.00035433070866141734 0.00035433070866141734 0.5
2705.0 2707.5 2710.0 0.0 0.00037967128980287223 0.00037967128980287223 0.5
2710.0 2712.5 2715.0 0.0 0.0003317381800463133 0.0003317381800463133 0.5
2715.0 2717.5 2720.0 0.0 0.0003049593185990092 0.0003049593185990092 0.5
2720.0 2722.5 2725.0 0.0 0.0003608327318862866 0.0003608327318862866 0.5
2725.0 2727.5 2730.0 0.0 0.0003198440316785811 0.0003198440316785811 0.5
2730.0 2732.5 2735.0 0.0 0.00033637810020935164 0.00033637810020935164 0.5
2735.0 2737.5 2740.0 0.0 0.00034095488337970026 0.00034095488337970026 0.5
2740.0 2742.5 2745.0 0.0 0.000329393711233888 0.000329393711233888 0.5
2745.0 2747.5 2750.0 0.0 0.000329393711233888 0.000329393711233888 0.5
2750.0 2752.5 2755.0 0.0 0.000291976318389593 0.000291976318389593 0.5
2755.0 2757.5 2760.0 0.0 0.0003049593185990092 0.0003049593185990092 0.5
2760.0 2762.5 2765.0 0.0 0.0002783884965301368 0.0002783884965301368 0.5
2765.0 2767.5 2770.0 0.0 0.0003198440316785811 0.0003198440316785811 0.5
2770.0 2772.5 2775.0 0.0 0.000291976318389593 0.000291976318389593 0.5
2775.0 2777.5 2780.0 0.0 0.000329393711233888 0.000329393711233888 0.5
2780.0 2782.5 2785.0 0.0 0.0003124903123304634 0.0003124903123304634 0.5
2785.0 2787.5 2790.0 0.0 0.0003049593185990092 0.0003049593185990092 0.5
2790.0 2792.5 2795.0 0.0 0.00029983358684503573 0.00029983358684503573 0.5
2795.0 2797.5 2800.0 0.0 0.000329393711233888 0.000329393711233888 0.5
2800.0 2802.5 2805.0 0.0 0.0003024073129082129 0.0003024073129082129 0.5
2805.0 2807.5 2810.0 0.0 0.00029983358684503573 0.00029983358684503573 0.5
2810.0 2812.5 2815.0 0.0 0.00028661849957797316 0.00028661849957797316 0.5
2815.0 2817.5 2820.0 0.0 0.00028390167523338497 0.00028390167523338497 0.5
2820.0 2822.5 2825.0 0.0 0.00029461869187196387 0.00029461869187196387 0.5
2825.0 2827.5 2830.0 0.0 0.00026702086547737274 0.00026702086547737274 0.5
2830.0 2832.5 2835.0 0.0 0.00027559055118110237 0.00027559055118110237 0.5
2835.0 2837.5 2840.0 0.0 0.00025816687103551183 0.00025816687103551183 0.5
2840.0 2842.5 2845.0 0.0 0.00024269346468381794 0.00024269346468381794 0.5
2845.0 2847.5 2850.0 0.0 0.00025816687103551183 0.00025816687103551183 0.5
2850.0 2852.5 2855.0 0.0 0.00023291652689368567 0.00023291652689368567 0.5
2855.0 2857.5 2860.0 0.0 0.0002489982409581401 0.0002489982409581401 0.5
2860.0 2862.5 2865.0 0.0 0.00028115859954893106 0.00028115859954893106 0.5
2865.0 2867.5 2870.0 0.0 0.0002611515582957008 0.0002611515582957008 0.5
2870.0 2872.5 2875.0 0.0 0.0002261638837219696 0.0002261638837219696 0.5
2875.0 2877.5 2880.0 0.0 0.00018881226469735115 0.00018881226469735115 0.5
2880.0 2882.5 2885.0 0.0 0.00023947883977552044 0.00023947883977552044 0.5
2885.0 2887.5 2890.0 0.0 0.0002489982409581401 0.0002489982409581401 0.5
2890.0 2892.5 2895.0 0.0 0.00024269346468381794 0.00024269346468381794 0.5
2895.0 2897.5 2900.0 0.0 0.00020074879974774743 0.00020074879974774743 0.5
2900.0 2902.5 2905.0 0.0 0.00021201436248561038 0.00021201436248561038 0.5
2905.0 2907.5 2910.0 0.0 0.00021201436248561038 0.00021201436248561038 0.5
2910.0 2912.5 2915.0 0.0 0.0002458660629290708 0.0002458660629290708 0.5
2915.0 2917.5 2920.0 3.937007932108827e-05 0.000184662037788324 0.000184662037788324 0.5
2920.0 2922.5 2925.0 0.0 0.00021563880216738822 0.00021563880216738822 0.5
2925.0 2927.5 2930.0 0.0 0.0002192033213712607 0.0002192033213712607 0.5
2930.0 2932.5 2935.0 0.0 0.00022271079722410944 0.00022271079722410944 0.5
2935.0 2937.5 2940.0 0.0 0.0001524796592995046 0.0001524796592995046 0.5
2940.0 2942.5 2945.0 0.0 0.0001670330979180821 0.0001670330979180821 0.5
2945.0 2947.5 2950.0 3.937007932108827e-05 0.00020074879974774743 0.00020074879974774743 0.5
2950.0 2952.5 2955.0 0.0 0.00018881226469735115 0.00018881226469735115 0.5
2955.0 2957.5 2960.0 0.0 0.00015748031496062991 0.00015748031496062991 0.5
2960.0 2962.5 2965.0 0.0 0.00020457293002782014 0.00020457293002782014 0.5
2965.0 2967.5 2970.0 0.0 0.00017161019462758555 0.00017161019462758555 0.5
2970.0 2972.5 2975.0 0.0 0.00021563880216738822 0.00021563880216738822 0.5
2975.0 2977.5 2980.0 0.0 0.0001804163659431433 0.0001804163659431433 0.5
2980.0 2982.5 2985.0 0.0 0.00017161019462758555 0.00017161019462758555 0.5
2985.0 2987.5 2990.0 0.0 0.00019287320809316364 0.00019287320809316364 0.5
2990.0 2992.5 2995.0 0.0 0.0001670330979180821 0.0001670330979180821 0.5
2995.0 2997.5 3000.0 0.0 0.00016232699313455356 0.00016232699313455356 0.5
3000.0 3002.5 3005.0 0.0 0.00019287320809316364 0.00019287320809316364 0.5
3005.0 3007.5 3010.0 0.0 0.00019287320809316364 0.00019287320809316364 0.5
3010.0 3012.5 3015.0 0.0 0.0001524796592995046 0.0001524796592995046 0.5
3015.0 3017.5 3020.0 0.0 0.0001670330979180821 0.0001670330979180821 0.5
3020.0 3022.5 3025.0 0.0 0.0001804163659431433 0.0001804163659431433 0.5
3025.0 3027.5 3030.0 0.0 0.000184662037788324 0.000184662037788324 0.5
3030.0 3032.5 3035.0 0.0 0.0001363819533518801 0.0001363819533518801 0.5
3035.0 3037.5 3040.0 0.0 0.0001363819533518801 0.0001363819533518801 0.5
3040.0 3042.5 3045.0 0.0 0.00017161019462758555 0.00017161019462758555 0.5
3045.0 3047.5 3050.0 0.0 0.0001305757791478504 0.0001305757791478504 0.5
3050.0 3052.5 3055.0 0.0 0.00015748031496062991 0.00015748031496062991 0.5
3055.0 3057.5 3060.0 0.0 0.0001804163659431433 0.0001804163659431433 0.5
3060.0 3062.5 3065.0 0.0 0.00014195083761669249 0.00014195083761669249 0.5
3065.0 3067.5 3070.0 0.0 0.00011811023622047244 0.00011811023622047244 0.5
3070.0 3072.5 3075.0 0.0 0.00011811023622047244 0.00011811023622047244 0.5
3075.0 3077.5 3080.0 0.0 0.0001305757791478504 0.0001305757791478504 0.5
3080.0 3082.5 3085.0 0.0 0.0001524796592995046 0.0001524796592995046 0.5
3085.0 3087.5 3090.0 0.0 0.0001305757791478504 0.0001305757791478504 0.5
3090.0 3092.5 3095.0 0.0 0.0001305757791478504 0.0001305757791478504 0.5
3095.0 3097.5 3100.0 0.0 0.0001305757791478504 0.0001305757791478504 0.5
3100.0 3102.5 3105.0 0.0 0.00012449912047907005 0.00012449912047907005 0.5
3105.0 3107.5 3110.0 0.0 0.00014730934593598194 0.00014730934593598194 0.5
3110.0 3112.5 3115.0 0.0 0.00014195083761669249 0.00014195083761669249 0.5
3115.0 3117.5 3120.0 0.0 0.0001363819533518801 0.0001363819533518801 0.5
3120.0 3122.5 3125.0 0.0 0.00011811023622047244 0.00011811023622047244 0.5
3125.0 3127.5 3130.0 0.0 0.00011811023622047244 0.00011811023622047244 0.5
3130.0 3132.5 3135.0 0.0 0.00011811023622047244 0.00011811023622047244 0.5
3135.0 3137.5 3140.0 0.0 0.0001524796592995046 0.0001524796592995046 0.5
3140.0 3142.5 3145.0 0.0 0.00011135539861205472 0.00011135539861205472 0.5
3145.0 3147.5 3150.0 0.0 0.00010416343744348782 0.00010416343744348782 0.5
3150.0 3152.5 3155.0 0.0 0.00012449912047907005 0.00012449912047907005 0.5
3155.0 3157.5 3160.0 0.0 0.00012449912047907005 0.00012449912047907005 0.5
3160.0 3162.5 3165.0 0.0 0.00011135539861205472 0.00011135539861205472 0.5
3165.0 3167.5 3170.0 3.937007932108827e-05 0.00011811023622047244 0.00011811023622047244 0.5
3170.0 3172.5 3175.0 0.0 0.00011811023622047244 0.00011811023622047244 0.5
3175.0 3177.5 3180.0 0.0 0.00014195083761669249 0.00014195083761669249 0.5
3180.0 3182.5 3185.0 0.0 0.00011135539861205472 0.00011135539861205472 0.5
3185.0 3187.5 3190.0 0.0 0.00014195083761669249 0.00014195083761669249 0.5
3190.0 3192.5 3195.0 0.0 0.00011135539861205472 0.00011135539861205472 0.5
3195.0 3197.5 3200.0 0.0 0.0001363819533518801 0.0001363819533518801 0.5
3200.0 3202.5 3205.0 0.0 0.00011811023622047244 0.00011811023622047244 0.5
3205.0 3207.5 3210.0 0.0 0.0001363819533518801 0.0001363819533518801 0.5
3210.0 3212.5 3215.0 0.0 0.00011135539861205472 0.00011135539861205472 0.5
3215.0 3217.5 3220.0 0.0 7.874015748031496e-05 7.874015748031496e-05 0.5
3220.0 3222.5 3225.0 0.0 0.0001363819533518801 0.0001363819533518801 0.5
3225.0 3227.5 3230.0 0.0 0.00014195083761669249 0.00014195083761669249 0.5
3230.0 3232.5 3235.0 0.0 0.00011811023622047244 0.00011811023622047244 0.5
3235.0 3237.5 3240.0 0.0 0.00011135539861205472 0.00011135539861205472 0.5
3240.0 3242.5 3245.0 0.0 0.0001305757791478504 0.0001305757791478504 0.5
3245.0 3247.5 3250.0 0.0 9.643660404658182e-05 9.643660404658182e-05 0.5
3250.0 3252.5 3255.0 0.0 0.0001305757791478504 0.0001305757791478504 0.5
3255.0 3257.5 3260.0 0.0 9.643660404658182e-05 9.643660404658182e-05 0.5
3260.0 3262.5 3265.0 0.0 0.00012449912047907005 0.00012449912047907005 0.5
3265.0 3267.5 3270.0 0.0 8.80341723425114e-05 8.80341723425114e-05 0.5
3270.0 3272.5 3275.0 0.0 0.00011811023622047244 0.00011811023622047244 0.5
3275.0 3277.5 3280.0 0.0 5.567769930602736e-05 5.567769930602736e-05 0.5
3280.0 3282.5 3285.0 0.0 5.567769930602736e-05 5.567769930602736e-05 0.5
3285.0 3287.5 3290.0 0.0 0.00012449912047907005 0.00012449912047907005 0.5
3290.0 3292.5 3295.0 0.0 0.00011135539861205472 0.00011135539861205472 0.5
3295.0 3297.5 3300.0 0.0 9.643660404658182e-05 9.643660404658182e-05 0.5
3300.0 3302.5 3305.0 0.0 7.874015748031496e-05 7.874015748031496e-05 0.5
3305.0 3307.5 3310.0 0.0 0.00012449912047907005 0.00012449912047907005 0.5
3310.0 3312.5 3315.0 0.0 8.80341723425114e-05 8.80341723425114e-05 0.5
3315.0 3317.5 3320.0 0.0 0.00011811023622047244 0.00011811023622047244 0.5
3320.0 3322.5 3325.0 0.0 0.00012449912047907005 0.00012449912047907005 0.5
3325.0 3327.5 3330.0 3.937007932108827e-05 8.80341723425114e-05 8.80341723425114e-05 0.5
3330.0 3332.5 3335.0 0.0 0.00010416343744348782 0.00010416343744348782 0.5
3335.0 3337.5 3340.0 0.0 6.819097667594006e-05 6.819097667594006e-05 0.5
3340.0 3342.5 3345.0 0.0 7.874015748031496e-05 7.874015748031496e-05 0.5
3345.0 3347.5 3350.0 0.0 7.874015748031496e-05 7.874015748031496e-05 0.5
3350.0 3352.5 3355.0 0.0 0.0 0.0 0.5
3355.0 3357.5 3360.0 0.0 8.80341723425114e-05 8.80341723425114e-05 0.5
3360.0 3362.5 3365.0 0.0 9.643660404658182e-05 9.643660404658182e-05 0.5
3365.0 3367.5 3370.0 0.0 0.00011811023622047244 0.00011811023622047244 0.5
3370.0 3372.5 3375.0 0.0 0.00010416343744348782 0.00010416343744348782 0.5
3375.0 3377.5 3380.0 0.0 5.567769930602736e-05 5.567769930602736e-05 0.5
3380.0 3382.5 3385.0 0.0 9.643660404658182e-05 9.643660404658182e-05 0.5
3385.0 3387.5 3390.0 0.0 7.874015748031496e-05 7.874015748031496e-05 0.5
3390.0 3392.5 3395.0 0.0 7.874015748031496e-05 7.874015748031496e-05 0.5
3395.0 3397.5 3400.0 0.0 5.567769930602736e-05 5.567769930602736e-05 0.5
3400.0 3402.5 3405.0 0.0 0.00012449912047907005 0.00012449912047907005 0.5
3405.0 3407.5 3410.0 0.0 0.0 0.0 0.5
3410.0 3412.5 3415.0 0.0 5.567769930602736e-05 5.567769930602736e-05 0.5
3415.0 3417.5 3420.0 0.0 6.819097667594006e-05 6.819097667594006e-05 0.5
3420.0 3422.5 3425.0 0.0 7.874015748031496e-05 7.874015748031496e-05 0.5
3425.0 3427.5 3430.0 0.0 5.567769930602736e-05 5.567769930602736e-05 0.5
3430.0 3432.5 3435.0 0.0 9.643660404658182e-05 9.643660404658182e-05 0.5
3435.0 3437.5 3440.0 0.0 5.567769930602736e-05 5.567769930602736e-05 0.5
3440.0 3442.5 3445.0 0.0 7.874015748031496e-05 7.874015748031496e-05 0.5
3445.0 3447.5 3450.0 0.0 8.80341723425114e-05 8.80341723425114e-05 0.5
3450.0 3452.5 3455.0 0.0 3.937007874015748e-05 3.937007874015748e-05 0.5
3455.0 3457.5 3460.0 0.0 6.819097667594006e-05 6.819097667594006e-05 0.5
3460.0 3462.5 3465.0 0.0 7.874015748031496e-05 7.874015748031496e-05 0.5
3465.0 3467.5 3470.0 0.0 7.874015748031496e-05 7.874015748031496e-05 0.5
3470.0 3472.5 3475.0 0.0 8.80341723425114e-05 8.80341723425114e-05 0.5
3475.0 3477.5 3480.0 0.0 6.819097667594006e-05 6.819097667594006e-05 0.5
3480.0 3482.5 3485.0 0.0 6.819097667594006e-05 6.819097667594006e-05 0.5
3485.0 3487.5 3490.0 0.0 5.567769930602736e-05 5.567769930602736e-05 0.5
3490.0 3492.5 3495.0 0.0 9.643660404658182e-05 9.643660404658182e-05 0.5
3495.0 3497.5 3500.0 0.0 5.567769930602736e-05 5.567769930602736e-05 0.5
3500.0 3502.5 3505.0 0.0 6.819097667594006e-05 6.819097667594006e-05 0.5
3505.0 3507.5 3510.0 0.0 7.874015748031496e-05 7.874015748031496e-05 0.5
3510.0 3512.5 3515.0 0.0 6.819097667594006e-05 6.819097667594006e-05 0.5
3515.0 3517.5 3520.0 0.0 8.80341723425114e-05 8.80341723425114e-05 0.5
3520.0 3522.5 3525.0 0.0 6.819097667594006e-05 6.819097667594006e-05 0.5
3525.0 3527.5 3530.0 0.0 7.874015748031496e-05 7.874015748031496e-05 0.5
3530.0 3532.5 3535.0 0.0 7.874015748031496e-05 7.874015748031496e-05 0.5
3535.0 3537.5 3540.0 0.0 5.567769930602736e-05 5.567769930602736e-05 0.5
3540.0 3542.5 3545.0 0.0 3.937007874015748e-05 3.937007874015748e-05 0.5
3545.0 3547.5 3550.0 0.0 7.874015748031496e-05 7.874015748031496e-05 0.5
3550.0 3552.5 3555.0 0.0 5.567769930602736e-05 5.567769930602736e-05 0.5
3555.0 3557.5 3560.0 0.0 6.819097667594006e-05 6.819097667594006e-05 0.5
3560.0 3562.5 3565.0 0.0 6.819097667594006e-05 6.819097667594006e-05 0.5
3565.0 3567.5 3570.0 0.0 3.937007874015748e-05 3.937007874015748e-05 0.5
3570.0 3572.5 3575.0 0.0 6.819097667594006e-05 6.819097667594006e-05 0.5
3575.0 3577.5 3580.0 0.0 5.567769930602736e-05 5.567769930602736e-05 0.5
3580.0 3582.5 3585.0 0.0 6.819097667594006e-05 6.819097667594006e-05 0.5
3585.0 3587.5 3590.0 0.0 3.937007874015748e-05 3.937007874015748e-05 0.5
3590.0 3592.5 3595.0 0.0 7.874015748031496e-05 7.874015748031496e-05 0.5
3595.0 3597.5 3600.0 0.0 8.80341723425114e-05 8.80341723425114e-05 0.5
3600.0 3602.5 3605.0 0.0 8.80341723425114e-05 8.80341723425114e-05 0.5
3605.0 3607.5 3610.0 0.0 5.567769930602736e-05 5.567769930602736e-05 0.5
3610.0 3612.5 3615.0 0.0 3.937007874015748e-05 3.937007874015748e-05 0.5
3615.0 3617.5 3620.0 0.0 8.80341723425114e-05 8.80341723425114e-05 0.5
3620.0 3622.5 3625.0 0.0 3.937007874015748e-05 3.937007874015748e-05 0.5
3625.0 3627.5 3630.0 0.0 0.0 0.0 0.5
3630.0 3632.5 3635.0 0.0 5.567769930602736e-05 5.567769930602736e-05 0.5
3635.0 3637.5 3640.0 0.0 9.643660404658182e-05 9.643660404658182e-05 0.5
3640.0 3642.5 3645.0 0.0 5.567769930602736e-05 5.567769930602736e-05 0.5
3645.0 3647.5 3650.0 0.0 6.819097667594006e-05 6.819097667594006e-05 0.5
3650.0 3652.5 3655.0 0.0 0.00010416343744348782 0.00010416343744348782 0.5
3655.0 3657.5 3660.0 0.0 3.937007874015748e-05 3.937007874015748e-05 0.5
3660.0 3662.5 3665.0 0.0 5.567769930602736e-05 5.567769930602736e-05 0.5
3665.0 3667.5 3670.0 0.0 5.567769930602736e-05 5.567769930602736e-05 0.5
3670.0 3672.5 3675.0 0.0 3.937007874015748e-05 3.937007874015748e-05 0.5
3675.0 3677.5 3680.0 0.0 5.567769930602736e-05 5.567769930602736e-05 0.5
3680.0 3682.5 3685.0 0.0 6.819097667594006e-05 6.819097667594006e-05 0.5
3685.0 3687.5 3690.0 0.0 3.937007874015748e-05 3.937007874015748e-05 0.5
3690.0 3692.5 3695.0 0.0 3.937007874015748e-05 3.937007874015748e-05 0.5
3695.0 3697.5 3700.0 0.0 6.819097667594006e-05 6.819097667594006e-05 0.5
3700.0 3702.5 3705.0 0.0 7.874015748031496e-05 7.874015748031496e-05 0.5
3705.0 3707.5 3710.0 0.0 0.0 0.0 0.5
3710.0 3712.5 3715.0 0.0 0.0 0.0 0.5
3715.0 3717.5 3720.0 0.0 3.937007874015748e-05 3.937007874015748e-05 0.5
3720.0 3722.5 3725.0 0.0 5.567769930602736e-05 5.567769930602736e-05 0.5
3725.0 3727.5 3730.0 0.0 5.567769930602736e-05 5.567769930602736e-05 0.5
3730.0 3732.5 3735.0 0.0 0.0 0.0 0.5
3735.0 3737.5 3740.0 0.0 0.0 0.0 0.5
3740.0 3742.5 3745.0 0.0 3.937007874015748e-05 3.937007874015748e-05 0.5
3745.0 3747.5 3750.0 0.0 3.937007874015748e-05 3.937007874015748e-05 0.5
3750.0 3752.5 3755.0 0.0 5.567769930602736e-05 5.567769930602736e-05 0.5
3755.0 3757.5 3760.0 0.0 5.567769930602736e-05 5.567769930602736e-05 0.5
3760.0 3762.5 3765.0 0.0 3.937007874015748e-05 3.937007874015748e-05 0.5
3765.0 3767.5 3770.0 0.0 3.937007874015748e-05 3.937007874015748e-05 0.5
3770.0 3772.5 3775.0 0.0 3.937007874015748e-05 3.937007874015748e-05 0.5
3775.0 3777.5 3780.0 0.0 5.567769930602736e-05 5.567769930602736e-05 0.5
3780.0 3782.5 3785.0 0.0 0.0 0.0 0.5
3785.0 3787.5 3790.0 0.0 3.937007874015748e-05 3.937007874015748e-05 0.5
3790.0 3792.5 3795.0 0.0 3.937007874015748e-05 3.937007874015748e-05 0.5
3795.0 3797.5 3800.0 0.0 3.937007874015748e-05 3.937007874015748e-05 0.5
3800.0 3802.5 3805.0 0.0 3.937007874015748e-05 3.937007874015748e-05 0.5
3805.0 3807.5 3810.0 0.0 5.567769930602736e-05 5.567769930602736e-05 0.5
3810.0 3812.5 3815.0 3.937007932108827e-05 3.937007874015748e-05 3.937007874015748e-05 0.5
3815.0 3817.5 3820.0 0.0 0.0 0.0 0.5
3820.0 3822.5 3825.0 0.0 0.0 0.0 0.5
3825.0 3827.5 3830.0 0.0 3.937007874015748e-05 3.937007874015748e-05 0.5
3830.0 3832.5 3835.0 0.0 0.0 0.0 0.5
3835.0 3837.5 3840.0 0.0 0.0 0.0 0.5
3840.0 3842.5 3845.0 0.0 3.937007874015748e-05 3.937007874015748e-05 0.5
3845.0 3847.5 3850.0 0.0 0.0 0.0 0.5
3850.0 3852.5 3855.0 0.0 5.567769930602736e-05 5.567769930602736e-05 0.5
3855.0 3857.5 3860.0 0.0 3.937007874015748e-05 3.937007874015748e-05 0.5
3860.0 3862.5 3865.0 0.0 0.0 0.0 0.5
3865.0 3867.5 3870.0 0.0 5.567769930602736e-05 5.567769930602736e-05 0.5
3870.0 3872.5 3875.0 0.0 3.937007874015748e-05 3.937007874015748e-05 0.5
3875.0 3877.5 3880.0 0.0 0.0 0.0 0.5
3880.0 3882.5 3885.0 0.0 0.0 0.0 0.5
3885.0 3887.5 3890.0 0.0 0.0 0.0 0.5
3890.0 3892.5 3895.0 0.0 3.937007874015748e-05 3.937007874015748e-05 0.5
3895.0 3897.5 3900.0 0.0 0.0 0.0 0.5
3900.0 3902.5 3905.0 0.0 3.937007874015748e-05 3.937007874015748e-05 0.5
3905.0 3907.5 3910.0 0.0 3.937007874015748e-05 3.937007874015748e-05 0.5
3910.0 3912.5 3915.0 0.0 5.567769930602736e-05 5.567769930602736e-05 0.5
3915.0 3917.5 3920.0 0.0 3.937007874015748e-05 3.937007874015748e-05 0.5
3920.0 3922.5 3925.0 0.0 3.937007874015748e-05 3.937007874015748e-05 0.5
3925.0 3927.5 3930.0 0.0 0.0 0.0 0.5
3930.0 3932.5 3935.0 0.0 0.0 0.0 0.5
3935.0 3937.5 3940.0 0.0 5.567769930602736e-05 5.567769930602736e-05 0.5
3940.0 3942.5 3945.0 0.0 0.0 0.0 0.5
3945.0 3947.5 3950.0 0.0 3.937007874015748e-05 3.937007874015748e-05 0.5
3950.0 3952.5 3955.0 0.0 3.937007874015748e-05 3.937007874015748e-05 0.5
3955.0 3957.5 3960.0 0.0 0.0 0.0 0.5
3960.0 3962.5 3965.0 0.0 3.937007874015748e-05 3.937007874015748e-05 0.5
3965.0 3967.5 3970.0 0.0 3.937007874015748e-05 3.937007874015748e-05 0.5
3970.0 3972.5 3975.0 0.0 0.0 0.0 0.5
3975.0 3977.5 3980.0 0.0 0.0 0.0 0.5
3980.0 3982.5 3985.0 0.0 3.937007874015748e-05 3.937007874015748e-05 0.5
3985.0 3987.5 3990.0 0.0 3.937007874015748e-05 3.937007874015748e-05 0.5
3990.0 3992.5 3995.0 0.0 3.937007874015748e-05 3.937007874015748e-05 0.5
3995.0 3997.5 4000.0 0.0 0.0 0.0 0.5
4000.0 4002.5 4005.0 0.0005511810886673629 5.567769930602736e-05 5.567769930602736e-05 0.5
