low_edge centre high_edge rate neg_error pos_error bin_error
0.0 0.5 1.0 0.0 0.0 0.0 0.5
1.0 1.5 2.0 0.0 0.0 0.0 0.5
2.0 2.5 3.0 136.73365783691406 0.004022461932697437 0.004022461932697437 0.5
3.0 3.5 4.0 61.20566940307617 0.0042419688824884135 0.0042419688824884135 0.5
4.0 4.5 5.0 28.00784683227539 0.005111555536233565 0.005111555536233565 0.5
5.0 5.5 6.0 14.751945495605469 0.006146820316228547 0.006146820316228547 0.5
6.0 6.5 7.0 10.02486801147461 0.007054544634489175 0.007054544634489175 0.5
7.0 7.5 8.0 8.622530937194824 0.007652176161066864 0.007652176161066864 0.5
8.0 8.5 9.0 7.988566875457764 0.007845195982255639 0.007845195982255639 0.5
9.0 9.5 10.0 7.2439446449279785 0.007609717471759383 0.007609717471759383 0.5
10.0 10.5 11.0 6.171150207519531 0.0070141000848291295 0.0070141000848291295 0.5
11.0 11.5 12.0 4.8756208419799805 0.006181795855574657 0.006181795855574657 0.5
12.0 12.5 13.0 3.6974892616271973 0.005215429033166879 0.005215429033166879 0.5
13.0 13.5 14.0 2.659939765930176 0.004244349184504027 0.004244349184504027 0.5
14.0 14.5 15.0 1.8910773992538452 0.0033536845409191367 0.0033536845409191367 0.5
15.0 15.5 16.0 1.4075391292572021 0.002642555581250847 0.002642555581250847 0.5
16.0 16.5 17.0 1.1215394735336304 0.00213976634238414 0.00213976634238414 0.5
17.0 17.5 18.0 0.9564855098724365 0.001862981481389442 0.001862981481389442 0.5
18.0 18.5 19.0 0.8889135122299194 0.0017878199014442144 0.0017878199014442144 0.5
19.0 19.5 20.0 0.9003204107284546 0.001874726646740799 0.001874726646740799 0.5
20.0 20.5 21.0 0.9248729944229126 0.0020306156701847843 0.0020306156701847843 0.5
21.0 21.5 22.0 1.009068489074707 0.0022233533232484666 0.0022233533232484666 0.5
22.0 22.5 23.0 1.0744318962097168 0.002420661066733631 0.002420661066733631 0.5
23.0 23.5 24.0 1.1503616571426392 0.0026073933343475435 0.0026073933343475435 0.5
24.0 24.5 25.0 1.2301952838897705 0.00277113695078392 0.00277113695078392 0.5
25.0 25.5 26.0 1.3201789855957031 0.0029262774988028733 0.0029262774988028733 0.5
26.0 26.5 27.0 1.3845250606536865 0.0030314517974066486 0.0030314517974066486 0.5
27.0 27.5 28.0 1.4249240159988403 0.003117996151376714 0.003117996151376714 0.5
28.0 28.5 29.0 1.4236984252929688 0.0031513806498104924 0.0031513806498104924 0.5
29.0 29.5 30.0 1.4257209300994873 0.00315607350991703 0.00315607350991703 0.5
30.0 30.5 31.0 1.4035935401916504 0.0031401751543504706 0.0031401751543504706 0.5
31.0 31.5 32.0 1.3534587621688843 0.00306659420204239 0.00306659420204239 0.5
32.0 32.5 33.0 1.2911860942840576 0.0029805200888435566 0.0029805200888435566 0.5
33.0 33.5 34.0 1.2214158773422241 0.0028803645602596905 0.0028803645602596905 0.5
34.0 34.5 35.0 1.1488926410675049 0.0027537792213610736 0.0027537792213610736 0.5
35.0 35.5 36.0 1.080916404724121 0.002636474919281426 0.002636474919281426 0.5
36.0 36.5 37.0 1.022474765777588 0.0024965376023605174 0.0024965376023605174 0.5
37.0 37.5 38.0 0.9348767995834351 0.002357583508595189 0.002357583508595189 0.5
38.0 38.5 39.0 0.8750492334365845 0.0022445266761613684 0.0022445266761613684 0.5
39.0 39.5 40.0 0.815743088722229 0.00212713422237526 0.00212713422237526 0.5
40.0 40.5 41.0 0.7637227773666382 0.0020438688803345486 0.0020438688803345486 0.5
41.0 41.5 42.0 0.7310521602630615 0.0019447364860052379 0.0019447364860052379 0.5
42.0 42.5 43.0 0.7080362439155579 0.001880132974020721 0.001880132974020721 0.5
43.0 43.5 44.0 0.6701428890228271 0.0018159295140505868 0.0018159295140505868 0.5
44.0 44.5 45.0 0.6422456502914429 0.00175527775579821 0.00175527775579821 0.5
45.0 45.5 46.0 0.628517746925354 0.0017081569014584113 0.0017081569014584113 0.5
46.0 46.5 47.0 0.6283951997756958 0.0016525434941326053 0.0016525434941326053 0.5
47.0 47.5 48.0 0.5817009210586548 0.0016004999218994047 0.0016004999218994047 0.5
48.0 48.5 49.0 0.5622870922088623 0.0015474172029546526 0.0015474172029546526 0.5
49.0 49.5 50.0 0.5521596074104309 0.0015087743370033838 0.0015087743370033838 0.5
50.0 50.5 51.0 0.5358909368515015 0.0014479640879524604 0.0014479640879524604 0.5
51.0 51.5 52.0 0.535757303237915 0.0014046351839534707 0.0014046351839534707 0.5
52.0 52.5 53.0 0.5201475620269775 0.0013438005804433932 0.0013438005804433932 0.5
53.0 53.5 54.0 0.48219072818756104 0.0012942179105544785 0.0012942179105544785 0.5
54.0 54.5 55.0 0.47126084566116333 0.0012435433245367852 0.0012435433245367852 0.5
55.0 55.5 56.0 0.467851847410202 0.0011967455869983396 0.0011967455869983396 0.5
56.0 56.5 57.0 0.46267664432525635 0.0011369696565871933 0.0011369696565871933 0.5
57.0 57.5 58.0 0.44468945264816284 0.0010982258419833329 0.0010982258419833329 0.5
58.0 58.5 59.0 0.44881781935691833 0.0010624970588194586 0.0010624970588194586 0.5
59.0 59.5 60.0 0.43308550119400024 0.0010134594219799824 0.0010134594219799824 0.5
60.0 60.5 61.0 0.41689062118530273 0.0009768827974736786 0.0009768827974736786 0.5
61.0 61.5 62.0 0.42645463347435 0.0009571833680126291 0.0009571833680126291 0.5
62.0 62.5 63.0 0.3971441686153412 0.0009200543462209176 0.0009200543462209176 0.5
63.0 63.5 64.0 0.40241989493370056 0.0009008884503644167 0.0009008884503644167 0.5
64.0 64.5 65.0 0.3811047375202179 0.0008726396736339692 0.0008726396736339692 0.5
65.0 65.5 66.0 0.37815940380096436 0.0008502352615599991 0.0008502352615599991 0.5
66.0 66.5 67.0 0.3723526895046234 0.0008426149773176359 0.0008426149773176359 0.5
67.0 67.5 68.0 0.36612921953201294 0.0008264986388373547 0.0008264986388373547 0.5
68.0 68.5 69.0 0.3521064221858978 0.0008246817568007674 0.0008246817568007674 0.5
69.0 69.5 70.0 0.3405333161354065 0.000813203541556479 0.000813203541556479 0.5
70.0 70.5 71.0 0.34504491090774536 0.0007858753081755401 0.0007858753081755401 0.5
71.0 71.5 72.0 0.3290695548057556 0.0007796152897423191 0.0007796152897423191 0.5
72.0 72.5 73.0 0.3097224831581116 0.0007626925986267338 0.0007626925986267338 0.5
73.0 73.5 74.0 0.2942476272583008 0.0007468600939935137 0.0007468600939935137 0.5
74.0 74.5 75.0 0.29406458139419556 0.0007295889253545451 0.0007295889253545451 0.5
75.0 75.5 76.0 0.2800126373767853 0.0007105631569396208 0.0007105631569396208 0.5
76.0 76.5 77.0 0.26880520582199097 0.0006915200647848188 0.0006915200647848188 0.5
77.0 77.5 78.0 0.26020094752311707 0.0006796322535018479 0.0006796322535018479 0.5
78.0 78.5 79.0 0.2594287097454071 0.0006596211033616193 0.0006596211033616193 0.5
79.0 79.5 80.0 0.258890837430954 0.0006349803146555018 0.0006349803146555018 0.5
80.0 80.5 81.0 0.25056231021881104 0.0006121274377121156 0.0006121274377121156 0.5
81.0 81.5 82.0 0.22740784287452698 0.0005773214009544424 0.0005773214009544424 0.5
82.0 82.5 83.0 0.24015624821186066 0.0005613376880274476 0.0005613376880274476 0.5
83.0 83.5 84.0 0.22795438766479492 0.0005291502622129182 0.0005291502622129182 0.5
84.0 84.5 85.0 0.23786786198616028 0.0004950757517794626 0.0004950757517794626 0.5
85.0 85.5 86.0 0.22360356152057648 0.0004745524207081869 0.0004745524207081869 0.5
86.0 86.5 87.0 0.21148481965065002 0.0004419275958796871 0.0004419275958796871 0.5
87.0 87.5 88.0 0.19927701354026794 0.0004202380277890139 0.0004202380277890139 0.5
88.0 88.5 89.0 0.1991681605577469 0.000382883794381533 0.000382883794381533 0.5
89.0 89.5 90.0 0.19523638486862183 0.00036304269721342696 0.00036304269721342696 0.5
90.0 90.5 91.0 0.1753881275653839 0.00034263683398023633 0.00034263683398023633 0.5
91.0 91.5 92.0 0.1577872484922409 0.00030724582991474434 0.00030724582991474434 0.5
92.0 92.5 93.0 0.15072980523109436 0.0002787471972953271 0.0002787471972953271 0.5
93.0 93.5 94.0 0.12932947278022766 0.0002572936066053722 0.0002572936066053722 0.5
94.0 94.5 95.0 0.11506515741348267 0.000232163735324878 0.000232163735324878 0.5
95.0 95.5 96.0 0.0968659296631813 0.00021 0.00021 0.5
96.0 96.5 97.0 0.07744579017162323 0.00019261360284258226 0.00019261360284258226 0.5
97.0 97.5 98.0 0.06094703823328018 0.0001846618531261939 0.0001846618531261939 0.5
98.0 98.5 99.0 0.04979638755321503 0.00017291616465790584 0.00017291616465790584 0.5
99.0 99.5 100.0 0.03486056998372078 0.0001493318452306808 0.0001493318452306808 0.5
100.0 100.5 101.0 0.02683172933757305 0.000140356688476182 0.000140356688476182 0.5
101.0 101.5 102.0 0.019839096814393997 0.00012806248474865698 0.00012806248474865698 0.5
102.0 102.5 103.0 0.01410240400582552 0.00011916375287812986 0.00011916375287812986 0.5
103.0 103.5 104.0 0.009859312325716019 0.00011224972160321825 0.00011224972160321825 0.5
104.0 104.5 105.0 0.010418125428259373 9.110433579144299e-05 9.110433579144299e-05 0.5
105.0 105.5 106.0 0.005716908723115921 0.00010344080432788602 0.00010344080432788602 0.5
106.0 106.5 107.0 0.008149148896336555 9.746794344808965e-05 9.746794344808965e-05 0.5
107.0 107.5 108.0 0.008964525535702705 9e-05 9e-05 0.5
108.0 108.5 109.0 0.006442551035434008 8.18535277187245e-05 8.18535277187245e-05 0.5
109.0 109.5 110.0 0.009084639139473438 7.54983443527075e-05 7.54983443527075e-05 0.5
110.0 110.5 111.0 0.0075391484424471855 5.830951894845301e-05 5.830951894845301e-05 0.5
111.0 111.5 112.0 0.006812275853008032 5.830951894845301e-05 5.830951894845301e-05 0.5
112.0 112.5 113.0 0.011155498214066029 4e-05 4e-05 0.5
113.0 113.5 114.0 0.010777122341096401 2.6457513110645906e-05 2.6457513110645906e-05 0.5
114.0 114.5 115.0 0.01048874668776989 2.6457513110645906e-05 2.6457513110645906e-05 0.5
115.0 115.5 116.0 0.018240580335259438 2e-05 2e-05 0.5
116.0 116.5 117.0 0.017582949250936508 1e-05 1e-05 0.5
117.0 117.5 118.0 0.014503471553325653 0.0 0.0 0.5
118.0 118.5 119.0 0.018449941650032997 0.0 0.0 0.5
119.0 119.5 120.0 0.013049726374447346 0.0 0.0 0.5
120.0 120.5 121.0 0.004823463968932629 0.0 0.0 0.5
