5.0 0.00025 0.0
5.0 0.00075 24649.0
5.0 0.00125 1189225.0
5.0 0.00175 2750491.0
5.0 0.0022500000000000003 5003789.0
5.0 0.00275 7020560.0
5.0 0.0032500000000000003 7408213.0
5.0 0.00375 5524786.0
5.0 0.00425 3776959.0
5.0 0.004750000000000001 2902975.0
5.0 0.00525 2627785.0
5.0 0.00575 2781850.0
5.0 0.00625 3280573.0
5.0 0.006750000000000001 4333073.0
5.0 0.00725 6686679.0
5.0 0.00775 10883854.0
5.0 0.00825 16158775.0
5.0 0.00875 22165024.0
5.0 0.009250000000000001 30549772.0
5.0 0.00975 44924156.0
5.0 0.01025 70362608.0
5.0 0.010750000000000001 109229824.0
5.0 0.01125 152574848.0
5.0 0.01175 187744112.0
5.0 0.01225 210014192.0
5.0 0.012750000000000001 220130512.0
5.0 0.013250000000000001 220600144.0
5.0 0.01375 214368560.0
5.0 0.01425 204635040.0
5.0 0.014750000000000001 194283104.0
15.0 0.00025 294.0
15.0 0.00075 778463.0
15.0 0.00125 2164777.0
15.0 0.00175 1378301.0
15.0 0.0022500000000000003 1122836.0
15.0 0.00275 633963.0
15.0 0.0032500000000000003 313085.0
15.0 0.00375 156190.0
15.0 0.00425 91670.0
15.0 0.004750000000000001 69519.0
15.0 0.00525 77257.0
15.0 0.00575 131577.0
15.0 0.00625 257900.0
15.0 0.006750000000000001 464009.0
15.0 0.00725 728005.0
15.0 0.00775 997040.0
15.0 0.00825 1209604.0
15.0 0.00875 1332597.0
15.0 0.009250000000000001 1353901.0
15.0 0.00975 1279817.0
15.0 0.01025 1146964.0
15.0 0.010750000000000001 980175.0
15.0 0.01125 804223.0
15.0 0.01175 643445.0
15.0 0.01225 507486.0
15.0 0.012750000000000001 405051.0
15.0 0.013250000000000001 333489.0
15.0 0.01375 292263.0
15.0 0.01425 280909.0
15.0 0.014750000000000001 298428.0
25.0 0.00025 4177.0
25.0 0.00075 884408.0
25.0 0.00125 897797.0
25.0 0.00175 377787.0
25.0 0.0022500000000000003 64283.0
25.0 0.00275 9073.0
25.0 0.0032500000000000003 2922.0
25.0 0.00375 2082.0
25.0 0.00425 1961.0
25.0 0.004750000000000001 3595.0
25.0 0.00525 14199.0
25.0 0.00575 50605.0
25.0 0.00625 136963.0
25.0 0.006750000000000001 282067.0
25.0 0.00725 462014.0
25.0 0.00775 623789.0
25.0 0.00825 722027.0
25.0 0.00875 737196.0
25.0 0.009250000000000001 676675.0
25.0 0.00975 567618.0
25.0 0.01025 438270.0
25.0 0.010750000000000001 314263.0
25.0 0.01125 209797.0
25.0 0.01175 131270.0
25.0 0.01225 78633.0
25.0 0.012750000000000001 46044.0
25.0 0.013250000000000001 28114.0
25.0 0.01375 20198.0
25.0 0.01425 18289.0
25.0 0.014750000000000001 20335.0
35.0 0.00025 15314.0
35.0 0.00075 513009.0
35.0 0.00125 275351.0
35.0 0.00175 23182.0
35.0 0.0022500000000000003 2390.0
35.0 0.00275 1188.0
35.0 0.0032500000000000003 855.0
35.0 0.00375 744.0
35.0 0.00425 714.0
35.0 0.004750000000000001 749.0
35.0 0.00525 1627.0
35.0 0.00575 6276.0
35.0 0.00625 21520.0
35.0 0.006750000000000001 52228.0
35.0 0.00725 95695.0
35.0 0.00775 138128.0
35.0 0.00825 162296.0
35.0 0.00875 166183.0
35.0 0.009250000000000001 146328.0
35.0 0.00975 115789.0
35.0 0.01025 80871.0
35.0 0.010750000000000001 51895.0
35.0 0.01125 30252.0
35.0 0.01175 15928.0
35.0 0.01225 7968.0
35.0 0.012750000000000001 3886.0
35.0 0.013250000000000001 2205.0
35.0 0.01375 1754.0
35.0 0.01425 1896.0
35.0 0.014750000000000001 2564.0
45.0 0.00025 18577.0
45.0 0.00075 248367.0
45.0 0.00125 42016.0
45.0 0.00175 1690.0
45.0 0.0022500000000000003 750.0
45.0 0.00275 523.0
45.0 0.0032500000000000003 445.0
45.0 0.00375 394.0
45.0 0.00425 350.0
45.0 0.004750000000000001 283.0
45.0 0.00525 480.0
45.0 0.00575 2389.0
45.0 0.00625 10334.0
45.0 0.006750000000000001 30482.0
45.0 0.00725 61645.0
45.0 0.00775 94372.0
45.0 0.00825 114842.0
45.0 0.00875 114356.0
45.0 0.009250000000000001 97281.0
45.0 0.00975 71020.0
45.0 0.01025 45563.0
45.0 0.010750000000000001 25899.0
45.0 0.01125 12780.0
45.0 0.01175 5892.0
45.0 0.01225 2404.0
45.0 0.012750000000000001 954.0
45.0 0.013250000000000001 490.0
45.0 0.01375 450.0
45.0 0.01425 522.0
45.0 0.014750000000000001 744.0
55.0 0.00025 15372.0
55.0 0.00075 98134.0
55.0 0.00125 4707.0
55.0 0.00175 577.0
55.0 0.0022500000000000003 347.0
55.0 0.00275 343.0
55.0 0.0032500000000000003 265.0
55.0 0.00375 188.0
55.0 0.00425 171.0
55.0 0.004750000000000001 146.0
55.0 0.00525 257.0
55.0 0.00575 1555.0
55.0 0.00625 7957.0
55.0 0.006750000000000001 25648.0
55.0 0.00725 54686.0
55.0 0.00775 86602.0
55.0 0.00825 104186.0
55.0 0.00875 101308.0
55.0 0.009250000000000001 81354.0
55.0 0.00975 55021.0
55.0 0.01025 31930.0
55.0 0.010750000000000001 15914.0
55.0 0.01125 6977.0
55.0 0.01175 2690.0
55.0 0.01225 933.0
55.0 0.012750000000000001 335.0
55.0 0.013250000000000001 212.0
55.0 0.01375 185.0
55.0 0.01425 255.0
55.0 0.014750000000000001 335.0
65.0 0.00025 11350.0
65.0 0.00075 33141.0
65.0 0.00125 821.0
65.0 0.00175 324.0
65.0 0.0022500000000000003 242.0
65.0 0.00275 196.0
65.0 0.0032500000000000003 143.0
65.0 0.00375 122.0
65.0 0.00425 80.0
65.0 0.004750000000000001 63.0
65.0 0.00525 142.0
65.0 0.00575 1161.0
65.0 0.00625 6779.0
65.0 0.006750000000000001 23891.0
65.0 0.00725 53299.0
65.0 0.00775 83350.0
65.0 0.00825 98567.0
65.0 0.00875 91902.0
65.0 0.009250000000000001 69742.0
65.0 0.00975 43347.0
65.0 0.01025 22947.0
65.0 0.010750000000000001 10270.0
65.0 0.01125 3965.0
65.0 0.01175 1349.0
65.0 0.01225 438.0
65.0 0.012750000000000001 165.0
65.0 0.013250000000000001 99.0
65.0 0.01375 92.0
65.0 0.01425 135.0
65.0 0.014750000000000001 196.0
75.0 0.00025 7031.0
75.0 0.00075 9969.0
75.0 0.00125 341.0
75.0 0.00175 236.0
75.0 0.0022500000000000003 174.0
75.0 0.00275 123.0
75.0 0.0032500000000000003 78.0
75.0 0.00375 53.0
75.0 0.00425 38.0
75.0 0.004750000000000001 36.0
75.0 0.00525 103.0
75.0 0.00575 1055.0
75.0 0.00625 6663.0
75.0 0.006750000000000001 23365.0
75.0 0.00725 52650.0
75.0 0.00775 82666.0
75.0 0.00825 95931.0
75.0 0.00875 86192.0
75.0 0.009250000000000001 61409.0
75.0 0.00975 36240.0
75.0 0.01025 17310.0
75.0 0.010750000000000001 7109.0
75.0 0.01125 2481.0
75.0 0.01175 778.0
75.0 0.01225 183.0
75.0 0.012750000000000001 79.0
75.0 0.013250000000000001 23.0
75.0 0.01375 68.0
75.0 0.01425 84.0
75.0 0.014750000000000001 125.0
85.0 0.00025 4144.0
85.0 0.00075 2786.0
85.0 0.00125 269.0
85.0 0.00175 210.0
85.0 0.0022500000000000003 132.0
85.0 0.00275 60.0
85.0 0.0032500000000000003 41.0
85.0 0.00375 33.0
85.0 0.00425 33.0
85.0 0.004750000000000001 12.0
85.0 0.00525 89.0
85.0 0.00575 1062.0
85.0 0.00625 7024.0
85.0 0.006750000000000001 25638.0
85.0 0.00725 58199.0
85.0 0.00775 90529.0
85.0 0.00825 101086.0
85.0 0.00875 86399.0
85.0 0.009250000000000001 58118.0
85.0 0.00975 31565.0
85.0 0.01025 14055.0
85.0 0.010750000000000001 5425.0
85.0 0.01125 1685.0
85.0 0.01175 456.0
85.0 0.01225 104.0
85.0 0.012750000000000001 32.0
85.0 0.013250000000000001 21.0
85.0 0.01375 41.0
85.0 0.01425 53.0
85.0 0.014750000000000001 60.0
95.0 0.00025 2182.0
95.0 0.00075 910.0
95.0 0.00125 252.0
95.0 0.00175 185.0
95.0 0.0022500000000000003 106.0
95.0 0.00275 49.0
95.0 0.0032500000000000003 27.0
95.0 0.00375 27.0
95.0 0.00425 18.0
95.0 0.004750000000000001 14.0
95.0 0.00525 90.0
95.0 0.00575 1003.0
95.0 0.00625 7293.0
95.0 0.006750000000000001 27097.0
95.0 0.00725 61918.0
95.0 0.00775 94794.0
95.0 0.00825 104237.0
95.0 0.00875 86054.0
95.0 0.009250000000000001 54725.0
95.0 0.00975 27713.0
95.0 0.01025 11486.0
95.0 0.010750000000000001 3842.0
95.0 0.01125 1130.0
95.0 0.01175 288.0
95.0 0.01225 63.0
95.0 0.012750000000000001 12.0
95.0 0.013250000000000001 16.0
95.0 0.01375 10.0
95.0 0.01425 25.0
95.0 0.014750000000000001 45.0
105.0 0.00025 1198.0
105.0 0.00075 466.0
105.0 0.00125 197.0
105.0 0.00175 150.0
105.0 0.0022500000000000003 81.0
105.0 0.00275 42.0
105.0 0.0032500000000000003 25.0
105.0 0.00375 15.0
105.0 0.00425 10.0
105.0 0.004750000000000001 15.0
105.0 0.00525 38.0
105.0 0.00575 706.0
105.0 0.00625 5312.0
105.0 0.006750000000000001 21480.0
105.0 0.00725 51474.0
105.0 0.00775 82046.0
105.0 0.00825 90824.0
105.0 0.00875 73875.0
105.0 0.009250000000000001 45782.0
105.0 0.00975 21962.0
105.0 0.01025 8726.0
105.0 0.010750000000000001 2839.0
105.0 0.01125 790.0
105.0 0.01175 175.0
105.0 0.01225 44.0
105.0 0.012750000000000001 12.0
105.0 0.013250000000000001 7.0
105.0 0.01375 11.0
105.0 0.01425 14.0
105.0 0.014750000000000001 24.0
115.0 0.00025 693.0
115.0 0.00075 281.0
115.0 0.00125 216.0
115.0 0.00175 132.0
115.0 0.0022500000000000003 89.0
115.0 0.00275 26.0
115.0 0.0032500000000000003 19.0
115.0 0.00375 9.0
115.0 0.00425 9.0
115.0 0.004750000000000001 3.0
115.0 0.00525 17.0
115.0 0.00575 306.0
115.0 0.00625 2726.0
115.0 0.006750000000000001 12776.0
115.0 0.00725 35684.0
115.0 0.00775 61771.0
115.0 0.00825 71615.0
115.0 0.00875 59736.0
115.0 0.009250000000000001 37051.0
115.0 0.00975 17626.0
115.0 0.01025 6583.0
115.0 0.010750000000000001 2127.0
115.0 0.01125 530.0
115.0 0.01175 103.0
115.0 0.01225 22.0
115.0 0.012750000000000001 8.0
115.0 0.013250000000000001 2.0
115.0 0.01375 5.0
115.0 0.01425 7.0
115.0 0.014750000000000001 13.0
125.0 0.00025 485.0
125.0 0.00075 276.0
125.0 0.00125 206.0
125.0 0.00175 129.0
125.0 0.0022500000000000003 62.0
125.0 0.00275 23.0
125.0 0.0032500000000000003 8.0
125.0 0.00375 7.0
125.0 0.00425 2.0
125.0 0.004750000000000001 3.0
125.0 0.00525 12.0
125.0 0.00575 118.0
125.0 0.00625 1384.0
125.0 0.006750000000000001 7988.0
125.0 0.00725 25643.0
125.0 0.00775 49062.0
125.0 0.00825 60305.0
125.0 0.00875 50709.0
125.0 0.009250000000000001 30703.0
125.0 0.00975 14461.0
125.0 0.01025 5259.0
125.0 0.010750000000000001 1593.0
125.0 0.01125 386.0
125.0 0.01175 80.0
125.0 0.01225 10.0
125.0 0.012750000000000001 2.0
125.0 0.013250000000000001 1.0
125.0 0.01375 2.0
125.0 0.01425 4.0
125.0 0.014750000000000001 10.0
135.0 0.00025 314.0
135.0 0.00075 291.0
135.0 0.00125 199.0
135.0 0.00175 110.0
135.0 0.0022500000000000003 51.0
135.0 0.00275 22.0
135.0 0.0032500000000000003 10.0
135.0 0.00375 3.0
135.0 0.00425 3.0
135.0 0.004750000000000001 1.0
135.0 0.00525 4.0
135.0 0.00575 78.0
135.0 0.00625 1019.0
135.0 0.006750000000000001 6277.0
135.0 0.00725 22397.0
135.0 0.00775 44340.0
135.0 0.00825 55589.0
135.0 0.00875 46230.0
135.0 0.009250000000000001 27337.0
135.0 0.00975 12412.0
135.0 0.01025 4239.0
135.0 0.010750000000000001 1307.0
135.0 0.01125 276.0
135.0 0.01175 45.0
135.0 0.01225 6.0
135.0 0.012750000000000001 1.0
135.0 0.013250000000000001 0.0
135.0 0.01375 3.0
135.0 0.01425 3.0
135.0 0.014750000000000001 5.0
145.0 0.00025 233.0
145.0 0.00075 277.0
145.0 0.00125 192.0
145.0 0.00175 103.0
145.0 0.0022500000000000003 54.0
145.0 0.00275 9.0
145.0 0.0032500000000000003 8.0
145.0 0.00375 6.0
145.0 0.00425 1.0
145.0 0.004750000000000001 3.0
145.0 0.00525 1.0
145.0 0.00575 55.0
145.0 0.00625 724.0
145.0 0.006750000000000001 5572.0
145.0 0.00725 20518.0
145.0 0.00775 42327.0
145.0 0.00825 53063.0
145.0 0.00875 43357.0
145.0 0.009250000000000001 25097.0
145.0 0.00975 10891.0
145.0 0.01025 3854.0
145.0 0.010750000000000001 1063.0
145.0 0.01125 227.0
145.0 0.01175 32.0
145.0 0.01225 5.0
145.0 0.012750000000000001 2.0
145.0 0.013250000000000001 0.0
145.0 0.01375 2.0
145.0 0.01425 0.0
145.0 0.014750000000000001 3.0
155.0 0.00025 193.0
155.0 0.00075 239.0
155.0 0.00125 171.0
155.0 0.00175 95.0
155.0 0.0022500000000000003 41.0
155.0 0.00275 3.0
155.0 0.0032500000000000003 4.0
155.0 0.00375 2.0
155.0 0.00425 2.0
155.0 0.004750000000000001 0.0
155.0 0.00525 1.0
155.0 0.00575 23.0
155.0 0.00625 614.0
155.0 0.006750000000000001 4759.0
155.0 0.00725 18859.0
155.0 0.00775 39906.0
155.0 0.00825 50306.0
155.0 0.00875 40695.0
155.0 0.009250000000000001 23068.0
155.0 0.00975 9676.0
155.0 0.01025 3387.0
155.0 0.010750000000000001 879.0
155.0 0.01125 198.0
155.0 0.01175 14.0
155.0 0.01225 3.0
155.0 0.012750000000000001 0.0
155.0 0.013250000000000001 1.0
155.0 0.01375 1.0
155.0 0.01425 3.0
155.0 0.014750000000000001 8.0
165.0 0.00025 153.0
165.0 0.00075 241.0
165.0 0.00125 135.0
165.0 0.00175 61.0
165.0 0.0022500000000000003 41.0
165.0 0.00275 8.0
165.0 0.0032500000000000003 3.0
165.0 0.00375 2.0
165.0 0.00425 2.0
165.0 0.004750000000000001 1.0
165.0 0.00525 0.0
165.0 0.00575 19.0
165.0 0.00625 458.0
165.0 0.006750000000000001 4061.0
165.0 0.00725 16783.0
165.0 0.00775 37652.0
165.0 0.00825 47261.0
165.0 0.00875 37892.0
165.0 0.009250000000000001 20947.0
165.0 0.00975 8673.0
165.0 0.01025 2902.0
165.0 0.010750000000000001 704.0
165.0 0.01125 142.0
165.0 0.01175 23.0
165.0 0.01225 1.0
165.0 0.012750000000000001 4.0
165.0 0.013250000000000001 0.0
165.0 0.01375 3.0
165.0 0.01425 19.0
165.0 0.014750000000000001 27.0
175.0 0.00025 131.0
175.0 0.00075 250.0
175.0 0.00125 176.0
175.0 0.00175 72.0
175.0 0.0022500000000000003 35.0
175.0 0.00275 6.0
175.0 0.0032500000000000003 3.0
175.0 0.00375 5.0
175.0 0.00425 1.0
175.0 0.004750000000000001 2.0
175.0 0.00525 3.0
175.0 0.00575 10.0
175.0 0.00625 346.0
175.0 0.006750000000000001 3327.0
175.0 0.00725 15150.0
175.0 0.00775 35475.0
175.0 0.00825 44706.0
175.0 0.00875 35641.0
175.0 0.009250000000000001 19114.0
175.0 0.00975 7902.0
175.0 0.01025 2603.0
175.0 0.010750000000000001 650.0
175.0 0.01125 113.0
175.0 0.01175 16.0
175.0 0.01225 3.0
175.0 0.012750000000000001 6.0
175.0 0.013250000000000001 8.0
175.0 0.01375 19.0
175.0 0.01425 67.0
175.0 0.014750000000000001 276.0
185.0 0.00025 114.0
185.0 0.00075 245.0
185.0 0.00125 165.0
185.0 0.00175 71.0
185.0 0.0022500000000000003 15.0
185.0 0.00275 6.0
185.0 0.0032500000000000003 1.0
185.0 0.00375 0.0
185.0 0.00425 3.0
185.0 0.004750000000000001 2.0
185.0 0.00525 0.0
185.0 0.00575 7.0
185.0 0.00625 251.0
185.0 0.006750000000000001 2707.0
185.0 0.00725 13322.0
185.0 0.00775 32286.0
185.0 0.00825 42478.0
185.0 0.00875 33116.0
185.0 0.009250000000000001 17238.0
185.0 0.00975 7007.0
185.0 0.01025 2198.0
185.0 0.010750000000000001 552.0
185.0 0.01125 119.0
185.0 0.01175 8.0
185.0 0.01225 4.0
185.0 0.012750000000000001 9.0
185.0 0.013250000000000001 20.0
185.0 0.01375 153.0
185.0 0.01425 235.0
185.0 0.014750000000000001 62.0
195.0 0.00025 124.0
195.0 0.00075 254.0
195.0 0.00125 112.0
195.0 0.00175 46.0
195.0 0.0022500000000000003 22.0
195.0 0.00275 7.0
195.0 0.0032500000000000003 2.0
195.0 0.00375 0.0
195.0 0.00425 1.0
195.0 0.004750000000000001 0.0
195.0 0.00525 1.0
195.0 0.00575 4.0
195.0 0.00625 178.0
195.0 0.006750000000000001 2208.0
195.0 0.00725 12172.0
195.0 0.00775 30322.0
195.0 0.00825 40407.0
195.0 0.00875 31280.0
195.0 0.009250000000000001 16001.0
195.0 0.00975 6448.0
195.0 0.01025 2052.0
195.0 0.010750000000000001 503.0
195.0 0.01125 69.0
195.0 0.01175 15.0
195.0 0.01225 7.0
195.0 0.012750000000000001 29.0
195.0 0.013250000000000001 186.0
195.0 0.01375 114.0
195.0 0.01425 13.0
195.0 0.014750000000000001 3.0
205.0 0.00025 131.0
205.0 0.00075 230.0
205.0 0.00125 97.0
205.0 0.00175 58.0
205.0 0.0022500000000000003 20.0
205.0 0.00275 3.0
205.0 0.0032500000000000003 1.0
205.0 0.00375 0.0
205.0 0.00425 2.0
205.0 0.004750000000000001 1.0
205.0 0.00525 1.0
205.0 0.00575 0.0
205.0 0.00625 107.0
205.0 0.006750000000000001 1765.0
205.0 0.00725 10880.0
205.0 0.00775 28782.0
205.0 0.00825 38853.0
205.0 0.00875 29674.0
205.0 0.009250000000000001 15016.0
205.0 0.00975 5767.0
205.0 0.01025 1866.0
205.0 0.010750000000000001 440.0
205.0 0.01125 87.0
205.0 0.01175 23.0
205.0 0.01225 49.0
205.0 0.012750000000000001 163.0
205.0 0.013250000000000001 51.0
205.0 0.01375 7.0
205.0 0.01425 2.0
205.0 0.014750000000000001 0.0
215.0 0.00025 127.0
215.0 0.00075 241.0
215.0 0.00125 102.0
215.0 0.00175 42.0
215.0 0.0022500000000000003 19.0
215.0 0.00275 3.0
215.0 0.0032500000000000003 1.0
215.0 0.00375 0.0
215.0 0.00425 1.0
215.0 0.004750000000000001 1.0
215.0 0.00525 0.0
215.0 0.00575 2.0
215.0 0.00625 71.0
215.0 0.006750000000000001 1460.0
215.0 0.00725 9733.0
215.0 0.00775 27399.0
215.0 0.00825 37184.0
215.0 0.00875 28572.0
215.0 0.009250000000000001 14181.0
215.0 0.00975 5543.0
215.0 0.01025 1699.0
215.0 0.010750000000000001 403.0
215.0 0.01125 63.0
215.0 0.01175 59.0
215.0 0.01225 141.0
215.0 0.012750000000000001 26.0
215.0 0.013250000000000001 0.0
215.0 0.01375 0.0
215.0 0.01425 0.0
215.0 0.014750000000000001 0.0
225.0 0.00025 117.0
225.0 0.00075 227.0
225.0 0.00125 87.0
225.0 0.00175 28.0
225.0 0.0022500000000000003 16.0
225.0 0.00275 2.0
225.0 0.0032500000000000003 2.0
225.0 0.00375 0.0
225.0 0.00425 1.0
225.0 0.004750000000000001 0.0
225.0 0.00525 1.0
225.0 0.00575 1.0
225.0 0.00625 68.0
225.0 0.006750000000000001 1263.0
225.0 0.00725 9173.0
225.0 0.00775 26248.0
225.0 0.00825 35719.0
225.0 0.00875 27446.0
225.0 0.009250000000000001 13472.0
225.0 0.00975 5230.0
225.0 0.01025 1620.0
225.0 0.010750000000000001 344.0
225.0 0.01125 80.0
225.0 0.01175 100.0
225.0 0.01225 15.0
225.0 0.012750000000000001 0.0
225.0 0.013250000000000001 1.0
225.0 0.01375 0.0
225.0 0.01425 0.0
225.0 0.014750000000000001 0.0
235.0 0.00025 127.0
235.0 0.00075 223.0
235.0 0.00125 83.0
235.0 0.00175 30.0
235.0 0.0022500000000000003 15.0
235.0 0.00275 2.0
235.0 0.0032500000000000003 0.0
235.0 0.00375 0.0
235.0 0.00425 0.0
235.0 0.004750000000000001 1.0
235.0 0.00525 0.0
235.0 0.00575 2.0
235.0 0.00625 53.0
235.0 0.006750000000000001 1139.0
235.0 0.00725 8302.0
235.0 0.00775 24767.0
235.0 0.00825 35180.0
235.0 0.00875 26504.0
235.0 0.009250000000000001 13019.0
235.0 0.00975 4662.0
235.0 0.01025 1468.0
235.0 0.010750000000000001 311.0
235.0 0.01125 111.0
235.0 0.01175 8.0
235.0 0.01225 3.0
235.0 0.012750000000000001 2.0
235.0 0.013250000000000001 0.0
235.0 0.01375 0.0
235.0 0.01425 0.0
235.0 0.014750000000000001 0.0
245.0 0.00025 119.0
245.0 0.00075 199.0
245.0 0.00125 60.0
245.0 0.00175 24.0
245.0 0.0022500000000000003 8.0
245.0 0.00275 1.0
245.0 0.0032500000000000003 0.0
245.0 0.00375 1.0
245.0 0.00425 2.0
245.0 0.004750000000000001 0.0
245.0 0.00525 1.0
245.0 0.00575 0.0
245.0 0.00625 43.0
245.0 0.006750000000000001 959.0
245.0 0.00725 7829.0
245.0 0.00775 24242.0
245.0 0.00825 34568.0
245.0 0.00875 25623.0
245.0 0.009250000000000001 12267.0
245.0 0.00975 4534.0
245.0 0.01025 1355.0
245.0 0.010750000000000001 295.0
245.0 0.01125 47.0
245.0 0.01175 6.0
245.0 0.01225 0.0
245.0 0.012750000000000001 0.0
245.0 0.013250000000000001 0.0
245.0 0.01375 0.0
245.0 0.01425 0.0
245.0 0.014750000000000001 0.0
255.0 0.00025 129.0
255.0 0.00075 188.0
255.0 0.00125 67.0
255.0 0.00175 20.0
255.0 0.0022500000000000003 5.0
255.0 0.00275 2.0
255.0 0.0032500000000000003 0.0
255.0 0.00375 1.0
255.0 0.00425 0.0
255.0 0.004750000000000001 1.0
255.0 0.00525 1.0
255.0 0.00575 4.0
255.0 0.00625 26.0
255.0 0.006750000000000001 822.0
255.0 0.00725 7220.0
255.0 0.00775 23517.0
255.0 0.00825 33568.0
255.0 0.00875 24852.0
255.0 0.009250000000000001 11818.0
255.0 0.00975 4344.0
255.0 0.01025 1244.0
255.0 0.010750000000000001 238.0
255.0 0.01125 32.0
255.0 0.01175 2.0
255.0 0.01225 0.0
255.0 0.012750000000000001 0.0
255.0 0.013250000000000001 0.0
255.0 0.01375 0.0
255.0 0.01425 0.0
255.0 0.014750000000000001 0.0
265.0 0.00025 125.0
265.0 0.00075 181.0
265.0 0.00125 63.0
265.0 0.00175 25.0
265.0 0.0022500000000000003 12.0
265.0 0.00275 2.0
265.0 0.0032500000000000003 0.0
265.0 0.00375 0.0
265.0 0.00425 2.0
265.0 0.004750000000000001 0.0
265.0 0.00525 0.0
265.0 0.00575 3.0
265.0 0.00625 23.0
265.0 0.006750000000000001 815.0
265.0 0.00725 6890.0
265.0 0.00775 22353.0
265.0 0.00825 32816.0
265.0 0.00875 24338.0
265.0 0.009250000000000001 11238.0
265.0 0.00975 3978.0
265.0 0.01025 1057.0
265.0 0.010750000000000001 183.0
265.0 0.01125 22.0
265.0 0.01175 1.0
265.0 0.01225 0.0
265.0 0.012750000000000001 0.0
265.0 0.013250000000000001 0.0
265.0 0.01375 1.0
265.0 0.01425 0.0
265.0 0.014750000000000001 0.0
275.0 0.00025 123.0
275.0 0.00075 187.0
275.0 0.00125 60.0
275.0 0.00175 15.0
275.0 0.0022500000000000003 11.0
275.0 0.00275 3.0
275.0 0.0032500000000000003 0.0
275.0 0.00375 1.0
275.0 0.00425 0.0
275.0 0.004750000000000001 0.0
275.0 0.00525 0.0
275.0 0.00575 4.0
275.0 0.00625 22.0
275.0 0.006750000000000001 606.0
275.0 0.00725 6181.0
275.0 0.00775 21689.0
275.0 0.00825 31416.0
275.0 0.00875 23291.0
275.0 0.009250000000000001 10816.0
275.0 0.00975 3606.0
275.0 0.01025 830.0
275.0 0.010750000000000001 150.0
275.0 0.01125 9.0
275.0 0.01175 1.0
275.0 0.01225 1.0
275.0 0.012750000000000001 0.0
275.0 0.013250000000000001 0.0
275.0 0.01375 0.0
275.0 0.01425 0.0
275.0 0.014750000000000001 0.0
285.0 0.00025 125.0
285.0 0.00075 180.0
285.0 0.00125 50.0
285.0 0.00175 8.0
285.0 0.0022500000000000003 8.0
285.0 0.00275 1.0
285.0 0.0032500000000000003 0.0
285.0 0.00375 1.0
285.0 0.00425 2.0
285.0 0.004750000000000001 0.0
285.0 0.00525 0.0
285.0 0.00575 4.0
285.0 0.00625 22.0
285.0 0.006750000000000001 556.0
285.0 0.00725 5625.0
285.0 0.00775 19915.0
285.0 0.00825 29788.0
285.0 0.00875 21560.0
285.0 0.009250000000000001 9873.0
285.0 0.00975 3361.0
285.0 0.01025 808.0
285.0 0.010750000000000001 134.0
285.0 0.01125 14.0
285.0 0.01175 0.0
285.0 0.01225 0.0
285.0 0.012750000000000001 0.0
285.0 0.013250000000000001 0.0
285.0 0.01375 0.0
285.0 0.01425 0.0
285.0 0.014750000000000001 0.0
295.0 0.00025 144.0
295.0 0.00075 166.0
295.0 0.00125 58.0
295.0 0.00175 8.0
295.0 0.0022500000000000003 3.0
295.0 0.00275 0.0
295.0 0.0032500000000000003 1.0
295.0 0.00375 2.0
295.0 0.00425 0.0
295.0 0.004750000000000001 1.0
295.0 0.00525 1.0
295.0 0.00575 2.0
295.0 0.00625 16.0
295.0 0.006750000000000001 412.0
295.0 0.00725 5098.0
295.0 0.00775 18315.0
295.0 0.00825 27377.0
295.0 0.00875 19608.0
295.0 0.009250000000000001 8770.0
295.0 0.00975 2852.0
295.0 0.01025 639.0
295.0 0.010750000000000001 90.0
295.0 0.01125 11.0
295.0 0.01175 1.0
295.0 0.01225 0.0
295.0 0.012750000000000001 0.0
295.0 0.013250000000000001 0.0
295.0 0.01375 0.0
295.0 0.01425 0.0
295.0 0.014750000000000001 0.0
305.0 0.00025 127.0
305.0 0.00075 136.0
305.0 0.00125 51.0
305.0 0.00175 11.0
305.0 0.0022500000000000003 5.0
305.0 0.00275 1.0
305.0 0.0032500000000000003 0.0
305.0 0.00375 1.0
305.0 0.00425 3.0
305.0 0.004750000000000001 0.0
305.0 0.00525 0.0
305.0 0.00575 3.0
305.0 0.00625 13.0
305.0 0.006750000000000001 386.0
305.0 0.00725 4407.0
305.0 0.00775 16486.0
305.0 0.00825 24532.0
305.0 0.00875 17434.0
305.0 0.009250000000000001 7725.0
305.0 0.00975 2487.0
305.0 0.01025 559.0
305.0 0.010750000000000001 75.0
305.0 0.01125 8.0
305.0 0.01175 0.0
305.0 0.01225 0.0
305.0 0.012750000000000001 0.0
305.0 0.013250000000000001 0.0
305.0 0.01375 0.0
305.0 0.01425 0.0
305.0 0.014750000000000001 0.0
315.0 0.00025 143.0
315.0 0.00075 128.0
315.0 0.00125 45.0
315.0 0.00175 12.0
315.0 0.0022500000000000003 4.0
315.0 0.00275 0.0
315.0 0.0032500000000000003 0.0
315.0 0.00375 0.0
315.0 0.00425 1.0
315.0 0.004750000000000001 1.0
315.0 0.00525 0.0
315.0 0.00575 5.0
315.0 0.00625 10.0
315.0 0.006750000000000001 351.0
315.0 0.00725 3905.0
315.0 0.00775 15066.0
315.0 0.00825 22236.0
315.0 0.00875 15512.0
315.0 0.009250000000000001 6669.0
315.0 0.00975 2061.0
315.0 0.01025 457.0
315.0 0.010750000000000001 60.0
315.0 0.01125 4.0
315.0 0.01175 0.0
315.0 0.01225 0.0
315.0 0.012750000000000001 0.0
315.0 0.013250000000000001 0.0
315.0 0.01375 0.0
315.0 0.01425 1.0
315.0 0.014750000000000001 0.0
325.0 0.00025 123.0
325.0 0.00075 125.0
325.0 0.00125 31.0
325.0 0.00175 13.0
325.0 0.0022500000000000003 4.0
325.0 0.00275 1.0
325.0 0.0032500000000000003 0.0
325.0 0.00375 1.0
325.0 0.00425 1.0
325.0 0.004750000000000001 0.0
325.0 0.00525 2.0
325.0 0.00575 5.0
325.0 0.00625 13.0
325.0 0.006750000000000001 276.0
325.0 0.00725 3392.0
325.0 0.00775 13533.0
325.0 0.00825 20096.0
325.0 0.00875 13615.0
325.0 0.009250000000000001 5826.0
325.0 0.00975 1765.0
325.0 0.01025 364.0
325.0 0.010750000000000001 51.0
325.0 0.01125 4.0
325.0 0.01175 0.0
325.0 0.01225 0.0
325.0 0.012750000000000001 0.0
325.0 0.013250000000000001 0.0
325.0 0.01375 0.0
325.0 0.01425 0.0
325.0 0.014750000000000001 0.0
335.0 0.00025 129.0
335.0 0.00075 131.0
335.0 0.00125 29.0
335.0 0.00175 11.0
335.0 0.0022500000000000003 0.0
335.0 0.00275 1.0
335.0 0.0032500000000000003 0.0
335.0 0.00375 0.0
335.0 0.00425 4.0
335.0 0.004750000000000001 3.0
335.0 0.00525 0.0
335.0 0.00575 3.0
335.0 0.00625 13.0
335.0 0.006750000000000001 241.0
335.0 0.00725 3056.0
335.0 0.00775 12171.0
335.0 0.00825 17828.0
335.0 0.00875 11982.0
335.0 0.009250000000000001 5130.0
335.0 0.00975 1502.0
335.0 0.01025 251.0
335.0 0.010750000000000001 33.0
335.0 0.01125 2.0
335.0 0.01175 0.0
335.0 0.01225 0.0
335.0 0.012750000000000001 0.0
335.0 0.013250000000000001 0.0
335.0 0.01375 0.0
335.0 0.01425 0.0
335.0 0.014750000000000001 0.0
345.0 0.00025 155.0
345.0 0.00075 136.0
345.0 0.00125 27.0
345.0 0.00175 9.0
345.0 0.0022500000000000003 4.0
345.0 0.00275 0.0
345.0 0.0032500000000000003 0.0
345.0 0.00375 1.0
345.0 0.00425 3.0
345.0 0.004750000000000001 1.0
345.0 0.00525 3.0
345.0 0.00575 5.0
345.0 0.00625 8.0
345.0 0.006750000000000001 197.0
345.0 0.00725 2701.0
345.0 0.00775 10972.0
345.0 0.00825 15787.0
345.0 0.00875 10414.0
345.0 0.009250000000000001 4334.0
345.0 0.00975 1289.0
345.0 0.01025 186.0
345.0 0.010750000000000001 21.0
345.0 0.01125 1.0
345.0 0.01175 0.0
345.0 0.01225 0.0
345.0 0.012750000000000001 0.0
345.0 0.013250000000000001 0.0
345.0 0.01375 0.0
345.0 0.01425 0.0
345.0 0.014750000000000001 0.0
355.0 0.00025 122.0
355.0 0.00075 108.0
355.0 0.00125 19.0
355.0 0.00175 6.0
355.0 0.0022500000000000003 1.0
355.0 0.00275 0.0
355.0 0.0032500000000000003 0.0
355.0 0.00375 3.0
355.0 0.00425 3.0
355.0 0.004750000000000001 3.0
355.0 0.00525 8.0
355.0 0.00575 7.0
355.0 0.00625 14.0
355.0 0.006750000000000001 177.0
355.0 0.00725 2328.0
355.0 0.00775 9443.0
355.0 0.00825 13436.0
355.0 0.00875 8863.0
355.0 0.009250000000000001 3572.0
355.0 0.00975 1028.0
355.0 0.01025 149.0
355.0 0.010750000000000001 15.0
355.0 0.01125 1.0
355.0 0.01175 0.0
355.0 0.01225 0.0
355.0 0.012750000000000001 0.0
355.0 0.013250000000000001 0.0
355.0 0.01375 0.0
355.0 0.01425 0.0
355.0 0.014750000000000001 0.0
365.0 0.00025 141.0
365.0 0.00075 138.0
365.0 0.00125 20.0
365.0 0.00175 4.0
365.0 0.0022500000000000003 0.0
365.0 0.00275 0.0
365.0 0.0032500000000000003 0.0
365.0 0.00375 0.0
365.0 0.00425 5.0
365.0 0.004750000000000001 3.0
365.0 0.00525 9.0
365.0 0.00575 4.0
365.0 0.00625 8.0
365.0 0.006750000000000001 132.0
365.0 0.00725 1831.0
365.0 0.00775 7969.0
365.0 0.00825 11192.0
365.0 0.00875 7220.0
365.0 0.009250000000000001 2990.0
365.0 0.00975 875.0
365.0 0.01025 149.0
365.0 0.010750000000000001 22.0
365.0 0.01125 2.0
365.0 0.01175 0.0
365.0 0.01225 0.0
365.0 0.012750000000000001 0.0
365.0 0.013250000000000001 0.0
365.0 0.01375 0.0
365.0 0.01425 0.0
365.0 0.014750000000000001 0.0
375.0 0.00025 156.0
375.0 0.00075 98.0
375.0 0.00125 16.0
375.0 0.00175 6.0
375.0 0.0022500000000000003 0.0
375.0 0.00275 0.0
375.0 0.0032500000000000003 0.0
375.0 0.00375 0.0
375.0 0.00425 5.0
375.0 0.004750000000000001 2.0
375.0 0.00525 5.0
375.0 0.00575 6.0
375.0 0.00625 10.0
375.0 0.006750000000000001 127.0
375.0 0.00725 1534.0
375.0 0.00775 6530.0
375.0 0.00825 9501.0
375.0 0.00875 6026.0
375.0 0.009250000000000001 2454.0
375.0 0.00975 689.0
375.0 0.01025 124.0
375.0 0.010750000000000001 16.0
375.0 0.01125 2.0
375.0 0.01175 0.0
375.0 0.01225 0.0
375.0 0.012750000000000001 0.0
375.0 0.013250000000000001 0.0
375.0 0.01375 0.0
375.0 0.01425 0.0
375.0 0.014750000000000001 1.0
385.0 0.00025 121.0
385.0 0.00075 85.0
385.0 0.00125 17.0
385.0 0.00175 4.0
385.0 0.0022500000000000003 1.0
385.0 0.00275 0.0
385.0 0.0032500000000000003 0.0
385.0 0.00375 4.0
385.0 0.00425 7.0
385.0 0.004750000000000001 4.0
385.0 0.00525 4.0
385.0 0.00575 4.0
385.0 0.00625 9.0
385.0 0.006750000000000001 114.0
385.0 0.00725 1384.0
385.0 0.00775 5533.0
385.0 0.00825 7853.0
385.0 0.00875 4891.0
385.0 0.009250000000000001 2017.0
385.0 0.00975 597.0
385.0 0.01025 111.0
385.0 0.010750000000000001 9.0
385.0 0.01125 1.0
385.0 0.01175 0.0
385.0 0.01225 0.0
385.0 0.012750000000000001 0.0
385.0 0.013250000000000001 0.0
385.0 0.01375 0.0
385.0 0.01425 0.0
385.0 0.014750000000000001 0.0
395.0 0.00025 141.0
395.0 0.00075 93.0
395.0 0.00125 20.0
395.0 0.00175 2.0
395.0 0.0022500000000000003 0.0
395.0 0.00275 0.0
395.0 0.0032500000000000003 3.0
395.0 0.00375 3.0
395.0 0.00425 5.0
395.0 0.004750000000000001 5.0
395.0 0.00525 9.0
395.0 0.00575 6.0
395.0 0.00625 2.0
395.0 0.006750000000000001 73.0
395.0 0.00725 1194.0
395.0 0.00775 4990.0
395.0 0.00825 6723.0
395.0 0.00875 4130.0
395.0 0.009250000000000001 1748.0
395.0 0.00975 556.0
395.0 0.01025 105.0
395.0 0.010750000000000001 3.0
395.0 0.01125 0.0
395.0 0.01175 0.0
395.0 0.01225 0.0
395.0 0.012750000000000001 0.0
395.0 0.013250000000000001 0.0
395.0 0.01375 0.0
395.0 0.01425 0.0
395.0 0.014750000000000001 0.0
405.0 0.00025 121.0
405.0 0.00075 95.0
405.0 0.00125 13.0
405.0 0.00175 7.0
405.0 0.0022500000000000003 0.0
405.0 0.00275 0.0
405.0 0.0032500000000000003 0.0
405.0 0.00375 2.0
405.0 0.00425 4.0
405.0 0.004750000000000001 10.0
405.0 0.00525 5.0
405.0 0.00575 4.0
405.0 0.00625 4.0
405.0 0.006750000000000001 52.0
405.0 0.00725 1018.0
405.0 0.00775 4321.0
405.0 0.00825 6201.0
405.0 0.00875 3798.0
405.0 0.009250000000000001 1574.0
405.0 0.00975 490.0
405.0 0.01025 78.0
405.0 0.010750000000000001 14.0
405.0 0.01125 0.0
405.0 0.01175 0.0
405.0 0.01225 0.0
405.0 0.012750000000000001 0.0
405.0 0.013250000000000001 0.0
405.0 0.01375 0.0
405.0 0.01425 0.0
405.0 0.014750000000000001 0.0
415.0 0.00025 115.0
415.0 0.00075 83.0
415.0 0.00125 10.0
415.0 0.00175 1.0
415.0 0.0022500000000000003 1.0
415.0 0.00275 1.0
415.0 0.0032500000000000003 0.0
415.0 0.00375 3.0
415.0 0.00425 5.0
415.0 0.004750000000000001 5.0
415.0 0.00525 4.0
415.0 0.00575 5.0
415.0 0.00625 2.0
415.0 0.006750000000000001 44.0
415.0 0.00725 940.0
415.0 0.00775 3930.0
415.0 0.00825 5607.0
415.0 0.00875 3397.0
415.0 0.009250000000000001 1480.0
415.0 0.00975 438.0
415.0 0.01025 97.0
415.0 0.010750000000000001 15.0
415.0 0.01125 1.0
415.0 0.01175 0.0
415.0 0.01225 0.0
415.0 0.012750000000000001 0.0
415.0 0.013250000000000001 0.0
415.0 0.01375 0.0
415.0 0.01425 0.0
415.0 0.014750000000000001 0.0
425.0 0.00025 135.0
425.0 0.00075 90.0
425.0 0.00125 18.0
425.0 0.00175 4.0
425.0 0.0022500000000000003 1.0
425.0 0.00275 0.0
425.0 0.0032500000000000003 0.0
425.0 0.00375 2.0
425.0 0.00425 8.0
425.0 0.004750000000000001 3.0
425.0 0.00525 4.0
425.0 0.00575 8.0
425.0 0.00625 5.0
425.0 0.006750000000000001 52.0
425.0 0.00725 787.0
425.0 0.00775 3695.0
425.0 0.00825 5206.0
425.0 0.00875 3272.0
425.0 0.009250000000000001 1399.0
425.0 0.00975 411.0
425.0 0.01025 73.0
425.0 0.010750000000000001 12.0
425.0 0.01125 0.0
425.0 0.01175 0.0
425.0 0.01225 0.0
425.0 0.012750000000000001 0.0
425.0 0.013250000000000001 0.0
425.0 0.01375 0.0
425.0 0.01425 0.0
425.0 0.014750000000000001 0.0
435.0 0.00025 140.0
435.0 0.00075 103.0
435.0 0.00125 13.0
435.0 0.00175 1.0
435.0 0.0022500000000000003 0.0
435.0 0.00275 0.0
435.0 0.0032500000000000003 0.0
435.0 0.00375 7.0
435.0 0.00425 7.0
435.0 0.004750000000000001 12.0
435.0 0.00525 2.0
435.0 0.00575 8.0
435.0 0.00625 2.0
435.0 0.006750000000000001 34.0
435.0 0.00725 670.0
435.0 0.00775 3454.0
435.0 0.00825 5038.0
435.0 0.00875 3221.0
435.0 0.009250000000000001 1327.0
435.0 0.00975 382.0
435.0 0.01025 56.0
435.0 0.010750000000000001 9.0
435.0 0.01125 0.0
435.0 0.01175 0.0
435.0 0.01225 0.0
435.0 0.012750000000000001 0.0
435.0 0.013250000000000001 0.0
435.0 0.01375 0.0
435.0 0.01425 0.0
435.0 0.014750000000000001 0.0
445.0 0.00025 147.0
445.0 0.00075 81.0
445.0 0.00125 13.0
445.0 0.00175 0.0
445.0 0.0022500000000000003 0.0
445.0 0.00275 0.0
445.0 0.0032500000000000003 0.0
445.0 0.00375 6.0
445.0 0.00425 14.0
445.0 0.004750000000000001 5.0
445.0 0.00525 4.0
445.0 0.00575 3.0
445.0 0.00625 2.0
445.0 0.006750000000000001 33.0
445.0 0.00725 648.0
445.0 0.00775 3199.0
445.0 0.00825 4842.0
445.0 0.00875 3095.0
445.0 0.009250000000000001 1308.0
445.0 0.00975 403.0
445.0 0.01025 55.0
445.0 0.010750000000000001 5.0
445.0 0.01125 0.0
445.0 0.01175 0.0
445.0 0.01225 0.0
445.0 0.012750000000000001 0.0
445.0 0.013250000000000001 0.0
445.0 0.01375 0.0
445.0 0.01425 0.0
445.0 0.014750000000000001 0.0
455.0 0.00025 146.0
455.0 0.00075 76.0
455.0 0.00125 16.0
455.0 0.00175 1.0
455.0 0.0022500000000000003 0.0
455.0 0.00275 0.0
455.0 0.0032500000000000003 0.0
455.0 0.00375 7.0
455.0 0.00425 15.0
455.0 0.004750000000000001 5.0
455.0 0.00525 5.0
455.0 0.00575 3.0
455.0 0.00625 2.0
455.0 0.006750000000000001 17.0
455.0 0.00725 549.0
455.0 0.00775 2985.0
455.0 0.00825 4708.0
455.0 0.00875 2898.0
455.0 0.009250000000000001 1143.0
455.0 0.00975 309.0
455.0 0.01025 49.0
455.0 0.010750000000000001 9.0
455.0 0.01125 0.0
455.0 0.01175 0.0
455.0 0.01225 0.0
455.0 0.012750000000000001 0.0
455.0 0.013250000000000001 0.0
455.0 0.01375 0.0
455.0 0.01425 0.0
455.0 0.014750000000000001 0.0
465.0 0.00025 122.0
465.0 0.00075 70.0
465.0 0.00125 10.0
465.0 0.00175 2.0
465.0 0.0022500000000000003 0.0
465.0 0.00275 0.0
465.0 0.0032500000000000003 0.0
465.0 0.00375 6.0
465.0 0.00425 22.0
465.0 0.004750000000000001 9.0
465.0 0.00525 3.0
465.0 0.00575 2.0
465.0 0.00625 2.0
465.0 0.006750000000000001 21.0
465.0 0.00725 504.0
465.0 0.00775 2818.0
465.0 0.00825 4470.0
465.0 0.00875 2772.0
465.0 0.009250000000000001 1131.0
465.0 0.00975 328.0
465.0 0.01025 60.0
465.0 0.010750000000000001 4.0
465.0 0.01125 0.0
465.0 0.01175 0.0
465.0 0.01225 0.0
465.0 0.012750000000000001 0.0
465.0 0.013250000000000001 0.0
465.0 0.01375 0.0
465.0 0.01425 0.0
465.0 0.014750000000000001 0.0
475.0 0.00025 133.0
475.0 0.00075 81.0
475.0 0.00125 13.0
475.0 0.00175 0.0
475.0 0.0022500000000000003 0.0
475.0 0.00275 0.0
475.0 0.0032500000000000003 0.0
475.0 0.00375 5.0
475.0 0.00425 16.0
475.0 0.004750000000000001 7.0
475.0 0.00525 2.0
475.0 0.00575 4.0
475.0 0.00625 1.0
475.0 0.006750000000000001 16.0
475.0 0.00725 512.0
475.0 0.00775 2813.0
475.0 0.00825 4341.0
475.0 0.00875 2638.0
475.0 0.009250000000000001 1066.0
475.0 0.00975 296.0
475.0 0.01025 40.0
475.0 0.010750000000000001 1.0
475.0 0.01125 0.0
475.0 0.01175 0.0
475.0 0.01225 0.0
475.0 0.012750000000000001 0.0
475.0 0.013250000000000001 0.0
475.0 0.01375 0.0
475.0 0.01425 0.0
475.0 0.014750000000000001 0.0
485.0 0.00025 144.0
485.0 0.00075 61.0
485.0 0.00125 8.0
485.0 0.00175 0.0
485.0 0.0022500000000000003 0.0
485.0 0.00275 0.0
485.0 0.0032500000000000003 0.0
485.0 0.00375 4.0
485.0 0.00425 14.0
485.0 0.004750000000000001 13.0
485.0 0.00525 3.0
485.0 0.00575 2.0
485.0 0.00625 2.0
485.0 0.006750000000000001 13.0
485.0 0.00725 454.0
485.0 0.00775 2590.0
485.0 0.00825 4031.0
485.0 0.00875 2533.0
485.0 0.009250000000000001 1080.0
485.0 0.00975 274.0
485.0 0.01025 36.0
485.0 0.010750000000000001 3.0
485.0 0.01125 0.0
485.0 0.01175 0.0
485.0 0.01225 0.0
485.0 0.012750000000000001 0.0
485.0 0.013250000000000001 0.0
485.0 0.01375 0.0
485.0 0.01425 0.0
485.0 0.014750000000000001 0.0
495.0 0.00025 106.0
495.0 0.00075 64.0
495.0 0.00125 10.0
495.0 0.00175 0.0
495.0 0.0022500000000000003 0.0
495.0 0.00275 0.0
495.0 0.0032500000000000003 0.0
495.0 0.00375 2.0
495.0 0.00425 11.0
495.0 0.004750000000000001 9.0
495.0 0.00525 3.0
495.0 0.00575 2.0
495.0 0.00625 3.0
495.0 0.006750000000000001 13.0
495.0 0.00725 424.0
495.0 0.00775 2486.0
495.0 0.00825 3840.0
495.0 0.00875 2480.0
495.0 0.009250000000000001 995.0
495.0 0.00975 249.0
495.0 0.01025 38.0
495.0 0.010750000000000001 0.0
495.0 0.01125 0.0
495.0 0.01175 0.0
495.0 0.01225 0.0
495.0 0.012750000000000001 0.0
495.0 0.013250000000000001 0.0
495.0 0.01375 0.0
495.0 0.01425 0.0
495.0 0.014750000000000001 0.0
505.0 0.00025 124.0
505.0 0.00075 56.0
505.0 0.00125 8.0
505.0 0.00175 1.0
505.0 0.0022500000000000003 0.0
505.0 0.00275 1.0
505.0 0.0032500000000000003 0.0
505.0 0.00375 4.0
505.0 0.00425 13.0
505.0 0.004750000000000001 9.0
505.0 0.00525 3.0
505.0 0.00575 2.0
505.0 0.00625 0.0
505.0 0.006750000000000001 9.0
505.0 0.00725 344.0
505.0 0.00775 2233.0
505.0 0.00825 3578.0
505.0 0.00875 2327.0
505.0 0.009250000000000001 920.0
505.0 0.00975 222.0
505.0 0.01025 24.0
505.0 0.010750000000000001 0.0
505.0 0.01125 0.0
505.0 0.01175 0.0
505.0 0.01225 0.0
505.0 0.012750000000000001 0.0
505.0 0.013250000000000001 0.0
505.0 0.01375 0.0
505.0 0.01425 0.0
505.0 0.014750000000000001 0.0
515.0 0.00025 128.0
515.0 0.00075 58.0
515.0 0.00125 10.0
515.0 0.00175 0.0
515.0 0.0022500000000000003 0.0
515.0 0.00275 0.0
515.0 0.0032500000000000003 2.0
515.0 0.00375 2.0
515.0 0.00425 6.0
515.0 0.004750000000000001 9.0
515.0 0.00525 3.0
515.0 0.00575 3.0
515.0 0.00625 4.0
515.0 0.006750000000000001 9.0
515.0 0.00725 289.0
515.0 0.00775 1903.0
515.0 0.00825 3271.0
515.0 0.00875 2033.0
515.0 0.009250000000000001 784.0
515.0 0.00975 189.0
515.0 0.01025 22.0
515.0 0.010750000000000001 2.0
515.0 0.01125 0.0
515.0 0.01175 0.0
515.0 0.01225 0.0
515.0 0.012750000000000001 0.0
515.0 0.013250000000000001 0.0
515.0 0.01375 0.0
515.0 0.01425 0.0
515.0 0.014750000000000001 0.0
525.0 0.00025 106.0
525.0 0.00075 73.0
525.0 0.00125 3.0
525.0 0.00175 0.0
525.0 0.0022500000000000003 0.0
525.0 0.00275 0.0
525.0 0.0032500000000000003 0.0
525.0 0.00375 2.0
525.0 0.00425 8.0
525.0 0.004750000000000001 4.0
525.0 0.00525 2.0
525.0 0.00575 1.0
525.0 0.00625 2.0
525.0 0.006750000000000001 10.0
525.0 0.00725 230.0
525.0 0.00775 1669.0
525.0 0.00825 2854.0
525.0 0.00875 1797.0
525.0 0.009250000000000001 784.0
525.0 0.00975 148.0
525.0 0.01025 17.0
525.0 0.010750000000000001 1.0
525.0 0.01125 0.0
525.0 0.01175 0.0
525.0 0.01225 0.0
525.0 0.012750000000000001 0.0
525.0 0.013250000000000001 0.0
525.0 0.01375 0.0
525.0 0.01425 0.0
525.0 0.014750000000000001 0.0
535.0 0.00025 125.0
535.0 0.00075 44.0
535.0 0.00125 3.0
535.0 0.00175 0.0
535.0 0.0022500000000000003 0.0
535.0 0.00275 0.0
535.0 0.0032500000000000003 0.0
535.0 0.00375 4.0
535.0 0.00425 6.0
535.0 0.004750000000000001 4.0
535.0 0.00525 1.0
535.0 0.00575 0.0
535.0 0.00625 1.0
535.0 0.006750000000000001 7.0
535.0 0.00725 181.0
535.0 0.00775 1373.0
535.0 0.00825 2397.0
535.0 0.00875 1487.0
535.0 0.009250000000000001 601.0
535.0 0.00975 116.0
535.0 0.01025 14.0
535.0 0.010750000000000001 0.0
535.0 0.01125 0.0
535.0 0.01175 0.0
535.0 0.01225 0.0
535.0 0.012750000000000001 0.0
535.0 0.013250000000000001 0.0
535.0 0.01375 0.0
535.0 0.01425 0.0
535.0 0.014750000000000001 0.0
545.0 0.00025 110.0
545.0 0.00075 37.0
545.0 0.00125 8.0
545.0 0.00175 0.0
545.0 0.0022500000000000003 0.0
545.0 0.00275 1.0
545.0 0.0032500000000000003 0.0
545.0 0.00375 3.0
545.0 0.00425 5.0
545.0 0.004750000000000001 5.0
545.0 0.00525 0.0
545.0 0.00575 0.0
545.0 0.00625 2.0
545.0 0.006750000000000001 2.0
545.0 0.00725 111.0
545.0 0.00775 1038.0
545.0 0.00825 1918.0
545.0 0.00875 1205.0
545.0 0.009250000000000001 464.0
545.0 0.00975 104.0
545.0 0.01025 11.0
545.0 0.010750000000000001 0.0
545.0 0.01125 0.0
545.0 0.01175 0.0
545.0 0.01225 0.0
545.0 0.012750000000000001 0.0
545.0 0.013250000000000001 0.0
545.0 0.01375 0.0
545.0 0.01425 0.0
545.0 0.014750000000000001 0.0
555.0 0.00025 110.0
555.0 0.00075 60.0
555.0 0.00125 6.0
555.0 0.00175 0.0
555.0 0.0022500000000000003 0.0
555.0 0.00275 0.0
555.0 0.0032500000000000003 0.0
555.0 0.00375 2.0
555.0 0.00425 5.0
555.0 0.004750000000000001 4.0
555.0 0.00525 0.0
555.0 0.00575 1.0
555.0 0.00625 1.0
555.0 0.006750000000000001 4.0
555.0 0.00725 101.0
555.0 0.00775 860.0
555.0 0.00825 1547.0
555.0 0.00875 962.0
555.0 0.009250000000000001 378.0
555.0 0.00975 63.0
555.0 0.01025 13.0
555.0 0.010750000000000001 1.0
555.0 0.01125 0.0
555.0 0.01175 0.0
555.0 0.01225 0.0
555.0 0.012750000000000001 0.0
555.0 0.013250000000000001 0.0
555.0 0.01375 0.0
555.0 0.01425 0.0
555.0 0.014750000000000001 0.0
565.0 0.00025 104.0
565.0 0.00075 48.0
565.0 0.00125 4.0
565.0 0.00175 1.0
565.0 0.0022500000000000003 0.0
565.0 0.00275 0.0
565.0 0.0032500000000000003 0.0
565.0 0.00375 0.0
565.0 0.00425 4.0
565.0 0.004750000000000001 7.0
565.0 0.00525 0.0
565.0 0.00575 0.0
565.0 0.00625 0.0
565.0 0.006750000000000001 1.0
565.0 0.00725 54.0
565.0 0.00775 603.0
565.0 0.00825 1169.0
565.0 0.00875 721.0
565.0 0.009250000000000001 234.0
565.0 0.00975 53.0
565.0 0.01025 3.0
565.0 0.010750000000000001 0.0
565.0 0.01125 0.0
565.0 0.01175 0.0
565.0 0.01225 0.0
565.0 0.012750000000000001 0.0
565.0 0.013250000000000001 0.0
565.0 0.01375 0.0
565.0 0.01425 0.0
565.0 0.014750000000000001 0.0
575.0 0.00025 120.0
575.0 0.00075 35.0
575.0 0.00125 7.0
575.0 0.00175 0.0
575.0 0.0022500000000000003 0.0
575.0 0.00275 0.0
575.0 0.0032500000000000003 0.0
575.0 0.00375 0.0
575.0 0.00425 1.0
575.0 0.004750000000000001 3.0
575.0 0.00525 1.0
575.0 0.00575 1.0
575.0 0.00625 0.0
575.0 0.006750000000000001 2.0
575.0 0.00725 46.0
575.0 0.00775 431.0
575.0 0.00825 917.0
575.0 0.00875 604.0
575.0 0.009250000000000001 207.0
575.0 0.00975 47.0
575.0 0.01025 5.0
575.0 0.010750000000000001 0.0
575.0 0.01125 0.0
575.0 0.01175 0.0
575.0 0.01225 0.0
575.0 0.012750000000000001 0.0
575.0 0.013250000000000001 0.0
575.0 0.01375 0.0
575.0 0.01425 0.0
575.0 0.014750000000000001 0.0
585.0 0.00025 105.0
585.0 0.00075 42.0
585.0 0.00125 2.0
585.0 0.00175 1.0
585.0 0.0022500000000000003 0.0
585.0 0.00275 0.0
585.0 0.0032500000000000003 0.0
585.0 0.00375 0.0
585.0 0.00425 1.0
585.0 0.004750000000000001 5.0
585.0 0.00525 0.0
585.0 0.00575 0.0
585.0 0.00625 1.0
585.0 0.006750000000000001 2.0
585.0 0.00725 33.0
585.0 0.00775 333.0
585.0 0.00825 747.0
585.0 0.00875 435.0
585.0 0.009250000000000001 165.0
585.0 0.00975 32.0
585.0 0.01025 2.0
585.0 0.010750000000000001 0.0
585.0 0.01125 0.0
585.0 0.01175 0.0
585.0 0.01225 0.0
585.0 0.012750000000000001 0.0
585.0 0.013250000000000001 0.0
585.0 0.01375 0.0
585.0 0.01425 0.0
585.0 0.014750000000000001 0.0
595.0 0.00025 115.0
595.0 0.00075 50.0
595.0 0.00125 6.0
595.0 0.00175 0.0
595.0 0.0022500000000000003 1.0
595.0 0.00275 0.0
595.0 0.0032500000000000003 0.0
595.0 0.00375 1.0
595.0 0.00425 2.0
595.0 0.004750000000000001 2.0
595.0 0.00525 1.0
595.0 0.00575 2.0
595.0 0.00625 1.0
595.0 0.006750000000000001 0.0
595.0 0.00725 24.0
595.0 0.00775 263.0
595.0 0.00825 566.0
595.0 0.00875 341.0
595.0 0.009250000000000001 120.0
595.0 0.00975 24.0
595.0 0.01025 2.0
595.0 0.010750000000000001 0.0
595.0 0.01125 0.0
595.0 0.01175 0.0
595.0 0.01225 0.0
595.0 0.012750000000000001 0.0
595.0 0.013250000000000001 0.0
595.0 0.01375 0.0
595.0 0.01425 0.0
595.0 0.014750000000000001 0.0
605.0 0.00025 100.0
605.0 0.00075 40.0
605.0 0.00125 5.0
605.0 0.00175 0.0
605.0 0.0022500000000000003 0.0
605.0 0.00275 1.0
605.0 0.0032500000000000003 0.0
605.0 0.00375 0.0
605.0 0.00425 2.0
605.0 0.004750000000000001 5.0
605.0 0.00525 0.0
605.0 0.00575 0.0
605.0 0.00625 1.0
605.0 0.006750000000000001 2.0
605.0 0.00725 20.0
605.0 0.00775 221.0
605.0 0.00825 423.0
605.0 0.00875 305.0
605.0 0.009250000000000001 102.0
605.0 0.00975 25.0
605.0 0.01025 0.0
605.0 0.010750000000000001 0.0
605.0 0.01125 0.0
605.0 0.01175 0.0
605.0 0.01225 0.0
605.0 0.012750000000000001 0.0
605.0 0.013250000000000001 0.0
605.0 0.01375 0.0
605.0 0.01425 0.0
605.0 0.014750000000000001 0.0
615.0 0.00025 98.0
615.0 0.00075 37.0
615.0 0.00125 6.0
615.0 0.00175 0.0
615.0 0.0022500000000000003 0.0
615.0 0.00275 0.0
615.0 0.0032500000000000003 0.0
615.0 0.00375 0.0
615.0 0.00425 0.0
615.0 0.004750000000000001 0.0
615.0 0.00525 0.0
615.0 0.00575 0.0
615.0 0.00625 0.0
615.0 0.006750000000000001 1.0
615.0 0.00725 15.0
615.0 0.00775 225.0
615.0 0.00825 362.0
615.0 0.00875 263.0
615.0 0.009250000000000001 76.0
615.0 0.00975 18.0
615.0 0.01025 1.0
615.0 0.010750000000000001 0.0
615.0 0.01125 0.0
615.0 0.01175 0.0
615.0 0.01225 0.0
615.0 0.012750000000000001 0.0
615.0 0.013250000000000001 0.0
615.0 0.01375 0.0
615.0 0.01425 0.0
615.0 0.014750000000000001 0.0
625.0 0.00025 111.0
625.0 0.00075 40.0
625.0 0.00125 2.0
625.0 0.00175 0.0
625.0 0.0022500000000000003 0.0
625.0 0.00275 0.0
625.0 0.0032500000000000003 0.0
625.0 0.00375 0.0
625.0 0.00425 0.0
625.0 0.004750000000000001 0.0
625.0 0.00525 1.0
625.0 0.00575 0.0
625.0 0.00625 0.0
625.0 0.006750000000000001 0.0
625.0 0.00725 7.0
625.0 0.00775 158.0
625.0 0.00825 322.0
625.0 0.00875 207.0
625.0 0.009250000000000001 74.0
625.0 0.00975 13.0
625.0 0.01025 0.0
625.0 0.010750000000000001 0.0
625.0 0.01125 0.0
625.0 0.01175 0.0
625.0 0.01225 0.0
625.0 0.012750000000000001 0.0
625.0 0.013250000000000001 0.0
625.0 0.01375 0.0
625.0 0.01425 0.0
625.0 0.014750000000000001 0.0
635.0 0.00025 118.0
635.0 0.00075 26.0
635.0 0.00125 5.0
635.0 0.00175 0.0
635.0 0.0022500000000000003 1.0
635.0 0.00275 0.0
635.0 0.0032500000000000003 0.0
635.0 0.00375 0.0
635.0 0.00425 1.0
635.0 0.004750000000000001 0.0
635.0 0.00525 0.0
635.0 0.00575 0.0
635.0 0.00625 0.0
635.0 0.006750000000000001 0.0
635.0 0.00725 13.0
635.0 0.00775 138.0
635.0 0.00825 271.0
635.0 0.00875 187.0
635.0 0.009250000000000001 53.0
635.0 0.00975 10.0
635.0 0.01025 0.0
635.0 0.010750000000000001 0.0
635.0 0.01125 0.0
635.0 0.01175 0.0
635.0 0.01225 0.0
635.0 0.012750000000000001 0.0
635.0 0.013250000000000001 0.0
635.0 0.01375 0.0
635.0 0.01425 0.0
635.0 0.014750000000000001 0.0
645.0 0.00025 117.0
645.0 0.00075 27.0
645.0 0.00125 2.0
645.0 0.00175 0.0
645.0 0.0022500000000000003 0.0
645.0 0.00275 0.0
645.0 0.0032500000000000003 0.0
645.0 0.00375 0.0
645.0 0.00425 0.0
645.0 0.004750000000000001 0.0
645.0 0.00525 0.0
645.0 0.00575 0.0
645.0 0.00625 0.0
645.0 0.006750000000000001 1.0
645.0 0.00725 11.0
645.0 0.00775 95.0
645.0 0.00825 250.0
645.0 0.00875 138.0
645.0 0.009250000000000001 40.0
645.0 0.00975 8.0
645.0 0.01025 0.0
645.0 0.010750000000000001 0.0
645.0 0.01125 0.0
645.0 0.01175 0.0
645.0 0.01225 0.0
645.0 0.012750000000000001 0.0
645.0 0.013250000000000001 0.0
645.0 0.01375 0.0
645.0 0.01425 0.0
645.0 0.014750000000000001 0.0
655.0 0.00025 96.0
655.0 0.00075 29.0
655.0 0.00125 3.0
655.0 0.00175 0.0
655.0 0.0022500000000000003 0.0
655.0 0.00275 0.0
655.0 0.0032500000000000003 0.0
655.0 0.00375 0.0
655.0 0.00425 0.0
655.0 0.004750000000000001 0.0
655.0 0.00525 1.0
655.0 0.00575 0.0
655.0 0.00625 0.0
655.0 0.006750000000000001 0.0
655.0 0.00725 3.0
655.0 0.00775 76.0
655.0 0.00825 188.0
655.0 0.00875 107.0
655.0 0.009250000000000001 36.0
655.0 0.00975 4.0
655.0 0.01025 0.0
655.0 0.010750000000000001 0.0
655.0 0.01125 0.0
655.0 0.01175 0.0
655.0 0.01225 0.0
655.0 0.012750000000000001 0.0
655.0 0.013250000000000001 0.0
655.0 0.01375 0.0
655.0 0.01425 0.0
655.0 0.014750000000000001 0.0
665.0 0.00025 100.0
665.0 0.00075 30.0
665.0 0.00125 3.0
665.0 0.00175 0.0
665.0 0.0022500000000000003 0.0
665.0 0.00275 0.0
665.0 0.0032500000000000003 0.0
665.0 0.00375 0.0
665.0 0.00425 0.0
665.0 0.004750000000000001 0.0
665.0 0.00525 0.0
665.0 0.00575 0.0
665.0 0.00625 0.0
665.0 0.006750000000000001 0.0
665.0 0.00725 6.0
665.0 0.00775 69.0
665.0 0.00825 152.0
665.0 0.00875 97.0
665.0 0.009250000000000001 38.0
665.0 0.00975 9.0
665.0 0.01025 1.0
665.0 0.010750000000000001 0.0
665.0 0.01125 1.0
665.0 0.01175 0.0
665.0 0.01225 0.0
665.0 0.012750000000000001 0.0
665.0 0.013250000000000001 0.0
665.0 0.01375 0.0
665.0 0.01425 0.0
665.0 0.014750000000000001 0.0
675.0 0.00025 99.0
675.0 0.00075 25.0
675.0 0.00125 3.0
675.0 0.00175 0.0
675.0 0.0022500000000000003 0.0
675.0 0.00275 0.0
675.0 0.0032500000000000003 0.0
675.0 0.00375 0.0
675.0 0.00425 0.0
675.0 0.004750000000000001 0.0
675.0 0.00525 0.0
675.0 0.00575 0.0
675.0 0.00625 0.0
675.0 0.006750000000000001 0.0
675.0 0.00725 2.0
675.0 0.00775 70.0
675.0 0.00825 105.0
675.0 0.00875 85.0
675.0 0.009250000000000001 19.0
675.0 0.00975 4.0
675.0 0.01025 1.0
675.0 0.010750000000000001 0.0
675.0 0.01125 0.0
675.0 0.01175 0.0
675.0 0.01225 0.0
675.0 0.012750000000000001 0.0
675.0 0.013250000000000001 0.0
675.0 0.01375 0.0
675.0 0.01425 0.0
675.0 0.014750000000000001 0.0
685.0 0.00025 92.0
685.0 0.00075 31.0
685.0 0.00125 1.0
685.0 0.00175 0.0
685.0 0.0022500000000000003 0.0
685.0 0.00275 0.0
685.0 0.0032500000000000003 0.0
685.0 0.00375 0.0
685.0 0.00425 0.0
685.0 0.004750000000000001 0.0
685.0 0.00525 0.0
685.0 0.00575 0.0
685.0 0.00625 0.0
685.0 0.006750000000000001 0.0
685.0 0.00725 3.0
685.0 0.00775 42.0
685.0 0.00825 108.0
685.0 0.00875 70.0
685.0 0.009250000000000001 22.0
685.0 0.00975 5.0
685.0 0.01025 0.0
685.0 0.010750000000000001 0.0
685.0 0.01125 0.0
685.0 0.01175 0.0
685.0 0.01225 0.0
685.0 0.012750000000000001 0.0
685.0 0.013250000000000001 0.0
685.0 0.01375 0.0
685.0 0.01425 0.0
685.0 0.014750000000000001 0.0
695.0 0.00025 94.0
695.0 0.00075 25.0
695.0 0.00125 3.0
695.0 0.00175 0.0
695.0 0.0022500000000000003 1.0
695.0 0.00275 0.0
695.0 0.0032500000000000003 0.0
695.0 0.00375 0.0
695.0 0.00425 0.0
695.0 0.004750000000000001 0.0
695.0 0.00525 0.0
695.0 0.00575 0.0
695.0 0.00625 0.0
695.0 0.006750000000000001 0.0
695.0 0.00725 1.0
695.0 0.00775 28.0
695.0 0.00825 72.0
695.0 0.00875 37.0
695.0 0.009250000000000001 10.0
695.0 0.00975 2.0
695.0 0.01025 0.0
695.0 0.010750000000000001 0.0
695.0 0.01125 0.0
695.0 0.01175 0.0
695.0 0.01225 0.0
695.0 0.012750000000000001 0.0
695.0 0.013250000000000001 0.0
695.0 0.01375 0.0
695.0 0.01425 0.0
695.0 0.014750000000000001 0.0
705.0 0.00025 80.0
705.0 0.00075 21.0
705.0 0.00125 1.0
705.0 0.00175 0.0
705.0 0.0022500000000000003 0.0
705.0 0.00275 0.0
705.0 0.0032500000000000003 0.0
705.0 0.00375 0.0
705.0 0.00425 0.0
705.0 0.004750000000000001 0.0
705.0 0.00525 0.0
705.0 0.00575 0.0
705.0 0.00625 0.0
705.0 0.006750000000000001 1.0
705.0 0.00725 2.0
705.0 0.00775 35.0
705.0 0.00825 59.0
705.0 0.00875 25.0
705.0 0.009250000000000001 11.0
705.0 0.00975 2.0
705.0 0.01025 0.0
705.0 0.010750000000000001 0.0
705.0 0.01125 0.0
705.0 0.01175 0.0
705.0 0.01225 0.0
705.0 0.012750000000000001 0.0
705.0 0.013250000000000001 0.0
705.0 0.01375 0.0
705.0 0.01425 0.0
705.0 0.014750000000000001 0.0
715.0 0.00025 98.0
715.0 0.00075 23.0
715.0 0.00125 1.0
715.0 0.00175 0.0
715.0 0.0022500000000000003 0.0
715.0 0.00275 0.0
715.0 0.0032500000000000003 0.0
715.0 0.00375 0.0
715.0 0.00425 0.0
715.0 0.004750000000000001 0.0
715.0 0.00525 0.0
715.0 0.00575 0.0
715.0 0.00625 0.0
715.0 0.006750000000000001 0.0
715.0 0.00725 3.0
715.0 0.00775 23.0
715.0 0.00825 53.0
715.0 0.00875 21.0
715.0 0.009250000000000001 9.0
715.0 0.00975 3.0
715.0 0.01025 1.0
715.0 0.010750000000000001 0.0
715.0 0.01125 0.0
715.0 0.01175 0.0
715.0 0.01225 0.0
715.0 0.012750000000000001 0.0
715.0 0.013250000000000001 0.0
715.0 0.01375 0.0
715.0 0.01425 0.0
715.0 0.014750000000000001 0.0
725.0 0.00025 84.0
725.0 0.00075 24.0
725.0 0.00125 1.0
725.0 0.00175 0.0
725.0 0.0022500000000000003 0.0
725.0 0.00275 0.0
725.0 0.0032500000000000003 0.0
725.0 0.00375 0.0
725.0 0.00425 0.0
725.0 0.004750000000000001 0.0
725.0 0.00525 0.0
725.0 0.00575 0.0
725.0 0.00625 0.0
725.0 0.006750000000000001 0.0
725.0 0.00725 1.0
725.0 0.00775 14.0
725.0 0.00825 38.0
725.0 0.00875 17.0
725.0 0.009250000000000001 5.0
725.0 0.00975 1.0
725.0 0.01025 0.0
725.0 0.010750000000000001 0.0
725.0 0.01125 0.0
725.0 0.01175 0.0
725.0 0.01225 0.0
725.0 0.012750000000000001 0.0
725.0 0.013250000000000001 0.0
725.0 0.01375 0.0
725.0 0.01425 0.0
725.0 0.014750000000000001 0.0
735.0 0.00025 92.0
735.0 0.00075 14.0
735.0 0.00125 4.0
735.0 0.00175 0.0
735.0 0.0022500000000000003 0.0
735.0 0.00275 0.0
735.0 0.0032500000000000003 0.0
735.0 0.00375 0.0
735.0 0.00425 0.0
735.0 0.004750000000000001 0.0
735.0 0.00525 0.0
735.0 0.00575 0.0
735.0 0.00625 0.0
735.0 0.006750000000000001 0.0
735.0 0.00725 4.0
735.0 0.00775 18.0
735.0 0.00825 22.0
735.0 0.00875 13.0
735.0 0.009250000000000001 6.0
735.0 0.00975 0.0
735.0 0.01025 0.0
735.0 0.010750000000000001 0.0
735.0 0.01125 0.0
735.0 0.01175 0.0
735.0 0.01225 0.0
735.0 0.012750000000000001 0.0
735.0 0.013250000000000001 0.0
735.0 0.01375 0.0
735.0 0.01425 0.0
735.0 0.014750000000000001 0.0
745.0 0.00025 79.0
745.0 0.00075 22.0
745.0 0.00125 1.0
745.0 0.00175 1.0
745.0 0.0022500000000000003 0.0
745.0 0.00275 0.0
745.0 0.0032500000000000003 0.0
745.0 0.00375 0.0
745.0 0.00425 0.0
745.0 0.004750000000000001 0.0
745.0 0.00525 0.0
745.0 0.00575 0.0
745.0 0.00625 0.0
745.0 0.006750000000000001 0.0
745.0 0.00725 1.0
745.0 0.00775 10.0
745.0 0.00825 31.0
745.0 0.00875 16.0
745.0 0.009250000000000001 4.0
745.0 0.00975 1.0
745.0 0.01025 0.0
745.0 0.010750000000000001 0.0
745.0 0.01125 0.0
745.0 0.01175 0.0
745.0 0.01225 0.0
745.0 0.012750000000000001 0.0
745.0 0.013250000000000001 0.0
745.0 0.01375 0.0
745.0 0.01425 0.0
745.0 0.014750000000000001 0.0
755.0 0.00025 86.0
755.0 0.00075 21.0
755.0 0.00125 1.0
755.0 0.00175 0.0
755.0 0.0022500000000000003 0.0
755.0 0.00275 0.0
755.0 0.0032500000000000003 1.0
755.0 0.00375 0.0
755.0 0.00425 0.0
755.0 0.004750000000000001 0.0
755.0 0.00525 0.0
755.0 0.00575 0.0
755.0 0.00625 0.0
755.0 0.006750000000000001 0.0
755.0 0.00725 3.0
755.0 0.00775 6.0
755.0 0.00825 16.0
755.0 0.00875 9.0
755.0 0.009250000000000001 5.0
755.0 0.00975 0.0
755.0 0.01025 0.0
755.0 0.010750000000000001 0.0
755.0 0.01125 0.0
755.0 0.01175 0.0
755.0 0.01225 0.0
755.0 0.012750000000000001 0.0
755.0 0.013250000000000001 0.0
755.0 0.01375 0.0
755.0 0.01425 0.0
755.0 0.014750000000000001 0.0
765.0 0.00025 77.0
765.0 0.00075 16.0
765.0 0.00125 2.0
765.0 0.00175 0.0
765.0 0.0022500000000000003 0.0
765.0 0.00275 0.0
765.0 0.0032500000000000003 1.0
765.0 0.00375 0.0
765.0 0.00425 0.0
765.0 0.004750000000000001 0.0
765.0 0.00525 0.0
765.0 0.00575 0.0
765.0 0.00625 0.0
765.0 0.006750000000000001 0.0
765.0 0.00725 0.0
765.0 0.00775 9.0
765.0 0.00825 15.0
765.0 0.00875 9.0
765.0 0.009250000000000001 2.0
765.0 0.00975 0.0
765.0 0.01025 0.0
765.0 0.010750000000000001 0.0
765.0 0.01125 0.0
765.0 0.01175 0.0
765.0 0.01225 0.0
765.0 0.012750000000000001 0.0
765.0 0.013250000000000001 0.0
765.0 0.01375 0.0
765.0 0.01425 0.0
765.0 0.014750000000000001 0.0
775.0 0.00025 92.0
775.0 0.00075 18.0
775.0 0.00125 2.0
775.0 0.00175 0.0
775.0 0.0022500000000000003 0.0
775.0 0.00275 0.0
775.0 0.0032500000000000003 1.0
775.0 0.00375 0.0
775.0 0.00425 0.0
775.0 0.004750000000000001 0.0
775.0 0.00525 0.0
775.0 0.00575 0.0
775.0 0.00625 0.0
775.0 0.006750000000000001 0.0
775.0 0.00725 2.0
775.0 0.00775 6.0
775.0 0.00825 9.0
775.0 0.00875 8.0
775.0 0.009250000000000001 1.0
775.0 0.00975 0.0
775.0 0.01025 0.0
775.0 0.010750000000000001 0.0
775.0 0.01125 0.0
775.0 0.01175 0.0
775.0 0.01225 0.0
775.0 0.012750000000000001 0.0
775.0 0.013250000000000001 0.0
775.0 0.01375 0.0
775.0 0.01425 0.0
775.0 0.014750000000000001 0.0
785.0 0.00025 70.0
785.0 0.00075 11.0
785.0 0.00125 1.0
785.0 0.00175 1.0
785.0 0.0022500000000000003 0.0
785.0 0.00275 0.0
785.0 0.0032500000000000003 0.0
785.0 0.00375 0.0
785.0 0.00425 0.0
785.0 0.004750000000000001 0.0
785.0 0.00525 0.0
785.0 0.00575 0.0
785.0 0.00625 0.0
785.0 0.006750000000000001 0.0
785.0 0.00725 1.0
785.0 0.00775 10.0
785.0 0.00825 9.0
785.0 0.00875 4.0
785.0 0.009250000000000001 2.0
785.0 0.00975 0.0
785.0 0.01025 0.0
785.0 0.010750000000000001 0.0
785.0 0.01125 0.0
785.0 0.01175 0.0
785.0 0.01225 0.0
785.0 0.012750000000000001 0.0
785.0 0.013250000000000001 0.0
785.0 0.01375 0.0
785.0 0.01425 0.0
785.0 0.014750000000000001 0.0
795.0 0.00025 88.0
795.0 0.00075 20.0
795.0 0.00125 0.0
795.0 0.00175 0.0
795.0 0.0022500000000000003 0.0
795.0 0.00275 0.0
795.0 0.0032500000000000003 0.0
795.0 0.00375 0.0
795.0 0.00425 0.0
795.0 0.004750000000000001 0.0
795.0 0.00525 0.0
795.0 0.00575 0.0
795.0 0.00625 0.0
795.0 0.006750000000000001 0.0
795.0 0.00725 0.0
795.0 0.00775 8.0
795.0 0.00825 9.0
795.0 0.00875 4.0
795.0 0.009250000000000001 3.0
795.0 0.00975 0.0
795.0 0.01025 0.0
795.0 0.010750000000000001 0.0
795.0 0.01125 0.0
795.0 0.01175 0.0
795.0 0.01225 0.0
795.0 0.012750000000000001 0.0
795.0 0.013250000000000001 0.0
795.0 0.01375 0.0
795.0 0.01425 0.0
795.0 0.014750000000000001 0.0
805.0 0.00025 73.0
805.0 0.00075 15.0
805.0 0.00125 1.0
805.0 0.00175 0.0
805.0 0.0022500000000000003 0.0
805.0 0.00275 0.0
805.0 0.0032500000000000003 0.0
805.0 0.00375 0.0
805.0 0.00425 0.0
805.0 0.004750000000000001 0.0
805.0 0.00525 0.0
805.0 0.00575 0.0
805.0 0.00625 0.0
805.0 0.006750000000000001 0.0
805.0 0.00725 0.0
805.0 0.00775 7.0
805.0 0.00825 11.0
805.0 0.00875 9.0
805.0 0.009250000000000001 2.0
805.0 0.00975 0.0
805.0 0.01025 0.0
805.0 0.010750000000000001 0.0
805.0 0.01125 1.0
805.0 0.01175 0.0
805.0 0.01225 0.0
805.0 0.012750000000000001 0.0
805.0 0.013250000000000001 0.0
805.0 0.01375 0.0
805.0 0.01425 0.0
805.0 0.014750000000000001 0.0
815.0 0.00025 78.0
815.0 0.00075 15.0
815.0 0.00125 0.0
815.0 0.00175 0.0
815.0 0.0022500000000000003 0.0
815.0 0.00275 0.0
815.0 0.0032500000000000003 0.0
815.0 0.00375 0.0
815.0 0.00425 0.0
815.0 0.004750000000000001 0.0
815.0 0.00525 0.0
815.0 0.00575 0.0
815.0 0.00625 0.0
815.0 0.006750000000000001 0.0
815.0 0.00725 3.0
815.0 0.00775 4.0
815.0 0.00825 4.0
815.0 0.00875 7.0
815.0 0.009250000000000001 1.0
815.0 0.00975 0.0
815.0 0.01025 0.0
815.0 0.010750000000000001 0.0
815.0 0.01125 1.0
815.0 0.01175 0.0
815.0 0.01225 0.0
815.0 0.012750000000000001 0.0
815.0 0.013250000000000001 0.0
815.0 0.01375 0.0
815.0 0.01425 0.0
815.0 0.014750000000000001 0.0
825.0 0.00025 87.0
825.0 0.00075 18.0
825.0 0.00125 0.0
825.0 0.00175 0.0
825.0 0.0022500000000000003 0.0
825.0 0.00275 0.0
825.0 0.0032500000000000003 0.0
825.0 0.00375 0.0
825.0 0.00425 0.0
825.0 0.004750000000000001 0.0
825.0 0.00525 0.0
825.0 0.00575 0.0
825.0 0.00625 0.0
825.0 0.006750000000000001 0.0
825.0 0.00725 1.0
825.0 0.00775 3.0
825.0 0.00825 9.0
825.0 0.00875 7.0
825.0 0.009250000000000001 0.0
825.0 0.00975 0.0
825.0 0.01025 0.0
825.0 0.010750000000000001 0.0
825.0 0.01125 0.0
825.0 0.01175 0.0
825.0 0.01225 0.0
825.0 0.012750000000000001 0.0
825.0 0.013250000000000001 0.0
825.0 0.01375 0.0
825.0 0.01425 0.0
825.0 0.014750000000000001 0.0
835.0 0.00025 69.0
835.0 0.00075 15.0
835.0 0.00125 0.0
835.0 0.00175 0.0
835.0 0.0022500000000000003 0.0
835.0 0.00275 0.0
835.0 0.0032500000000000003 0.0
835.0 0.00375 0.0
835.0 0.00425 0.0
835.0 0.004750000000000001 0.0
835.0 0.00525 0.0
835.0 0.00575 0.0
835.0 0.00625 0.0
835.0 0.006750000000000001 0.0
835.0 0.00725 2.0
835.0 0.00775 5.0
835.0 0.00825 4.0
835.0 0.00875 3.0
835.0 0.009250000000000001 1.0
835.0 0.00975 0.0
835.0 0.01025 0.0
835.0 0.010750000000000001 0.0
835.0 0.01125 0.0
835.0 0.01175 0.0
835.0 0.01225 0.0
835.0 0.012750000000000001 0.0
835.0 0.013250000000000001 0.0
835.0 0.01375 0.0
835.0 0.01425 0.0
835.0 0.014750000000000001 0.0
845.0 0.00025 74.0
845.0 0.00075 29.0
845.0 0.00125 0.0
845.0 0.00175 1.0
845.0 0.0022500000000000003 0.0
845.0 0.00275 0.0
845.0 0.0032500000000000003 0.0
845.0 0.00375 0.0
845.0 0.00425 0.0
845.0 0.004750000000000001 0.0
845.0 0.00525 0.0
845.0 0.00575 0.0
845.0 0.00625 0.0
845.0 0.006750000000000001 0.0
845.0 0.00725 1.0
845.0 0.00775 2.0
845.0 0.00825 7.0
845.0 0.00875 5.0
845.0 0.009250000000000001 1.0
845.0 0.00975 0.0
845.0 0.01025 0.0
845.0 0.010750000000000001 0.0
845.0 0.01125 0.0
845.0 0.01175 0.0
845.0 0.01225 0.0
845.0 0.012750000000000001 0.0
845.0 0.013250000000000001 0.0
845.0 0.01375 0.0
845.0 0.01425 0.0
845.0 0.014750000000000001 0.0
855.0 0.00025 83.0
855.0 0.00075 19.0
855.0 0.00125 0.0
855.0 0.00175 0.0
855.0 0.0022500000000000003 0.0
855.0 0.00275 0.0
855.0 0.0032500000000000003 0.0
855.0 0.00375 1.0
855.0 0.00425 0.0
855.0 0.004750000000000001 0.0
855.0 0.00525 0.0
855.0 0.00575 0.0
855.0 0.00625 0.0
855.0 0.006750000000000001 0.0
855.0 0.00725 0.0
855.0 0.00775 4.0
855.0 0.00825 11.0
855.0 0.00875 7.0
855.0 0.009250000000000001 1.0
855.0 0.00975 0.0
855.0 0.01025 0.0
855.0 0.010750000000000001 0.0
855.0 0.01125 0.0
855.0 0.01175 0.0
855.0 0.01225 0.0
855.0 0.012750000000000001 0.0
855.0 0.013250000000000001 0.0
855.0 0.01375 0.0
855.0 0.01425 0.0
855.0 0.014750000000000001 0.0
865.0 0.00025 69.0
865.0 0.00075 13.0
865.0 0.00125 0.0
865.0 0.00175 0.0
865.0 0.0022500000000000003 0.0
865.0 0.00275 0.0
865.0 0.0032500000000000003 0.0
865.0 0.00375 0.0
865.0 0.00425 0.0
865.0 0.004750000000000001 0.0
865.0 0.00525 0.0
865.0 0.00575 0.0
865.0 0.00625 0.0
865.0 0.006750000000000001 0.0
865.0 0.00725 0.0
865.0 0.00775 5.0
865.0 0.00825 4.0
865.0 0.00875 4.0
865.0 0.009250000000000001 0.0
865.0 0.00975 0.0
865.0 0.01025 0.0
865.0 0.010750000000000001 0.0
865.0 0.01125 0.0
865.0 0.01175 0.0
865.0 0.01225 0.0
865.0 0.012750000000000001 0.0
865.0 0.013250000000000001 0.0
865.0 0.01375 0.0
865.0 0.01425 0.0
865.0 0.014750000000000001 0.0
875.0 0.00025 70.0
875.0 0.00075 16.0
875.0 0.00125 0.0
875.0 0.00175 0.0
875.0 0.0022500000000000003 0.0
875.0 0.00275 0.0
875.0 0.0032500000000000003 0.0
875.0 0.00375 0.0
875.0 0.00425 0.0
875.0 0.004750000000000001 0.0
875.0 0.00525 0.0
875.0 0.00575 0.0
875.0 0.00625 0.0
875.0 0.006750000000000001 0.0
875.0 0.00725 0.0
875.0 0.00775 5.0
875.0 0.00825 5.0
875.0 0.00875 1.0
875.0 0.009250000000000001 0.0
875.0 0.00975 1.0
875.0 0.01025 0.0
875.0 0.010750000000000001 0.0
875.0 0.01125 0.0
875.0 0.01175 0.0
875.0 0.01225 0.0
875.0 0.012750000000000001 0.0
875.0 0.013250000000000001 0.0
875.0 0.01375 0.0
875.0 0.01425 0.0
875.0 0.014750000000000001 0.0
885.0 0.00025 74.0
885.0 0.00075 6.0
885.0 0.00125 0.0
885.0 0.00175 0.0
885.0 0.0022500000000000003 0.0
885.0 0.00275 0.0
885.0 0.0032500000000000003 0.0
885.0 0.00375 1.0
885.0 0.00425 0.0
885.0 0.004750000000000001 0.0
885.0 0.00525 0.0
885.0 0.00575 0.0
885.0 0.00625 0.0
885.0 0.006750000000000001 0.0
885.0 0.00725 0.0
885.0 0.00775 5.0
885.0 0.00825 7.0
885.0 0.00875 7.0
885.0 0.009250000000000001 2.0
885.0 0.00975 1.0
885.0 0.01025 0.0
885.0 0.010750000000000001 0.0
885.0 0.01125 0.0
885.0 0.01175 0.0
885.0 0.01225 0.0
885.0 0.012750000000000001 0.0
885.0 0.013250000000000001 0.0
885.0 0.01375 0.0
885.0 0.01425 0.0
885.0 0.014750000000000001 0.0
895.0 0.00025 79.0
895.0 0.00075 8.0
895.0 0.00125 1.0
895.0 0.00175 0.0
895.0 0.0022500000000000003 0.0
895.0 0.00275 0.0
895.0 0.0032500000000000003 0.0
895.0 0.00375 1.0
895.0 0.00425 0.0
895.0 0.004750000000000001 0.0
895.0 0.00525 0.0
895.0 0.00575 0.0
895.0 0.00625 0.0
895.0 0.006750000000000001 0.0
895.0 0.00725 0.0
895.0 0.00775 3.0
895.0 0.00825 5.0
895.0 0.00875 3.0
895.0 0.009250000000000001 1.0
895.0 0.00975 0.0
895.0 0.01025 0.0
895.0 0.010750000000000001 0.0
895.0 0.01125 0.0
895.0 0.01175 0.0
895.0 0.01225 0.0
895.0 0.012750000000000001 0.0
895.0 0.013250000000000001 0.0
895.0 0.01375 0.0
895.0 0.01425 0.0
895.0 0.014750000000000001 0.0
905.0 0.00025 65.0
905.0 0.00075 15.0
905.0 0.00125 0.0
905.0 0.00175 0.0
905.0 0.0022500000000000003 0.0
905.0 0.00275 0.0
905.0 0.0032500000000000003 0.0
905.0 0.00375 0.0
905.0 0.00425 0.0
905.0 0.004750000000000001 0.0
905.0 0.00525 0.0
905.0 0.00575 0.0
905.0 0.00625 0.0
905.0 0.006750000000000001 0.0
905.0 0.00725 0.0
905.0 0.00775 1.0
905.0 0.00825 5.0
905.0 0.00875 2.0
905.0 0.009250000000000001 1.0
905.0 0.00975 0.0
905.0 0.01025 0.0
905.0 0.010750000000000001 0.0
905.0 0.01125 0.0
905.0 0.01175 0.0
905.0 0.01225 0.0
905.0 0.012750000000000001 0.0
905.0 0.013250000000000001 0.0
905.0 0.01375 0.0
905.0 0.01425 0.0
905.0 0.014750000000000001 0.0
915.0 0.00025 63.0
915.0 0.00075 5.0
915.0 0.00125 0.0
915.0 0.00175 0.0
915.0 0.0022500000000000003 0.0
915.0 0.00275 0.0
915.0 0.0032500000000000003 0.0
915.0 0.00375 0.0
915.0 0.00425 0.0
915.0 0.004750000000000001 0.0
915.0 0.00525 0.0
915.0 0.00575 0.0
915.0 0.00625 0.0
915.0 0.006750000000000001 0.0
915.0 0.00725 0.0
915.0 0.00775 1.0
915.0 0.00825 3.0
915.0 0.00875 1.0
915.0 0.009250000000000001 0.0
915.0 0.00975 0.0
915.0 0.01025 0.0
915.0 0.010750000000000001 0.0
915.0 0.01125 0.0
915.0 0.01175 0.0
915.0 0.01225 0.0
915.0 0.012750000000000001 0.0
915.0 0.013250000000000001 0.0
915.0 0.01375 0.0
915.0 0.01425 0.0
915.0 0.014750000000000001 0.0
925.0 0.00025 60.0
925.0 0.00075 12.0
925.0 0.00125 0.0
925.0 0.00175 0.0
925.0 0.0022500000000000003 0.0
925.0 0.00275 0.0
925.0 0.0032500000000000003 0.0
925.0 0.00375 0.0
925.0 0.00425 0.0
925.0 0.004750000000000001 0.0
925.0 0.00525 0.0
925.0 0.00575 0.0
925.0 0.00625 0.0
925.0 0.006750000000000001 0.0
925.0 0.00725 1.0
925.0 0.00775 4.0
925.0 0.00825 5.0
925.0 0.00875 2.0
925.0 0.009250000000000001 1.0
925.0 0.00975 0.0
925.0 0.01025 0.0
925.0 0.010750000000000001 0.0
925.0 0.01125 0.0
925.0 0.01175 0.0
925.0 0.01225 0.0
925.0 0.012750000000000001 0.0
925.0 0.013250000000000001 0.0
925.0 0.01375 0.0
925.0 0.01425 0.0
925.0 0.014750000000000001 0.0
935.0 0.00025 63.0
935.0 0.00075 8.0
935.0 0.00125 0.0
935.0 0.00175 0.0
935.0 0.0022500000000000003 0.0
935.0 0.00275 0.0
935.0 0.0032500000000000003 0.0
935.0 0.00375 0.0
935.0 0.00425 0.0
935.0 0.004750000000000001 0.0
935.0 0.00525 0.0
935.0 0.00575 0.0
935.0 0.00625 0.0
935.0 0.006750000000000001 0.0
935.0 0.00725 0.0
935.0 0.00775 0.0
935.0 0.00825 3.0
935.0 0.00875 2.0
935.0 0.009250000000000001 0.0
935.0 0.00975 0.0
935.0 0.01025 0.0
935.0 0.010750000000000001 0.0
935.0 0.01125 0.0
935.0 0.01175 0.0
935.0 0.01225 0.0
935.0 0.012750000000000001 0.0
935.0 0.013250000000000001 0.0
935.0 0.01375 0.0
935.0 0.01425 0.0
935.0 0.014750000000000001 0.0
945.0 0.00025 74.0
945.0 0.00075 5.0
945.0 0.00125 0.0
945.0 0.00175 0.0
945.0 0.0022500000000000003 0.0
945.0 0.00275 0.0
945.0 0.0032500000000000003 0.0
945.0 0.00375 0.0
945.0 0.00425 0.0
945.0 0.004750000000000001 0.0
945.0 0.00525 0.0
945.0 0.00575 0.0
945.0 0.00625 0.0
945.0 0.006750000000000001 0.0
945.0 0.00725 1.0
945.0 0.00775 1.0
945.0 0.00825 3.0
945.0 0.00875 1.0
945.0 0.009250000000000001 0.0
945.0 0.00975 0.0
945.0 0.01025 0.0
945.0 0.010750000000000001 0.0
945.0 0.01125 0.0
945.0 0.01175 0.0
945.0 0.01225 0.0
945.0 0.012750000000000001 0.0
945.0 0.013250000000000001 0.0
945.0 0.01375 0.0
945.0 0.01425 0.0
945.0 0.014750000000000001 0.0
955.0 0.00025 59.0
955.0 0.00075 13.0
955.0 0.00125 0.0
955.0 0.00175 0.0
955.0 0.0022500000000000003 0.0
955.0 0.00275 0.0
955.0 0.0032500000000000003 0.0
955.0 0.00375 0.0
955.0 0.00425 0.0
955.0 0.004750000000000001 0.0
955.0 0.00525 0.0
955.0 0.00575 0.0
955.0 0.00625 0.0
955.0 0.006750000000000001 0.0
955.0 0.00725 0.0
955.0 0.00775 3.0
955.0 0.00825 1.0
955.0 0.00875 0.0
955.0 0.009250000000000001 0.0
955.0 0.00975 0.0
955.0 0.01025 0.0
955.0 0.010750000000000001 0.0
955.0 0.01125 0.0
955.0 0.01175 0.0
955.0 0.01225 0.0
955.0 0.012750000000000001 0.0
955.0 0.013250000000000001 0.0
955.0 0.01375 0.0
955.0 0.01425 0.0
955.0 0.014750000000000001 0.0
965.0 0.00025 59.0
965.0 0.00075 11.0
965.0 0.00125 1.0
965.0 0.00175 0.0
965.0 0.0022500000000000003 0.0
965.0 0.00275 0.0
965.0 0.0032500000000000003 0.0
965.0 0.00375 0.0
965.0 0.00425 0.0
965.0 0.004750000000000001 0.0
965.0 0.00525 0.0
965.0 0.00575 0.0
965.0 0.00625 0.0
965.0 0.006750000000000001 0.0
965.0 0.00725 0.0
965.0 0.00775 1.0
965.0 0.00825 4.0
965.0 0.00875 1.0
965.0 0.009250000000000001 1.0
965.0 0.00975 0.0
965.0 0.01025 0.0
965.0 0.010750000000000001 0.0
965.0 0.01125 0.0
965.0 0.01175 0.0
965.0 0.01225 0.0
965.0 0.012750000000000001 0.0
965.0 0.013250000000000001 0.0
965.0 0.01375 0.0
965.0 0.01425 0.0
965.0 0.014750000000000001 0.0
975.0 0.00025 55.0
975.0 0.00075 9.0
975.0 0.00125 1.0
975.0 0.00175 0.0
975.0 0.0022500000000000003 0.0
975.0 0.00275 0.0
975.0 0.0032500000000000003 0.0
975.0 0.00375 0.0
975.0 0.00425 0.0
975.0 0.004750000000000001 0.0
975.0 0.00525 0.0
975.0 0.00575 0.0
975.0 0.00625 0.0
975.0 0.006750000000000001 0.0
975.0 0.00725 0.0
975.0 0.00775 1.0
975.0 0.00825 2.0
975.0 0.00875 2.0
975.0 0.009250000000000001 0.0
975.0 0.00975 0.0
975.0 0.01025 0.0
975.0 0.010750000000000001 0.0
975.0 0.01125 0.0
975.0 0.01175 0.0
975.0 0.01225 0.0
975.0 0.012750000000000001 0.0
975.0 0.013250000000000001 0.0
975.0 0.01375 0.0
975.0 0.01425 0.0
975.0 0.014750000000000001 0.0
985.0 0.00025 64.0
985.0 0.00075 7.0
985.0 0.00125 1.0
985.0 0.00175 1.0
985.0 0.0022500000000000003 0.0
985.0 0.00275 0.0
985.0 0.0032500000000000003 0.0
985.0 0.00375 0.0
985.0 0.00425 0.0
985.0 0.004750000000000001 0.0
985.0 0.00525 0.0
985.0 0.00575 0.0
985.0 0.00625 0.0
985.0 0.006750000000000001 0.0
985.0 0.00725 0.0
985.0 0.00775 3.0
985.0 0.00825 2.0
985.0 0.00875 0.0
985.0 0.009250000000000001 0.0
985.0 0.00975 1.0
985.0 0.01025 0.0
985.0 0.010750000000000001 0.0
985.0 0.01125 0.0
985.0 0.01175 0.0
985.0 0.01225 0.0
985.0 0.012750000000000001 0.0
985.0 0.013250000000000001 0.0
985.0 0.01375 0.0
985.0 0.01425 0.0
985.0 0.014750000000000001 0.0
995.0 0.00025 67.0
995.0 0.00075 7.0
995.0 0.00125 0.0
995.0 0.00175 0.0
995.0 0.0022500000000000003 0.0
995.0 0.00275 0.0
995.0 0.0032500000000000003 0.0
995.0 0.00375 0.0
995.0 0.00425 0.0
995.0 0.004750000000000001 0.0
995.0 0.00525 0.0
995.0 0.00575 0.0
995.0 0.00625 0.0
995.0 0.006750000000000001 0.0
995.0 0.00725 0.0
995.0 0.00775 1.0
995.0 0.00825 3.0
995.0 0.00875 2.0
995.0 0.009250000000000001 0.0
995.0 0.00975 0.0
995.0 0.01025 0.0
995.0 0.010750000000000001 0.0
995.0 0.01125 0.0
995.0 0.01175 0.0
995.0 0.01225 0.0
995.0 0.012750000000000001 0.0
995.0 0.013250000000000001 0.0
995.0 0.01375 0.0
995.0 0.01425 0.0
995.0 0.014750000000000001 0.0
