Energy Rate
1.000000000000000056e-01 3.999999960000000243e-02
2.500000000000000000e-01 2.793202284999999827e-02
5.000000000000000000e-01 1.971143116500000125e-02
7.500000000000000000e-01 1.516340195500000092e-02
1.000000000000000000e+00 1.220329648499999739e-02
1.250000000000000000e+00 1.010169875499999925e-02
1.500000000000000000e+00 8.527736265000000412e-03
1.750000000000000000e+00 7.305392510000000526e-03
2.000000000000000000e+00 6.330515470000000824e-03
2.250000000000000000e+00 5.537231039999999938e-03
2.500000000000000000e+00 4.881240265000000474e-03
2.750000000000000000e+00 4.331425435000000289e-03
3.000000000000000000e+00 3.865276999999999862e-03
3.250000000000000000e+00 3.466132892499999927e-03
3.500000000000000000e+00 3.121498067500000275e-03
3.750000000000000000e+00 2.821802881999999502e-03
4.000000000000000000e+00 2.559559689499999943e-03
4.250000000000000000e+00 2.328832348999999770e-03
4.500000000000000000e+00 2.124809393999999799e-03
4.750000000000000000e+00 1.943595325500000002e-03
5.000000000000000000e+00 1.781984896000000018e-03
5.250000000000000000e+00 1.637319919999999937e-03
5.500000000000000000e+00 1.507392147500000038e-03
5.750000000000000000e+00 1.390333107000000113e-03
6.000000000000000000e+00 1.284578919499999991e-03
6.250000000000000000e+00 1.188792298000000041e-03
6.500000000000000000e+00 1.101816265500000060e-03
6.750000000000000000e+00 1.022676673500000051e-03
7.000000000000000000e+00 9.505132169999999442e-04
7.250000000000000000e+00 8.845860045000000131e-04
7.500000000000000000e+00 8.242394595000000551e-04
7.750000000000000000e+00 7.689079049999999506e-04
8.000000000000000000e+00 7.180849035000000944e-04
8.250000000000000000e+00 6.713288780000000767e-04
8.500000000000000000e+00 6.282461760000000034e-04
8.750000000000000000e+00 5.884869084999999915e-04
9.000000000000000000e+00 5.517421394999999073e-04
9.250000000000000000e+00 5.177402360000000732e-04
9.500000000000000000e+00 4.862324505000000050e-04
9.750000000000000000e+00 4.569990895000000013e-04
1.000000000000000000e+01 4.298478709999999548e-04
1.025000000000000000e+01 4.046004559999999352e-04
1.050000000000000000e+01 3.810989089999999619e-04
1.075000000000000000e+01 3.592012158000000132e-04
1.100000000000000000e+01 3.387788525999999609e-04
1.125000000000000000e+01 3.197125446999999937e-04
1.150000000000000000e+01 3.018978619500000088e-04
1.175000000000000000e+01 2.852392509999999840e-04
1.200000000000000000e+01 2.696477175499999699e-04
1.225000000000000000e+01 2.550426440499999926e-04
1.250000000000000000e+01 2.413531621000000130e-04
1.275000000000000000e+01 2.285108743499999736e-04
1.300000000000000000e+01 2.164544097000000117e-04
1.325000000000000000e+01 2.051283027499999881e-04
1.350000000000000000e+01 1.944818513500000292e-04
1.375000000000000000e+01 1.844675762999999980e-04
1.400000000000000000e+01 1.750422141499999881e-04
1.425000000000000000e+01 1.661660309999999925e-04
1.450000000000000000e+01 1.578016836999999919e-04
1.475000000000000000e+01 1.499149498499999927e-04
1.500000000000000000e+01 1.424750526500000083e-04
1.525000000000000000e+01 1.354537301500000101e-04
1.550000000000000000e+01 1.288230781000000149e-04
1.575000000000000000e+01 1.225579881500000025e-04
1.600000000000000000e+01 1.166368632499999923e-04
1.625000000000000000e+01 1.110360404499999835e-04
1.650000000000000000e+01 1.057376274499999914e-04
1.675000000000000000e+01 1.007211075999999957e-04
1.700000000000000000e+01 9.597109249999997581e-05
1.725000000000000000e+01 9.146981760000000587e-05
1.750000000000000000e+01 8.720348224999998233e-05
1.775000000000000000e+01 8.315807409999999972e-05
1.800000000000000000e+01 7.931981075000000354e-05
1.825000000000000000e+01 7.567693189999999631e-05
1.850000000000000000e+01 7.221886349999999746e-05
1.875000000000000000e+01 6.893435260000000699e-05
1.900000000000000000e+01 6.581379969999998829e-05
1.925000000000000000e+01 6.284771115000000222e-05
1.950000000000000000e+01 6.002771385000000556e-05
1.975000000000000000e+01 5.734576319999999769e-05
2.000000000000000000e+01 5.479445335000000068e-05
2.025000000000000000e+01 5.236666315000000757e-05
2.050000000000000000e+01 5.005574959999999275e-05
2.075000000000000000e+01 4.785550405000000293e-05
2.100000000000000000e+01 4.576011204999999777e-05
2.125000000000000000e+01 4.376413875000000438e-05
2.150000000000000000e+01 4.186228800000000119e-05
2.175000000000000000e+01 4.004973085000000118e-05
2.200000000000000000e+01 3.832178435000000317e-05
2.225000000000000000e+01 3.667432400000000120e-05
2.250000000000000000e+01 3.510303148499999723e-05
2.275000000000000000e+01 3.360435973499999982e-05
2.300000000000000000e+01 3.217476460000000016e-05
2.325000000000000000e+01 3.081037634999999724e-05
2.350000000000000000e+01 2.950807350499999867e-05
2.375000000000000000e+01 2.826490248499999980e-05
2.400000000000000000e+01 2.707816082999999724e-05
2.425000000000000000e+01 2.594461902000000394e-05
2.450000000000000000e+01 2.486177497999999831e-05
2.475000000000000000e+01 2.382761281500000587e-05
2.500000000000000000e+01 2.283924683499999615e-05
2.525000000000000000e+01 2.189460712500000073e-05
2.550000000000000000e+01 2.099190518500000020e-05
2.575000000000000000e+01 2.012863310000000092e-05
2.600000000000000000e+01 1.930341263000000083e-05
2.625000000000000000e+01 1.851401252999999961e-05
2.650000000000000000e+01 1.775904799000000206e-05
2.675000000000000000e+01 1.703673561999999737e-05
2.700000000000000000e+01 1.634553913500000065e-05
2.725000000000000000e+01 1.568410146499999748e-05
2.750000000000000000e+01 1.505094472499999968e-05
2.775000000000000000e+01 1.444480236499999848e-05
2.800000000000000000e+01 1.386444105000000023e-05
2.825000000000000000e+01 1.330858400999999932e-05
2.850000000000000000e+01 1.277632422000000016e-05
2.875000000000000000e+01 1.226626519000000076e-05
2.900000000000000000e+01 1.177775320500000053e-05
2.925000000000000000e+01 1.130954251999999997e-05
2.950000000000000000e+01 1.086085750999999988e-05
2.975000000000000000e+01 1.043084480500000164e-05
3.000000000000000000e+01 1.001847072500000115e-05
3.025000000000000000e+01 9.623268800000000158e-06
3.050000000000000000e+01 9.244250609999999933e-06
3.075000000000000000e+01 8.880689439999998487e-06
3.100000000000000000e+01 8.532135974999999754e-06
3.125000000000000000e+01 8.197732829999999327e-06
3.150000000000000000e+01 7.876851109999999812e-06
3.175000000000000000e+01 7.569063765000000676e-06
3.200000000000000000e+01 7.273748834999999718e-06
3.225000000000000000e+01 6.990315750000000395e-06
3.250000000000000000e+01 6.718246939999999920e-06
3.275000000000000000e+01 6.457193099999999730e-06
3.300000000000000000e+01 6.206591765000000518e-06
3.325000000000000000e+01 5.965995445000000450e-06
3.350000000000000000e+01 5.734962489999999394e-06
3.375000000000000000e+01 5.513189220000001131e-06
3.400000000000000000e+01 5.300257710000000007e-06
3.425000000000000000e+01 5.095769379999999871e-06
3.450000000000000000e+01 4.899351929999999954e-06
3.475000000000000000e+01 4.710689999999999786e-06
3.500000000000000000e+01 4.529508379999999906e-06
3.525000000000000000e+01 4.355489884999999682e-06
3.550000000000000000e+01 4.188321710000000392e-06
3.575000000000000000e+01 4.027724994999999713e-06
3.600000000000000000e+01 3.873417229999999235e-06
3.625000000000000000e+01 3.725156055000000287e-06
3.650000000000000000e+01 3.582681079000000099e-06
3.675000000000000000e+01 3.445792683500000093e-06
3.700000000000000000e+01 3.314261648500000136e-06
3.725000000000000000e+01 3.187856272000000201e-06
3.750000000000000000e+01 3.066384673500000343e-06
3.775000000000000000e+01 2.949614129000000003e-06
3.800000000000000000e+01 2.837385169999999498e-06
3.825000000000000000e+01 2.729515990000000064e-06
3.850000000000000000e+01 2.625821205500000234e-06
3.875000000000000000e+01 2.526130032999999831e-06
3.900000000000000000e+01 2.430295669500000276e-06
3.925000000000000000e+01 2.338160471499999931e-06
3.950000000000000000e+01 2.249578950000000113e-06
3.975000000000000000e+01 2.164410324499999897e-06
4.000000000000000000e+01 2.082516880499999949e-06
4.025000000000000000e+01 2.003769042999999813e-06
4.050000000000000000e+01 1.928045157499999967e-06
4.075000000000000000e+01 1.855225686500000205e-06
4.100000000000000000e+01 1.785195983499999960e-06
4.125000000000000000e+01 1.717846256500000125e-06
4.150000000000000000e+01 1.653071166499999856e-06
4.175000000000000000e+01 1.590765812500000106e-06
4.200000000000000000e+01 1.530836207000000179e-06
4.225000000000000000e+01 1.473189712999999778e-06
4.250000000000000000e+01 1.417736175499999985e-06
4.275000000000000000e+01 1.364389856000000064e-06
4.300000000000000000e+01 1.313070052999999866e-06
4.325000000000000000e+01 1.263690590000000031e-06
4.350000000000000000e+01 1.216178941500000000e-06
4.375000000000000000e+01 1.170466888999999910e-06
4.400000000000000000e+01 1.126484936499999867e-06
4.425000000000000000e+01 1.084155667499999889e-06
4.450000000000000000e+01 1.043422397500000024e-06
4.475000000000000000e+01 1.004225083999999995e-06
4.500000000000000000e+01 9.665020785000000543e-07
4.525000000000000000e+01 9.302007114999998857e-07
4.550000000000000000e+01 8.952652839999999879e-07
4.575000000000000000e+01 8.616348044999998194e-07
4.600000000000000000e+01 8.292666775000000313e-07
4.625000000000000000e+01 7.981005685000000304e-07
4.650000000000000000e+01 7.681062919999998508e-07
4.675000000000000000e+01 7.392250465000000134e-07
4.700000000000000000e+01 7.114251135000000737e-07
4.725000000000000000e+01 6.846638244999998884e-07
4.750000000000000000e+01 6.589061029999999609e-07
4.775000000000000000e+01 6.341028199999999529e-07
4.800000000000000000e+01 6.102205779999999998e-07
4.825000000000000000e+01 5.872265999999999996e-07
4.850000000000000000e+01 5.650827069999999480e-07
4.875000000000000000e+01 5.437636045000000455e-07
4.900000000000000000e+01 5.232410414999999851e-07
4.925000000000000000e+01 5.034801240000000322e-07
4.950000000000000000e+01 4.844494255000000603e-07
4.975000000000000000e+01 4.661240165000000587e-07
5.000000000000000000e+01 4.484732005000000078e-07
5.025000000000000000e+01 4.314797130000000141e-07
5.050000000000000000e+01 4.151213985000000181e-07
5.075000000000000000e+01 3.993676335000000004e-07
5.100000000000000000e+01 3.841921015000000010e-07
5.125000000000000000e+01 3.695780854999999949e-07
5.150000000000000000e+01 3.555070288999999331e-07
5.175000000000000000e+01 3.419620139499999889e-07
5.200000000000000000e+01 3.289163153499999792e-07
5.225000000000000000e+01 3.163522999499999917e-07
5.250000000000000000e+01 3.042499876500000015e-07
5.275000000000000000e+01 2.926011294499999965e-07
5.300000000000000000e+01 2.813852159999999644e-07
5.325000000000000000e+01 2.705816868500000041e-07
5.350000000000000000e+01 2.601770552499999764e-07
5.375000000000000000e+01 2.501595025000000066e-07
5.400000000000000000e+01 2.405167755499999729e-07
5.425000000000000000e+01 2.312283833000000355e-07
5.450000000000000000e+01 2.222831786499999975e-07
5.475000000000000000e+01 2.136709853999999868e-07
5.500000000000000000e+01 2.053816602000000065e-07
5.525000000000000000e+01 1.973975443499999881e-07
5.550000000000000000e+01 1.897090310500000123e-07
5.575000000000000000e+01 1.823086377999999886e-07
5.600000000000000000e+01 1.751857430999999805e-07
5.625000000000000000e+01 1.683259805500000141e-07
5.650000000000000000e+01 1.617199660000000039e-07
5.675000000000000000e+01 1.553649655999999909e-07
5.700000000000000000e+01 1.492461165499999951e-07
5.725000000000000000e+01 1.433548523000000064e-07
5.750000000000000000e+01 1.376852306500000000e-07
5.775000000000000000e+01 1.322305794000000029e-07
5.800000000000000000e+01 1.269787294500000023e-07
5.825000000000000000e+01 1.219224428500000111e-07
5.850000000000000000e+01 1.170602668999999981e-07
5.875000000000000000e+01 1.123796930499999868e-07
5.900000000000000000e+01 1.078746878499999921e-07
5.925000000000000000e+01 1.035422327499999857e-07
5.950000000000000000e+01 9.937293629999999047e-08
5.975000000000000000e+01 9.536060444999999987e-08
6.000000000000000000e+01 9.150213105000000394e-08
6.025000000000000000e+01 8.779037304999999464e-08
6.050000000000000000e+01 8.421855604999998300e-08
6.075000000000000000e+01 8.078413235000000228e-08
6.100000000000000000e+01 7.748154300000000180e-08
6.125000000000000000e+01 7.430374715000000278e-08
6.150000000000000000e+01 7.124886869999999448e-08
6.175000000000000000e+01 6.831181589999999576e-08
6.200000000000000000e+01 6.548640565000000264e-08
6.225000000000000000e+01 6.277116335000000498e-08
6.250000000000000000e+01 6.016065780000000525e-08
6.275000000000000000e+01 5.765032650000000323e-08
6.300000000000000000e+01 5.523853789999999250e-08
6.325000000000000000e+01 5.292010170000000105e-08
6.350000000000000000e+01 5.069118905000000195e-08
6.375000000000000000e+01 4.855067574999999750e-08
6.400000000000000000e+01 4.649341529999999986e-08
6.425000000000000000e+01 4.451575039999999956e-08
6.450000000000000000e+01 4.261761899999999918e-08
6.475000000000000000e+01 4.079292195000000413e-08
6.500000000000000000e+01 3.904059344999999563e-08
6.525000000000000000e+01 3.735814055000000038e-08
6.550000000000000000e+01 3.574158255999999997e-08
6.575000000000000000e+01 3.419021758499999973e-08
6.600000000000000000e+01 3.270052045500000203e-08
6.625000000000000000e+01 3.126959088000000202e-08
6.650000000000000000e+01 2.989744601500000343e-08
6.675000000000000000e+01 2.857919887500000079e-08
6.700000000000000000e+01 2.731483814500000481e-08
6.725000000000000000e+01 2.610147995999999808e-08
6.750000000000000000e+01 2.493678832000000024e-08
6.775000000000000000e+01 2.382048253999999687e-08
6.800000000000000000e+01 2.274887173999999725e-08
6.825000000000000000e+01 2.172155807000000278e-08
6.850000000000000000e+01 2.073635298999999972e-08
6.875000000000000000e+01 1.979126432999999939e-08
6.900000000000000000e+01 1.888612054000000088e-08
6.925000000000000000e+01 1.801765122000000060e-08
6.950000000000000000e+01 1.718579541500000071e-08
6.975000000000000000e+01 1.638865512500000170e-08
7.000000000000000000e+01 1.562441119000000201e-08
7.025000000000000000e+01 1.489295009499999964e-08
7.050000000000000000e+01 1.419177487500000124e-08
7.075000000000000000e+01 1.352078187000000121e-08
7.100000000000000000e+01 1.287801358500000002e-08
7.125000000000000000e+01 1.226277396500000250e-08
7.150000000000000000e+01 1.167392238500000199e-08
7.175000000000000000e+01 1.111007257499999945e-08
7.200000000000000000e+01 1.057106685500000220e-08
7.225000000000000000e+01 1.005497255000000006e-08
7.250000000000000000e+01 9.561741845000000369e-09
7.275000000000000000e+01 9.089789909999999702e-09
7.300000000000000000e+01 8.638715609999998978e-09
7.325000000000000000e+01 8.207608634999999349e-09
7.350000000000000000e+01 7.795291860000000709e-09
7.375000000000000000e+01 7.401631329999999317e-09
7.400000000000000000e+01 7.025294794999999796e-09
7.425000000000000000e+01 6.666214730000000887e-09
7.450000000000000000e+01 6.323016910000000037e-09
7.475000000000000000e+01 5.995681624999999401e-09
7.500000000000000000e+01 5.683032479999999435e-09
7.525000000000000000e+01 5.384875294999999948e-09
7.550000000000000000e+01 5.100391010000000573e-09
7.575000000000000000e+01 4.829084685000000538e-09
7.600000000000000000e+01 4.570504814999999928e-09
7.625000000000000000e+01 4.323838545000000272e-09
7.650000000000000000e+01 4.088973090000000111e-09
7.675000000000000000e+01 3.865057634999999794e-09
7.700000000000000000e+01 3.652000564999999315e-09
7.725000000000000000e+01 3.448974826500000037e-09
7.750000000000000000e+01 3.255926983500000247e-09
7.775000000000000000e+01 3.072066993499999853e-09
7.800000000000000000e+01 2.897365692999999544e-09
7.825000000000000000e+01 2.731075781000000006e-09
7.850000000000000000e+01 2.573173861000000095e-09
7.875000000000000000e+01 2.422986909500000145e-09
7.900000000000000000e+01 2.280453314500000236e-09
7.925000000000000000e+01 2.145023166999999924e-09
7.950000000000000000e+01 2.016558022500000148e-09
7.975000000000000000e+01 1.894615172499999969e-09
8.000000000000000000e+01 1.779016642999999878e-09
8.025000000000000000e+01 1.669393236500000016e-09
8.050000000000000000e+01 1.565547670499999866e-09
8.075000000000000000e+01 1.467166592500000083e-09
8.100000000000000000e+01 1.374046040500000039e-09
8.125000000000000000e+01 1.285913979999999902e-09
8.150000000000000000e+01 1.202569989499999999e-09
8.175000000000000000e+01 1.123771672499999890e-09
8.200000000000000000e+01 1.049329593999999943e-09
8.225000000000000000e+01 9.790217974999999901e-10
8.250000000000000000e+01 9.126756015000000577e-10
8.275000000000000000e+01 8.500819704999999839e-10
8.300000000000000000e+01 7.910891009999999708e-10
8.325000000000000000e+01 7.354954399999999460e-10
8.350000000000000000e+01 6.831723249999999443e-10
8.375000000000000000e+01 6.339217799999999872e-10
8.400000000000000000e+01 5.876396340000000337e-10
8.425000000000000000e+01 5.441273999999999588e-10
8.450000000000000000e+01 5.033090120000000160e-10
8.475000000000000000e+01 4.649812379999999842e-10
8.500000000000000000e+01 4.290890360000000525e-10
8.525000000000000000e+01 3.954422774999999932e-10
8.550000000000000000e+01 3.639904976000000302e-10
8.575000000000000000e+01 3.345586751499999729e-10
8.600000000000000000e+01 3.071011413499999800e-10
8.625000000000000000e+01 2.814563070500000152e-10
8.650000000000000000e+01 2.575843069500000231e-10
8.675000000000000000e+01 2.353346990000000080e-10
8.700000000000000000e+01 2.146742097999999877e-10
8.725000000000000000e+01 1.954599491500000074e-10
8.750000000000000000e+01 1.776599247999999924e-10
8.775000000000000000e+01 1.611616546999999914e-10
8.800000000000000000e+01 1.459140315500000122e-10
8.825000000000000000e+01 1.318333243500000000e-10
8.850000000000000000e+01 1.188542236499999957e-10
8.875000000000000000e+01 1.069176980000000064e-10
8.900000000000000000e+01 9.594848075000001207e-11
8.925000000000000000e+01 8.590548385000000586e-11
8.950000000000000000e+01 7.671360855000000311e-11
8.975000000000000000e+01 6.833978220000000353e-11
9.000000000000000000e+01 6.071090260000000043e-11
9.025000000000000000e+01 5.380032110000000539e-11
9.050000000000000000e+01 4.754058205000000297e-11
9.075000000000000000e+01 4.190543830000000064e-11
9.100000000000000000e+01 3.684315475000000575e-11
9.125000000000000000e+01 3.231811798500000096e-11
9.150000000000000000e+01 2.829288119499999934e-11
9.175000000000000000e+01 2.472815833500000348e-11
9.200000000000000000e+01 2.159602434999999595e-11
9.225000000000000000e+01 1.885676979499999988e-11
9.250000000000000000e+01 1.648830742499999735e-11
9.275000000000000000e+01 1.445304114500000040e-11
9.300000000000000000e+01 1.273051489500000101e-11
9.325000000000000000e+01 1.129184403499999926e-11
9.350000000000000000e+01 1.011322436000000098e-11
9.375000000000000000e+01 9.172495259999999710e-12
9.400000000000000000e+01 8.446377765000001257e-12
9.425000000000000000e+01 7.916365279999999661e-12
9.450000000000000000e+01 7.561504614999999798e-12
9.475000000000000000e+01 7.364049835000001510e-12
9.500000000000000000e+01 7.308295354999999853e-12
9.525000000000000000e+01 7.375749909999999978e-12
9.550000000000000000e+01 7.553978314999999440e-12
9.575000000000000000e+01 7.827496539999999859e-12
9.600000000000000000e+01 8.183431399999999594e-12
9.625000000000000000e+01 8.611623485000000491e-12
9.650000000000000000e+01 9.095985055000000113e-12
9.675000000000000000e+01 9.631912730000001315e-12
9.700000000000000000e+01 1.020324467499999912e-11
9.725000000000000000e+01 1.080570710499999939e-11
9.750000000000000000e+01 1.142961292000000003e-11
9.775000000000000000e+01 1.206484833500000097e-11
9.800000000000000000e+01 1.271095564000000002e-11
9.825000000000000000e+01 1.335078822999999791e-11
9.850000000000000000e+01 1.398814539000000082e-11
9.875000000000000000e+01 1.461085875000000151e-11
9.900000000000000000e+01 1.521744093500000166e-11
9.925000000000000000e+01 1.580653743000000180e-11
9.950000000000000000e+01 1.636434977500000011e-11
9.975000000000000000e+01 1.689992595499999858e-11
1.000000000000000000e+02 1.739683476500000216e-11
1.002500000000000000e+02 1.786231889999999792e-11
1.005000000000000000e+02 1.829350617499999786e-11
1.007500000000000000e+02 1.867930642999999970e-11
1.010000000000000000e+02 1.903235450499999979e-11
1.012500000000000000e+02 1.933468364000000057e-11
1.015000000000000000e+02 1.959851403499999944e-11
1.017500000000000000e+02 1.982023583999999829e-11
1.020000000000000000e+02 1.999110438499999848e-11
1.022500000000000000e+02 2.012611168000000097e-11
1.025000000000000000e+02 2.020609303499999939e-11
1.027500000000000000e+02 2.024716648500000093e-11
1.030000000000000000e+02 2.024618682499999957e-11
1.032500000000000000e+02 2.019362755499999869e-11
1.035000000000000000e+02 2.010859715500000159e-11
1.037500000000000000e+02 1.996964712999999882e-11
1.040000000000000000e+02 1.979627286000000054e-11
1.042500000000000000e+02 1.958623178500000014e-11
1.045000000000000000e+02 1.932852974000000243e-11
1.047500000000000000e+02 1.904468712500000006e-11
1.050000000000000000e+02 1.871431431000000141e-11
1.052500000000000000e+02 1.835612119499999877e-11
1.055000000000000000e+02 1.797079105999999949e-11
1.057500000000000000e+02 1.754348884500000111e-11
1.060000000000000000e+02 1.709779573999999717e-11
1.062500000000000000e+02 1.662205510500000020e-11
1.065000000000000000e+02 1.612048707000000262e-11
1.067500000000000000e+02 1.560675869500000146e-11
1.070000000000000000e+02 1.505901122499999795e-11
1.072500000000000000e+02 1.450372285499999858e-11
1.075000000000000000e+02 1.393553319500000089e-11
1.077500000000000000e+02 1.334442591499999950e-11
1.080000000000000000e+02 1.275496040499999846e-11
1.082500000000000000e+02 1.214721277500000231e-11
1.085000000000000000e+02 1.153816684000000001e-11
1.087500000000000000e+02 1.093323445500000065e-11
1.090000000000000000e+02 1.031279942500000072e-11
1.092500000000000000e+02 9.705558050000000990e-12
1.095000000000000000e+02 9.103945704999999174e-12
1.097500000000000000e+02 8.498500130000000506e-12
1.100000000000000000e+02 7.914593205000000178e-12
1.102500000000000000e+02 7.332791964999999336e-12
1.105000000000000000e+02 6.767300019999999418e-12
1.107500000000000000e+02 6.228007774999999357e-12
1.110000000000000000e+02 5.700552480000000037e-12
1.112500000000000000e+02 5.198586960000000310e-12
1.115000000000000000e+02 4.708824850000000097e-12
1.117500000000000000e+02 4.235115439999999541e-12
1.120000000000000000e+02 3.788165275000000507e-12
1.122500000000000000e+02 3.361390375499999876e-12
1.125000000000000000e+02 2.958969735999999757e-12
1.127500000000000000e+02 2.599831489999999810e-12
1.130000000000000000e+02 2.244409637499999918e-12
1.132500000000000000e+02 1.920770050500000118e-12
1.135000000000000000e+02 1.630488580000000081e-12
1.137500000000000000e+02 1.348726866499999929e-12
1.140000000000000000e+02 1.113380268500000009e-12
1.142500000000000000e+02 9.159593239999999114e-13
1.145000000000000000e+02 7.460989820000000157e-13
1.147500000000000000e+02 5.962783080000000368e-13
1.150000000000000000e+02 4.650022619999999464e-13
1.152500000000000000e+02 3.698828970000000377e-13
1.155000000000000000e+02 2.822708556499999760e-13
1.157500000000000000e+02 1.986400627500000027e-13
1.160000000000000000e+02 1.396784883500000002e-13
1.162500000000000000e+02 8.651419070000000792e-14
1.165000000000000000e+02 3.969006349999999729e-14
1.167500000000000000e+02 1.599944649999999992e-14
1.170000000000000000e+02 1.142646370000000081e-14
1.172500000000000000e+02 7.450856689999999556e-15
1.175000000000000000e+02 4.730244145000000166e-15
1.177500000000000000e+02 3.521042835499999370e-15
1.180000000000000000e+02 3.074236261500000393e-15
1.182500000000000000e+02 2.640967354999999685e-15
1.185000000000000000e+02 2.234029219999999880e-15
1.187500000000000000e+02 1.868895447500000087e-15
1.190000000000000000e+02 1.523338194500000186e-15
1.192500000000000000e+02 1.220078127000000078e-15
1.195000000000000000e+02 9.616882395000000147e-16
1.197500000000000000e+02 7.690240480000000409e-16
1.200000000000000000e+02 6.198186910000000403e-16
1.202500000000000000e+02 4.577811750000000011e-16
1.205000000000000000e+02 3.191047905000000333e-16
1.207500000000000000e+02 2.225639548999999876e-16
1.210000000000000000e+02 1.128987485999999960e-16
1.212500000000000000e+02 3.347675646499999899e-17
1.215000000000000000e+02 7.137032244999999376e-19
1.217500000000000000e+02 0.000000000000000000e+00
1.220000000000000000e+02 0.000000000000000000e+00
1.222500000000000000e+02 0.000000000000000000e+00
1.225000000000000000e+02 0.000000000000000000e+00
1.227500000000000000e+02 0.000000000000000000e+00
1.230000000000000000e+02 0.000000000000000000e+00
1.232500000000000000e+02 0.000000000000000000e+00
1.235000000000000000e+02 0.000000000000000000e+00
1.237500000000000000e+02 0.000000000000000000e+00
1.240000000000000000e+02 0.000000000000000000e+00
1.242500000000000000e+02 0.000000000000000000e+00
1.245000000000000000e+02 0.000000000000000000e+00
1.247500000000000000e+02 0.000000000000000000e+00
1.250000000000000000e+02 0.000000000000000000e+00
1.252500000000000000e+02 0.000000000000000000e+00
1.255000000000000000e+02 0.000000000000000000e+00
1.257500000000000000e+02 0.000000000000000000e+00
1.260000000000000000e+02 0.000000000000000000e+00
1.262500000000000000e+02 0.000000000000000000e+00
1.265000000000000000e+02 0.000000000000000000e+00
1.267500000000000000e+02 0.000000000000000000e+00
1.270000000000000000e+02 0.000000000000000000e+00
1.272500000000000000e+02 0.000000000000000000e+00
1.275000000000000000e+02 0.000000000000000000e+00
1.277500000000000000e+02 0.000000000000000000e+00
1.280000000000000000e+02 0.000000000000000000e+00
1.282500000000000000e+02 0.000000000000000000e+00
1.285000000000000000e+02 0.000000000000000000e+00
1.287500000000000000e+02 0.000000000000000000e+00
1.290000000000000000e+02 0.000000000000000000e+00
1.292500000000000000e+02 0.000000000000000000e+00
1.295000000000000000e+02 0.000000000000000000e+00
1.297500000000000000e+02 0.000000000000000000e+00
1.300000000000000000e+02 0.000000000000000000e+00
1.302500000000000000e+02 0.000000000000000000e+00
1.305000000000000000e+02 0.000000000000000000e+00
1.307500000000000000e+02 0.000000000000000000e+00
1.310000000000000000e+02 0.000000000000000000e+00
1.312500000000000000e+02 0.000000000000000000e+00
1.315000000000000000e+02 0.000000000000000000e+00
1.317500000000000000e+02 0.000000000000000000e+00
1.320000000000000000e+02 0.000000000000000000e+00
1.322500000000000000e+02 0.000000000000000000e+00
1.325000000000000000e+02 0.000000000000000000e+00
1.327500000000000000e+02 0.000000000000000000e+00
1.330000000000000000e+02 0.000000000000000000e+00
1.332500000000000000e+02 0.000000000000000000e+00
1.335000000000000000e+02 0.000000000000000000e+00
1.337500000000000000e+02 0.000000000000000000e+00
1.340000000000000000e+02 0.000000000000000000e+00
1.342500000000000000e+02 0.000000000000000000e+00
1.345000000000000000e+02 0.000000000000000000e+00
1.347500000000000000e+02 0.000000000000000000e+00
1.350000000000000000e+02 0.000000000000000000e+00
1.352500000000000000e+02 0.000000000000000000e+00
1.355000000000000000e+02 0.000000000000000000e+00
1.357500000000000000e+02 0.000000000000000000e+00
1.360000000000000000e+02 0.000000000000000000e+00
1.362500000000000000e+02 0.000000000000000000e+00
1.365000000000000000e+02 0.000000000000000000e+00
1.367500000000000000e+02 0.000000000000000000e+00
1.370000000000000000e+02 0.000000000000000000e+00
1.372500000000000000e+02 0.000000000000000000e+00
1.375000000000000000e+02 0.000000000000000000e+00
1.377500000000000000e+02 0.000000000000000000e+00
1.380000000000000000e+02 0.000000000000000000e+00
1.382500000000000000e+02 0.000000000000000000e+00
1.385000000000000000e+02 0.000000000000000000e+00
1.387500000000000000e+02 0.000000000000000000e+00
1.390000000000000000e+02 0.000000000000000000e+00
1.392500000000000000e+02 0.000000000000000000e+00
1.395000000000000000e+02 0.000000000000000000e+00
1.397500000000000000e+02 0.000000000000000000e+00
1.400000000000000000e+02 0.000000000000000000e+00
1.402500000000000000e+02 0.000000000000000000e+00
1.405000000000000000e+02 0.000000000000000000e+00
1.407500000000000000e+02 0.000000000000000000e+00
1.410000000000000000e+02 0.000000000000000000e+00
1.412500000000000000e+02 0.000000000000000000e+00
1.415000000000000000e+02 0.000000000000000000e+00
1.417500000000000000e+02 0.000000000000000000e+00
1.420000000000000000e+02 0.000000000000000000e+00
1.422500000000000000e+02 0.000000000000000000e+00
1.425000000000000000e+02 0.000000000000000000e+00
1.427500000000000000e+02 0.000000000000000000e+00
1.430000000000000000e+02 0.000000000000000000e+00
1.432500000000000000e+02 0.000000000000000000e+00
1.435000000000000000e+02 0.000000000000000000e+00
1.437500000000000000e+02 0.000000000000000000e+00
1.440000000000000000e+02 0.000000000000000000e+00
1.442500000000000000e+02 0.000000000000000000e+00
1.445000000000000000e+02 0.000000000000000000e+00
1.447500000000000000e+02 0.000000000000000000e+00
1.450000000000000000e+02 0.000000000000000000e+00
1.452500000000000000e+02 0.000000000000000000e+00
1.455000000000000000e+02 0.000000000000000000e+00
1.457500000000000000e+02 0.000000000000000000e+00
1.460000000000000000e+02 0.000000000000000000e+00
1.462500000000000000e+02 0.000000000000000000e+00
1.465000000000000000e+02 0.000000000000000000e+00
1.467500000000000000e+02 0.000000000000000000e+00
1.470000000000000000e+02 0.000000000000000000e+00
1.472500000000000000e+02 0.000000000000000000e+00
1.475000000000000000e+02 0.000000000000000000e+00
1.477500000000000000e+02 0.000000000000000000e+00
1.480000000000000000e+02 0.000000000000000000e+00
1.482500000000000000e+02 0.000000000000000000e+00
1.485000000000000000e+02 0.000000000000000000e+00
1.487500000000000000e+02 0.000000000000000000e+00
1.490000000000000000e+02 0.000000000000000000e+00
1.492500000000000000e+02 0.000000000000000000e+00
1.495000000000000000e+02 0.000000000000000000e+00
1.497500000000000000e+02 0.000000000000000000e+00
1.500000000000000000e+02 0.000000000000000000e+00
1.502500000000000000e+02 0.000000000000000000e+00
1.505000000000000000e+02 0.000000000000000000e+00
1.507500000000000000e+02 0.000000000000000000e+00
1.510000000000000000e+02 0.000000000000000000e+00
1.512500000000000000e+02 0.000000000000000000e+00
1.515000000000000000e+02 0.000000000000000000e+00
1.517500000000000000e+02 0.000000000000000000e+00
1.520000000000000000e+02 0.000000000000000000e+00
1.522500000000000000e+02 0.000000000000000000e+00
1.525000000000000000e+02 0.000000000000000000e+00
1.527500000000000000e+02 0.000000000000000000e+00
1.530000000000000000e+02 0.000000000000000000e+00
1.532500000000000000e+02 0.000000000000000000e+00
1.535000000000000000e+02 0.000000000000000000e+00
1.537500000000000000e+02 0.000000000000000000e+00
1.540000000000000000e+02 0.000000000000000000e+00
1.542500000000000000e+02 0.000000000000000000e+00
1.545000000000000000e+02 0.000000000000000000e+00
1.547500000000000000e+02 0.000000000000000000e+00
1.550000000000000000e+02 0.000000000000000000e+00
1.552500000000000000e+02 0.000000000000000000e+00
1.555000000000000000e+02 0.000000000000000000e+00
1.557500000000000000e+02 0.000000000000000000e+00
1.560000000000000000e+02 0.000000000000000000e+00
1.562500000000000000e+02 0.000000000000000000e+00
1.565000000000000000e+02 0.000000000000000000e+00
1.567500000000000000e+02 0.000000000000000000e+00
1.570000000000000000e+02 0.000000000000000000e+00
1.572500000000000000e+02 0.000000000000000000e+00
1.575000000000000000e+02 0.000000000000000000e+00
1.577500000000000000e+02 0.000000000000000000e+00
1.580000000000000000e+02 0.000000000000000000e+00
1.582500000000000000e+02 0.000000000000000000e+00
1.585000000000000000e+02 0.000000000000000000e+00
1.587500000000000000e+02 0.000000000000000000e+00
1.590000000000000000e+02 0.000000000000000000e+00
1.592500000000000000e+02 0.000000000000000000e+00
1.595000000000000000e+02 0.000000000000000000e+00
1.597500000000000000e+02 0.000000000000000000e+00
1.600000000000000000e+02 0.000000000000000000e+00
1.602500000000000000e+02 0.000000000000000000e+00
1.605000000000000000e+02 0.000000000000000000e+00
1.607500000000000000e+02 0.000000000000000000e+00
1.610000000000000000e+02 0.000000000000000000e+00
1.612500000000000000e+02 0.000000000000000000e+00
1.615000000000000000e+02 0.000000000000000000e+00
1.617500000000000000e+02 0.000000000000000000e+00
1.620000000000000000e+02 0.000000000000000000e+00
1.622500000000000000e+02 0.000000000000000000e+00
1.625000000000000000e+02 0.000000000000000000e+00
1.627500000000000000e+02 0.000000000000000000e+00
1.630000000000000000e+02 0.000000000000000000e+00
1.632500000000000000e+02 0.000000000000000000e+00
1.635000000000000000e+02 0.000000000000000000e+00
1.637500000000000000e+02 0.000000000000000000e+00
1.640000000000000000e+02 0.000000000000000000e+00
1.642500000000000000e+02 0.000000000000000000e+00
1.645000000000000000e+02 0.000000000000000000e+00
1.647500000000000000e+02 0.000000000000000000e+00
1.650000000000000000e+02 0.000000000000000000e+00
1.652500000000000000e+02 0.000000000000000000e+00
1.655000000000000000e+02 0.000000000000000000e+00
1.657500000000000000e+02 0.000000000000000000e+00
1.660000000000000000e+02 0.000000000000000000e+00
1.662500000000000000e+02 0.000000000000000000e+00
1.665000000000000000e+02 0.000000000000000000e+00
1.667500000000000000e+02 0.000000000000000000e+00
1.670000000000000000e+02 0.000000000000000000e+00
1.672500000000000000e+02 0.000000000000000000e+00
1.675000000000000000e+02 0.000000000000000000e+00
1.677500000000000000e+02 0.000000000000000000e+00
1.680000000000000000e+02 0.000000000000000000e+00
1.682500000000000000e+02 0.000000000000000000e+00
1.685000000000000000e+02 0.000000000000000000e+00
1.687500000000000000e+02 0.000000000000000000e+00
1.690000000000000000e+02 0.000000000000000000e+00
1.692500000000000000e+02 0.000000000000000000e+00
1.695000000000000000e+02 0.000000000000000000e+00
1.697500000000000000e+02 0.000000000000000000e+00
1.700000000000000000e+02 0.000000000000000000e+00
1.702500000000000000e+02 0.000000000000000000e+00
1.705000000000000000e+02 0.000000000000000000e+00
1.707500000000000000e+02 0.000000000000000000e+00
1.710000000000000000e+02 0.000000000000000000e+00
1.712500000000000000e+02 0.000000000000000000e+00
1.715000000000000000e+02 0.000000000000000000e+00
1.717500000000000000e+02 0.000000000000000000e+00
1.720000000000000000e+02 0.000000000000000000e+00
1.722500000000000000e+02 0.000000000000000000e+00
1.725000000000000000e+02 0.000000000000000000e+00
1.727500000000000000e+02 0.000000000000000000e+00
1.730000000000000000e+02 0.000000000000000000e+00
1.732500000000000000e+02 0.000000000000000000e+00
1.735000000000000000e+02 0.000000000000000000e+00
1.737500000000000000e+02 0.000000000000000000e+00
1.740000000000000000e+02 0.000000000000000000e+00
1.742500000000000000e+02 0.000000000000000000e+00
1.745000000000000000e+02 0.000000000000000000e+00
1.747500000000000000e+02 0.000000000000000000e+00
1.750000000000000000e+02 0.000000000000000000e+00
1.752500000000000000e+02 0.000000000000000000e+00
1.755000000000000000e+02 0.000000000000000000e+00
1.757500000000000000e+02 0.000000000000000000e+00
1.760000000000000000e+02 0.000000000000000000e+00
1.762500000000000000e+02 0.000000000000000000e+00
1.765000000000000000e+02 0.000000000000000000e+00
1.767500000000000000e+02 0.000000000000000000e+00
1.770000000000000000e+02 0.000000000000000000e+00
1.772500000000000000e+02 0.000000000000000000e+00
1.775000000000000000e+02 0.000000000000000000e+00
1.777500000000000000e+02 0.000000000000000000e+00
1.780000000000000000e+02 0.000000000000000000e+00
1.782500000000000000e+02 0.000000000000000000e+00
1.785000000000000000e+02 0.000000000000000000e+00
1.787500000000000000e+02 0.000000000000000000e+00
1.790000000000000000e+02 0.000000000000000000e+00
1.792500000000000000e+02 0.000000000000000000e+00
1.795000000000000000e+02 0.000000000000000000e+00
1.797500000000000000e+02 0.000000000000000000e+00
1.800000000000000000e+02 0.000000000000000000e+00
1.802500000000000000e+02 0.000000000000000000e+00
1.805000000000000000e+02 0.000000000000000000e+00
1.807500000000000000e+02 0.000000000000000000e+00
1.810000000000000000e+02 0.000000000000000000e+00
1.812500000000000000e+02 0.000000000000000000e+00
1.815000000000000000e+02 0.000000000000000000e+00
1.817500000000000000e+02 0.000000000000000000e+00
1.820000000000000000e+02 0.000000000000000000e+00
1.822500000000000000e+02 0.000000000000000000e+00
1.825000000000000000e+02 0.000000000000000000e+00
1.827500000000000000e+02 0.000000000000000000e+00
1.830000000000000000e+02 0.000000000000000000e+00
1.832500000000000000e+02 0.000000000000000000e+00
1.835000000000000000e+02 0.000000000000000000e+00
1.837500000000000000e+02 0.000000000000000000e+00
1.840000000000000000e+02 0.000000000000000000e+00
1.842500000000000000e+02 0.000000000000000000e+00
1.845000000000000000e+02 0.000000000000000000e+00
1.847500000000000000e+02 0.000000000000000000e+00
1.850000000000000000e+02 0.000000000000000000e+00
1.852500000000000000e+02 0.000000000000000000e+00
1.855000000000000000e+02 0.000000000000000000e+00
1.857500000000000000e+02 0.000000000000000000e+00
1.860000000000000000e+02 0.000000000000000000e+00
1.862500000000000000e+02 0.000000000000000000e+00
1.865000000000000000e+02 0.000000000000000000e+00
1.867500000000000000e+02 0.000000000000000000e+00
1.870000000000000000e+02 0.000000000000000000e+00
1.872500000000000000e+02 0.000000000000000000e+00
1.875000000000000000e+02 0.000000000000000000e+00
1.877500000000000000e+02 0.000000000000000000e+00
1.880000000000000000e+02 0.000000000000000000e+00
1.882500000000000000e+02 0.000000000000000000e+00
1.885000000000000000e+02 0.000000000000000000e+00
1.887500000000000000e+02 0.000000000000000000e+00
1.890000000000000000e+02 0.000000000000000000e+00
1.892500000000000000e+02 0.000000000000000000e+00
1.895000000000000000e+02 0.000000000000000000e+00
1.897500000000000000e+02 0.000000000000000000e+00
1.900000000000000000e+02 0.000000000000000000e+00
1.902500000000000000e+02 0.000000000000000000e+00
1.905000000000000000e+02 0.000000000000000000e+00
1.907500000000000000e+02 0.000000000000000000e+00
1.910000000000000000e+02 0.000000000000000000e+00
1.912500000000000000e+02 0.000000000000000000e+00
1.915000000000000000e+02 0.000000000000000000e+00
1.917500000000000000e+02 0.000000000000000000e+00
1.920000000000000000e+02 0.000000000000000000e+00
1.922500000000000000e+02 0.000000000000000000e+00
1.925000000000000000e+02 0.000000000000000000e+00
1.927500000000000000e+02 0.000000000000000000e+00
1.930000000000000000e+02 0.000000000000000000e+00
1.932500000000000000e+02 0.000000000000000000e+00
1.935000000000000000e+02 0.000000000000000000e+00
1.937500000000000000e+02 0.000000000000000000e+00
1.940000000000000000e+02 0.000000000000000000e+00
1.942500000000000000e+02 0.000000000000000000e+00
1.945000000000000000e+02 0.000000000000000000e+00
1.947500000000000000e+02 0.000000000000000000e+00
1.950000000000000000e+02 0.000000000000000000e+00
1.952500000000000000e+02 0.000000000000000000e+00
1.955000000000000000e+02 0.000000000000000000e+00
1.957500000000000000e+02 0.000000000000000000e+00
1.960000000000000000e+02 0.000000000000000000e+00
1.962500000000000000e+02 0.000000000000000000e+00
1.965000000000000000e+02 0.000000000000000000e+00
1.967500000000000000e+02 0.000000000000000000e+00
1.970000000000000000e+02 0.000000000000000000e+00
1.972500000000000000e+02 0.000000000000000000e+00
1.975000000000000000e+02 0.000000000000000000e+00
1.977500000000000000e+02 0.000000000000000000e+00
1.980000000000000000e+02 0.000000000000000000e+00
1.982500000000000000e+02 0.000000000000000000e+00
1.985000000000000000e+02 0.000000000000000000e+00
1.987500000000000000e+02 0.000000000000000000e+00
1.990000000000000000e+02 0.000000000000000000e+00
1.992500000000000000e+02 0.000000000000000000e+00
1.995000000000000000e+02 0.000000000000000000e+00
1.997500000000000000e+02 0.000000000000000000e+00
2.000000000000000000e+02 0.000000000000000000e+00
2.002500000000000000e+02 0.000000000000000000e+00
2.005000000000000000e+02 0.000000000000000000e+00
2.007500000000000000e+02 0.000000000000000000e+00
2.010000000000000000e+02 0.000000000000000000e+00
2.012500000000000000e+02 0.000000000000000000e+00
2.015000000000000000e+02 0.000000000000000000e+00
2.017500000000000000e+02 0.000000000000000000e+00
2.020000000000000000e+02 0.000000000000000000e+00
2.022500000000000000e+02 0.000000000000000000e+00
2.025000000000000000e+02 0.000000000000000000e+00
2.027500000000000000e+02 0.000000000000000000e+00
2.030000000000000000e+02 0.000000000000000000e+00
2.032500000000000000e+02 0.000000000000000000e+00
2.035000000000000000e+02 0.000000000000000000e+00
2.037500000000000000e+02 0.000000000000000000e+00
2.040000000000000000e+02 0.000000000000000000e+00
2.042500000000000000e+02 0.000000000000000000e+00
2.045000000000000000e+02 0.000000000000000000e+00
2.047500000000000000e+02 0.000000000000000000e+00
2.050000000000000000e+02 0.000000000000000000e+00
2.052500000000000000e+02 0.000000000000000000e+00
2.055000000000000000e+02 0.000000000000000000e+00
2.057500000000000000e+02 0.000000000000000000e+00
2.060000000000000000e+02 0.000000000000000000e+00
2.062500000000000000e+02 0.000000000000000000e+00
2.065000000000000000e+02 0.000000000000000000e+00
2.067500000000000000e+02 0.000000000000000000e+00
2.070000000000000000e+02 0.000000000000000000e+00
2.072500000000000000e+02 0.000000000000000000e+00
2.075000000000000000e+02 0.000000000000000000e+00
2.077500000000000000e+02 0.000000000000000000e+00
2.080000000000000000e+02 0.000000000000000000e+00
2.082500000000000000e+02 0.000000000000000000e+00
2.085000000000000000e+02 0.000000000000000000e+00
2.087500000000000000e+02 0.000000000000000000e+00
2.090000000000000000e+02 0.000000000000000000e+00
2.092500000000000000e+02 0.000000000000000000e+00
2.095000000000000000e+02 0.000000000000000000e+00
2.097500000000000000e+02 0.000000000000000000e+00
2.100000000000000000e+02 0.000000000000000000e+00
2.102500000000000000e+02 0.000000000000000000e+00
2.105000000000000000e+02 0.000000000000000000e+00
2.107500000000000000e+02 0.000000000000000000e+00
2.110000000000000000e+02 0.000000000000000000e+00
2.112500000000000000e+02 0.000000000000000000e+00
2.115000000000000000e+02 0.000000000000000000e+00
2.117500000000000000e+02 0.000000000000000000e+00
2.120000000000000000e+02 0.000000000000000000e+00
2.122500000000000000e+02 0.000000000000000000e+00
2.125000000000000000e+02 0.000000000000000000e+00
2.127500000000000000e+02 0.000000000000000000e+00
2.130000000000000000e+02 0.000000000000000000e+00
2.132500000000000000e+02 0.000000000000000000e+00
2.135000000000000000e+02 0.000000000000000000e+00
2.137500000000000000e+02 0.000000000000000000e+00
2.140000000000000000e+02 0.000000000000000000e+00
2.142500000000000000e+02 0.000000000000000000e+00
2.145000000000000000e+02 0.000000000000000000e+00
2.147500000000000000e+02 0.000000000000000000e+00
2.150000000000000000e+02 0.000000000000000000e+00
2.152500000000000000e+02 0.000000000000000000e+00
2.155000000000000000e+02 0.000000000000000000e+00
2.157500000000000000e+02 0.000000000000000000e+00
2.160000000000000000e+02 0.000000000000000000e+00
2.162500000000000000e+02 0.000000000000000000e+00
2.165000000000000000e+02 0.000000000000000000e+00
2.167500000000000000e+02 0.000000000000000000e+00
2.170000000000000000e+02 0.000000000000000000e+00
2.172500000000000000e+02 0.000000000000000000e+00
2.175000000000000000e+02 0.000000000000000000e+00
2.177500000000000000e+02 0.000000000000000000e+00
2.180000000000000000e+02 0.000000000000000000e+00
2.182500000000000000e+02 0.000000000000000000e+00
2.185000000000000000e+02 0.000000000000000000e+00
2.187500000000000000e+02 0.000000000000000000e+00
2.190000000000000000e+02 0.000000000000000000e+00
2.192500000000000000e+02 0.000000000000000000e+00
2.195000000000000000e+02 0.000000000000000000e+00
2.197500000000000000e+02 0.000000000000000000e+00
2.200000000000000000e+02 0.000000000000000000e+00
2.202500000000000000e+02 0.000000000000000000e+00
2.205000000000000000e+02 0.000000000000000000e+00
2.207500000000000000e+02 0.000000000000000000e+00
2.210000000000000000e+02 0.000000000000000000e+00
2.212500000000000000e+02 0.000000000000000000e+00
2.215000000000000000e+02 0.000000000000000000e+00
2.217500000000000000e+02 0.000000000000000000e+00
2.220000000000000000e+02 0.000000000000000000e+00
2.222500000000000000e+02 0.000000000000000000e+00
2.225000000000000000e+02 0.000000000000000000e+00
2.227500000000000000e+02 0.000000000000000000e+00
2.230000000000000000e+02 0.000000000000000000e+00
2.232500000000000000e+02 0.000000000000000000e+00
2.235000000000000000e+02 0.000000000000000000e+00
2.237500000000000000e+02 0.000000000000000000e+00
2.240000000000000000e+02 0.000000000000000000e+00
2.242500000000000000e+02 0.000000000000000000e+00
2.245000000000000000e+02 0.000000000000000000e+00
2.247500000000000000e+02 0.000000000000000000e+00
2.250000000000000000e+02 0.000000000000000000e+00
2.252500000000000000e+02 0.000000000000000000e+00
2.255000000000000000e+02 0.000000000000000000e+00
2.257500000000000000e+02 0.000000000000000000e+00
2.260000000000000000e+02 0.000000000000000000e+00
2.262500000000000000e+02 0.000000000000000000e+00
2.265000000000000000e+02 0.000000000000000000e+00
2.267500000000000000e+02 0.000000000000000000e+00
2.270000000000000000e+02 0.000000000000000000e+00
2.272500000000000000e+02 0.000000000000000000e+00
2.275000000000000000e+02 0.000000000000000000e+00
2.277500000000000000e+02 0.000000000000000000e+00
2.280000000000000000e+02 0.000000000000000000e+00
2.282500000000000000e+02 0.000000000000000000e+00
2.285000000000000000e+02 0.000000000000000000e+00
2.287500000000000000e+02 0.000000000000000000e+00
2.290000000000000000e+02 0.000000000000000000e+00
2.292500000000000000e+02 0.000000000000000000e+00
2.295000000000000000e+02 0.000000000000000000e+00
2.297500000000000000e+02 0.000000000000000000e+00
2.300000000000000000e+02 0.000000000000000000e+00
2.302500000000000000e+02 0.000000000000000000e+00
2.305000000000000000e+02 0.000000000000000000e+00
2.307500000000000000e+02 0.000000000000000000e+00
2.310000000000000000e+02 0.000000000000000000e+00
2.312500000000000000e+02 0.000000000000000000e+00
2.315000000000000000e+02 0.000000000000000000e+00
2.317500000000000000e+02 0.000000000000000000e+00
2.320000000000000000e+02 0.000000000000000000e+00
2.322500000000000000e+02 0.000000000000000000e+00
2.325000000000000000e+02 0.000000000000000000e+00
2.327500000000000000e+02 0.000000000000000000e+00
2.330000000000000000e+02 0.000000000000000000e+00
2.332500000000000000e+02 0.000000000000000000e+00
2.335000000000000000e+02 0.000000000000000000e+00
2.337500000000000000e+02 0.000000000000000000e+00
2.340000000000000000e+02 0.000000000000000000e+00
2.342500000000000000e+02 0.000000000000000000e+00
2.345000000000000000e+02 0.000000000000000000e+00
2.347500000000000000e+02 0.000000000000000000e+00
2.350000000000000000e+02 0.000000000000000000e+00
2.352500000000000000e+02 0.000000000000000000e+00
2.355000000000000000e+02 0.000000000000000000e+00
2.357500000000000000e+02 0.000000000000000000e+00
2.360000000000000000e+02 0.000000000000000000e+00
2.362500000000000000e+02 0.000000000000000000e+00
2.365000000000000000e+02 0.000000000000000000e+00
2.367500000000000000e+02 0.000000000000000000e+00
2.370000000000000000e+02 0.000000000000000000e+00
2.372500000000000000e+02 0.000000000000000000e+00
2.375000000000000000e+02 0.000000000000000000e+00
2.377500000000000000e+02 0.000000000000000000e+00
2.380000000000000000e+02 0.000000000000000000e+00
2.382500000000000000e+02 0.000000000000000000e+00
2.385000000000000000e+02 0.000000000000000000e+00
2.387500000000000000e+02 0.000000000000000000e+00
2.390000000000000000e+02 0.000000000000000000e+00
2.392500000000000000e+02 0.000000000000000000e+00
2.395000000000000000e+02 0.000000000000000000e+00
2.397500000000000000e+02 0.000000000000000000e+00
2.400000000000000000e+02 0.000000000000000000e+00
2.402500000000000000e+02 0.000000000000000000e+00
2.405000000000000000e+02 0.000000000000000000e+00
2.407500000000000000e+02 0.000000000000000000e+00
2.410000000000000000e+02 0.000000000000000000e+00
2.412500000000000000e+02 0.000000000000000000e+00
2.415000000000000000e+02 0.000000000000000000e+00
2.417500000000000000e+02 0.000000000000000000e+00
2.420000000000000000e+02 0.000000000000000000e+00
2.422500000000000000e+02 0.000000000000000000e+00
2.425000000000000000e+02 0.000000000000000000e+00
2.427500000000000000e+02 0.000000000000000000e+00
2.430000000000000000e+02 0.000000000000000000e+00
2.432500000000000000e+02 0.000000000000000000e+00
2.435000000000000000e+02 0.000000000000000000e+00
2.437500000000000000e+02 0.000000000000000000e+00
2.440000000000000000e+02 0.000000000000000000e+00
2.442500000000000000e+02 0.000000000000000000e+00
2.445000000000000000e+02 0.000000000000000000e+00
2.447500000000000000e+02 0.000000000000000000e+00
2.450000000000000000e+02 0.000000000000000000e+00
2.452500000000000000e+02 0.000000000000000000e+00
2.455000000000000000e+02 0.000000000000000000e+00
2.457500000000000000e+02 0.000000000000000000e+00
2.460000000000000000e+02 0.000000000000000000e+00
2.462500000000000000e+02 0.000000000000000000e+00
2.465000000000000000e+02 0.000000000000000000e+00
2.467500000000000000e+02 0.000000000000000000e+00
2.470000000000000000e+02 0.000000000000000000e+00
2.472500000000000000e+02 0.000000000000000000e+00
2.475000000000000000e+02 0.000000000000000000e+00
2.477500000000000000e+02 0.000000000000000000e+00
2.480000000000000000e+02 0.000000000000000000e+00
2.482500000000000000e+02 0.000000000000000000e+00
2.485000000000000000e+02 0.000000000000000000e+00
2.487500000000000000e+02 0.000000000000000000e+00
2.490000000000000000e+02 0.000000000000000000e+00
2.492500000000000000e+02 0.000000000000000000e+00
2.495000000000000000e+02 0.000000000000000000e+00
2.497500000000000000e+02 0.000000000000000000e+00
2.500000000000000000e+02 0.000000000000000000e+00
