energy 	 rate 
0.5 	 1.9126811551797466e-06 
5.5 	 1.800906163275087e-06 
10.5 	 1.878288849978313e-06 
15.5 	 1.786054940574467e-06 
20.5 	 1.776675220974077e-06 
25.5 	 1.7559616735232116e-06 
30.5 	 1.7540075652731311e-06 
35.5 	 1.774721112723995e-06 
40.5 	 1.794653016874826e-06 
45.5 	 1.7325123745222351e-06 
50.5 	 1.7047640373710776e-06 
55.5 	 1.7176611518216161e-06 
60.5 	 1.7032007507710124e-06 
65.5 	 1.6746707703198239e-06 
70.5 	 1.669590088869611e-06 
75.5 	 1.6602103692692206e-06 
80.5 	 1.6930393878705902e-06 
85.5 	 1.70984471882129e-06 
90.5 	 1.6750615919698391e-06 
95.5 	 1.6445775032685682e-06 
100.5 	 1.60744944651702e-06 
105.5 	 1.584390969166059e-06 
110.5 	 1.5116981422630286e-06 
115.5 	 1.55586098871487e-06 
120.5 	 1.5187329319633222e-06 
125.5 	 1.5640682433652113e-06 
130.5 	 1.5808735743159124e-06 
135.5 	 1.515997180413208e-06 
140.5 	 1.5249860783635824e-06 
145.5 	 1.4788691236616588e-06 
150.5 	 1.1326793060772261e-05 
155.5 	 1.1058689408861077e-05 
160.5 	 1.0544758939089651e-05 
165.5 	 1.0314174165580038e-05 
170.5 	 1.0302058694429529e-05 
175.5 	 1.0143775926172932e-05 
180.5 	 9.95188249601493e-06 
185.5 	 9.739666340056086e-06 
190.5 	 9.478988299495221e-06 
195.5 	 9.332039359089089e-06 
200.5 	 9.161250298031963e-06 
205.5 	 8.892755824470775e-06 
210.5 	 8.811074099617368e-06 
215.5 	 8.591823153958224e-06 
220.5 	 8.42064327125109e-06 
225.5 	 9.756080849356767e-06 
230.5 	 9.629063813101476e-06 
235.5 	 1.0360681941931978e-05 
240.5 	 1.5752848247206793e-05 
245.5 	 1.5008723825575768e-05 
250.5 	 1.4332602371047581e-05 
255.5 	 1.3955068657131839e-05 
260.5 	 1.3486864320412318e-05 
265.5 	 1.312535429414725e-05 
270.5 	 1.2855687355636003e-05 
275.5 	 1.2455095164369298e-05 
280.5 	 1.2159633996956976e-05 
285.5 	 1.1565975910582227e-05 
290.5 	 1.1289274182370694e-05 
295.5 	 1.0991468085058275e-05 
300.5 	 1.0662005434094542e-05 
305.5 	 1.0307530197529757e-05 
310.5 	 9.953054960964978e-06 
315.5 	 9.776403575157613e-06 
320.5 	 9.335165932289223e-06 
325.5 	 9.672054194603266e-06 
330.5 	 9.155387973281726e-06 
335.5 	 8.96075879157361e-06 
340.5 	 8.414780946500844e-06 
345.5 	 8.108767594538085e-06 
350.5 	 7.722244982671966e-06 
355.5 	 7.415449987409178e-06 
360.5 	 6.964441803290373e-06 
365.5 	 6.663509132777825e-06 
370.5 	 6.269560909561404e-06 
375.5 	 6.027251486551295e-06 
380.5 	 5.507458692029628e-06 
385.5 	 5.277264740170027e-06 
390.5 	 4.987275075857939e-06 
395.5 	 4.778967136399253e-06 
400.5 	 4.4033875307335936e-06 
405.5 	 4.222046285126034e-06 
410.5 	 3.9601957796151135e-06 
415.5 	 3.818327520659201e-06 
420.5 	 3.4587716026442087e-06 
425.5 	 3.2270143641845475e-06 
430.5 	 2.941714559672651e-06 
435.5 	 2.7240269006135744e-06 
440.5 	 2.458268178602495e-06 
445.5 	 2.274191181444819e-06 
450.5 	 1.9943628800331515e-06 
455.5 	 1.8790704932783453e-06 
460.5 	 1.6125301279672326e-06 
465.5 	 1.4991918494625064e-06 
470.5 	 1.357323590506592e-06 
475.5 	 1.2275708027011816e-06 
480.5 	 1.080621862295055e-06 
485.5 	 9.9151452609134e-07 
490.5 	 8.773946042865819e-07 
495.5 	 7.746085103322959e-07 
500.5 	 6.964441803290374e-07 
505.5 	 6.174982070257461e-07 
510.5 	 5.135396481214117e-07 
515.5 	 4.4592750266859255e-07 
520.5 	 3.5955591801499136e-07 
525.5 	 2.884263777120254e-07 
530.5 	 2.313664168096466e-07 
535.5 	 1.8642192705777276e-07 
540.5 	 1.289711445053774e-07 
545.5 	 9.965952075415519e-08 
550.5 	 7.034789700293312e-08 
555.5 	 3.1265732001303575e-08 
560.5 	 1.954108250081474e-08 
565.5 	 8.598076300358488e-09 
570.5 	 1.1724649500488847e-09 
575.5 	 0.0 
580.5 	 0.0 
585.5 	 0.0 
590.5 	 0.0 
595.5 	 0.0 
600.5 	 0.0 
605.5 	 0.0 
610.5 	 0.0 
615.5 	 0.0 
620.5 	 0.0 
625.5 	 0.0 
630.5 	 0.0 
635.5 	 0.0 
640.5 	 0.0 
645.5 	 0.0 
650.5 	 0.0 
655.5 	 0.0 
660.5 	 0.0 
665.5 	 0.0 
670.5 	 0.0 
675.5 	 0.0 
680.5 	 0.0 
685.5 	 0.0 
690.5 	 0.0 
695.5 	 0.0 
700.5 	 0.0 
705.5 	 0.0 
710.5 	 0.0 
715.5 	 0.0 
720.5 	 0.0 
725.5 	 0.0 
730.5 	 0.0 
735.5 	 0.0 
740.5 	 0.0 
745.5 	 0.0 
750.5 	 0.0 
755.5 	 0.0 
760.5 	 0.0 
765.5 	 0.0 
770.5 	 0.0 
775.5 	 0.0 
780.5 	 0.0 
785.5 	 0.0 
790.5 	 0.0 
795.5 	 0.0 
800.5 	 0.0 
805.5 	 0.0 
810.5 	 0.0 
815.5 	 0.0 
820.5 	 0.0 
825.5 	 0.0 
830.5 	 0.0 
835.5 	 0.0 
840.5 	 0.0 
845.5 	 0.0 
850.5 	 0.0 
855.5 	 0.0 
860.5 	 0.0 
865.5 	 0.0 
870.5 	 0.0 
875.5 	 0.0 
880.5 	 0.0 
885.5 	 0.0 
890.5 	 0.0 
895.5 	 0.0 
900.5 	 0.0 
905.5 	 0.0 
910.5 	 0.0 
915.5 	 0.0 
920.5 	 0.0 
925.5 	 0.0 
930.5 	 0.0 
935.5 	 0.0 
940.5 	 0.0 
945.5 	 0.0 
950.5 	 0.0 
955.5 	 0.0 
960.5 	 0.0 
965.5 	 0.0 
970.5 	 0.0 
975.5 	 0.0 
980.5 	 0.0 
985.5 	 0.0 
990.5 	 0.0 
995.5 	 0.0 
1000.5 	 0.0 
1005.5 	 0.0 
1010.5 	 0.0 
1015.5 	 0.0 
1020.5 	 0.0 
1025.5 	 0.0 
1030.5 	 0.0 
1035.5 	 0.0 
1040.5 	 0.0 
1045.5 	 0.0 
1050.5 	 0.0 
1055.5 	 0.0 
1060.5 	 0.0 
1065.5 	 0.0 
1070.5 	 0.0 
1075.5 	 0.0 
1080.5 	 0.0 
1085.5 	 0.0 
1090.5 	 0.0 
1095.5 	 0.0 
1100.5 	 0.0 
1105.5 	 0.0 
1110.5 	 0.0 
1115.5 	 0.0 
1120.5 	 0.0 
1125.5 	 0.0 
1130.5 	 0.0 
1135.5 	 0.0 
1140.5 	 0.0 
1145.5 	 0.0 
1150.5 	 0.0 
1155.5 	 0.0 
1160.5 	 0.0 
1165.5 	 0.0 
1170.5 	 0.0 
1175.5 	 0.0 
1180.5 	 0.0 
1185.5 	 0.0 
1190.5 	 0.0 
1195.5 	 0.0 
1200.5 	 0.0 
1205.5 	 0.0 
1210.5 	 0.0 
1215.5 	 0.0 
1220.5 	 0.0 
1225.5 	 0.0 
1230.5 	 0.0 
1235.5 	 0.0 
1240.5 	 0.0 
1245.5 	 0.0 
1250.5 	 0.0 
1255.5 	 0.0 
1260.5 	 0.0 
1265.5 	 0.0 
1270.5 	 0.0 
1275.5 	 0.0 
1280.5 	 0.0 
1285.5 	 0.0 
1290.5 	 0.0 
1295.5 	 0.0 
1300.5 	 0.0 
1305.5 	 0.0 
1310.5 	 0.0 
1315.5 	 0.0 
1320.5 	 0.0 
1325.5 	 0.0 
1330.5 	 0.0 
1335.5 	 0.0 
1340.5 	 0.0 
1345.5 	 0.0 
1350.5 	 0.0 
1355.5 	 0.0 
1360.5 	 0.0 
1365.5 	 0.0 
1370.5 	 0.0 
1375.5 	 0.0 
1380.5 	 0.0 
1385.5 	 0.0 
1390.5 	 0.0 
1395.5 	 0.0 
1400.5 	 0.0 
1405.5 	 0.0 
1410.5 	 0.0 
1415.5 	 0.0 
1420.5 	 0.0 
1425.5 	 0.0 
1430.5 	 0.0 
1435.5 	 0.0 
1440.5 	 0.0 
1445.5 	 0.0 
1450.5 	 0.0 
1455.5 	 0.0 
1460.5 	 0.0 
1465.5 	 0.0 
1470.5 	 0.0 
1475.5 	 0.0 
1480.5 	 0.0 
1485.5 	 0.0 
1490.5 	 0.0 
1495.5 	 0.0 
1500.5 	 0.0 
1505.5 	 0.0 
1510.5 	 0.0 
1515.5 	 0.0 
1520.5 	 0.0 
1525.5 	 0.0 
1530.5 	 0.0 
1535.5 	 0.0 
1540.5 	 0.0 
1545.5 	 0.0 
1550.5 	 0.0 
1555.5 	 0.0 
1560.5 	 0.0 
1565.5 	 0.0 
1570.5 	 0.0 
1575.5 	 0.0 
1580.5 	 0.0 
1585.5 	 0.0 
1590.5 	 0.0 
1595.5 	 0.0 
