energy 	 rate 
0.01 	 4.862534034285714e-07 
0.51 	 4.864698971428573e-07 
1.01 	 4.866990811428572e-07 
1.51 	 4.869298377142858e-07 
2.01 	 4.871607862857143e-07 
2.51 	 4.873913965714286e-07 
3.01 	 4.876214125714287e-07 
3.51 	 4.878507245714286e-07 
4.01 	 4.880793142857142e-07 
4.51 	 4.883072457142857e-07 
5.01 	 4.885346102857142e-07 
5.51 	 4.887615451428571e-07 
6.01 	 4.889882057142857e-07 
6.51 	 4.89214774857143e-07 
7.01 	 4.894414171428571e-07 
7.51 	 4.896683154285716e-07 
8.01 	 4.898956342857143e-07 
8.51 	 4.901235382857143e-07 
9.01 	 4.903521737142858e-07 
9.51 	 4.905816685714285e-07 
10.01 	 4.908121600000001e-07 
10.51 	 4.910437394285715e-07 
11.01 	 4.912765165714285e-07 
11.51 	 4.915105645714286e-07 
12.01 	 4.917459657142857e-07 
12.51 	 4.919827474285715e-07 
13.01 	 4.922209828571428e-07 
13.51 	 4.924606994285716e-07 
14.01 	 4.927019154285715e-07 
14.51 	 4.929446491428572e-07 
15.01 	 4.931889097142857e-07 
15.51 	 4.934346971428573e-07 
16.01 	 4.936820022857143e-07 
16.51 	 4.939308251428571e-07 
17.01 	 4.941811291428572e-07 
17.51 	 4.944329051428572e-07 
18.01 	 4.946861257142857e-07 
18.51 	 4.949407634285715e-07 
19.01 	 4.951967725714285e-07 
19.51 	 4.954541348571429e-07 
20.01 	 4.957127954285715e-07 
20.51 	 4.959727177142858e-07 
21.01 	 4.962338651428572e-07 
21.51 	 4.96496182857143e-07 
22.01 	 4.967596342857143e-07 
22.51 	 4.970241737142857e-07 
23.01 	 4.972897554285714e-07 
23.51 	 4.975563245714286e-07 
24.01 	 4.978238354285714e-07 
24.51 	 4.980922331428571e-07 
25.01 	 4.983614811428572e-07 
25.51 	 4.986315245714286e-07 
26.01 	 4.989023177142857e-07 
26.51 	 4.991738057142858e-07 
27.01 	 4.99445952e-07 
27.51 	 4.997186925714285e-07 
28.01 	 4.99991990857143e-07 
28.51 	 5.002657920000001e-07 
29.01 	 5.005400594285714e-07 
29.51 	 5.008147474285714e-07 
30.01 	 5.010897920000001e-07 
30.51 	 5.013651657142858e-07 
31.01 	 5.01640822857143e-07 
31.51 	 5.019167177142858e-07 
32.01 	 5.021928045714286e-07 
32.51 	 5.024690377142858e-07 
33.01 	 5.027453897142857e-07 
33.51 	 5.030217965714286e-07 
34.01 	 5.0329824e-07 
34.51 	 5.035746742857143e-07 
35.01 	 5.038510537142857e-07 
35.51 	 5.04127350857143e-07 
36.01 	 5.044035200000001e-07 
36.51 	 5.046795245714286e-07 
37.01 	 5.049553371428572e-07 
37.51 	 5.05230912e-07 
38.01 	 5.055062217142857e-07 
38.51 	 5.057812297142857e-07 
39.01 	 5.060558994285714e-07 
39.51 	 5.063302034285715e-07 
40.01 	 5.066041142857143e-07 
40.51 	 5.068775954285715e-07 
41.01 	 5.071506102857142e-07 
41.51 	 5.074231314285714e-07 
42.01 	 5.076951405714285e-07 
42.51 	 5.079666011428572e-07 
43.01 	 5.082374857142858e-07 
43.51 	 5.085077577142858e-07 
44.01 	 5.08777408e-07 
44.51 	 5.090464000000001e-07 
45.01 	 5.093147154285714e-07 
45.51 	 5.095823177142857e-07 
46.01 	 5.098491885714286e-07 
46.51 	 5.101153005714286e-07 
47.01 	 5.103806354285714e-07 
47.51 	 5.106451748571428e-07 
48.01 	 5.109088822857144e-07 
48.51 	 5.111717394285715e-07 
49.01 	 5.114337371428572e-07 
49.51 	 5.116948388571429e-07 
50.01 	 5.119550262857143e-07 
50.51 	 5.122142902857143e-07 
51.01 	 5.124726034285714e-07 
51.51 	 5.127299474285714e-07 
52.01 	 5.129862948571429e-07 
52.51 	 5.132416457142857e-07 
53.01 	 5.134959634285715e-07 
53.51 	 5.137492388571429e-07 
54.01 	 5.140014628571429e-07 
54.51 	 5.14252598857143e-07 
55.01 	 5.145026468571429e-07 
55.51 	 5.147515885714286e-07 
56.01 	 5.149993965714286e-07 
56.51 	 5.152460708571428e-07 
57.01 	 5.15491584e-07 
57.51 	 5.15735926857143e-07 
58.01 	 5.159790811428571e-07 
58.51 	 5.162210377142857e-07 
59.01 	 5.164617782857143e-07 
59.51 	 5.167012937142857e-07 
60.01 	 5.169395748571429e-07 
60.51 	 5.171765942857143e-07 
61.01 	 5.174123428571429e-07 
61.51 	 5.176468205714287e-07 
62.01 	 5.178800000000001e-07 
62.51 	 5.181118811428573e-07 
63.01 	 5.183424457142857e-07 
63.51 	 5.185716754285714e-07 
64.01 	 5.187995794285714e-07 
64.51 	 5.190261211428571e-07 
65.01 	 5.192513188571429e-07 
65.51 	 5.19475136e-07 
66.01 	 5.196975725714286e-07 
66.51 	 5.199186194285714e-07 
67.01 	 5.201382674285715e-07 
67.51 	 5.203565074285716e-07 
68.01 	 5.205733211428571e-07 
68.51 	 5.207887085714285e-07 
69.01 	 5.210026605714286e-07 
69.51 	 5.21215168e-07 
70.01 	 5.214262125714287e-07 
70.51 	 5.216357942857143e-07 
71.01 	 5.218439131428572e-07 
71.51 	 5.220505417142858e-07 
72.01 	 5.2225568e-07 
72.51 	 5.224593279999999e-07 
73.01 	 5.226614674285714e-07 
73.51 	 5.228620982857144e-07 
74.01 	 5.230612022857143e-07 
74.51 	 5.232587885714286e-07 
75.01 	 5.234548388571428e-07 
75.51 	 5.23649344e-07 
76.01 	 5.238423131428572e-07 
76.51 	 5.240337188571429e-07 
77.01 	 5.242235702857144e-07 
77.51 	 5.244118491428572e-07 
78.01 	 5.245985645714285e-07 
78.51 	 5.247836891428571e-07 
79.01 	 5.249672411428571e-07 
79.51 	 5.251491931428573e-07 
80.01 	 5.253295542857142e-07 
80.51 	 5.255083154285714e-07 
81.01 	 5.256854582857144e-07 
81.51 	 5.258610011428572e-07 
82.01 	 5.260349165714287e-07 
82.51 	 5.262072137142858e-07 
83.01 	 5.263778834285714e-07 
83.51 	 5.265469165714285e-07 
84.01 	 5.267143131428572e-07 
84.51 	 5.26880064e-07 
85.01 	 5.270441691428572e-07 
85.51 	 5.272066285714287e-07 
86.01 	 5.27367424e-07 
86.51 	 5.275265645714287e-07 
87.01 	 5.27684032e-07 
87.51 	 5.278398354285714e-07 
88.01 	 5.279939657142857e-07 
88.51 	 5.281464137142857e-07 
89.01 	 5.282971885714287e-07 
89.51 	 5.284462720000001e-07 
90.01 	 5.285936731428571e-07 
90.51 	 5.287393737142856e-07 
91.01 	 5.288833828571429e-07 
91.51 	 5.290256914285714e-07 
92.01 	 5.291662994285716e-07 
92.51 	 5.293052068571428e-07 
93.01 	 5.294423954285715e-07 
93.51 	 5.295778742857143e-07 
94.01 	 5.297116342857143e-07 
94.51 	 5.298436754285715e-07 
95.01 	 5.299739977142858e-07 
95.51 	 5.30102592e-07 
96.01 	 5.302294582857143e-07 
96.51 	 5.303545965714285e-07 
97.01 	 5.304779977142858e-07 
97.51 	 5.305996708571429e-07 
98.01 	 5.307195977142857e-07 
98.51 	 5.308377782857144e-07 
99.01 	 5.309542217142858e-07 
99.51 	 5.310689188571428e-07 
100.01 	 5.311818697142858e-07 
100.51 	 5.312930651428571e-07 
101.01 	 5.314025142857143e-07 
101.51 	 5.31510198857143e-07 
102.01 	 5.316161280000001e-07 
102.51 	 5.317203017142858e-07 
103.01 	 5.318227017142857e-07 
103.51 	 5.319233462857143e-07 
104.01 	 5.320222262857144e-07 
104.51 	 5.321193325714286e-07 
105.01 	 5.322146742857143e-07 
105.51 	 5.323082422857144e-07 
106.01 	 5.324000365714287e-07 
106.51 	 5.324900571428572e-07 
107.01 	 5.325782948571428e-07 
107.51 	 5.326647588571429e-07 
108.01 	 5.327494400000001e-07 
108.51 	 5.328323382857143e-07 
109.01 	 5.32913462857143e-07 
109.51 	 5.329927954285714e-07 
110.01 	 5.330703360000001e-07 
110.51 	 5.331460937142858e-07 
111.01 	 5.332200594285715e-07 
111.51 	 5.332922422857143e-07 
112.01 	 5.33362624e-07 
112.51 	 5.334312228571429e-07 
113.01 	 5.334980205714286e-07 
113.51 	 5.335630262857144e-07 
114.01 	 5.33626230857143e-07 
114.51 	 5.336876342857143e-07 
115.01 	 5.337472457142858e-07 
115.51 	 5.338050560000001e-07 
116.01 	 5.338610651428572e-07 
116.51 	 5.339152731428571e-07 
117.01 	 5.3396768e-07 
117.51 	 5.340182765714287e-07 
118.01 	 5.34067072e-07 
118.51 	 5.341140662857143e-07 
119.01 	 5.341592411428571e-07 
119.51 	 5.342026240000001e-07 
120.01 	 5.342441874285715e-07 
120.51 	 5.342839497142858e-07 
121.01 	 5.343219017142858e-07 
121.51 	 5.343580342857143e-07 
122.01 	 5.343923657142858e-07 
122.51 	 5.344248868571429e-07 
123.01 	 5.344555885714286e-07 
123.51 	 5.344844800000001e-07 
124.01 	 5.345115611428571e-07 
124.51 	 5.34536832e-07 
125.01 	 5.345602834285715e-07 
125.51 	 5.345819154285715e-07 
126.01 	 5.346017371428572e-07 
126.51 	 5.346197485714286e-07 
127.01 	 5.346359405714286e-07 
127.51 	 5.346503131428572e-07 
128.01 	 5.346628754285715e-07 
128.51 	 5.346736182857143e-07 
129.01 	 5.346825417142857e-07 
129.51 	 5.346896457142858e-07 
130.01 	 5.346949302857142e-07 
130.51 	 5.346984045714285e-07 
131.01 	 5.347000594285714e-07 
131.51 	 5.346998948571428e-07 
132.01 	 5.346979108571429e-07 
132.51 	 5.346941074285714e-07 
133.01 	 5.346884937142858e-07 
133.51 	 5.346810514285714e-07 
134.01 	 5.346717897142857e-07 
134.51 	 5.346607177142857e-07 
135.01 	 5.346478171428571e-07 
135.51 	 5.346331062857142e-07 
136.01 	 5.346165668571429e-07 
136.51 	 5.345982171428572e-07 
137.01 	 5.34578048e-07 
137.51 	 5.345560594285716e-07 
138.01 	 5.345322514285715e-07 
138.51 	 5.34506624e-07 
139.01 	 5.344791771428572e-07 
139.51 	 5.344499108571429e-07 
140.01 	 5.344188251428572e-07 
140.51 	 5.343859291428573e-07 
141.01 	 5.343512137142858e-07 
141.51 	 5.343146788571428e-07 
142.01 	 5.342763245714286e-07 
142.51 	 5.34236150857143e-07 
143.01 	 5.341941668571429e-07 
143.51 	 5.341503634285714e-07 
144.01 	 5.341047405714286e-07 
144.51 	 5.340573074285715e-07 
145.01 	 5.340080548571429e-07 
145.51 	 5.339569920000002e-07 
146.01 	 5.339041097142857e-07 
146.51 	 5.338494080000001e-07 
147.01 	 5.337929051428573e-07 
147.51 	 5.337345737142856e-07 
148.01 	 5.336744411428573e-07 
148.51 	 5.336124891428571e-07 
149.01 	 5.335487268571428e-07 
149.51 	 5.334831542857143e-07 
150.01 	 5.334157714285714e-07 
150.51 	 5.333465782857143e-07 
151.01 	 5.332755657142857e-07 
151.51 	 5.33202752e-07 
152.01 	 5.33128128e-07 
152.51 	 5.330516937142858e-07 
153.01 	 5.329734491428571e-07 
153.51 	 5.328934034285715e-07 
154.01 	 5.328115474285715e-07 
154.51 	 5.327278811428571e-07 
155.01 	 5.326424137142857e-07 
155.51 	 5.325551451428572e-07 
156.01 	 5.324660662857144e-07 
156.51 	 5.323751862857143e-07 
157.01 	 5.322824960000001e-07 
157.51 	 5.321880137142857e-07 
158.01 	 5.320917302857144e-07 
158.51 	 5.319936365714286e-07 
159.01 	 5.31893750857143e-07 
159.51 	 5.31792064e-07 
160.01 	 5.316885760000001e-07 
160.51 	 5.315832868571429e-07 
161.01 	 5.314762057142857e-07 
161.51 	 5.313673325714285e-07 
162.01 	 5.312566582857144e-07 
162.51 	 5.31144192e-07 
163.01 	 5.310299245714285e-07 
163.51 	 5.309138742857143e-07 
164.01 	 5.307960320000001e-07 
164.51 	 5.306763885714287e-07 
165.01 	 5.305549622857143e-07 
165.51 	 5.304317440000001e-07 
166.01 	 5.303067428571428e-07 
166.51 	 5.301799497142858e-07 
167.01 	 5.300513737142859e-07 
167.51 	 5.299210057142857e-07 
168.01 	 5.297888548571428e-07 
168.51 	 5.296549302857143e-07 
169.01 	 5.295192137142856e-07 
169.51 	 5.293817142857143e-07 
170.01 	 5.292424411428572e-07 
170.51 	 5.291013851428572e-07 
171.01 	 5.289585462857144e-07 
171.51 	 5.288139337142857e-07 
172.01 	 5.286675474285715e-07 
172.51 	 5.285193782857143e-07 
173.01 	 5.283694354285715e-07 
173.51 	 5.28217728e-07 
174.01 	 5.280642468571429e-07 
174.51 	 5.279089828571428e-07 
175.01 	 5.277519634285714e-07 
175.51 	 5.275931702857143e-07 
176.01 	 5.274326034285715e-07 
176.51 	 5.272702811428573e-07 
177.01 	 5.271061851428571e-07 
177.51 	 5.269403245714287e-07 
178.01 	 5.267727085714286e-07 
178.51 	 5.266033188571429e-07 
179.01 	 5.264321737142858e-07 
179.51 	 5.262592731428572e-07 
180.01 	 5.260846171428571e-07 
180.51 	 5.259081965714286e-07 
181.01 	 5.257300205714287e-07 
181.51 	 5.255500982857143e-07 
182.01 	 5.253684114285715e-07 
182.51 	 5.251849782857143e-07 
183.01 	 5.24999798857143e-07 
183.51 	 5.24812864e-07 
184.01 	 5.24624182857143e-07 
184.51 	 5.244337554285715e-07 
185.01 	 5.242415817142858e-07 
185.51 	 5.240476617142857e-07 
186.01 	 5.238520045714286e-07 
186.51 	 5.236546011428571e-07 
187.01 	 5.234554605714286e-07 
187.51 	 5.232545737142857e-07 
188.01 	 5.230519588571429e-07 
188.51 	 5.228476068571429e-07 
189.01 	 5.226415177142856e-07 
189.51 	 5.224336914285715e-07 
190.01 	 5.222241371428571e-07 
190.51 	 5.220128548571429e-07 
191.01 	 5.217998445714286e-07 
191.51 	 5.215851062857144e-07 
192.01 	 5.2136864e-07 
192.51 	 5.211504457142857e-07 
193.01 	 5.209305325714286e-07 
193.51 	 5.207089005714286e-07 
194.01 	 5.204855405714286e-07 
194.51 	 5.20260470857143e-07 
195.01 	 5.200336822857144e-07 
195.51 	 5.198051748571429e-07 
196.01 	 5.195749485714286e-07 
196.51 	 5.193430217142858e-07 
197.01 	 5.191093760000001e-07 
197.51 	 5.188740205714286e-07 
198.01 	 5.186369645714286e-07 
198.51 	 5.183981988571429e-07 
199.01 	 5.181577234285715e-07 
199.51 	 5.179155474285715e-07 
200.01 	 5.176716708571429e-07 
200.51 	 5.174260937142857e-07 
201.01 	 5.17178816e-07 
201.51 	 5.169298468571428e-07 
202.01 	 5.166791771428572e-07 
202.51 	 5.16426816e-07 
203.01 	 5.161727634285715e-07 
203.51 	 5.159170285714287e-07 
204.01 	 5.156595931428571e-07 
204.51 	 5.154004754285715e-07 
205.01 	 5.151396754285715e-07 
205.51 	 5.14877184e-07 
206.01 	 5.146130194285714e-07 
206.51 	 5.143471725714287e-07 
207.01 	 5.140796434285714e-07 
207.51 	 5.138104411428572e-07 
208.01 	 5.135395657142857e-07 
208.51 	 5.132670171428572e-07 
209.01 	 5.129927954285715e-07 
209.51 	 5.127169005714286e-07 
210.01 	 5.124393417142858e-07 
210.51 	 5.121601188571428e-07 
211.01 	 5.118792228571429e-07 
211.51 	 5.11596672e-07 
212.01 	 5.113124571428573e-07 
212.51 	 5.110265874285714e-07 
213.01 	 5.10739062857143e-07 
213.51 	 5.104498742857144e-07 
214.01 	 5.1015904e-07 
214.51 	 5.098665508571429e-07 
215.01 	 5.095724068571428e-07 
215.51 	 5.092766171428572e-07 
216.01 	 5.089791908571428e-07 
216.51 	 5.086801097142858e-07 
217.01 	 5.083793920000001e-07 
217.51 	 5.080770285714287e-07 
218.01 	 5.077730285714286e-07 
218.51 	 5.07467392e-07 
219.01 	 5.07160128e-07 
219.51 	 5.068512182857142e-07 
220.01 	 5.065406902857144e-07 
220.51 	 5.062285257142858e-07 
221.01 	 5.059147337142857e-07 
221.51 	 5.055993142857143e-07 
222.01 	 5.052822765714286e-07 
222.51 	 5.049636205714285e-07 
223.01 	 5.046433462857143e-07 
223.51 	 5.043214445714286e-07 
224.01 	 5.039979337142857e-07 
224.51 	 5.036728137142857e-07 
225.01 	 5.033460754285714e-07 
225.51 	 5.030177371428571e-07 
226.01 	 5.026877805714287e-07 
226.51 	 5.023562240000001e-07 
227.01 	 5.020230674285715e-07 
227.51 	 5.016883017142858e-07 
228.01 	 5.013519451428572e-07 
228.51 	 5.010139885714287e-07 
229.01 	 5.006744411428571e-07 
229.51 	 5.003332937142857e-07 
230.01 	 4.999905554285715e-07 
230.51 	 4.996462354285715e-07 
231.01 	 4.993003245714287e-07 
231.51 	 4.98952832e-07 
232.01 	 4.986037485714286e-07 
232.51 	 4.982530925714286e-07 
233.01 	 4.97900864e-07 
233.51 	 4.975470445714285e-07 
234.01 	 4.971916617142858e-07 
234.51 	 4.968347062857143e-07 
235.01 	 4.964761782857143e-07 
235.51 	 4.961160868571428e-07 
236.01 	 4.95754432e-07 
236.51 	 4.953912137142858e-07 
237.01 	 4.950264228571429e-07 
237.51 	 4.94660086857143e-07 
238.01 	 4.942921874285716e-07 
238.51 	 4.939227428571429e-07 
239.01 	 4.935517348571429e-07 
239.51 	 4.931791817142857e-07 
240.01 	 4.928050834285714e-07 
240.51 	 4.9242944e-07 
241.01 	 4.920522514285715e-07 
241.51 	 4.916735177142858e-07 
242.01 	 4.912932571428571e-07 
242.51 	 4.909114514285715e-07 
243.01 	 4.905281097142857e-07 
243.51 	 4.901432411428572e-07 
244.01 	 4.897568457142857e-07 
244.51 	 4.893689234285715e-07 
245.01 	 4.889794742857144e-07 
245.51 	 4.885884982857143e-07 
246.01 	 4.881960045714287e-07 
246.51 	 4.878020022857143e-07 
247.01 	 4.874064731428571e-07 
247.51 	 4.870094354285715e-07 
248.01 	 4.866108891428571e-07 
248.51 	 4.862108251428572e-07 
249.01 	 4.858092708571428e-07 
249.51 	 4.854061988571429e-07 
250.01 	 4.850016365714287e-07 
250.51 	 4.845955657142858e-07 
251.01 	 4.841880045714286e-07 
251.51 	 4.837789440000001e-07 
252.01 	 4.833684022857143e-07 
252.51 	 4.829563611428573e-07 
253.01 	 4.825428388571429e-07 
253.51 	 4.821278262857143e-07 
254.01 	 4.817113417142858e-07 
254.51 	 4.812933668571428e-07 
255.01 	 4.808739200000001e-07 
255.51 	 4.804530011428572e-07 
256.01 	 4.800306102857144e-07 
256.51 	 4.796067474285714e-07 
257.01 	 4.791814217142858e-07 
257.51 	 4.78754624e-07 
258.01 	 4.783263725714286e-07 
258.51 	 4.778966582857143e-07 
259.01 	 4.774654811428572e-07 
259.51 	 4.770328594285714e-07 
260.01 	 4.7659877485714294e-07 
260.51 	 4.7616325485714286e-07 
261.01 	 4.7572628114285724e-07 
261.51 	 4.752878628571429e-07 
262.01 	 4.74848e-07 
262.51 	 4.744067017142858e-07 
263.01 	 4.7396396800000004e-07 
263.51 	 4.735197988571429e-07 
264.01 	 4.730741942857143e-07 
264.51 	 4.726271634285715e-07 
265.01 	 4.7217870628571427e-07 
265.51 	 4.71728832e-07 
266.01 	 4.7127753142857147e-07 
266.51 	 4.708248137142857e-07 
267.01 	 4.7037067885714294e-07 
267.51 	 4.6991512685714283e-07 
268.01 	 4.69458176e-07 
268.51 	 4.68999808e-07 
269.01 	 4.685400411428572e-07 
269.51 	 4.680788662857143e-07 
270.01 	 4.6761629257142865e-07 
270.51 	 4.6715232000000005e-07 
271.01 	 4.666869577142857e-07 
271.51 	 4.6622020571428574e-07 
272.01 	 4.6575206399999997e-07 
272.51 	 4.6528253257142867e-07 
273.01 	 4.6481162057142864e-07 
273.51 	 4.6433932800000004e-07 
274.01 	 4.638656548571429e-07 
274.51 	 4.6339060114285717e-07 
275.01 	 4.6291418514285713e-07 
275.51 	 4.6243639771428574e-07 
276.01 	 4.6195723885714284e-07 
276.51 	 4.614767177142857e-07 
277.01 	 4.609948342857143e-07 
277.51 	 4.605115977142858e-07 
278.01 	 4.6002699885714285e-07 
278.51 	 4.59541056e-07 
279.01 	 4.590537508571429e-07 
279.51 	 4.585651017142858e-07 
280.01 	 4.580751177142857e-07 
280.51 	 4.5758378057142865e-07 
281.01 	 4.570911085714286e-07 
281.51 	 4.5659710171428575e-07 
282.01 	 4.5610176000000005e-07 
282.51 	 4.5560509257142857e-07 
283.01 	 4.551070902857143e-07 
283.51 	 4.5460777142857155e-07 
284.01 	 4.5410712685714285e-07 
284.51 	 4.536051565714286e-07 
285.01 	 4.531018788571429e-07 
285.51 	 4.525972845714286e-07 
286.01 	 4.520913828571428e-07 
286.51 	 4.515841737142857e-07 
287.01 	 4.5107566628571437e-07 
287.51 	 4.5056585142857144e-07 
288.01 	 4.5005473828571434e-07 
288.51 	 4.495423268571429e-07 
289.01 	 4.490286262857143e-07 
289.51 	 4.485136365714286e-07 
290.01 	 4.4799735771428577e-07 
290.51 	 4.474797988571429e-07 
291.01 	 4.469609508571429e-07 
291.51 	 4.46440832e-07 
292.01 	 4.4591944228571427e-07 
292.51 	 4.4539677257142854e-07 
293.01 	 4.4487284114285726e-07 
293.51 	 4.4434763885714285e-07 
294.01 	 4.438211840000001e-07 
294.51 	 4.432934582857143e-07 
295.01 	 4.4276448e-07 
295.51 	 4.422342491428572e-07 
296.01 	 4.417027748571428e-07 
296.51 	 4.411700388571428e-07 
297.01 	 4.4063606857142863e-07 
297.51 	 4.401008548571429e-07 
298.01 	 4.3956440685714286e-07 
298.51 	 4.3902671542857144e-07 
299.01 	 4.3848779885714293e-07 
299.51 	 4.3794764799999997e-07 
300.01 	 4.374062811428571e-07 
300.51 	 4.3686368e-07 
301.01 	 4.36319872e-07 
301.51 	 4.3577483885714294e-07 
302.01 	 4.3522858971428576e-07 
302.51 	 4.3468114285714285e-07 
303.01 	 4.3413248e-07 
303.51 	 4.335826102857143e-07 
304.01 	 4.3303155199999997e-07 
304.51 	 4.3247928685714284e-07 
305.01 	 4.3192583314285714e-07 
305.51 	 4.3137118171428565e-07 
306.01 	 4.30815350857143e-07 
306.51 	 4.3025833142857143e-07 
307.01 	 4.297001325714286e-07 
307.51 	 4.291407542857143e-07 
308.01 	 4.2858019657142866e-07 
308.51 	 4.280184777142857e-07 
309.01 	 4.2745557942857145e-07 
309.51 	 4.2689152e-07 
310.01 	 4.263262994285714e-07 
310.51 	 4.2575992685714283e-07 
311.01 	 4.251923931428572e-07 
311.51 	 4.2462369828571424e-07 
312.01 	 4.240538697142857e-07 
312.51 	 4.2348288914285716e-07 
313.01 	 4.229107657142857e-07 
313.51 	 4.2233749942857145e-07 
314.01 	 4.217631085714287e-07 
314.51 	 4.2118757485714283e-07 
315.01 	 4.206109165714286e-07 
315.51 	 4.2003313371428575e-07 
316.01 	 4.1945422628571426e-07 
316.51 	 4.188742034285714e-07 
317.01 	 4.182930651428571e-07 
317.51 	 4.1771081142857144e-07 
318.01 	 4.171274514285714e-07 
318.51 	 4.165429851428571e-07 
319.01 	 4.159574217142858e-07 
319.51 	 4.15370752e-07 
320.01 	 4.147829851428573e-07 
320.51 	 4.141941302857143e-07 
321.01 	 4.136041965714285e-07 
321.51 	 4.130131657142858e-07 
322.01 	 4.1242105600000006e-07 
322.51 	 4.1182786742857145e-07 
323.01 	 4.1123360914285716e-07 
323.51 	 4.1063827199999996e-07 
324.01 	 4.100418742857143e-07 
324.51 	 4.094444068571429e-07 
325.01 	 4.0884587885714286e-07 
325.51 	 4.0824629942857145e-07 
326.01 	 4.076456594285714e-07 
326.51 	 4.0704397714285713e-07 
327.01 	 4.0644124342857145e-07 
327.51 	 4.058374674285714e-07 
328.01 	 4.0523264914285715e-07 
328.51 	 4.0462678857142864e-07 
329.01 	 4.04019904e-07 
329.51 	 4.034119862857143e-07 
330.01 	 4.028030445714286e-07 
330.51 	 4.0219308800000006e-07 
331.01 	 4.015820982857143e-07 
331.51 	 4.0097010285714284e-07 
332.01 	 4.003570925714286e-07 
332.51 	 3.997430765714286e-07 
333.01 	 3.991280548571428e-07 
333.51 	 3.9851203657142866e-07 
334.01 	 3.978950125714286e-07 
334.51 	 3.972770011428572e-07 
335.01 	 3.966580022857143e-07 
335.51 	 3.9603801599999994e-07 
336.01 	 3.9541704228571426e-07 
336.51 	 3.947950902857143e-07 
337.01 	 3.941721691428571e-07 
337.51 	 3.935482697142857e-07 
338.01 	 3.929234011428572e-07 
338.51 	 3.9229757257142856e-07 
339.01 	 3.91670784e-07 
339.51 	 3.910430354285714e-07 
340.01 	 3.90414336e-07 
340.51 	 3.8978467657142866e-07 
341.01 	 3.8915408457142865e-07 
341.51 	 3.885225417142858e-07 
342.01 	 3.878900662857143e-07 
342.51 	 3.872566582857143e-07 
343.01 	 3.866223085714286e-07 
343.51 	 3.8598703542857143e-07 
344.01 	 3.85350848e-07 
344.51 	 3.84713728e-07 
345.01 	 3.840756937142857e-07 
345.51 	 3.834367542857143e-07 
346.01 	 3.8279690057142864e-07 
346.51 	 3.821561417142858e-07 
347.01 	 3.81514486857143e-07 
347.51 	 3.8087193600000003e-07 
348.01 	 3.8022848914285717e-07 
348.51 	 3.7958414628571434e-07 
349.01 	 3.7893892571428573e-07 
349.51 	 3.7829281828571426e-07 
350.01 	 3.776458331428571e-07 
350.51 	 3.7699797028571427e-07 
351.01 	 3.7634924800000003e-07 
351.51 	 3.7569964800000006e-07 
352.01 	 3.750491885714285e-07 
352.51 	 3.743978697142857e-07 
353.01 	 3.7374570057142864e-07 
353.51 	 3.73092672e-07 
354.01 	 3.724388022857143e-07 
354.51 	 3.717840914285715e-07 
355.01 	 3.711285394285714e-07 
355.51 	 3.7047214628571434e-07 
356.01 	 3.698149211428572e-07 
356.51 	 3.6915687314285723e-07 
357.01 	 3.684980022857143e-07 
357.51 	 3.6783830857142864e-07 
358.01 	 3.671778011428572e-07 
358.51 	 3.6651647999999997e-07 
359.01 	 3.658543542857144e-07 
359.51 	 3.6519141485714287e-07 
360.01 	 3.6452768e-07 
360.51 	 3.638631497142858e-07 
361.01 	 3.6319783314285713e-07 
361.51 	 3.6253172114285714e-07 
362.01 	 3.61864832e-07 
362.51 	 3.611971565714286e-07 
363.01 	 3.60528704e-07 
363.51 	 3.5985948342857143e-07 
364.01 	 3.591894857142857e-07 
364.51 	 3.5851873828571426e-07 
365.01 	 3.5784722285714284e-07 
365.51 	 3.5717494857142856e-07 
366.01 	 3.565019245714286e-07 
366.51 	 3.5582815085714286e-07 
367.01 	 3.551536365714286e-07 
367.51 	 3.5447838171428577e-07 
368.01 	 3.538023954285715e-07 
368.51 	 3.531256777142857e-07 
369.01 	 3.524482285714286e-07 
369.51 	 3.517700571428571e-07 
370.01 	 3.510911634285714e-07 
370.51 	 3.504115565714286e-07 
371.01 	 3.497312365714286e-07 
371.51 	 3.4905021257142864e-07 
372.01 	 3.4836848457142864e-07 
372.51 	 3.4768606171428575e-07 
373.01 	 3.470029348571429e-07 
373.51 	 3.4631912228571426e-07 
374.01 	 3.456346331428571e-07 
374.51 	 3.449494491428571e-07 
375.01 	 3.4426359771428574e-07 
375.51 	 3.435770605714286e-07 
376.01 	 3.428898651428571e-07 
376.51 	 3.422020022857143e-07 
377.01 	 3.41513472e-07 
377.51 	 3.4082429257142855e-07 
378.01 	 3.401344548571429e-07 
378.51 	 3.394439771428572e-07 
379.01 	 3.387528502857143e-07 
379.51 	 3.380610834285714e-07 
380.01 	 3.373686765714285e-07 
380.51 	 3.366756480000001e-07 
381.01 	 3.3598198857142863e-07 
381.51 	 3.352876982857143e-07 
382.01 	 3.3459279542857147e-07 
382.51 	 3.3389728e-07 
383.01 	 3.3320116114285716e-07 
383.51 	 3.3250442971428575e-07 
384.01 	 3.3180709485714287e-07 
384.51 	 3.311091657142858e-07 
385.01 	 3.3041064228571433e-07 
385.51 	 3.297115337142858e-07 
386.01 	 3.2901184e-07 
386.51 	 3.2831157028571426e-07 
387.01 	 3.2761071542857147e-07 
387.51 	 3.2690930285714283e-07 
388.01 	 3.2620731428571433e-07 
388.51 	 3.2550476800000003e-07 
389.01 	 3.24801664e-07 
389.51 	 3.240980022857143e-07 
390.01 	 3.2339379200000003e-07 
390.51 	 3.2268904228571433e-07 
391.01 	 3.21983744e-07 
391.51 	 3.212779245714286e-07 
392.01 	 3.205715565714286e-07 
392.51 	 3.1986467657142857e-07 
393.01 	 3.1915726628571437e-07 
393.51 	 3.18449344e-07 
394.01 	 3.177409005714286e-07 
394.51 	 3.1703195428571424e-07 
395.01 	 3.16322496e-07 
395.51 	 3.15612544e-07 
396.01 	 3.149020982857143e-07 
396.51 	 3.1419115885714287e-07 
397.01 	 3.134797257142857e-07 
397.51 	 3.1276781714285717e-07 
398.01 	 3.120554331428572e-07 
398.51 	 3.1134257371428573e-07 
399.01 	 3.1062924800000005e-07 
399.51 	 3.0991545599999994e-07 
400.01 	 3.092011977142858e-07 
400.51 	 3.0848649142857147e-07 
401.01 	 3.077713371428572e-07 
401.51 	 3.0705573485714285e-07 
402.01 	 3.0633969371428576e-07 
402.51 	 3.0562321371428575e-07 
403.01 	 3.04906304e-07 
403.51 	 3.0418896457142857e-07 
404.01 	 3.034711954285714e-07 
404.51 	 3.027530148571429e-07 
405.01 	 3.020344228571429e-07 
405.51 	 3.013154194285714e-07 
406.01 	 3.0059601371428575e-07 
406.51 	 2.9987620571428574e-07 
407.01 	 2.991559954285714e-07 
407.51 	 2.984354011428572e-07 
408.01 	 2.9771442285714285e-07 
408.51 	 2.9699306971428576e-07 
409.01 	 2.9627133257142866e-07 
409.51 	 2.955492205714286e-07 
410.01 	 2.9482674285714286e-07 
410.51 	 2.9410390857142855e-07 
411.01 	 2.9338070857142857e-07 
411.51 	 2.9265716114285714e-07 
412.01 	 2.9193326628571436e-07 
412.51 	 2.9120902400000003e-07 
413.01 	 2.904844434285715e-07 
413.51 	 2.897595245714286e-07 
414.01 	 2.890342857142858e-07 
414.51 	 2.8830871771428576e-07 
415.01 	 2.875828297142857e-07 
415.51 	 2.868566217142857e-07 
416.01 	 2.86130112e-07 
416.51 	 2.8540329142857144e-07 
417.01 	 2.8467616914285714e-07 
417.51 	 2.839487542857143e-07 
418.01 	 2.832210468571429e-07 
418.51 	 2.8249305600000006e-07 
419.01 	 2.8176478171428577e-07 
419.51 	 2.81036224e-07 
420.01 	 2.803074011428572e-07 
420.51 	 2.795783131428571e-07 
421.01 	 2.7884896e-07 
421.51 	 2.781193417142858e-07 
422.01 	 2.7738948571428574e-07 
422.51 	 2.766593737142857e-07 
423.01 	 2.759290148571429e-07 
423.51 	 2.7519842742857145e-07 
424.01 	 2.744676022857143e-07 
424.51 	 2.737365485714286e-07 
425.01 	 2.7300526628571434e-07 
425.51 	 2.7227377371428575e-07 
426.01 	 2.7154206171428575e-07 
426.51 	 2.708101485714286e-07 
427.01 	 2.7007802514285717e-07 
427.51 	 2.6934570971428574e-07 
428.01 	 2.686131931428572e-07 
428.51 	 2.678804937142857e-07 
429.01 	 2.6714760228571426e-07 
429.51 	 2.6641453714285714e-07 
430.01 	 2.6568129828571436e-07 
430.51 	 2.6494789485714285e-07 
431.01 	 2.6421431771428573e-07 
431.51 	 2.6348058514285717e-07 
432.01 	 2.627467062857143e-07 
432.51 	 2.6201267200000006e-07 
433.01 	 2.6127849142857146e-07 
433.51 	 2.6054417371428576e-07 
434.01 	 2.59809728e-07 
434.51 	 2.5907514514285717e-07 
435.01 	 2.5834044342857145e-07 
435.51 	 2.576056137142857e-07 
436.01 	 2.5687068342857145e-07 
436.51 	 2.5613563428571433e-07 
437.01 	 2.5540048457142863e-07 
437.51 	 2.5466524342857145e-07 
438.01 	 2.539299017142857e-07 
438.51 	 2.5319446857142856e-07 
439.01 	 2.524589622857143e-07 
439.51 	 2.517233645714286e-07 
440.01 	 2.5098770285714284e-07 
440.51 	 2.5025197714285717e-07 
441.01 	 2.4951617828571425e-07 
441.51 	 2.4878032457142864e-07 
442.01 	 2.4804442514285714e-07 
442.51 	 2.4730847085714283e-07 
443.01 	 2.4657248000000007e-07 
443.51 	 2.4583644342857146e-07 
444.01 	 2.4510038857142857e-07 
444.51 	 2.443642971428572e-07 
445.01 	 2.436281874285714e-07 
445.51 	 2.4289205942857144e-07 
446.01 	 2.421559131428571e-07 
446.51 	 2.41419776e-07 
447.01 	 2.406836297142857e-07 
447.51 	 2.3994748342857146e-07 
448.01 	 2.392113554285715e-07 
448.51 	 2.3847523657142863e-07 
449.01 	 2.3773914514285711e-07 
449.51 	 2.3700307200000002e-07 
450.01 	 2.3626703542857146e-07 
450.51 	 2.3553102628571433e-07 
451.01 	 2.3479506285714289e-07 
451.51 	 2.3405915428571432e-07 
452.01 	 2.333232822857143e-07 
452.51 	 2.3258748342857143e-07 
453.01 	 2.3185173028571435e-07 
453.51 	 2.3111605942857145e-07 
454.01 	 2.3038045257142857e-07 
454.51 	 2.2964492800000005e-07 
455.01 	 2.2890948571428575e-07 
455.51 	 2.2817413485714292e-07 
456.01 	 2.2743887542857146e-07 
456.51 	 2.267037165714286e-07 
457.01 	 2.2596865828571428e-07 
457.51 	 2.252337188571429e-07 
458.01 	 2.244988891428572e-07 
458.51 	 2.2376417828571427e-07 
459.01 	 2.2302959542857143e-07 
459.51 	 2.222951497142857e-07 
460.01 	 2.2156084114285712e-07 
460.51 	 2.2082666971428577e-07 
461.01 	 2.200926537142857e-07 
461.51 	 2.19358784e-07 
462.01 	 2.186250788571429e-07 
462.51 	 2.1789152914285718e-07 
463.01 	 2.1715816228571435e-07 
463.51 	 2.1642496000000002e-07 
464.01 	 2.156919405714286e-07 
464.51 	 2.1495911314285716e-07 
465.01 	 2.1422646857142863e-07 
465.51 	 2.1349403428571428e-07 
466.01 	 2.1276179200000002e-07 
466.51 	 2.1202976e-07 
467.01 	 2.112979382857143e-07 
467.51 	 2.1056634514285715e-07 
468.01 	 2.0983497142857143e-07 
468.51 	 2.091038262857143e-07 
469.01 	 2.0837291885714287e-07 
469.51 	 2.0764224914285717e-07 
470.01 	 2.0691182628571432e-07 
470.51 	 2.0618165942857143e-07 
471.01 	 2.054517485714286e-07 
471.51 	 2.0472210285714284e-07 
472.01 	 2.0399273142857143e-07 
472.51 	 2.0326362514285716e-07 
473.01 	 2.025348022857143e-07 
473.51 	 2.0180626285714284e-07 
474.01 	 2.0107801599999997e-07 
474.51 	 2.0035007085714287e-07 
475.01 	 1.9962242742857149e-07 
475.51 	 1.988950857142857e-07 
476.01 	 1.9816806400000003e-07 
476.51 	 1.9744136228571432e-07 
477.01 	 1.9671498057142855e-07 
477.51 	 1.9598892800000005e-07 
478.01 	 1.9526322285714287e-07 
478.51 	 1.9453784685714286e-07 
479.01 	 1.9381282742857146e-07 
479.51 	 1.9308816457142857e-07 
480.01 	 1.9236384914285713e-07 
480.51 	 1.9163990857142857e-07 
481.01 	 1.909163337142857e-07 
481.51 	 1.9019313371428573e-07 
482.01 	 1.894703177142857e-07 
482.51 	 1.887478857142857e-07 
483.01 	 1.88025856e-07 
483.51 	 1.8730421942857143e-07 
484.01 	 1.8658298514285716e-07 
484.51 	 1.8586217142857142e-07 
485.01 	 1.851417691428572e-07 
485.51 	 1.8442178742857144e-07 
486.01 	 1.8370222628571428e-07 
486.51 	 1.8298311314285717e-07 
487.01 	 1.822644297142857e-07 
487.51 	 1.8154619428571432e-07 
488.01 	 1.8082840685714284e-07 
488.51 	 1.8011108571428574e-07 
489.01 	 1.7939422171428576e-07 
489.51 	 1.7867782400000003e-07 
490.01 	 1.7796190171428573e-07 
490.51 	 1.7724645485714284e-07 
491.01 	 1.765315017142857e-07 
491.51 	 1.7581704228571428e-07 
492.01 	 1.7510307657142858e-07 
492.51 	 1.7438961371428572e-07 
493.01 	 1.7367666285714283e-07 
493.51 	 1.72964224e-07 
494.01 	 1.722523062857143e-07 
494.51 	 1.7154091885714285e-07 
495.01 	 1.7083006171428574e-07 
495.51 	 1.7011974400000002e-07 
496.01 	 1.6940997485714289e-07 
496.51 	 1.6870075428571428e-07 
497.01 	 1.6799209142857143e-07 
497.51 	 1.6728398628571428e-07 
498.01 	 1.6657644800000003e-07 
498.51 	 1.6586949485714287e-07 
499.01 	 1.6516311771428574e-07 
499.51 	 1.6445732571428572e-07 
500.01 	 1.6375212800000004e-07 
500.51 	 1.6304752457142858e-07 
501.01 	 1.6234352457142855e-07 
501.51 	 1.6164013714285714e-07 
502.01 	 1.6093737142857144e-07 
502.51 	 1.6023522742857144e-07 
503.01 	 1.5953370514285716e-07 
503.51 	 1.5883282285714286e-07 
504.01 	 1.5813258057142856e-07 
504.51 	 1.574329782857143e-07 
505.01 	 1.567340342857143e-07 
505.51 	 1.5603574857142856e-07 
506.01 	 1.553381302857143e-07 
506.51 	 1.5464117942857144e-07 
507.01 	 1.5394490514285713e-07 
507.51 	 1.5324930742857143e-07 
508.01 	 1.5255440457142856e-07 
508.51 	 1.5186019657142858e-07 
509.01 	 1.511666925714286e-07 
509.51 	 1.5047389257142858e-07 
510.01 	 1.4978181485714287e-07 
510.51 	 1.4909045028571428e-07 
511.01 	 1.4839980800000002e-07 
511.51 	 1.4770989714285715e-07 
512.01 	 1.4702072685714286e-07 
512.51 	 1.4633229714285714e-07 
513.01 	 1.456446262857143e-07 
513.51 	 1.4495770514285717e-07 
514.01 	 1.4427155200000003e-07 
514.51 	 1.4358615771428572e-07 
515.01 	 1.4290154971428573e-07 
515.51 	 1.4221771885714286e-07 
516.01 	 1.415346742857143e-07 
516.51 	 1.40852416e-07 
517.01 	 1.4017097142857143e-07 
517.51 	 1.394903222857143e-07 
518.01 	 1.3881048685714287e-07 
518.51 	 1.381314742857143e-07 
519.01 	 1.3745328457142857e-07 
519.51 	 1.3677592685714284e-07 
520.01 	 1.3609940114285714e-07 
520.51 	 1.3542372571428575e-07 
521.01 	 1.3474890057142856e-07 
521.51 	 1.3407492571428574e-07 
522.01 	 1.3340181942857143e-07 
522.51 	 1.3272957257142858e-07 
523.01 	 1.3205820342857143e-07 
523.51 	 1.3138772114285714e-07 
524.01 	 1.307181257142857e-07 
524.51 	 1.3004941714285714e-07 
525.01 	 1.2938161371428574e-07 
525.51 	 1.2871472457142857e-07 
526.01 	 1.280487405714286e-07 
526.51 	 1.2738367085714289e-07 
527.01 	 1.2671953371428574e-07 
527.51 	 1.2605632914285714e-07 
528.01 	 1.2539405714285712e-07 
528.51 	 1.24732736e-07 
529.01 	 1.2407235657142856e-07 
529.51 	 1.2341294628571428e-07 
530.01 	 1.22754496e-07 
530.51 	 1.2209701485714288e-07 
531.01 	 1.21440512e-07 
531.51 	 1.2078498742857142e-07 
532.01 	 1.2013045028571432e-07 
532.51 	 1.1947691885714287e-07 
533.01 	 1.1882438400000002e-07 
533.51 	 1.1817286399999999e-07 
534.01 	 1.1752234971428573e-07 
534.51 	 1.168728685714286e-07 
535.01 	 1.1622441142857144e-07 
535.51 	 1.1557698742857142e-07 
536.01 	 1.149306057142857e-07 
536.51 	 1.1428526628571429e-07 
537.01 	 1.1364098742857144e-07 
537.51 	 1.1299776914285714e-07 
538.01 	 1.1235562057142856e-07 
538.51 	 1.1171454171428571e-07 
539.01 	 1.110745417142857e-07 
539.51 	 1.1043562971428571e-07 
540.01 	 1.0979781485714286e-07 
540.51 	 1.0916109714285718e-07 
541.01 	 1.0852548571428573e-07 
541.51 	 1.0789098971428572e-07 
542.01 	 1.0725761828571428e-07 
542.51 	 1.066253622857143e-07 
543.01 	 1.0599424914285717e-07 
543.51 	 1.0536426971428572e-07 
544.01 	 1.0473543314285715e-07 
544.51 	 1.041077577142857e-07 
545.01 	 1.0348123428571429e-07 
545.51 	 1.0285588114285715e-07 
546.01 	 1.022316982857143e-07 
546.51 	 1.0160869485714285e-07 
547.01 	 1.0098688e-07 
547.51 	 1.0036625371428574e-07 
548.01 	 9.97468342857143e-08 
548.51 	 9.912861257142858e-08 
549.01 	 9.851160685714287e-08 
549.51 	 9.789582628571428e-08 
550.01 	 9.728126171428571e-08 
550.51 	 9.666793142857144e-08 
551.01 	 9.605584457142858e-08 
551.51 	 9.544500114285717e-08 
552.01 	 9.483541028571429e-08 
552.51 	 9.422708114285715e-08 
553.01 	 9.362002285714286e-08 
553.51 	 9.301422628571429e-08 
554.01 	 9.240971885714288e-08 
554.51 	 9.180649142857146e-08 
555.01 	 9.120456137142858e-08 
555.51 	 9.060392960000003e-08 
556.01 	 9.000460525714286e-08 
556.51 	 8.940659474285713e-08 
557.01 	 8.880990445714284e-08 
557.51 	 8.821454080000001e-08 
558.01 	 8.7620512e-08 
558.51 	 8.702782354285715e-08 
559.01 	 8.643648274285714e-08 
559.51 	 8.584649599999999e-08 
560.01 	 8.525787154285715e-08 
560.51 	 8.467061394285715e-08 
561.01 	 8.408473234285713e-08 
561.51 	 8.350023222857143e-08 
562.01 	 8.291712091428573e-08 
562.51 	 8.233540571428572e-08 
563.01 	 8.175509211428572e-08 
563.51 	 8.117618834285714e-08 
564.01 	 8.059870080000002e-08 
564.51 	 8.002263588571428e-08 
565.01 	 7.944800182857144e-08 
565.51 	 7.887480411428572e-08 
566.01 	 7.83030509714286e-08 
566.51 	 7.773274788571429e-08 
567.01 	 7.716390308571429e-08 
567.51 	 7.659652205714286e-08 
568.01 	 7.603061394285715e-08 
568.51 	 7.546618331428572e-08 
569.01 	 7.490323931428571e-08 
569.51 	 7.434178651428572e-08 
570.01 	 7.378183405714287e-08 
570.51 	 7.322338834285715e-08 
571.01 	 7.266645577142858e-08 
571.51 	 7.211104365714286e-08 
572.01 	 7.155715931428572e-08 
572.51 	 7.100480914285714e-08 
573.01 	 7.045400137142857e-08 
573.51 	 6.990474148571429e-08 
574.01 	 6.93570368e-08 
574.51 	 6.881089554285714e-08 
575.01 	 6.82663232e-08 
575.51 	 6.7723328e-08 
576.01 	 6.718191634285715e-08 
576.51 	 6.664209645714287e-08 
577.01 	 6.610387382857144e-08 
577.51 	 6.556725577142858e-08 
578.01 	 6.503225051428572e-08 
578.51 	 6.449886445714286e-08 
579.01 	 6.396710491428572e-08 
579.51 	 6.343697920000001e-08 
580.01 	 6.290849371428573e-08 
580.51 	 6.238165577142859e-08 
581.01 	 6.185647268571428e-08 
581.51 	 6.133295177142856e-08 
582.01 	 6.081109942857142e-08 
582.51 	 6.02909248e-08 
583.01 	 5.977243245714285e-08 
583.51 	 5.925563154285714e-08 
584.01 	 5.874052754285715e-08 
584.51 	 5.822712960000001e-08 
585.01 	 5.77154432e-08 
585.51 	 5.720547657142857e-08 
586.01 	 5.669723611428571e-08 
586.51 	 5.619073005714285e-08 
587.01 	 5.568596480000001e-08 
587.51 	 5.5182947657142856e-08 
588.01 	 5.4681686857142867e-08 
588.51 	 5.418218788571429e-08 
589.01 	 5.3684458971428576e-08 
589.51 	 5.318850834285714e-08 
590.01 	 5.269434148571428e-08 
590.51 	 5.220196662857143e-08 
591.01 	 5.171139108571429e-08 
591.51 	 5.122262217142857e-08 
592.01 	 5.073566628571429e-08 
592.51 	 5.025053165714287e-08 
593.01 	 4.97672256e-08 
593.51 	 4.928575542857143e-08 
594.01 	 4.880612754285715e-08 
594.51 	 4.832835017142857e-08 
595.01 	 4.7852430628571426e-08 
595.51 	 4.737837622857143e-08 
596.01 	 4.6906193371428575e-08 
596.51 	 4.6435891200000005e-08 
597.01 	 4.5967475199999997e-08 
597.51 	 4.550095451428572e-08 
598.01 	 4.503633554285715e-08 
598.51 	 4.457362468571429e-08 
599.01 	 4.4112832e-08 
599.51 	 4.3653962057142864e-08 
600.01 	 4.3197024e-08 
600.51 	 4.274202514285714e-08 
601.01 	 4.228897188571428e-08 
601.51 	 4.183787245714287e-08 
602.01 	 4.138873508571429e-08 
602.51 	 4.0941565257142865e-08 
603.01 	 4.0496372114285716e-08 
603.51 	 4.0053162057142854e-08 
604.01 	 3.96119424e-08 
604.51 	 3.917272228571429e-08 
605.01 	 3.8735508114285714e-08 
605.51 	 3.830030628571429e-08 
606.01 	 3.7867125942857144e-08 
606.51 	 3.74359744e-08 
607.01 	 3.700685805714286e-08 
607.51 	 3.657978605714286e-08 
608.01 	 3.6154764800000006e-08 
608.51 	 3.573180160000001e-08 
609.01 	 3.5310904685714285e-08 
609.51 	 3.4892081371428575e-08 
610.01 	 3.4475338971428574e-08 
610.51 	 3.406068571428571e-08 
611.01 	 3.3648128e-08 
611.51 	 3.3237674971428575e-08 
612.01 	 3.2829333028571426e-08 
612.51 	 3.242311040000001e-08 
613.01 	 3.2019014399999995e-08 
613.51 	 3.161705234285715e-08 
614.01 	 3.1217232457142856e-08 
614.51 	 3.081956114285714e-08 
615.01 	 3.042404754285714e-08 
615.51 	 3.003069897142857e-08 
616.01 	 2.9639522742857145e-08 
616.51 	 2.9250526171428576e-08 
617.01 	 2.8863717485714294e-08 
617.51 	 2.8479104000000006e-08 
618.01 	 2.809669394285715e-08 
618.51 	 2.771649462857143e-08 
619.01 	 2.733851337142857e-08 
619.51 	 2.6962757485714285e-08 
620.01 	 2.6589236114285715e-08 
620.51 	 2.6217956571428572e-08 
621.01 	 2.5848925257142866e-08 
621.51 	 2.548215131428572e-08 
622.01 	 2.5117642057142856e-08 
622.51 	 2.4755405714285715e-08 
623.01 	 2.4395448685714283e-08 
623.51 	 2.4037780114285718e-08 
624.01 	 2.3682406400000007e-08 
624.51 	 2.3329336685714286e-08 
625.01 	 2.2978578285714286e-08 
625.51 	 2.263013851428571e-08 
626.01 	 2.2284025600000004e-08 
626.51 	 2.1940246857142857e-08 
627.01 	 2.1598810514285715e-08 
627.51 	 2.1259724800000005e-08 
628.01 	 2.0922996114285712e-08 
628.51 	 2.0588633600000002e-08 
629.01 	 2.0256644571428576e-08 
629.51 	 1.9927037257142857e-08 
630.01 	 1.959981897142857e-08 
630.51 	 1.9274997942857144e-08 
631.01 	 1.89525824e-08 
631.51 	 1.8632578742857143e-08 
632.01 	 1.8314996114285716e-08 
632.51 	 1.7999842742857148e-08 
633.01 	 1.768712502857143e-08 
633.51 	 1.7376852114285715e-08 
634.01 	 1.7069031314285717e-08 
634.51 	 1.676367085714286e-08 
635.01 	 1.646077805714286e-08 
635.51 	 1.6160361142857142e-08 
636.01 	 1.5862429257142856e-08 
636.51 	 1.5566987885714287e-08 
637.01 	 1.5274047085714288e-08 
637.51 	 1.4983614171428573e-08 
638.01 	 1.469569645714286e-08 
638.51 	 1.4410303085714285e-08 
639.01 	 1.4127441371428571e-08 
639.51 	 1.3847118628571428e-08 
640.01 	 1.3569344000000003e-08 
640.51 	 1.3294125714285714e-08 
641.01 	 1.3021470171428572e-08 
641.51 	 1.2751386514285714e-08 
642.01 	 1.2483882057142858e-08 
642.51 	 1.2218965942857142e-08 
643.01 	 1.1956645485714287e-08 
643.51 	 1.1696927999999999e-08 
644.01 	 1.1439823542857144e-08 
644.51 	 1.11853376e-08 
645.01 	 1.0933480228571429e-08 
645.51 	 1.0684259657142858e-08 
646.01 	 1.0437682285714287e-08 
646.51 	 1.0193757257142858e-08 
647.01 	 9.952491885714286e-09 
647.51 	 9.713895314285715e-09 
648.01 	 9.477974857142857e-09 
648.51 	 9.244739657142858e-09 
649.01 	 9.014196571428572e-09 
649.51 	 8.786354377142858e-09 
650.01 	 8.56122102857143e-09 
650.51 	 8.338804845714286e-09 
651.01 	 8.119113782857143e-09 
651.51 	 7.90215606857143e-09 
652.01 	 7.687939840000002e-09 
652.51 	 7.476473325714286e-09 
653.01 	 7.267764662857143e-09 
653.51 	 7.0618220800000005e-09 
654.01 	 6.858653622857143e-09 
654.51 	 6.658267702857144e-09 
655.01 	 6.4606722742857156e-09 
655.51 	 6.265875748571429e-09 
656.01 	 6.073886262857144e-09 
656.51 	 5.8847120457142865e-09 
657.01 	 5.698361417142857e-09 
657.51 	 5.514842422857143e-09 
658.01 	 5.334163474285715e-09 
658.51 	 5.156332800000001e-09 
659.01 	 4.981358628571429e-09 
659.51 	 4.809249188571429e-09 
660.01 	 4.6400128914285705e-09 
660.51 	 4.4736578742857144e-09 
661.01 	 4.310192548571429e-09 
661.51 	 4.149625051428572e-09 
662.01 	 3.991963885714285e-09 
662.51 	 3.837217188571428e-09 
663.01 	 3.6853934628571426e-09 
663.51 	 3.536500845714286e-09 
664.01 	 3.3905477485714282e-09 
664.51 	 3.2475424914285714e-09 
665.01 	 3.1074935771428576e-09 
665.51 	 2.9704091428571432e-09 
666.01 	 2.8362976000000007e-09 
666.51 	 2.7051674514285716e-09 
667.01 	 2.5770269257142858e-09 
667.51 	 2.4518844342857147e-09 
668.01 	 2.3297484799999996e-09 
668.51 	 2.210627291428572e-09 
669.01 	 2.094529462857143e-09 
669.51 	 1.9814632228571432e-09 
670.01 	 1.8714370742857144e-09 
670.51 	 1.76445952e-09 
671.01 	 1.6605388800000001e-09 
671.51 	 1.5596835657142858e-09 
672.01 	 1.4619021714285716e-09 
672.51 	 1.3672031085714287e-09 
673.01 	 1.2755947885714287e-09 
673.51 	 1.1870856228571429e-09 
674.01 	 1.1016842971428571e-09 
674.51 	 1.0193990399999999e-09 
675.01 	 9.402385371428573e-10 
675.51 	 8.642112457142857e-10 
676.01 	 7.913256320000001e-10 
676.51 	 7.215902354285714e-10 
677.01 	 6.550135588571428e-10 
677.51 	 5.9160416e-10 
678.01 	 5.313705417142857e-10 
678.51 	 4.743212708571429e-10 
679.01 	 4.20464896e-10 
679.51 	 3.698099565714286e-10 
680.01 	 3.2236503771428575e-10 
680.51 	 2.7813869714285714e-10 
681.01 	 2.3713952000000005e-10 
681.51 	 1.993760914285714e-10 
682.01 	 1.6485700571428572e-10 
682.51 	 1.3359086628571428e-10 
683.01 	 1.0558627657142858e-10 
683.51 	 8.08518454857143e-11 
684.01 	 5.939620662857144e-11 
684.51 	 4.1227984457142854e-11 
685.01 	 2.6355816228571434e-11 
685.51 	 1.47883456e-11 
686.01 	 6.534223725714286e-12 
686.51 	 1.6021094400000001e-12 
