energy 	 rate 
1.0 	 0.0 
6.0 	 1.273921142051893e-06 
11.0 	 2.3721676075098933e-06 
16.0 	 3.4985742387488675e-06 
21.0 	 4.613791400141098e-06 
26.0 	 5.7625769710735615e-06 
31.0 	 6.916957276929397e-06 
36.0 	 8.076932317708606e-06 
41.0 	 9.253691563257933e-06 
46.0 	 1.0445370101936252e-05 
51.0 	 1.164637319882019e-05 
56.0 	 1.2854835942268627e-05 
61.0 	 1.4078217978846056e-05 
66.0 	 1.5314654396911357e-05 
71.0 	 1.6560415373182272e-05 
76.0 	 1.781550090765881e-05 
81.0 	 1.907804608869985e-05 
86.0 	 2.0364835121075494e-05 
91.0 	 2.165162415345115e-05 
96.0 	 2.2957062302238036e-05 
101.0 	 2.426250045102493e-05 
106.0 	 2.556793859981182e-05 
111.0 	 2.691067498142119e-05 
116.0 	 2.8234762246619327e-05 
121.0 	 2.959614774463994e-05 
126.0 	 3.093888412624931e-05 
131.0 	 3.230026962426993e-05 
136.0 	 3.368030423870179e-05 
141.0 	 3.506033885313364e-05 
146.0 	 3.645902258397673e-05 
151.0 	 3.783905719840859e-05 
156.0 	 3.925639004566293e-05 
161.0 	 4.065507377650603e-05 
166.0 	 4.2072406623760365e-05 
171.0 	 4.350838858742595e-05 
176.0 	 4.492572143468029e-05 
181.0 	 4.6361703398345875e-05 
186.0 	 4.779768536201144e-05 
191.0 	 4.925231644208827e-05 
196.0 	 5.070694752216509e-05 
201.0 	 5.216157860224191e-05 
206.0 	 5.361620968231873e-05 
211.0 	 5.507084076239555e-05 
216.0 	 5.654412095888362e-05 
221.0 	 5.801740115537169e-05 
226.0 	 5.94720322354485e-05 
231.0 	 6.0963961548347806e-05 
236.0 	 6.243724174483587e-05 
241.0 	 6.391052194132393e-05 
246.0 	 6.538380213781199e-05 
251.0 	 6.687573145071129e-05 
256.0 	 6.834901164719935e-05 
261.0 	 6.984094096009867e-05 
266.0 	 7.131422115658671e-05 
271.0 	 7.278750135307478e-05 
276.0 	 7.42794306659741e-05 
281.0 	 7.575271086246215e-05 
286.0 	 7.724464017536146e-05 
291.0 	 7.871792037184953e-05 
296.0 	 8.019120056833758e-05 
301.0 	 8.166448076482564e-05 
306.0 	 8.31377609613137e-05 
311.0 	 8.461104115780178e-05 
316.0 	 8.606567223787859e-05 
321.0 	 8.75203033179554e-05 
326.0 	 8.899358351444346e-05 
331.0 	 9.044821459452031e-05 
336.0 	 9.188419655818588e-05 
341.0 	 9.333882763826269e-05 
346.0 	 9.477480960192829e-05 
351.0 	 9.621079156559385e-05 
356.0 	 9.762812441284821e-05 
361.0 	 9.906410637651376e-05 
366.0 	 0.00010046279010735686 
371.0 	 0.00010188012295461121 
376.0 	 0.00010327880668545431 
381.0 	 0.0001046774904162974 
386.0 	 0.00010605752503072925 
391.0 	 0.00010743755964516111 
396.0 	 0.00010881759425959296 
401.0 	 0.0001101789797576136 
406.0 	 0.00011154036525563422 
411.0 	 0.00011288310163724357 
416.0 	 0.00011420718890244172 
421.0 	 0.00011553127616763984 
426.0 	 0.00011685536343283799 
431.0 	 0.00011816080158162487 
436.0 	 0.00011944759061400053 
441.0 	 0.00012073437964637617 
446.0 	 0.00012202116867875181 
451.0 	 0.00012327065947830498 
456.0 	 0.00012453879939426939 
461.0 	 0.00012576964107741134 
466.0 	 0.00012700048276055324 
471.0 	 0.00012821267532728392 
476.0 	 0.0001294248678940146 
481.0 	 0.0001305997622279228 
486.0 	 0.00013179330567824224 
491.0 	 0.0001329495508957392 
496.0 	 0.00013410579611323618 
501.0 	 0.0001352433922143219 
506.0 	 0.00013636233919899637 
511.0 	 0.00013748128618367087 
516.0 	 0.00013856293493552286 
521.0 	 0.00013964458368737485 
526.0 	 0.0001407075833228156 
531.0 	 0.00014177058295825634 
536.0 	 0.00014279628436087463 
541.0 	 0.0001438219857634929 
546.0 	 0.0001448290380496999 
551.0 	 0.00014581744121949572 
556.0 	 0.00014678719527288025 
561.0 	 0.00014775694932626481 
566.0 	 0.00014868940514682687 
571.0 	 0.00014962186096738892 
576.0 	 0.00015053566767153978 
581.0 	 0.00015143082525927932 
586.0 	 0.00015230733373060767 
591.0 	 0.00015316519308552478 
596.0 	 0.00015400440332403065 
601.0 	 0.00015482496444612525 
606.0 	 0.00015562687645180863 
611.0 	 0.00015642878845749202 
616.0 	 0.0001571934022303529 
621.0 	 0.00015793936688680255 
626.0 	 0.0001586853315432522 
631.0 	 0.00015939399796687938 
636.0 	 0.00016010266439050652 
641.0 	 0.00016079268169772248 
646.0 	 0.0001614454007721159 
651.0 	 0.00016209811984650938 
656.0 	 0.00016271354068808034 
661.0 	 0.00016332896152965128 
666.0 	 0.000163925733254811 
671.0 	 0.00016448520674714823 
676.0 	 0.00016504468023948547 
681.0 	 0.00016556685549900025 
686.0 	 0.000166089030758515 
691.0 	 0.00016659255690161854 
696.0 	 0.0001670587848118996 
701.0 	 0.00016752501272218062 
706.0 	 0.00016795394239963913 
711.0 	 0.0001683828720770977 
716.0 	 0.00016877450352173376 
721.0 	 0.0001691474858499586 
726.0 	 0.00016952046817818339 
731.0 	 0.00016985615227358574 
736.0 	 0.00017017318725257686 
741.0 	 0.00017049022223156795 
746.0 	 0.00017076995897773658 
751.0 	 0.00017103104660749392 
756.0 	 0.0001712734851208401 
761.0 	 0.00017149727451777497 
766.0 	 0.00017170241479829866 
771.0 	 0.00017188890596241108 
776.0 	 0.0001720567480101122 
781.0 	 0.00017220594094140214 
786.0 	 0.00017233648475628084 
791.0 	 0.0001724483794547483 
796.0 	 0.0001725416250368045 
801.0 	 0.00017261622150244944 
806.0 	 0.00017267216885168317 
811.0 	 0.0001726908179680944 
816.0 	 0.00017270946708450568 
821.0 	 0.00017270946708450568 
826.0 	 0.0001726908179680944 
831.0 	 0.0001726348706188607 
836.0 	 0.00017257892326962696 
841.0 	 0.00017250432680398204 
846.0 	 0.0001723924321055146 
851.0 	 0.0001722805374070471 
856.0 	 0.00017214999359216842 
861.0 	 0.0001720008006608785 
866.0 	 0.00017181430949676608 
871.0 	 0.0001716278183326537 
876.0 	 0.00017142267805213003 
881.0 	 0.00017119888865519512 
886.0 	 0.00017095645014184897 
891.0 	 0.00017067671339568037 
896.0 	 0.00017039697664951174 
901.0 	 0.0001700985907869319 
906.0 	 0.00016980020492435204 
911.0 	 0.0001694645208289497 
916.0 	 0.0001691101876171361 
921.0 	 0.00016873720528891127 
926.0 	 0.00016836422296068643 
931.0 	 0.00016795394239963913 
936.0 	 0.00016754366183859183 
941.0 	 0.00016709608304472205 
946.0 	 0.00016664850425085226 
951.0 	 0.00016618227634057124 
956.0 	 0.00016569739931387892 
961.0 	 0.00016521252228718665 
966.0 	 0.00016469034702767192 
971.0 	 0.00016416817176815717 
976.0 	 0.00016360869827581988 
981.0 	 0.00016304922478348267 
986.0 	 0.0001624711021747342 
991.0 	 0.00016189297956598571 
996.0 	 0.00016127755872441475 
1001.0 	 0.00016066213788284382 
1006.0 	 0.00016002806792486158 
1011.0 	 0.0001593753488504681 
1016.0 	 0.00015872262977607472 
1021.0 	 0.00015803261246885876 
1026.0 	 0.00015734259516164283 
1031.0 	 0.0001566525778544269 
1036.0 	 0.00015592526231438848 
1041.0 	 0.00015519794677435007 
1046.0 	 0.00015445198211790044 
1051.0 	 0.00015370601746145078 
1056.0 	 0.00015294140368858988 
1061.0 	 0.00015215814079931774 
1066.0 	 0.00015135622879363435 
1071.0 	 0.000150554316787951 
1076.0 	 0.0001497337556658564 
1081.0 	 0.00014891319454376177 
1086.0 	 0.0001480739843052559 
1091.0 	 0.00014721612495033882 
1096.0 	 0.0001463582655954217 
1101.0 	 0.0001455004062405046 
1106.0 	 0.00014460524865276503 
1111.0 	 0.00014372874018143668 
1116.0 	 0.00014281493347728587 
1121.0 	 0.00014190112677313506 
1126.0 	 0.0001409873200689842 
1131.0 	 0.00014005486424842215 
1136.0 	 0.0001391224084278601 
1141.0 	 0.0001381713034908868 
1146.0 	 0.00013722019855391348 
1151.0 	 0.00013625044450052892 
1156.0 	 0.00013528069044714438 
1161.0 	 0.00013429228727734858 
1166.0 	 0.00013330388410755283 
1171.0 	 0.000132315480937757 
1176.0 	 0.00013130842865154998 
1181.0 	 0.00013030137636534296 
1186.0 	 0.0001292756749627247 
1191.0 	 0.00012826862267651767 
1196.0 	 0.00012722427215748812 
1201.0 	 0.00012619857075486985 
1206.0 	 0.00012515422023584035 
1211.0 	 0.00012410986971681084 
1216.0 	 0.00012306551919778134 
1221.0 	 0.00012200251956234057 
1226.0 	 0.00012093951992689982 
1231.0 	 0.00011987652029145906 
1236.0 	 0.00011879487153960706 
1241.0 	 0.00011773187190416631 
1246.0 	 0.00011665022315231431 
1251.0 	 0.00011556857440046232 
1256.0 	 0.00011448692564861033 
1261.0 	 0.00011338662778034709 
1266.0 	 0.00011230497902849509 
1271.0 	 0.00011120468116023186 
1276.0 	 0.00011010438329196863 
1281.0 	 0.00010900408542370538 
1286.0 	 0.00010790378755544217 
1291.0 	 0.00010680348968717894 
1296.0 	 0.00010568454270250445 
1301.0 	 0.00010458424483424123 
1306.0 	 0.00010348394696597798 
1311.0 	 0.00010236499998130349 
1316.0 	 0.00010126470211304025 
1321.0 	 0.00010014575512836579 
1326.0 	 9.90268081436913e-05 
1331.0 	 9.792651027542806e-05 
1336.0 	 9.680756329075358e-05 
1341.0 	 9.570726542249034e-05 
1346.0 	 9.458831843781588e-05 
1351.0 	 9.348802056955262e-05 
1356.0 	 9.236907358487815e-05 
1361.0 	 9.12687757166149e-05 
1366.0 	 9.016847784835168e-05 
1371.0 	 8.904953086367719e-05 
1376.0 	 8.794923299541395e-05 
1381.0 	 8.684893512715071e-05 
1386.0 	 8.574863725888748e-05 
1391.0 	 8.464833939062425e-05 
1396.0 	 8.356669063877227e-05 
1401.0 	 8.246639277050903e-05 
1406.0 	 8.138474401865703e-05 
1411.0 	 8.030309526680503e-05 
1416.0 	 7.922144651495304e-05 
1421.0 	 7.813979776310104e-05 
1426.0 	 7.705814901124904e-05 
1431.0 	 7.599514937580829e-05 
1436.0 	 7.493214974036753e-05 
1441.0 	 7.386915010492677e-05 
1446.0 	 7.280615046948603e-05 
1451.0 	 7.176179995045652e-05 
1456.0 	 7.069880031501578e-05 
1461.0 	 6.965444979598624e-05 
1466.0 	 6.862874839336797e-05 
1471.0 	 6.758439787433845e-05 
1476.0 	 6.655869647172019e-05 
1481.0 	 6.553299506910191e-05 
1486.0 	 6.452594278289488e-05 
1491.0 	 6.351889049668786e-05 
1496.0 	 6.251183821048084e-05 
1501.0 	 6.150478592427381e-05 
1506.0 	 6.051638275447801e-05 
1511.0 	 5.952797958468223e-05 
1516.0 	 5.853957641488643e-05 
1521.0 	 5.756982236150189e-05 
1526.0 	 5.660006830811735e-05 
1531.0 	 5.564896337114403e-05 
1536.0 	 5.4697858434170734e-05 
1541.0 	 5.374675349719743e-05 
1546.0 	 5.281429767663536e-05 
1551.0 	 5.188184185607328e-05 
1556.0 	 5.094938603551123e-05 
1561.0 	 5.0035579331360395e-05 
1566.0 	 4.914042174362083e-05 
1571.0 	 4.8226615039470005e-05 
1576.0 	 4.735010656814166e-05 
1581.0 	 4.645494898040207e-05 
1586.0 	 4.557844050907373e-05 
1591.0 	 4.472058115415664e-05 
1596.0 	 4.386272179923954e-05 
