-2.5 2.4625 0.0
-2.5 2.5375 0.0
-2.5 2.6125000000000003 0.0
-2.5 2.6875 0.0
-2.5 2.7625 0.0
-2.5 2.8375 0.0
-2.5 2.9125 0.0
-2.5 2.9875000000000003 0.0
-2.5 3.0625 0.0
-2.5 3.1375 0.0
-2.5 3.2125 0.0
-2.5 3.2875 0.0
-2.5 3.3625000000000003 0.0
-2.5 3.4375 0.0
-2.5 3.5125 0.0
-2.5 3.5875 0.0
-2.5 3.6625 0.0
-2.5 3.7375000000000003 0.0
-2.5 3.8125 0.0
-2.5 3.8874999999999997 0.0
-2.5 3.9625 0.0
-2.5 4.0375 0.0
-2.5 4.1125 0.0
-2.5 4.1875 0.0
-2.5 4.262499999999999 0.0
-2.5 4.3374999999999995 0.0
-2.5 4.4125 0.0
-2.5 4.4875 0.0
-2.5 4.5625 0.0
-2.5 4.637499999999999 0.0
-2.5 4.7124999999999995 0.0
-2.5 4.7875 0.0
-2.5 4.862499999999999 0.0
-2.5 4.9375 0.0
-2.5 5.012499999999999 0.0
-2.5 5.0874999999999995 0.0
-2.5 5.1625 0.0
-2.5 5.237499999999999 0.0
-2.5 5.3125 0.0
-2.5 5.387499999999999 0.0
2.5 2.4625 0.0
2.5 2.5375 0.0
2.5 2.6125000000000003 0.0
2.5 2.6875 4.933297134361617e-07
2.5 2.7625 3.844079358375127e-06
2.5 2.8375 1.7410646477869573e-05
2.5 2.9125 6.706375731637517e-05
2.5 2.9875000000000003 0.0002118037649999989
2.5 3.0625 0.0005914693065576845
2.5 3.1375 0.0012126015928573468
2.5 3.2125 0.002195542678219356
2.5 3.2875 0.003749658325438437
2.5 3.3625000000000003 0.005948557657514729
2.5 3.4375 0.008355013220746256
2.5 3.5125 0.009958169908826931
2.5 3.5875 0.009450405053084322
2.5 3.6625 0.006710172577299925
2.5 3.7375000000000003 0.0033183805680321947
2.5 3.8125 0.0010495301002990095
2.5 3.8874999999999997 0.00018326936444731367
2.5 3.9625 1.5731663525847035e-05
2.5 4.0375 5.156345143096052e-07
2.5 4.1125 8.528306216316624e-09
2.5 4.1875 0.0
2.5 4.262499999999999 0.0
2.5 4.3374999999999995 0.0
2.5 4.4125 0.0
2.5 4.4875 0.0
2.5 4.5625 0.0
2.5 4.637499999999999 0.0
2.5 4.7124999999999995 0.0
2.5 4.7875 0.0
2.5 4.862499999999999 0.0
2.5 4.9375 0.0
2.5 5.012499999999999 0.0
2.5 5.0874999999999995 0.0
2.5 5.1625 0.0
2.5 5.237499999999999 0.0
2.5 5.3125 0.0
2.5 5.387499999999999 0.0
7.5 2.4625 0.0
7.5 2.5375 0.0
7.5 2.6125000000000003 0.0
7.5 2.6875 8.593908571826753e-08
7.5 2.7625 4.834893601096425e-07
7.5 2.8375 2.933081314857818e-06
7.5 2.9125 1.1267204558864465e-05
7.5 2.9875000000000003 4.0116496417998295e-05
7.5 3.0625 0.0001301465450258774
7.5 3.1375 0.00032149943171914903
7.5 3.2125 0.000749584322482713
7.5 3.2875 0.0017067764833069974
7.5 3.3625000000000003 0.003758492775980467
7.5 3.4375 0.00773220195149457
7.5 3.5125 0.0141060566183382
7.5 3.5875 0.021617830063153858
7.5 3.6625 0.025606852140491132
7.5 3.7375000000000003 0.02133364721931953
7.5 3.8125 0.011202068636102014
7.5 3.8874999999999997 0.0032255622006406165
7.5 3.9625 0.0004361028106540118
7.5 4.0375 2.285520463617345e-05
7.5 4.1125 3.280117775506394e-07
7.5 4.1875 0.0
7.5 4.262499999999999 0.0
7.5 4.3374999999999995 0.0
7.5 4.4125 0.0
7.5 4.4875 0.0
7.5 4.5625 0.0
7.5 4.637499999999999 0.0
7.5 4.7124999999999995 0.0
7.5 4.7875 0.0
7.5 4.862499999999999 0.0
7.5 4.9375 0.0
7.5 5.012499999999999 0.0
7.5 5.0874999999999995 0.0
7.5 5.1625 0.0
7.5 5.237499999999999 0.0
7.5 5.3125 0.0
7.5 5.387499999999999 0.0
12.5 2.4625 0.0
12.5 2.5375 0.0
12.5 2.6125000000000003 0.0
12.5 2.6875 0.0
12.5 2.7625 0.0
12.5 2.8375 1.0496376881620462e-08
12.5 2.9125 3.673731908567161e-08
12.5 2.9875000000000003 2.604413513752077e-07
12.5 3.0625 1.6853245130551855e-06
12.5 3.1375 7.0273243222449e-06
12.5 3.2125 2.3578798617450162e-05
12.5 3.2875 8.410221976398395e-05
12.5 3.3625000000000003 0.0002964937818693536
12.5 3.4375 0.0010314245062017693
12.5 3.5125 0.003311811585500447
12.5 3.5875 0.009163242550262728
12.5 3.6625 0.019853724337390112
12.5 3.7375000000000003 0.030343367793241014
12.5 3.8125 0.02878037855274112
12.5 3.8874999999999997 0.014641163223810321
12.5 3.9625 0.00339652325114712
12.5 4.0375 0.0002966669720879003
12.5 4.1125 8.307882301802596e-06
12.5 4.1875 4.592164885708952e-08
12.5 4.262499999999999 0.0
12.5 4.3374999999999995 0.0
12.5 4.4125 0.0
12.5 4.4875 0.0
12.5 4.5625 0.0
12.5 4.637499999999999 0.0
12.5 4.7124999999999995 0.0
12.5 4.7875 0.0
12.5 4.862499999999999 0.0
12.5 4.9375 0.0
12.5 5.012499999999999 0.0
12.5 5.0874999999999995 0.0
12.5 5.1625 0.0
12.5 5.237499999999999 0.0
12.5 5.3125 0.0
12.5 5.387499999999999 0.0
17.5 2.4625 0.0
17.5 2.5375 0.0
17.5 2.6125000000000003 0.0
17.5 2.6875 0.0
17.5 2.7625 0.0
17.5 2.8375 0.0
17.5 2.9125 0.0
17.5 2.9875000000000003 0.0
17.5 3.0625 3.148913064486138e-08
17.5 3.1375 1.239884519141417e-07
17.5 3.2125 7.071933923991786e-07
17.5 3.2875 3.1357925933841127e-06
17.5 3.3625000000000003 1.5341110836043408e-05
17.5 3.4375 7.779914544657086e-05
17.5 3.5125 0.0003922587883959281
17.5 3.5875 0.0017961938059144118
17.5 3.6625 0.006882186982961403
17.5 3.7375000000000003 0.01892089689140229
17.5 3.8125 0.03233542989597846
17.5 3.8874999999999997 0.029184767216670866
17.5 3.9625 0.011685321827731819
17.5 4.0375 0.0017237543729130185
17.5 4.1125 7.51566825666229e-05
17.5 4.1875 6.966970155175581e-07
17.5 4.262499999999999 5.904211995911509e-09
17.5 4.3374999999999995 0.0
17.5 4.4125 0.0
17.5 4.4875 0.0
17.5 4.5625 0.0
17.5 4.637499999999999 0.0
17.5 4.7124999999999995 0.0
17.5 4.7875 0.0
17.5 4.862499999999999 0.0
17.5 4.9375 0.0
17.5 5.012499999999999 0.0
17.5 5.0874999999999995 0.0
17.5 5.1625 0.0
17.5 5.237499999999999 0.0
17.5 5.3125 0.0
17.5 5.387499999999999 0.0
22.5 2.4625 0.0
22.5 2.5375 0.0
22.5 2.6125000000000003 0.0
22.5 2.6875 0.0
22.5 2.7625 0.0
22.5 2.8375 0.0
22.5 2.9125 0.0
22.5 2.9875000000000003 0.0
22.5 3.0625 1.9680706653038364e-09
22.5 3.1375 1.4432518212228134e-08
22.5 3.2125 2.0336730208139645e-08
22.5 3.2875 1.672860065508261e-07
22.5 3.3625000000000003 9.12528765145879e-07
22.5 3.4375 5.204890886173548e-06
22.5 3.5125 3.7336924615034185e-05
22.5 3.5875 0.00025521415568816074
22.5 3.6625 0.0015484327338357567
22.5 3.7375000000000003 0.007168057119379446
22.5 3.8125 0.021307802515342762
22.5 3.8874999999999997 0.033502003782837304
22.5 3.9625 0.022991430551484456
22.5 4.0375 0.005634914326542435
22.5 4.1125 0.000403301632898948
22.5 4.1875 6.425094698661925e-06
22.5 4.262499999999999 1.4432518212228134e-08
22.5 4.3374999999999995 0.0
22.5 4.4125 0.0
22.5 4.4875 0.0
22.5 4.5625 0.0
22.5 4.637499999999999 0.0
22.5 4.7124999999999995 0.0
22.5 4.7875 0.0
22.5 4.862499999999999 0.0
22.5 4.9375 0.0
22.5 5.012499999999999 0.0
22.5 5.0874999999999995 0.0
22.5 5.1625 0.0
22.5 5.237499999999999 0.0
22.5 5.3125 0.0
22.5 5.387499999999999 0.0
27.5 2.4625 0.0
27.5 2.5375 0.0
27.5 2.6125000000000003 0.0
27.5 2.6875 0.0
27.5 2.7625 0.0
27.5 2.8375 0.0
27.5 2.9125 0.0
27.5 2.9875000000000003 0.0
27.5 3.0625 0.0
27.5 3.1375 0.0
27.5 3.2125 0.0
27.5 3.2875 1.180842399182302e-08
27.5 3.3625000000000003 7.085054395093812e-08
27.5 3.4375 5.176025849749091e-07
27.5 3.5125 3.981406955909661e-06
27.5 3.5875 3.382785461879744e-05
27.5 3.6625 0.00028827511877104476
27.5 3.7375000000000003 0.002034174878833617
27.5 3.8125 0.009886173291725232
27.5 3.8874999999999997 0.026169614074952108
27.5 3.9625 0.03013912207561934
27.5 4.0375 0.012148027705592299
27.5 4.1125 0.0013803371942179355
27.5 4.1875 3.502181748908177e-05
27.5 4.262499999999999 1.8040647765285167e-07
27.5 4.3374999999999995 0.0
27.5 4.4125 0.0
27.5 4.4875 0.0
27.5 4.5625 0.0
27.5 4.637499999999999 0.0
27.5 4.7124999999999995 0.0
27.5 4.7875 0.0
27.5 4.862499999999999 0.0
27.5 4.9375 0.0
27.5 5.012499999999999 0.0
27.5 5.0874999999999995 0.0
27.5 5.1625 0.0
27.5 5.237499999999999 0.0
27.5 5.3125 0.0
27.5 5.387499999999999 0.0
32.5 2.4625 0.0
32.5 2.5375 0.0
32.5 2.6125000000000003 0.0
32.5 2.6875 0.0
32.5 2.7625 0.0
32.5 2.8375 0.0
32.5 2.9125 0.0
32.5 2.9875000000000003 0.0
32.5 3.0625 0.0
32.5 3.1375 0.0
32.5 3.2125 0.0
32.5 3.2875 7.872282661215346e-09
32.5 3.3625000000000003 2.6240942204051154e-09
32.5 3.4375 5.969814351421638e-08
32.5 3.5125 4.880815249953514e-07
32.5 3.5875 4.900495956606554e-06
32.5 3.6625 5.106093738775294e-05
32.5 3.7375000000000003 0.0004949960132661189
32.5 3.8125 0.0036385526454248557
32.5 3.8874999999999997 0.015577321957410947
32.5 3.9625 0.02929675896583287
32.5 4.0375 0.019060297960719983
32.5 4.1125 0.0034246541972134184
32.5 4.1875 0.00013606256544578077
32.5 4.262499999999999 9.571383668927657e-07
32.5 4.3374999999999995 0.0
32.5 4.4125 0.0
32.5 4.4875 0.0
32.5 4.5625 0.0
32.5 4.637499999999999 0.0
32.5 4.7124999999999995 0.0
32.5 4.7875 0.0
32.5 4.862499999999999 0.0
32.5 4.9375 0.0
32.5 5.012499999999999 0.0
32.5 5.0874999999999995 0.0
32.5 5.1625 0.0
32.5 5.237499999999999 0.0
32.5 5.3125 0.0
32.5 5.387499999999999 0.0
37.5 2.4625 0.0
37.5 2.5375 0.0
37.5 2.6125000000000003 0.0
37.5 2.6875 0.0
37.5 2.7625 0.0
37.5 2.8375 0.0
37.5 2.9125 0.0
37.5 2.9875000000000003 0.0
37.5 3.0625 0.0
37.5 3.1375 0.0
37.5 3.2125 0.0
37.5 3.2875 0.0
37.5 3.3625000000000003 7.872282661215346e-09
37.5 3.4375 1.9680706653038364e-09
37.5 3.5125 4.526562530198824e-08
37.5 3.5875 8.082210198847756e-07
37.5 3.6625 9.232219490940298e-06
37.5 3.7375000000000003 0.00011324213005802766
37.5 3.8125 0.0011735631618148981
37.5 3.8874999999999997 0.0076008358586797595
37.5 3.9625 0.02272664829224514
37.5 4.0375 0.023427456607382522
37.5 4.1125 0.006519078601236401
37.5 4.1875 0.00039326119238812285
37.5 4.262499999999999 4.048977382085094e-06
37.5 4.3374999999999995 1.3120471102025577e-09
37.5 4.4125 0.0
37.5 4.4875 0.0
37.5 4.5625 0.0
37.5 4.637499999999999 0.0
37.5 4.7124999999999995 0.0
37.5 4.7875 0.0
37.5 4.862499999999999 0.0
37.5 4.9375 0.0
37.5 5.012499999999999 0.0
37.5 5.0874999999999995 0.0
37.5 5.1625 0.0
37.5 5.237499999999999 0.0
37.5 5.3125 0.0
37.5 5.387499999999999 0.0
42.5 2.4625 0.0
42.5 2.5375 0.0
42.5 2.6125000000000003 0.0
42.5 2.6875 0.0
42.5 2.7625 0.0
42.5 2.8375 0.0
42.5 2.9125 0.0
42.5 2.9875000000000003 0.0
42.5 3.0625 0.0
42.5 3.1375 0.0
42.5 3.2125 0.0
42.5 3.2875 0.0
42.5 3.3625000000000003 0.0
42.5 3.4375 0.0
42.5 3.5125 6.560235551012789e-09
42.5 3.5875 1.2858061679985066e-07
42.5 3.6625 1.64661912330421e-06
42.5 3.7375000000000003 2.6993401221752322e-05
42.5 3.8125 0.00034905701319828844
42.5 3.8874999999999997 0.003229154585628351
42.5 3.9625 0.014816023678328348
42.5 4.0375 0.02367798216272237
42.5 4.1125 0.010064565777063923
42.5 4.1875 0.0009017876914782058
42.5 4.262499999999999 1.3798143434445198e-05
42.5 4.3374999999999995 2.820901286935499e-08
42.5 4.4125 0.0
42.5 4.4875 0.0
42.5 4.5625 0.0
42.5 4.637499999999999 0.0
42.5 4.7124999999999995 0.0
42.5 4.7875 0.0
42.5 4.862499999999999 0.0
42.5 4.9375 0.0
42.5 5.012499999999999 0.0
42.5 5.0874999999999995 0.0
42.5 5.1625 0.0
42.5 5.237499999999999 0.0
42.5 5.3125 0.0
42.5 5.387499999999999 0.0
47.5 2.4625 0.0
47.5 2.5375 0.0
47.5 2.6125000000000003 0.0
47.5 2.6875 0.0
47.5 2.7625 0.0
47.5 2.8375 0.0
47.5 2.9125 0.0
47.5 2.9875000000000003 0.0
47.5 3.0625 0.0
47.5 3.1375 0.0
47.5 3.2125 0.0
47.5 3.2875 0.0
47.5 3.3625000000000003 0.0
47.5 3.4375 0.0
47.5 3.5125 0.0
47.5 3.5875 3.8049366195874175e-08
47.5 3.6625 4.5790444146069265e-07
47.5 3.7375000000000003 6.665855343384094e-06
47.5 3.8125 0.00010147962771506173
47.5 3.8874999999999997 0.0012612767912497146
47.5 3.9625 0.008450987280112388
47.5 4.0375 0.02050600462208598
47.5 4.1125 0.013112246534715273
47.5 4.1875 0.0017230307789317416
47.5 4.262499999999999 3.7163734396487447e-05
47.5 4.3374999999999995 8.921920349377392e-08
47.5 4.4125 1.0496376881620462e-08
47.5 4.4875 0.0
47.5 4.5625 0.0
47.5 4.637499999999999 0.0
47.5 4.7124999999999995 0.0
47.5 4.7875 0.0
47.5 4.862499999999999 0.0
47.5 4.9375 0.0
47.5 5.012499999999999 0.0
47.5 5.0874999999999995 0.0
47.5 5.1625 0.0
47.5 5.237499999999999 0.0
47.5 5.3125 0.0
47.5 5.387499999999999 0.0
52.5 2.4625 0.0
52.5 2.5375 0.0
52.5 2.6125000000000003 0.0
52.5 2.6875 0.0
52.5 2.7625 0.0
52.5 2.8375 0.0
52.5 2.9125 0.0
52.5 2.9875000000000003 0.0
52.5 3.0625 0.0
52.5 3.1375 0.0
52.5 3.2125 0.0
52.5 3.2875 0.0
52.5 3.3625000000000003 0.0
52.5 3.4375 0.0
52.5 3.5125 0.0
52.5 3.5875 2.6240942204051154e-09
52.5 3.6625 8.659510927336881e-08
52.5 3.7375000000000003 1.5186945300594607e-06
52.5 3.8125 2.9256682486851734e-05
52.5 3.8874999999999997 0.0004621954915346102
52.5 3.9625 0.004354662053961416
52.5 4.0375 0.01562598316063414
52.5 4.1125 0.014816659365153242
52.5 4.1875 0.0028356053988995394
52.5 4.262499999999999 8.601846456843479e-05
52.5 4.3374999999999995 3.522846490893867e-07
52.5 4.4125 0.0
52.5 4.4875 0.0
52.5 4.5625 0.0
52.5 4.637499999999999 0.0
52.5 4.7124999999999995 0.0
52.5 4.7875 0.0
52.5 4.862499999999999 0.0
52.5 4.9375 0.0
52.5 5.012499999999999 0.0
52.5 5.0874999999999995 0.0
52.5 5.1625 0.0
52.5 5.237499999999999 0.0
52.5 5.3125 0.0
52.5 5.387499999999999 0.0
57.5 2.4625 0.0
57.5 2.5375 0.0
57.5 2.6125000000000003 0.0
57.5 2.6875 0.0
57.5 2.7625 0.0
57.5 2.8375 0.0
57.5 2.9125 0.0
57.5 2.9875000000000003 0.0
57.5 3.0625 0.0
57.5 3.1375 0.0
57.5 3.2125 0.0
57.5 3.2875 0.0
57.5 3.3625000000000003 0.0
57.5 3.4375 0.0
57.5 3.5125 0.0
57.5 3.5875 0.0
57.5 3.6625 3.739334264077289e-08
57.5 3.7375000000000003 4.2575928726073e-07
57.5 3.8125 8.614901325589994e-06
57.5 3.8874999999999997 0.0001635171512267693
57.5 3.9625 0.002069448609367858
57.5 4.0375 0.01073917316743411
57.5 4.1125 0.01485098645369747
57.5 4.1875 0.004089203434436793
57.5 4.262499999999999 0.0001765136338768807
57.5 4.3374999999999995 1.0680063477048818e-06
57.5 4.4125 0.0
57.5 4.4875 0.0
57.5 4.5625 0.0
57.5 4.637499999999999 0.0
57.5 4.7124999999999995 0.0
57.5 4.7875 0.0
57.5 4.862499999999999 0.0
57.5 4.9375 0.0
57.5 5.012499999999999 0.0
57.5 5.0874999999999995 0.0
57.5 5.1625 0.0
57.5 5.237499999999999 0.0
57.5 5.3125 0.0
57.5 5.387499999999999 0.0
62.5 2.4625 0.0
62.5 2.5375 0.0
62.5 2.6125000000000003 0.0
62.5 2.6875 0.0
62.5 2.7625 0.0
62.5 2.8375 0.0
62.5 2.9125 0.0
62.5 2.9875000000000003 0.0
62.5 3.0625 0.0
62.5 3.1375 0.0
62.5 3.2125 0.0
62.5 3.2875 0.0
62.5 3.3625000000000003 0.0
62.5 3.4375 0.0
62.5 3.5125 0.0
62.5 3.5875 0.0
62.5 3.6625 6.560235551012789e-09
62.5 3.7375000000000003 1.3907699368147112e-07
62.5 3.8125 2.3662769632503136e-06
62.5 3.8874999999999997 5.742633394290065e-05
62.5 3.9625 0.0009357191978187091
62.5 4.0375 0.006775818667713726
62.5 4.1125 0.013474563752032823
62.5 4.1875 0.0052568210547718095
62.5 4.262499999999999 0.00031349791241757876
62.5 4.3374999999999995 2.2796818539769438e-06
62.5 4.4125 8.528306216316624e-09
62.5 4.4875 0.0
62.5 4.5625 0.0
62.5 4.637499999999999 0.0
62.5 4.7124999999999995 0.0
62.5 4.7875 0.0
62.5 4.862499999999999 0.0
62.5 4.9375 0.0
62.5 5.012499999999999 0.0
62.5 5.0874999999999995 0.0
62.5 5.1625 0.0
62.5 5.237499999999999 0.0
62.5 5.3125 0.0
62.5 5.387499999999999 0.0
67.5 2.4625 0.0
67.5 2.5375 0.0
67.5 2.6125000000000003 0.0
67.5 2.6875 0.0
67.5 2.7625 0.0
67.5 2.8375 0.0
67.5 2.9125 0.0
67.5 2.9875000000000003 0.0
67.5 3.0625 0.0
67.5 3.1375 0.0
67.5 3.2125 0.0
67.5 3.2875 0.0
67.5 3.3625000000000003 0.0
67.5 3.4375 0.0
67.5 3.5125 0.0
67.5 3.5875 0.0
67.5 3.6625 7.872282661215346e-09
67.5 3.7375000000000003 4.854574307749464e-08
67.5 3.8125 6.763602853094184e-07
67.5 3.8874999999999997 1.9920811274205433e-05
67.5 3.9625 0.0004057807459136756
67.5 4.0375 0.003982586486261734
67.5 4.1125 0.011219232180374128
67.5 4.1875 0.006158400130759493
67.5 4.262499999999999 0.0005088827198805028
67.5 4.3374999999999995 5.040884997398227e-06
67.5 4.4125 4.5921648857089514e-09
67.5 4.4875 0.0
67.5 4.5625 0.0
67.5 4.637499999999999 0.0
67.5 4.7124999999999995 0.0
67.5 4.7875 0.0
67.5 4.862499999999999 0.0
67.5 4.9375 0.0
67.5 5.012499999999999 0.0
67.5 5.0874999999999995 0.0
67.5 5.1625 0.0
67.5 5.237499999999999 0.0
67.5 5.3125 0.0
67.5 5.387499999999999 0.0
72.5 2.4625 0.0
72.5 2.5375 0.0
72.5 2.6125000000000003 0.0
72.5 2.6875 0.0
72.5 2.7625 0.0
72.5 2.8375 0.0
72.5 2.9125 0.0
72.5 2.9875000000000003 0.0
72.5 3.0625 0.0
72.5 3.1375 0.0
72.5 3.2125 0.0
72.5 3.2875 0.0
72.5 3.3625000000000003 0.0
72.5 3.4375 0.0
72.5 3.5125 0.0
72.5 3.5875 0.0
72.5 3.6625 0.0
72.5 3.7375000000000003 7.872282661215346e-09
72.5 3.8125 2.7749796380784096e-07
72.5 3.8874999999999997 7.192642258130421e-06
72.5 3.9625 0.0001697290382700233
72.5 4.0375 0.00220043814466204
72.5 4.1125 0.008638123247393468
72.5 4.1875 0.006606846680626289
72.5 4.262499999999999 0.0007414929279540938
72.5 4.3374999999999995 9.332591094870792e-06
72.5 4.4125 1.836865954283581e-08
72.5 4.4875 0.0
72.5 4.5625 0.0
72.5 4.637499999999999 0.0
72.5 4.7124999999999995 0.0
72.5 4.7875 0.0
72.5 4.862499999999999 0.0
72.5 4.9375 0.0
72.5 5.012499999999999 0.0
72.5 5.0874999999999995 0.0
72.5 5.1625 0.0
72.5 5.237499999999999 0.0
72.5 5.3125 0.0
72.5 5.387499999999999 0.0
77.5 2.4625 0.0
77.5 2.5375 0.0
77.5 2.6125000000000003 0.0
77.5 2.6875 0.0
77.5 2.7625 0.0
77.5 2.8375 0.0
77.5 2.9125 0.0
77.5 2.9875000000000003 0.0
77.5 3.0625 0.0
77.5 3.1375 0.0
77.5 3.2125 0.0
77.5 3.2875 0.0
77.5 3.3625000000000003 0.0
77.5 3.4375 0.0
77.5 3.5125 0.0
77.5 3.5875 0.0
77.5 3.6625 0.0
77.5 3.7375000000000003 5.248188440810231e-09
77.5 3.8125 1.0496376881620462e-07
77.5 3.8874999999999997 2.670671892817306e-06
77.5 3.9625 7.129598394485189e-05
77.5 4.0375 0.0011692360304454501
77.5 4.1125 0.0062594480949752975
77.5 4.1875 0.006582980543691707
77.5 4.262499999999999 0.0010030816645271738
77.5 4.3374999999999995 1.756437466428164e-05
77.5 4.4125 1.6400588877531973e-08
77.5 4.4875 0.0
77.5 4.5625 0.0
77.5 4.637499999999999 0.0
77.5 4.7124999999999995 0.0
77.5 4.7875 0.0
77.5 4.862499999999999 0.0
77.5 4.9375 0.0
77.5 5.012499999999999 0.0
77.5 5.0874999999999995 0.0
77.5 5.1625 0.0
77.5 5.237499999999999 0.0
77.5 5.3125 0.0
77.5 5.387499999999999 0.0
82.5 2.4625 0.0
82.5 2.5375 0.0
82.5 2.6125000000000003 0.0
82.5 2.6875 0.0
82.5 2.7625 0.0
82.5 2.8375 0.0
82.5 2.9125 0.0
82.5 2.9875000000000003 0.0
82.5 3.0625 0.0
82.5 3.1375 0.0
82.5 3.2125 0.0
82.5 3.2875 0.0
82.5 3.3625000000000003 0.0
82.5 3.4375 0.0
82.5 3.5125 0.0
82.5 3.5875 0.0
82.5 3.6625 0.0
82.5 3.7375000000000003 0.0
82.5 3.8125 1.3120471102025577e-08
82.5 3.8874999999999997 9.499221077866519e-07
82.5 3.9625 2.9046754949219322e-05
82.5 4.0375 0.0006016451065953788
82.5 4.1125 0.004287816533814371
82.5 4.1875 0.006127524382138649
82.5 4.262499999999999 0.001256252306841194
82.5 4.3374999999999995 2.9043474831443817e-05
82.5 4.4125 4.3297554636684403e-08
82.5 4.4875 0.0
82.5 4.5625 0.0
82.5 4.637499999999999 0.0
82.5 4.7124999999999995 0.0
82.5 4.7875 0.0
82.5 4.862499999999999 0.0
82.5 4.9375 0.0
82.5 5.012499999999999 0.0
82.5 5.0874999999999995 0.0
82.5 5.1625 0.0
82.5 5.237499999999999 0.0
82.5 5.3125 0.0
82.5 5.387499999999999 0.0
87.5 2.4625 0.0
87.5 2.5375 0.0
87.5 2.6125000000000003 0.0
87.5 2.6875 0.0
87.5 2.7625 0.0
87.5 2.8375 0.0
87.5 2.9125 0.0
87.5 2.9875000000000003 0.0
87.5 3.0625 0.0
87.5 3.1375 0.0
87.5 3.2125 0.0
87.5 3.2875 0.0
87.5 3.3625000000000003 0.0
87.5 3.4375 0.0
87.5 3.5125 0.0
87.5 3.5875 0.0
87.5 3.6625 0.0
87.5 3.7375000000000003 0.0
87.5 3.8125 1.9680706653038364e-09
87.5 3.8874999999999997 4.172309810444134e-07
87.5 3.9625 1.1601776571966118e-05
87.5 4.0375 0.00029600766841502357
87.5 4.1125 0.0027915455448918273
87.5 4.1875 0.00539175329163215
87.5 4.262499999999999 0.0014700011816820683
87.5 4.3374999999999995 4.3216863739406944e-05
87.5 4.4125 8.659510927336882e-08
87.5 4.4875 0.0
87.5 4.5625 0.0
87.5 4.637499999999999 0.0
87.5 4.7124999999999995 0.0
87.5 4.7875 0.0
87.5 4.862499999999999 0.0
87.5 4.9375 0.0
87.5 5.012499999999999 0.0
87.5 5.0874999999999995 0.0
87.5 5.1625 0.0
87.5 5.237499999999999 0.0
87.5 5.3125 0.0
87.5 5.387499999999999 0.0
92.5 2.4625 0.0
92.5 2.5375 0.0
92.5 2.6125000000000003 0.0
92.5 2.6875 0.0
92.5 2.7625 0.0
92.5 2.8375 0.0
92.5 2.9125 0.0
92.5 2.9875000000000003 0.0
92.5 3.0625 0.0
92.5 3.1375 0.0
92.5 3.2125 0.0
92.5 3.2875 0.0
92.5 3.3625000000000003 0.0
92.5 3.4375 0.0
92.5 3.5125 0.0
92.5 3.5875 0.0
92.5 3.6625 0.0
92.5 3.7375000000000003 0.0
92.5 3.8125 0.0
92.5 3.8874999999999997 9.709148615498926e-08
92.5 3.9625 4.89918390949635e-06
92.5 4.0375 0.00014308923374447055
92.5 4.1125 0.0017365632328263706
92.5 4.1875 0.004467913368349214
92.5 4.262499999999999 0.0016185176982978916
92.5 4.3374999999999995 6.24855875998417e-05
92.5 4.4125 1.6991010077123126e-07
92.5 4.4875 0.0
92.5 4.5625 0.0
92.5 4.637499999999999 0.0
92.5 4.7124999999999995 0.0
92.5 4.7875 0.0
92.5 4.862499999999999 0.0
92.5 4.9375 0.0
92.5 5.012499999999999 0.0
92.5 5.0874999999999995 0.0
92.5 5.1625 0.0
92.5 5.237499999999999 0.0
92.5 5.3125 0.0
92.5 5.387499999999999 0.0
97.5 2.4625 0.0
97.5 2.5375 0.0
97.5 2.6125000000000003 0.0
97.5 2.6875 0.0
97.5 2.7625 0.0
97.5 2.8375 0.0
97.5 2.9125 0.0
97.5 2.9875000000000003 0.0
97.5 3.0625 0.0
97.5 3.1375 0.0
97.5 3.2125 0.0
97.5 3.2875 0.0
97.5 3.3625000000000003 0.0
97.5 3.4375 0.0
97.5 3.5125 0.0
97.5 3.5875 0.0
97.5 3.6625 0.0
97.5 3.7375000000000003 0.0
97.5 3.8125 0.0
97.5 3.8874999999999997 1.574456532243069e-08
97.5 3.9625 2.008744125720116e-06
97.5 4.0375 6.779741032549675e-05
97.5 4.1125 0.0010456982667136632
97.5 4.1875 0.0035518440440764545
97.5 4.262499999999999 0.0016880010891599983
97.5 4.3374999999999995 8.425769734654295e-05
97.5 4.4125 3.8705389750975456e-07
97.5 4.4875 0.0
97.5 4.5625 0.0
97.5 4.637499999999999 0.0
97.5 4.7124999999999995 0.0
97.5 4.7875 0.0
97.5 4.862499999999999 0.0
97.5 4.9375 0.0
97.5 5.012499999999999 0.0
97.5 5.0874999999999995 0.0
97.5 5.1625 0.0
97.5 5.237499999999999 0.0
97.5 5.3125 0.0
97.5 5.387499999999999 0.0
102.5 2.4625 0.0
102.5 2.5375 0.0
102.5 2.6125000000000003 0.0
102.5 2.6875 0.0
102.5 2.7625 0.0
102.5 2.8375 0.0
102.5 2.9125 0.0
102.5 2.9875000000000003 0.0
102.5 3.0625 0.0
102.5 3.1375 0.0
102.5 3.2125 0.0
102.5 3.2875 0.0
102.5 3.3625000000000003 0.0
102.5 3.4375 0.0
102.5 3.5125 0.0
102.5 3.5875 0.0
102.5 3.6625 0.0
102.5 3.7375000000000003 0.0
102.5 3.8125 0.0
102.5 3.8874999999999997 2.361684798364604e-08
102.5 3.9625 7.852601954562308e-07
102.5 4.0375 3.198967661740366e-05
102.5 4.1125 0.0006084093654720282
102.5 4.1875 0.0026971214505118793
102.5 4.262499999999999 0.0016600229965820397
102.5 4.3374999999999995 0.00010665827765903122
102.5 4.4125 5.845169875952396e-07
102.5 4.4875 0.0
102.5 4.5625 0.0
102.5 4.637499999999999 0.0
102.5 4.7124999999999995 0.0
102.5 4.7875 0.0
102.5 4.862499999999999 0.0
102.5 4.9375 0.0
102.5 5.012499999999999 0.0
102.5 5.0874999999999995 0.0
102.5 5.1625 0.0
102.5 5.237499999999999 0.0
102.5 5.3125 0.0
102.5 5.387499999999999 0.0
107.5 2.4625 0.0
107.5 2.5375 0.0
107.5 2.6125000000000003 0.0
107.5 2.6875 0.0
107.5 2.7625 0.0
107.5 2.8375 0.0
107.5 2.9125 0.0
107.5 2.9875000000000003 0.0
107.5 3.0625 0.0
107.5 3.1375 0.0
107.5 3.2125 0.0
107.5 3.2875 0.0
107.5 3.3625000000000003 0.0
107.5 3.4375 0.0
107.5 3.5125 0.0
107.5 3.5875 0.0
107.5 3.6625 0.0
107.5 3.7375000000000003 0.0
107.5 3.8125 0.0
107.5 3.8874999999999997 7.872282661215346e-09
107.5 3.9625 3.7918161484853915e-07
107.5 4.0375 1.488583048880312e-05
107.5 4.1125 0.0003434578521554991
107.5 4.1875 0.001966803883818936
107.5 4.262499999999999 0.0015626743491934504
107.5 4.3374999999999995 0.00012691431696989342
107.5 4.4125 9.74194979325399e-07
107.5 4.4875 0.0
107.5 4.5625 0.0
107.5 4.637499999999999 0.0
107.5 4.7124999999999995 0.0
107.5 4.7875 0.0
107.5 4.862499999999999 0.0
107.5 4.9375 0.0
107.5 5.012499999999999 0.0
107.5 5.0874999999999995 0.0
107.5 5.1625 0.0
107.5 5.237499999999999 0.0
107.5 5.3125 0.0
107.5 5.387499999999999 0.0
112.5 2.4625 0.0
112.5 2.5375 0.0
112.5 2.6125000000000003 0.0
112.5 2.6875 0.0
112.5 2.7625 0.0
112.5 2.8375 0.0
112.5 2.9125 0.0
112.5 2.9875000000000003 0.0
112.5 3.0625 0.0
112.5 3.1375 0.0
112.5 3.2125 0.0
112.5 3.2875 0.0
112.5 3.3625000000000003 0.0
112.5 3.4375 0.0
112.5 3.5125 0.0
112.5 3.5875 0.0
112.5 3.6625 0.0
112.5 3.7375000000000003 0.0
112.5 3.8125 0.0
112.5 3.8874999999999997 0.0
112.5 3.9625 1.36452899461066e-07
112.5 4.0375 6.8285491850492126e-06
112.5 4.1125 0.00018704674807758684
112.5 4.1875 0.001377125958915715
112.5 4.262499999999999 0.0014092717691392325
112.5 4.3374999999999995 0.00014564247742092473
112.5 4.4125 1.1126159494517691e-06
112.5 4.4875 0.0
112.5 4.5625 0.0
112.5 4.637499999999999 0.0
112.5 4.7124999999999995 0.0
112.5 4.7875 0.0
112.5 4.862499999999999 0.0
112.5 4.9375 0.0
112.5 5.012499999999999 0.0
112.5 5.0874999999999995 0.0
112.5 5.1625 0.0
112.5 5.237499999999999 0.0
112.5 5.3125 0.0
112.5 5.387499999999999 0.0
117.5 2.4625 0.0
117.5 2.5375 0.0
117.5 2.6125000000000003 0.0
117.5 2.6875 0.0
117.5 2.7625 0.0
117.5 2.8375 0.0
117.5 2.9125 0.0
117.5 2.9875000000000003 0.0
117.5 3.0625 0.0
117.5 3.1375 0.0
117.5 3.2125 0.0
117.5 3.2875 0.0
117.5 3.3625000000000003 0.0
117.5 3.4375 0.0
117.5 3.5125 0.0
117.5 3.5875 0.0
117.5 3.6625 0.0
117.5 3.7375000000000003 0.0
117.5 3.8125 0.0
117.5 3.8874999999999997 0.0
117.5 3.9625 9.774750971009055e-08
117.5 4.0375 3.0813426383107073e-06
117.5 4.1125 0.00010128938088408234
117.5 4.1875 0.0009353321439211993
117.5 4.262499999999999 0.0012144399895332588
117.5 4.3374999999999995 0.00015641700828990812
117.5 4.4125 1.5305029540512837e-06
117.5 4.4875 0.0
117.5 4.5625 0.0
117.5 4.637499999999999 0.0
117.5 4.7124999999999995 0.0
117.5 4.7875 0.0
117.5 4.862499999999999 0.0
117.5 4.9375 0.0
117.5 5.012499999999999 0.0
117.5 5.0874999999999995 0.0
117.5 5.1625 0.0
117.5 5.237499999999999 0.0
117.5 5.3125 0.0
117.5 5.387499999999999 0.0
122.5 2.4625 0.0
122.5 2.5375 0.0
122.5 2.6125000000000003 0.0
122.5 2.6875 0.0
122.5 2.7625 0.0
122.5 2.8375 0.0
122.5 2.9125 0.0
122.5 2.9875000000000003 0.0
122.5 3.0625 0.0
122.5 3.1375 0.0
122.5 3.2125 0.0
122.5 3.2875 0.0
122.5 3.3625000000000003 0.0
122.5 3.4375 0.0
122.5 3.5125 0.0
122.5 3.5875 0.0
122.5 3.6625 0.0
122.5 3.7375000000000003 0.0
122.5 3.8125 0.0
122.5 3.8874999999999997 0.0
122.5 3.9625 4.264153108158312e-08
122.5 4.0375 1.2457887311373287e-06
122.5 4.1125 5.3337339123954376e-05
122.5 4.1875 0.0006130677887368023
122.5 4.262499999999999 0.0010036753658445403
122.5 4.3374999999999995 0.00016254295624744386
122.5 4.4125 1.9070604746794177e-06
122.5 4.4875 0.0
122.5 4.5625 0.0
122.5 4.637499999999999 0.0
122.5 4.7124999999999995 0.0
122.5 4.7875 0.0
122.5 4.862499999999999 0.0
122.5 4.9375 0.0
122.5 5.012499999999999 0.0
122.5 5.0874999999999995 0.0
122.5 5.1625 0.0
122.5 5.237499999999999 0.0
122.5 5.3125 0.0
122.5 5.387499999999999 0.0
127.5 2.4625 0.0
127.5 2.5375 0.0
127.5 2.6125000000000003 0.0
127.5 2.6875 0.0
127.5 2.7625 0.0
127.5 2.8375 0.0
127.5 2.9125 0.0
127.5 2.9875000000000003 0.0
127.5 3.0625 0.0
127.5 3.1375 0.0
127.5 3.2125 0.0
127.5 3.2875 0.0
127.5 3.3625000000000003 0.0
127.5 3.4375 0.0
127.5 3.5125 0.0
127.5 3.5875 0.0
127.5 3.6625 0.0
127.5 3.7375000000000003 0.0
127.5 3.8125 0.0
127.5 3.8874999999999997 0.0
127.5 3.9625 1.9680706653038364e-09
127.5 4.0375 5.425314800687576e-07
127.5 4.1125 2.8000397378832784e-05
127.5 4.1875 0.0003919065037468387
127.5 4.262499999999999 0.0008010565866395144
127.5 4.3374999999999995 0.00016001529748963864
127.5 4.4125 2.4712407320665176e-06
127.5 4.4875 2.6240942204051154e-09
127.5 4.5625 0.0
127.5 4.637499999999999 0.0
127.5 4.7124999999999995 0.0
127.5 4.7875 0.0
127.5 4.862499999999999 0.0
127.5 4.9375 0.0
127.5 5.012499999999999 0.0
127.5 5.0874999999999995 0.0
127.5 5.1625 0.0
127.5 5.237499999999999 0.0
127.5 5.3125 0.0
127.5 5.387499999999999 0.0
132.5 2.4625 0.0
132.5 2.5375 0.0
132.5 2.6125000000000003 0.0
132.5 2.6875 0.0
132.5 2.7625 0.0
132.5 2.8375 0.0
132.5 2.9125 0.0
132.5 2.9875000000000003 0.0
132.5 3.0625 0.0
132.5 3.1375 0.0
132.5 3.2125 0.0
132.5 3.2875 0.0
132.5 3.3625000000000003 0.0
132.5 3.4375 0.0
132.5 3.5125 0.0
132.5 3.5875 0.0
132.5 3.6625 0.0
132.5 3.7375000000000003 0.0
132.5 3.8125 0.0
132.5 3.8874999999999997 0.0
132.5 3.9625 0.0
132.5 4.0375 3.116111886731075e-07
132.5 4.1125 1.3813887999767629e-05
132.5 4.1875 0.00024164102833311527
132.5 4.262499999999999 0.000620022950467986
132.5 4.3374999999999995 0.00015356789799010325
132.5 4.4125 2.7690754260824984e-06
132.5 4.4875 8.528306216316624e-09
132.5 4.5625 0.0
132.5 4.637499999999999 0.0
132.5 4.7124999999999995 0.0
132.5 4.7875 0.0
132.5 4.862499999999999 0.0
132.5 4.9375 0.0
132.5 5.012499999999999 0.0
132.5 5.0874999999999995 0.0
132.5 5.1625 0.0
132.5 5.237499999999999 0.0
132.5 5.3125 0.0
132.5 5.387499999999999 0.0
137.5 2.4625 0.0
137.5 2.5375 0.0
137.5 2.6125000000000003 0.0
137.5 2.6875 0.0
137.5 2.7625 0.0
137.5 2.8375 0.0
137.5 2.9125 0.0
137.5 2.9875000000000003 0.0
137.5 3.0625 0.0
137.5 3.1375 0.0
137.5 3.2125 0.0
137.5 3.2875 0.0
137.5 3.3625000000000003 0.0
137.5 3.4375 0.0
137.5 3.5125 0.0
137.5 3.5875 0.0
137.5 3.6625 0.0
137.5 3.7375000000000003 0.0
137.5 3.8125 0.0
137.5 3.8874999999999997 0.0
137.5 3.9625 0.0
137.5 4.0375 1.1742821636312893e-07
137.5 4.1125 6.850853985922655e-06
137.5 4.1875 0.00014482769616548896
137.5 4.262499999999999 0.00045918893558158087
137.5 4.3374999999999995 0.0001361878659448051
137.5 4.4125 2.9232409615312985e-06
137.5 4.4875 6.560235551012789e-09
137.5 4.5625 0.0
137.5 4.637499999999999 0.0
137.5 4.7124999999999995 0.0
137.5 4.7875 0.0
137.5 4.862499999999999 0.0
137.5 4.9375 0.0
137.5 5.012499999999999 0.0
137.5 5.0874999999999995 0.0
137.5 5.1625 0.0
137.5 5.237499999999999 0.0
137.5 5.3125 0.0
137.5 5.387499999999999 0.0
142.5 2.4625 0.0
142.5 2.5375 0.0
142.5 2.6125000000000003 0.0
142.5 2.6875 0.0
142.5 2.7625 0.0
142.5 2.8375 0.0
142.5 2.9125 0.0
142.5 2.9875000000000003 0.0
142.5 3.0625 0.0
142.5 3.1375 0.0
142.5 3.2125 0.0
142.5 3.2875 0.0
142.5 3.3625000000000003 0.0
142.5 3.4375 0.0
142.5 3.5125 0.0
142.5 3.5875 0.0
142.5 3.6625 0.0
142.5 3.7375000000000003 0.0
142.5 3.8125 0.0
142.5 3.8874999999999997 0.0
142.5 3.9625 0.0
142.5 4.0375 7.413066172644452e-08
142.5 4.1125 3.378521308771586e-06
142.5 4.1875 8.432067560783269e-05
142.5 4.262499999999999 0.00032553266453591166
142.5 4.3374999999999995 0.00011682926685732147
142.5 4.4125 2.7572670020906755e-06
142.5 4.4875 6.560235551012788e-10
142.5 4.5625 0.0
142.5 4.637499999999999 0.0
142.5 4.7124999999999995 0.0
142.5 4.7875 0.0
142.5 4.862499999999999 0.0
142.5 4.9375 0.0
142.5 5.012499999999999 0.0
142.5 5.0874999999999995 0.0
142.5 5.1625 0.0
142.5 5.237499999999999 0.0
142.5 5.3125 0.0
142.5 5.387499999999999 0.0
147.5 2.4625 0.0
147.5 2.5375 0.0
147.5 2.6125000000000003 0.0
147.5 2.6875 0.0
147.5 2.7625 0.0
147.5 2.8375 0.0
147.5 2.9125 0.0
147.5 2.9875000000000003 0.0
147.5 3.0625 0.0
147.5 3.1375 0.0
147.5 3.2125 0.0
147.5 3.2875 0.0
147.5 3.3625000000000003 0.0
147.5 3.4375 0.0
147.5 3.5125 0.0
147.5 3.5875 0.0
147.5 3.6625 0.0
147.5 3.7375000000000003 0.0
147.5 3.8125 0.0
147.5 3.8874999999999997 0.0
147.5 3.9625 0.0
147.5 4.0375 1.3120471102025577e-08
147.5 4.1125 1.669579947732755e-06
147.5 4.1875 4.762271793546713e-05
147.5 4.262499999999999 0.0002250921781321304
147.5 4.3374999999999995 9.715643248694429e-05
147.5 4.4125 2.8313976638171193e-06
147.5 4.4875 1.2464447546924297e-08
147.5 4.5625 0.0
147.5 4.637499999999999 0.0
147.5 4.7124999999999995 0.0
147.5 4.7875 0.0
147.5 4.862499999999999 0.0
147.5 4.9375 0.0
147.5 5.012499999999999 0.0
147.5 5.0874999999999995 0.0
147.5 5.1625 0.0
147.5 5.237499999999999 0.0
147.5 5.3125 0.0
147.5 5.387499999999999 0.0
152.5 2.4625 0.0
152.5 2.5375 0.0
152.5 2.6125000000000003 0.0
152.5 2.6875 0.0
152.5 2.7625 0.0
152.5 2.8375 0.0
152.5 2.9125 0.0
152.5 2.9875000000000003 0.0
152.5 3.0625 0.0
152.5 3.1375 0.0
152.5 3.2125 0.0
152.5 3.2875 0.0
152.5 3.3625000000000003 0.0
152.5 3.4375 0.0
152.5 3.5125 0.0
152.5 3.5875 0.0
152.5 3.6625 0.0
152.5 3.7375000000000003 0.0
152.5 3.8125 0.0
152.5 3.8874999999999997 0.0
152.5 3.9625 0.0
152.5 4.0375 1.9680706653038363e-08
152.5 4.1125 7.31466263937926e-07
152.5 4.1875 2.6672605703307797e-05
152.5 4.262499999999999 0.00015001684248634002
152.5 4.3374999999999995 7.516652291994943e-05
152.5 4.4125 2.6011333959765706e-06
152.5 4.4875 6.560235551012788e-10
152.5 4.5625 0.0
152.5 4.637499999999999 0.0
152.5 4.7124999999999995 0.0
152.5 4.7875 0.0
152.5 4.862499999999999 0.0
152.5 4.9375 0.0
152.5 5.012499999999999 0.0
152.5 5.0874999999999995 0.0
152.5 5.1625 0.0
152.5 5.237499999999999 0.0
152.5 5.3125 0.0
152.5 5.387499999999999 0.0
157.5 2.4625 0.0
157.5 2.5375 0.0
157.5 2.6125000000000003 0.0
157.5 2.6875 0.0
157.5 2.7625 0.0
157.5 2.8375 0.0
157.5 2.9125 0.0
157.5 2.9875000000000003 0.0
157.5 3.0625 0.0
157.5 3.1375 0.0
157.5 3.2125 0.0
157.5 3.2875 0.0
157.5 3.3625000000000003 0.0
157.5 3.4375 0.0
157.5 3.5125 0.0
157.5 3.5875 0.0
157.5 3.6625 0.0
157.5 3.7375000000000003 0.0
157.5 3.8125 0.0
157.5 3.8874999999999997 0.0
157.5 3.9625 0.0
157.5 4.0375 5.904211995911509e-09
157.5 4.1125 3.306358717710445e-07
157.5 4.1875 1.457290725301981e-05
157.5 4.262499999999999 9.677528280143045e-05
157.5 4.3374999999999995 5.968961520800006e-05
157.5 4.4125 2.4797690382828337e-06
157.5 4.4875 2.6240942204051154e-09
157.5 4.5625 0.0
157.5 4.637499999999999 0.0
157.5 4.7124999999999995 0.0
157.5 4.7875 0.0
157.5 4.862499999999999 0.0
157.5 4.9375 0.0
157.5 5.012499999999999 0.0
157.5 5.0874999999999995 0.0
157.5 5.1625 0.0
157.5 5.237499999999999 0.0
157.5 5.3125 0.0
157.5 5.387499999999999 0.0
162.5 2.4625 0.0
162.5 2.5375 0.0
162.5 2.6125000000000003 0.0
162.5 2.6875 0.0
162.5 2.7625 0.0
162.5 2.8375 0.0
162.5 2.9125 0.0
162.5 2.9875000000000003 0.0
162.5 3.0625 0.0
162.5 3.1375 0.0
162.5 3.2125 0.0
162.5 3.2875 0.0
162.5 3.3625000000000003 0.0
162.5 3.4375 0.0
162.5 3.5125 0.0
162.5 3.5875 0.0
162.5 3.6625 0.0
162.5 3.7375000000000003 0.0
162.5 3.8125 0.0
162.5 3.8874999999999997 0.0
162.5 3.9625 0.0
162.5 4.0375 6.560235551012788e-10
162.5 4.1125 1.2792459324474938e-07
162.5 4.1875 7.4727643161586675e-06
162.5 4.262499999999999 5.850483666748716e-05
162.5 4.3374999999999995 4.223545250097543e-05
162.5 4.4125 2.3347878326054515e-06
162.5 4.4875 1.049637688162046e-08
162.5 4.5625 0.0
162.5 4.637499999999999 0.0
162.5 4.7124999999999995 0.0
162.5 4.7875 0.0
162.5 4.862499999999999 0.0
162.5 4.9375 0.0
162.5 5.012499999999999 0.0
162.5 5.0874999999999995 0.0
162.5 5.1625 0.0
162.5 5.237499999999999 0.0
162.5 5.3125 0.0
162.5 5.387499999999999 0.0
167.5 2.4625 0.0
167.5 2.5375 0.0
167.5 2.6125000000000003 0.0
167.5 2.6875 0.0
167.5 2.7625 0.0
167.5 2.8375 0.0
167.5 2.9125 0.0
167.5 2.9875000000000003 0.0
167.5 3.0625 0.0
167.5 3.1375 0.0
167.5 3.2125 0.0
167.5 3.2875 0.0
167.5 3.3625000000000003 0.0
167.5 3.4375 0.0
167.5 3.5125 0.0
167.5 3.5875 0.0
167.5 3.6625 0.0
167.5 3.7375000000000003 0.0
167.5 3.8125 0.0
167.5 3.8874999999999997 0.0
167.5 3.9625 0.0
167.5 4.0375 0.0
167.5 4.1125 7.15065675060394e-08
167.5 4.1875 3.6796361205630732e-06
167.5 4.262499999999999 3.459474615471084e-05
167.5 4.3374999999999995 3.03148484812301e-05
167.5 4.4125 2.1734060380505373e-06
167.5 4.4875 3.2801177755063943e-09
167.5 4.5625 0.0
167.5 4.637499999999999 0.0
167.5 4.7124999999999995 0.0
167.5 4.7875 0.0
167.5 4.862499999999999 0.0
167.5 4.9375 0.0
167.5 5.012499999999999 0.0
167.5 5.0874999999999995 0.0
167.5 5.1625 0.0
167.5 5.237499999999999 0.0
167.5 5.3125 0.0
167.5 5.387499999999999 0.0
172.5 2.4625 0.0
172.5 2.5375 0.0
172.5 2.6125000000000003 0.0
172.5 2.6875 0.0
172.5 2.7625 0.0
172.5 2.8375 0.0
172.5 2.9125 0.0
172.5 2.9875000000000003 0.0
172.5 3.0625 0.0
172.5 3.1375 0.0
172.5 3.2125 0.0
172.5 3.2875 0.0
172.5 3.3625000000000003 0.0
172.5 3.4375 0.0
172.5 3.5125 0.0
172.5 3.5875 0.0
172.5 3.6625 0.0
172.5 3.7375000000000003 0.0
172.5 3.8125 0.0
172.5 3.8874999999999997 0.0
172.5 3.9625 0.0
172.5 4.0375 1.0496376881620462e-08
172.5 4.1125 2.4928895093848598e-08
172.5 4.1875 1.910340592454924e-06
172.5 4.262499999999999 1.9592799496654794e-05
172.5 4.3374999999999995 2.2271343672133318e-05
172.5 4.4125 2.6936327172458512e-06
172.5 4.4875 2.16487773183422e-08
172.5 4.5625 0.0
172.5 4.637499999999999 0.0
172.5 4.7124999999999995 0.0
172.5 4.7875 0.0
172.5 4.862499999999999 0.0
172.5 4.9375 0.0
172.5 5.012499999999999 0.0
172.5 5.0874999999999995 0.0
172.5 5.1625 0.0
172.5 5.237499999999999 0.0
172.5 5.3125 0.0
172.5 5.387499999999999 0.0
177.5 2.4625 0.0
177.5 2.5375 0.0
177.5 2.6125000000000003 0.0
177.5 2.6875 0.0
177.5 2.7625 0.0
177.5 2.8375 0.0
177.5 2.9125 0.0
177.5 2.9875000000000003 0.0
177.5 3.0625 0.0
177.5 3.1375 0.0
177.5 3.2125 0.0
177.5 3.2875 0.0
177.5 3.3625000000000003 0.0
177.5 3.4375 0.0
177.5 3.5125 0.0
177.5 3.5875 0.0
177.5 3.6625 0.0
177.5 3.7375000000000003 0.0
177.5 3.8125 0.0
177.5 3.8874999999999997 0.0
177.5 3.9625 0.0
177.5 4.0375 0.0
177.5 4.1125 1.3120471102025577e-08
177.5 4.1875 6.980090626277609e-07
177.5 4.262499999999999 1.1191761850027817e-05
177.5 4.3374999999999995 1.7623416784240757e-05
177.5 4.4125 3.919740741730141e-06
177.5 4.4875 3.739334264077289e-08
177.5 4.5625 0.0
177.5 4.637499999999999 0.0
177.5 4.7124999999999995 0.0
177.5 4.7875 0.0
177.5 4.862499999999999 0.0
177.5 4.9375 0.0
177.5 5.012499999999999 0.0
177.5 5.0874999999999995 0.0
177.5 5.1625 0.0
177.5 5.237499999999999 0.0
177.5 5.3125 0.0
177.5 5.387499999999999 0.0
182.5 2.4625 0.0
182.5 2.5375 0.0
182.5 2.6125000000000003 0.0
182.5 2.6875 0.0
182.5 2.7625 0.0
182.5 2.8375 0.0
182.5 2.9125 0.0
182.5 2.9875000000000003 0.0
182.5 3.0625 0.0
182.5 3.1375 0.0
182.5 3.2125 0.0
182.5 3.2875 0.0
182.5 3.3625000000000003 0.0
182.5 3.4375 0.0
182.5 3.5125 0.0
182.5 3.5875 0.0
182.5 3.6625 0.0
182.5 3.7375000000000003 0.0
182.5 3.8125 0.0
182.5 3.8874999999999997 0.0
182.5 3.9625 0.0
182.5 4.0375 0.0
182.5 4.1125 1.574456532243069e-08
182.5 4.1875 4.362556641423505e-07
182.5 4.262499999999999 6.680287861596323e-06
182.5 4.3374999999999995 1.65167050467849e-05
182.5 4.4125 5.771695237781052e-06
182.5 4.4875 7.937885016725474e-08
182.5 4.5625 0.0
182.5 4.637499999999999 0.0
182.5 4.7124999999999995 0.0
182.5 4.7875 0.0
182.5 4.862499999999999 0.0
182.5 4.9375 0.0
182.5 5.012499999999999 0.0
182.5 5.0874999999999995 0.0
182.5 5.1625 0.0
182.5 5.237499999999999 0.0
182.5 5.3125 0.0
182.5 5.387499999999999 0.0
187.5 2.4625 0.0
187.5 2.5375 0.0
187.5 2.6125000000000003 0.0
187.5 2.6875 0.0
187.5 2.7625 0.0
187.5 2.8375 0.0
187.5 2.9125 0.0
187.5 2.9875000000000003 0.0
187.5 3.0625 0.0
187.5 3.1375 0.0
187.5 3.2125 0.0
187.5 3.2875 0.0
187.5 3.3625000000000003 0.0
187.5 3.4375 0.0
187.5 3.5125 0.0
187.5 3.5875 0.0
187.5 3.6625 0.0
187.5 3.7375000000000003 0.0
187.5 3.8125 0.0
187.5 3.8874999999999997 0.0
187.5 3.9625 0.0
187.5 4.0375 0.0
187.5 4.1125 0.0
187.5 4.1875 2.1845584384872587e-07
187.5 4.262499999999999 4.37042892408472e-06
187.5 4.3374999999999995 1.782547203921195e-05
187.5 4.4125 7.881466990986763e-06
187.5 4.4875 1.9615104297528238e-07
187.5 4.5625 0.0
187.5 4.637499999999999 0.0
187.5 4.7124999999999995 0.0
187.5 4.7875 0.0
187.5 4.862499999999999 0.0
187.5 4.9375 0.0
187.5 5.012499999999999 0.0
187.5 5.0874999999999995 0.0
187.5 5.1625 0.0
187.5 5.237499999999999 0.0
187.5 5.3125 0.0
187.5 5.387499999999999 0.0
192.5 2.4625 0.0
192.5 2.5375 0.0
192.5 2.6125000000000003 0.0
192.5 2.6875 0.0
192.5 2.7625 0.0
192.5 2.8375 0.0
192.5 2.9125 0.0
192.5 2.9875000000000003 0.0
192.5 3.0625 0.0
192.5 3.1375 0.0
192.5 3.2125 0.0
192.5 3.2875 0.0
192.5 3.3625000000000003 0.0
192.5 3.4375 0.0
192.5 3.5125 0.0
192.5 3.5875 0.0
192.5 3.6625 0.0
192.5 3.7375000000000003 0.0
192.5 3.8125 0.0
192.5 3.8874999999999997 0.0
192.5 3.9625 0.0
192.5 4.0375 0.0
192.5 4.1125 0.0
192.5 4.1875 8.003487372235603e-08
192.5 4.262499999999999 3.326039424363484e-06
192.5 4.3374999999999995 2.033279406680904e-05
192.5 4.4125 1.1531582051570282e-05
192.5 4.4875 2.9127445846496784e-07
192.5 4.5625 0.0
192.5 4.637499999999999 0.0
192.5 4.7124999999999995 0.0
192.5 4.7875 0.0
192.5 4.862499999999999 0.0
192.5 4.9375 0.0
192.5 5.012499999999999 0.0
192.5 5.0874999999999995 0.0
192.5 5.1625 0.0
192.5 5.237499999999999 0.0
192.5 5.3125 0.0
192.5 5.387499999999999 0.0
197.5 2.4625 0.0
197.5 2.5375 0.0
197.5 2.6125000000000003 0.0
197.5 2.6875 0.0
197.5 2.7625 0.0
197.5 2.8375 0.0
197.5 2.9125 0.0
197.5 2.9875000000000003 0.0
197.5 3.0625 0.0
197.5 3.1375 0.0
197.5 3.2125 0.0
197.5 3.2875 0.0
197.5 3.3625000000000003 0.0
197.5 3.4375 0.0
197.5 3.5125 0.0
197.5 3.5875 0.0
197.5 3.6625 0.0
197.5 3.7375000000000003 0.0
197.5 3.8125 0.0
197.5 3.8874999999999997 0.0
197.5 3.9625 0.0
197.5 4.0375 0.0
197.5 4.1125 1.9680706653038364e-09
197.5 4.1875 5.969814351421639e-08
197.5 4.262499999999999 2.921928914421096e-06
197.5 4.3374999999999995 2.4589730915861233e-05
197.5 4.4125 1.5503804677708523e-05
197.5 4.4875 3.988623215015775e-07
197.5 4.5625 0.0
197.5 4.637499999999999 0.0
197.5 4.7124999999999995 0.0
197.5 4.7875 0.0
197.5 4.862499999999999 0.0
197.5 4.9375 0.0
197.5 5.012499999999999 0.0
197.5 5.0874999999999995 0.0
197.5 5.1625 0.0
197.5 5.237499999999999 0.0
197.5 5.3125 0.0
197.5 5.387499999999999 0.0
202.5 2.4625 0.0
202.5 2.5375 0.0
202.5 2.6125000000000003 0.0
202.5 2.6875 0.0
202.5 2.7625 0.0
202.5 2.8375 0.0
202.5 2.9125 0.0
202.5 2.9875000000000003 0.0
202.5 3.0625 0.0
202.5 3.1375 0.0
202.5 3.2125 0.0
202.5 3.2875 0.0
202.5 3.3625000000000003 0.0
202.5 3.4375 0.0
202.5 3.5125 0.0
202.5 3.5875 0.0
202.5 3.6625 0.0
202.5 3.7375000000000003 0.0
202.5 3.8125 0.0
202.5 3.8874999999999997 0.0
202.5 3.9625 0.0
202.5 4.0375 0.0
202.5 4.1125 5.904211995911509e-09
202.5 4.1875 3.6081295530570336e-08
202.5 4.262499999999999 2.7467706252090547e-06
202.5 4.3374999999999995 2.8732519666325815e-05
202.5 4.4125 2.078151417849831e-05
202.5 4.4875 6.199422595707086e-07
202.5 4.5625 0.0
202.5 4.637499999999999 0.0
202.5 4.7124999999999995 0.0
202.5 4.7875 0.0
202.5 4.862499999999999 0.0
202.5 4.9375 0.0
202.5 5.012499999999999 0.0
202.5 5.0874999999999995 0.0
202.5 5.1625 0.0
202.5 5.237499999999999 0.0
202.5 5.3125 0.0
202.5 5.387499999999999 0.0
207.5 2.4625 0.0
207.5 2.5375 0.0
207.5 2.6125000000000003 0.0
207.5 2.6875 0.0
207.5 2.7625 0.0
207.5 2.8375 0.0
207.5 2.9125 0.0
207.5 2.9875000000000003 0.0
207.5 3.0625 0.0
207.5 3.1375 0.0
207.5 3.2125 0.0
207.5 3.2875 0.0
207.5 3.3625000000000003 0.0
207.5 3.4375 0.0
207.5 3.5125 0.0
207.5 3.5875 0.0
207.5 3.6625 0.0
207.5 3.7375000000000003 0.0
207.5 3.8125 0.0
207.5 3.8874999999999997 0.0
207.5 3.9625 0.0
207.5 4.0375 0.0
207.5 4.1125 0.0
207.5 4.1875 8.06908972774573e-08
207.5 4.262499999999999 2.760547119866182e-06
207.5 4.3374999999999995 3.193719473299556e-05
207.5 4.4125 2.6414788446152996e-05
207.5 4.4875 9.636986024437788e-07
207.5 4.5625 0.0
207.5 4.637499999999999 0.0
207.5 4.7124999999999995 0.0
207.5 4.7875 0.0
207.5 4.862499999999999 0.0
207.5 4.9375 0.0
207.5 5.012499999999999 0.0
207.5 5.0874999999999995 0.0
207.5 5.1625 0.0
207.5 5.237499999999999 0.0
207.5 5.3125 0.0
207.5 5.387499999999999 0.0
212.5 2.4625 0.0
212.5 2.5375 0.0
212.5 2.6125000000000003 0.0
212.5 2.6875 0.0
212.5 2.7625 0.0
212.5 2.8375 0.0
212.5 2.9125 0.0
212.5 2.9875000000000003 0.0
212.5 3.0625 0.0
212.5 3.1375 0.0
212.5 3.2125 0.0
212.5 3.2875 0.0
212.5 3.3625000000000003 0.0
212.5 3.4375 0.0
212.5 3.5125 0.0
212.5 3.5875 0.0
212.5 3.6625 0.0
212.5 3.7375000000000003 0.0
212.5 3.8125 0.0
212.5 3.8874999999999997 0.0
212.5 3.9625 0.0
212.5 4.0375 0.0
212.5 4.1125 0.0
212.5 4.1875 4.9201766632595913e-08
212.5 4.262499999999999 2.6949447643560537e-06
212.5 4.3374999999999995 3.5114316810351055e-05
212.5 4.4125 3.230391190029717e-05
212.5 4.4875 1.294334474214823e-06
212.5 4.5625 0.0
212.5 4.637499999999999 0.0
212.5 4.7124999999999995 0.0
212.5 4.7875 0.0
212.5 4.862499999999999 0.0
212.5 4.9375 0.0
212.5 5.012499999999999 0.0
212.5 5.0874999999999995 0.0
212.5 5.1625 0.0
212.5 5.237499999999999 0.0
212.5 5.3125 0.0
212.5 5.387499999999999 0.0
217.5 2.4625 0.0
217.5 2.5375 0.0
217.5 2.6125000000000003 0.0
217.5 2.6875 0.0
217.5 2.7625 0.0
217.5 2.8375 0.0
217.5 2.9125 0.0
217.5 2.9875000000000003 0.0
217.5 3.0625 0.0
217.5 3.1375 0.0
217.5 3.2125 0.0
217.5 3.2875 0.0
217.5 3.3625000000000003 0.0
217.5 3.4375 0.0
217.5 3.5125 0.0
217.5 3.5875 0.0
217.5 3.6625 0.0
217.5 3.7375000000000003 0.0
217.5 3.8125 0.0
217.5 3.8874999999999997 0.0
217.5 3.9625 0.0
217.5 4.0375 0.0
217.5 4.1125 0.0
217.5 4.1875 1.2464447546924297e-08
217.5 4.262499999999999 2.17996627360155e-06
217.5 4.3374999999999995 3.6164610522068205e-05
217.5 4.4125 3.85223591791022e-05
217.5 4.4875 1.8801635089202653e-06
217.5 4.5625 0.0
217.5 4.637499999999999 0.0
217.5 4.7124999999999995 0.0
217.5 4.7875 0.0
217.5 4.862499999999999 0.0
217.5 4.9375 0.0
217.5 5.012499999999999 0.0
217.5 5.0874999999999995 0.0
217.5 5.1625 0.0
217.5 5.237499999999999 0.0
217.5 5.3125 0.0
217.5 5.387499999999999 0.0
222.5 2.4625 0.0
222.5 2.5375 0.0
222.5 2.6125000000000003 0.0
222.5 2.6875 0.0
222.5 2.7625 0.0
222.5 2.8375 0.0
222.5 2.9125 0.0
222.5 2.9875000000000003 0.0
222.5 3.0625 0.0
222.5 3.1375 0.0
222.5 3.2125 0.0
222.5 3.2875 0.0
222.5 3.3625000000000003 0.0
222.5 3.4375 0.0
222.5 3.5125 0.0
222.5 3.5875 0.0
222.5 3.6625 0.0
222.5 3.7375000000000003 0.0
222.5 3.8125 0.0
222.5 3.8874999999999997 0.0
222.5 3.9625 0.0
222.5 4.0375 0.0
222.5 4.1125 0.0
222.5 4.1875 2.0336730208139645e-08
222.5 4.262499999999999 2.142572930960777e-06
222.5 4.3374999999999995 3.802771741855583e-05
222.5 4.4125 4.460304151133595e-05
222.5 4.4875 2.654271303939774e-06
222.5 4.5625 5.24818844081023e-09
222.5 4.637499999999999 0.0
222.5 4.7124999999999995 0.0
222.5 4.7875 0.0
222.5 4.862499999999999 0.0
222.5 4.9375 0.0
222.5 5.012499999999999 0.0
222.5 5.0874999999999995 0.0
222.5 5.1625 0.0
222.5 5.237499999999999 0.0
222.5 5.3125 0.0
222.5 5.387499999999999 0.0
227.5 2.4625 0.0
227.5 2.5375 0.0
227.5 2.6125000000000003 0.0
227.5 2.6875 0.0
227.5 2.7625 0.0
227.5 2.8375 0.0
227.5 2.9125 0.0
227.5 2.9875000000000003 0.0
227.5 3.0625 0.0
227.5 3.1375 0.0
227.5 3.2125 0.0
227.5 3.2875 0.0
227.5 3.3625000000000003 0.0
227.5 3.4375 0.0
227.5 3.5125 0.0
227.5 3.5875 0.0
227.5 3.6625 0.0
227.5 3.7375000000000003 0.0
227.5 3.8125 0.0
227.5 3.8874999999999997 0.0
227.5 3.9625 0.0
227.5 4.0375 0.0
227.5 4.1125 0.0
227.5 4.1875 3.542527197546906e-08
227.5 4.262499999999999 1.922149016446747e-06
227.5 4.3374999999999995 3.699448031927132e-05
227.5 4.4125 5.077687918839409e-05
227.5 4.4875 3.4159146514123586e-06
227.5 4.5625 2.6240942204051154e-09
227.5 4.637499999999999 0.0
227.5 4.7124999999999995 0.0
227.5 4.7875 0.0
227.5 4.862499999999999 0.0
227.5 4.9375 0.0
227.5 5.012499999999999 0.0
227.5 5.0874999999999995 0.0
227.5 5.1625 0.0
227.5 5.237499999999999 0.0
227.5 5.3125 0.0
227.5 5.387499999999999 0.0
232.5 2.4625 0.0
232.5 2.5375 0.0
232.5 2.6125000000000003 0.0
232.5 2.6875 0.0
232.5 2.7625 0.0
232.5 2.8375 0.0
232.5 2.9125 0.0
232.5 2.9875000000000003 0.0
232.5 3.0625 0.0
232.5 3.1375 0.0
232.5 3.2125 0.0
232.5 3.2875 0.0
232.5 3.3625000000000003 0.0
232.5 3.4375 0.0
232.5 3.5125 0.0
232.5 3.5875 0.0
232.5 3.6625 0.0
232.5 3.7375000000000003 0.0
232.5 3.8125 0.0
232.5 3.8874999999999997 0.0
232.5 3.9625 0.0
232.5 4.0375 0.0
232.5 4.1125 0.0
232.5 4.1875 1.3776494657126856e-08
232.5 4.262499999999999 1.7155015965898443e-06
232.5 4.3374999999999995 3.6603490280430954e-05
232.5 4.4125 5.5890582800408555e-05
232.5 4.4875 4.219543506411425e-06
232.5 4.5625 2.6240942204051154e-09
232.5 4.637499999999999 0.0
232.5 4.7124999999999995 0.0
232.5 4.7875 0.0
232.5 4.862499999999999 0.0
232.5 4.9375 0.0
232.5 5.012499999999999 0.0
232.5 5.0874999999999995 0.0
232.5 5.1625 0.0
232.5 5.237499999999999 0.0
232.5 5.3125 0.0
232.5 5.387499999999999 0.0
237.5 2.4625 0.0
237.5 2.5375 0.0
237.5 2.6125000000000003 0.0
237.5 2.6875 0.0
237.5 2.7625 0.0
237.5 2.8375 0.0
237.5 2.9125 0.0
237.5 2.9875000000000003 0.0
237.5 3.0625 0.0
237.5 3.1375 0.0
237.5 3.2125 0.0
237.5 3.2875 0.0
237.5 3.3625000000000003 0.0
237.5 3.4375 0.0
237.5 3.5125 0.0
237.5 3.5875 0.0
237.5 3.6625 0.0
237.5 3.7375000000000003 0.0
237.5 3.8125 0.0
237.5 3.8874999999999997 0.0
237.5 3.9625 0.0
237.5 4.0375 0.0
237.5 4.1125 0.0
237.5 4.1875 1.1808423991823017e-08
237.5 4.262499999999999 1.4662126456513582e-06
237.5 4.3374999999999995 3.372157880287104e-05
237.5 4.4125 6.174690507679768e-05
237.5 4.4875 5.147816836879736e-06
237.5 4.5625 1.180842399182302e-08
237.5 4.637499999999999 0.0
237.5 4.7124999999999995 0.0
237.5 4.7875 0.0
237.5 4.862499999999999 0.0
237.5 4.9375 0.0
237.5 5.012499999999999 0.0
237.5 5.0874999999999995 0.0
237.5 5.1625 0.0
237.5 5.237499999999999 0.0
237.5 5.3125 0.0
237.5 5.387499999999999 0.0
242.5 2.4625 0.0
242.5 2.5375 0.0
242.5 2.6125000000000003 0.0
242.5 2.6875 0.0
242.5 2.7625 0.0
242.5 2.8375 0.0
242.5 2.9125 0.0
242.5 2.9875000000000003 0.0
242.5 3.0625 0.0
242.5 3.1375 0.0
242.5 3.2125 0.0
242.5 3.2875 0.0
242.5 3.3625000000000003 0.0
242.5 3.4375 0.0
242.5 3.5125 0.0
242.5 3.5875 0.0
242.5 3.6625 0.0
242.5 3.7375000000000003 0.0
242.5 3.8125 0.0
242.5 3.8874999999999997 0.0
242.5 3.9625 0.0
242.5 4.0375 0.0
242.5 4.1125 0.0
242.5 4.1875 1.9680706653038364e-09
242.5 4.262499999999999 1.2129875533822648e-06
242.5 4.3374999999999995 3.174432380779578e-05
242.5 4.4125 6.527237566191195e-05
242.5 4.4875 6.7301456517840195e-06
242.5 4.5625 2.0336730208139645e-08
242.5 4.637499999999999 0.0
242.5 4.7124999999999995 0.0
242.5 4.7875 0.0
242.5 4.862499999999999 0.0
242.5 4.9375 0.0
242.5 5.012499999999999 0.0
242.5 5.0874999999999995 0.0
242.5 5.1625 0.0
242.5 5.237499999999999 0.0
242.5 5.3125 0.0
242.5 5.387499999999999 0.0
247.5 2.4625 0.0
247.5 2.5375 0.0
247.5 2.6125000000000003 0.0
247.5 2.6875 0.0
247.5 2.7625 0.0
247.5 2.8375 0.0
247.5 2.9125 0.0
247.5 2.9875000000000003 0.0
247.5 3.0625 0.0
247.5 3.1375 0.0
247.5 3.2125 0.0
247.5 3.2875 0.0
247.5 3.3625000000000003 0.0
247.5 3.4375 0.0
247.5 3.5125 0.0
247.5 3.5875 0.0
247.5 3.6625 0.0
247.5 3.7375000000000003 0.0
247.5 3.8125 0.0
247.5 3.8874999999999997 0.0
247.5 3.9625 0.0
247.5 4.0375 0.0
247.5 4.1125 0.0
247.5 4.1875 3.2801177755063943e-09
247.5 4.262499999999999 8.823516816112202e-07
247.5 4.3374999999999995 2.822344538756722e-05
247.5 4.4125 6.765636526115e-05
247.5 4.4875 8.225879357414935e-06
247.5 4.5625 2.2304800873443484e-08
247.5 4.637499999999999 0.0
247.5 4.7124999999999995 0.0
247.5 4.7875 0.0
247.5 4.862499999999999 0.0
247.5 4.9375 0.0
247.5 5.012499999999999 0.0
247.5 5.0874999999999995 0.0
247.5 5.1625 0.0
247.5 5.237499999999999 0.0
247.5 5.3125 0.0
247.5 5.387499999999999 0.0
252.5 2.4625 0.0
252.5 2.5375 0.0
252.5 2.6125000000000003 0.0
252.5 2.6875 0.0
252.5 2.7625 0.0
252.5 2.8375 0.0
252.5 2.9125 0.0
252.5 2.9875000000000003 0.0
252.5 3.0625 0.0
252.5 3.1375 0.0
252.5 3.2125 0.0
252.5 3.2875 0.0
252.5 3.3625000000000003 0.0
252.5 3.4375 0.0
252.5 3.5125 0.0
252.5 3.5875 0.0
252.5 3.6625 0.0
252.5 3.7375000000000003 0.0
252.5 3.8125 0.0
252.5 3.8874999999999997 0.0
252.5 3.9625 0.0
252.5 4.0375 0.0
252.5 4.1125 0.0
252.5 4.1875 2.6240942204051154e-09
252.5 4.262499999999999 6.369988720033419e-07
252.5 4.3374999999999995 2.5031234768444395e-05
252.5 4.4125 6.972415150682922e-05
252.5 4.4875 9.488724700984899e-06
252.5 4.5625 5.379393151830487e-08
252.5 4.637499999999999 0.0
252.5 4.7124999999999995 0.0
252.5 4.7875 0.0
252.5 4.862499999999999 0.0
252.5 4.9375 0.0
252.5 5.012499999999999 0.0
252.5 5.0874999999999995 0.0
252.5 5.1625 0.0
252.5 5.237499999999999 0.0
252.5 5.3125 0.0
252.5 5.387499999999999 0.0
257.5 2.4625 0.0
257.5 2.5375 0.0
257.5 2.6125000000000003 0.0
257.5 2.6875 0.0
257.5 2.7625 0.0
257.5 2.8375 0.0
257.5 2.9125 0.0
257.5 2.9875000000000003 0.0
257.5 3.0625 0.0
257.5 3.1375 0.0
257.5 3.2125 0.0
257.5 3.2875 0.0
257.5 3.3625000000000003 0.0
257.5 3.4375 0.0
257.5 3.5125 0.0
257.5 3.5875 0.0
257.5 3.6625 0.0
257.5 3.7375000000000003 0.0
257.5 3.8125 0.0
257.5 3.8874999999999997 0.0
257.5 3.9625 0.0
257.5 4.0375 0.0
257.5 4.1125 0.0
257.5 4.1875 0.0
257.5 4.262499999999999 5.982934822523664e-07
257.5 4.3374999999999995 2.1926275282150045e-05
257.5 4.4125 7.141406818477012e-05
257.5 4.4875 1.107630170432999e-05
257.5 4.5625 4.854574307749464e-08
257.5 4.637499999999999 0.0
257.5 4.7124999999999995 0.0
257.5 4.7875 0.0
257.5 4.862499999999999 0.0
257.5 4.9375 0.0
257.5 5.012499999999999 0.0
257.5 5.0874999999999995 0.0
257.5 5.1625 0.0
257.5 5.237499999999999 0.0
257.5 5.3125 0.0
257.5 5.387499999999999 0.0
262.5 2.4625 0.0
262.5 2.5375 0.0
262.5 2.6125000000000003 0.0
262.5 2.6875 0.0
262.5 2.7625 0.0
262.5 2.8375 0.0
262.5 2.9125 0.0
262.5 2.9875000000000003 0.0
262.5 3.0625 0.0
262.5 3.1375 0.0
262.5 3.2125 0.0
262.5 3.2875 0.0
262.5 3.3625000000000003 0.0
262.5 3.4375 0.0
262.5 3.5125 0.0
262.5 3.5875 0.0
262.5 3.6625 0.0
262.5 3.7375000000000003 0.0
262.5 3.8125 0.0
262.5 3.8874999999999997 0.0
262.5 3.9625 0.0
262.5 4.0375 0.0
262.5 4.1125 0.0
262.5 4.1875 0.0
262.5 4.262499999999999 5.025140432075796e-07
262.5 4.3374999999999995 1.940452073634073e-05
262.5 4.4125 7.117133946938263e-05
262.5 4.4875 1.1988830469475873e-05
262.5 4.5625 4.1329483971380564e-08
262.5 4.637499999999999 0.0
262.5 4.7124999999999995 0.0
262.5 4.7875 0.0
262.5 4.862499999999999 0.0
262.5 4.9375 0.0
262.5 5.012499999999999 0.0
262.5 5.0874999999999995 0.0
262.5 5.1625 0.0
262.5 5.237499999999999 0.0
262.5 5.3125 0.0
262.5 5.387499999999999 0.0
267.5 2.4625 0.0
267.5 2.5375 0.0
267.5 2.6125000000000003 0.0
267.5 2.6875 0.0
267.5 2.7625 0.0
267.5 2.8375 0.0
267.5 2.9125 0.0
267.5 2.9875000000000003 0.0
267.5 3.0625 0.0
267.5 3.1375 0.0
267.5 3.2125 0.0
267.5 3.2875 0.0
267.5 3.3625000000000003 0.0
267.5 3.4375 0.0
267.5 3.5125 0.0
267.5 3.5875 0.0
267.5 3.6625 0.0
267.5 3.7375000000000003 0.0
267.5 3.8125 0.0
267.5 3.8874999999999997 0.0
267.5 3.9625 0.0
267.5 4.0375 0.0
267.5 4.1125 0.0
267.5 4.1875 1.9680706653038364e-09
267.5 4.262499999999999 3.9099003884036226e-07
267.5 4.3374999999999995 1.753878974563269e-05
267.5 4.4125 7.034081364862442e-05
267.5 4.4875 1.393197223968586e-05
267.5 4.5625 6.16662141795202e-08
267.5 4.637499999999999 0.0
267.5 4.7124999999999995 0.0
267.5 4.7875 0.0
267.5 4.862499999999999 0.0
267.5 4.9375 0.0
267.5 5.012499999999999 0.0
267.5 5.0874999999999995 0.0
267.5 5.1625 0.0
267.5 5.237499999999999 0.0
267.5 5.3125 0.0
267.5 5.387499999999999 0.0
272.5 2.4625 0.0
272.5 2.5375 0.0
272.5 2.6125000000000003 0.0
272.5 2.6875 0.0
272.5 2.7625 0.0
272.5 2.8375 0.0
272.5 2.9125 0.0
272.5 2.9875000000000003 0.0
272.5 3.0625 0.0
272.5 3.1375 0.0
272.5 3.2125 0.0
272.5 3.2875 0.0
272.5 3.3625000000000003 0.0
272.5 3.4375 0.0
272.5 3.5125 0.0
272.5 3.5875 0.0
272.5 3.6625 0.0
272.5 3.7375000000000003 0.0
272.5 3.8125 0.0
272.5 3.8874999999999997 0.0
272.5 3.9625 0.0
272.5 4.0375 0.0
272.5 4.1125 0.0
272.5 4.1875 6.560235551012788e-10
272.5 4.262499999999999 2.650335162609167e-07
272.5 4.3374999999999995 1.4824164274623597e-05
272.5 4.4125 6.83793032188716e-05
272.5 4.4875 1.5941372388961076e-05
272.5 4.5625 1.0037160393049567e-07
272.5 4.637499999999999 0.0
272.5 4.7124999999999995 0.0
272.5 4.7875 0.0
272.5 4.862499999999999 0.0
272.5 4.9375 0.0
272.5 5.012499999999999 0.0
272.5 5.0874999999999995 0.0
272.5 5.1625 0.0
272.5 5.237499999999999 0.0
272.5 5.3125 0.0
272.5 5.387499999999999 0.0
277.5 2.4625 0.0
277.5 2.5375 0.0
277.5 2.6125000000000003 0.0
277.5 2.6875 0.0
277.5 2.7625 0.0
277.5 2.8375 0.0
277.5 2.9125 0.0
277.5 2.9875000000000003 0.0
277.5 3.0625 0.0
277.5 3.1375 0.0
277.5 3.2125 0.0
277.5 3.2875 0.0
277.5 3.3625000000000003 0.0
277.5 3.4375 0.0
277.5 3.5125 0.0
277.5 3.5875 0.0
277.5 3.6625 0.0
277.5 3.7375000000000003 0.0
277.5 3.8125 0.0
277.5 3.8874999999999997 0.0
277.5 3.9625 0.0
277.5 4.0375 0.0
277.5 4.1125 0.0
277.5 4.1875 0.0
277.5 4.262499999999999 1.8106250120795297e-07
277.5 4.3374999999999995 1.138266470456229e-05
277.5 4.4125 6.42260180915254e-05
277.5 4.4875 1.7372159762636967e-05
277.5 4.5625 1.24644475469243e-07
277.5 4.637499999999999 0.0
277.5 4.7124999999999995 0.0
277.5 4.7875 0.0
277.5 4.862499999999999 0.0
277.5 4.9375 0.0
277.5 5.012499999999999 0.0
277.5 5.0874999999999995 0.0
277.5 5.1625 0.0
277.5 5.237499999999999 0.0
277.5 5.3125 0.0
277.5 5.387499999999999 0.0
282.5 2.4625 0.0
282.5 2.5375 0.0
282.5 2.6125000000000003 0.0
282.5 2.6875 0.0
282.5 2.7625 0.0
282.5 2.8375 0.0
282.5 2.9125 0.0
282.5 2.9875000000000003 0.0
282.5 3.0625 0.0
282.5 3.1375 0.0
282.5 3.2125 0.0
282.5 3.2875 0.0
282.5 3.3625000000000003 0.0
282.5 3.4375 0.0
282.5 3.5125 0.0
282.5 3.5875 0.0
282.5 3.6625 0.0
282.5 3.7375000000000003 0.0
282.5 3.8125 0.0
282.5 3.8874999999999997 0.0
282.5 3.9625 0.0
282.5 4.0375 0.0
282.5 4.1125 0.0
282.5 4.1875 0.0
282.5 4.262499999999999 1.4629325278758517e-07
282.5 4.3374999999999995 9.989270673527173e-06
282.5 4.4125 6.233470218216841e-05
282.5 4.4875 1.8233518690484945e-05
282.5 4.5625 1.2398845191414173e-07
282.5 4.637499999999999 0.0
282.5 4.7124999999999995 0.0
282.5 4.7875 0.0
282.5 4.862499999999999 0.0
282.5 4.9375 0.0
282.5 5.012499999999999 0.0
282.5 5.0874999999999995 0.0
282.5 5.1625 0.0
282.5 5.237499999999999 0.0
282.5 5.3125 0.0
282.5 5.387499999999999 0.0
287.5 2.4625 0.0
287.5 2.5375 0.0
287.5 2.6125000000000003 0.0
287.5 2.6875 0.0
287.5 2.7625 0.0
287.5 2.8375 0.0
287.5 2.9125 0.0
287.5 2.9875000000000003 0.0
287.5 3.0625 0.0
287.5 3.1375 0.0
287.5 3.2125 0.0
287.5 3.2875 0.0
287.5 3.3625000000000003 0.0
287.5 3.4375 0.0
287.5 3.5125 0.0
287.5 3.5875 0.0
287.5 3.6625 0.0
287.5 3.7375000000000003 0.0
287.5 3.8125 0.0
287.5 3.8874999999999997 0.0
287.5 3.9625 0.0
287.5 4.0375 0.0
287.5 4.1125 0.0
287.5 4.1875 0.0
287.5 4.262499999999999 9.643546259988799e-08
287.5 4.3374999999999995 8.316410608018913e-06
287.5 4.4125 5.6769654364244266e-05
287.5 4.4875 1.9462250809189638e-05
287.5 4.5625 1.8171852476305427e-07
287.5 4.637499999999999 0.0
287.5 4.7124999999999995 0.0
287.5 4.7875 0.0
287.5 4.862499999999999 0.0
287.5 4.9375 0.0
287.5 5.012499999999999 0.0
287.5 5.0874999999999995 0.0
287.5 5.1625 0.0
287.5 5.237499999999999 0.0
287.5 5.3125 0.0
287.5 5.387499999999999 0.0
292.5 2.4625 0.0
292.5 2.5375 0.0
292.5 2.6125000000000003 0.0
292.5 2.6875 0.0
292.5 2.7625 0.0
292.5 2.8375 0.0
292.5 2.9125 0.0
292.5 2.9875000000000003 0.0
292.5 3.0625 0.0
292.5 3.1375 0.0
292.5 3.2125 0.0
292.5 3.2875 0.0
292.5 3.3625000000000003 0.0
292.5 3.4375 0.0
292.5 3.5125 0.0
292.5 3.5875 0.0
292.5 3.6625 0.0
292.5 3.7375000000000003 0.0
292.5 3.8125 0.0
292.5 3.8874999999999997 0.0
292.5 3.9625 0.0
292.5 4.0375 0.0
292.5 4.1125 0.0
292.5 4.1875 0.0
292.5 4.262499999999999 5.116983729789975e-08
292.5 4.3374999999999995 6.575324092780118e-06
292.5 4.4125 5.3008015299293534e-05
292.5 4.4875 1.975483731476481e-05
292.5 4.5625 2.4666485671808086e-07
292.5 4.637499999999999 0.0
292.5 4.7124999999999995 0.0
292.5 4.7875 0.0
292.5 4.862499999999999 0.0
292.5 4.9375 0.0
292.5 5.012499999999999 0.0
292.5 5.0874999999999995 0.0
292.5 5.1625 0.0
292.5 5.237499999999999 0.0
292.5 5.3125 0.0
292.5 5.387499999999999 0.0
297.5 2.4625 0.0
297.5 2.5375 0.0
297.5 2.6125000000000003 0.0
297.5 2.6875 0.0
297.5 2.7625 0.0
297.5 2.8375 0.0
297.5 2.9125 0.0
297.5 2.9875000000000003 0.0
297.5 3.0625 0.0
297.5 3.1375 0.0
297.5 3.2125 0.0
297.5 3.2875 0.0
297.5 3.3625000000000003 0.0
297.5 3.4375 0.0
297.5 3.5125 0.0
297.5 3.5875 0.0
297.5 3.6625 0.0
297.5 3.7375000000000003 0.0
297.5 3.8125 0.0
297.5 3.8874999999999997 0.0
297.5 3.9625 0.0
297.5 4.0375 0.0
297.5 4.1125 0.0
297.5 4.1875 0.0
297.5 4.262499999999999 4.132948397138057e-08
297.5 4.3374999999999995 5.298046230997928e-06
297.5 4.4125 4.914797270107761e-05
297.5 4.4875 2.1415232932726144e-05
297.5 4.5625 2.670015869262205e-07
297.5 4.637499999999999 0.0
297.5 4.7124999999999995 0.0
297.5 4.7875 0.0
297.5 4.862499999999999 0.0
297.5 4.9375 0.0
297.5 5.012499999999999 0.0
297.5 5.0874999999999995 0.0
297.5 5.1625 0.0
297.5 5.237499999999999 0.0
297.5 5.3125 0.0
297.5 5.387499999999999 0.0
302.5 2.4625 0.0
302.5 2.5375 0.0
302.5 2.6125000000000003 0.0
302.5 2.6875 0.0
302.5 2.7625 0.0
302.5 2.8375 0.0
302.5 2.9125 0.0
302.5 2.9875000000000003 0.0
302.5 3.0625 0.0
302.5 3.1375 0.0
302.5 3.2125 0.0
302.5 3.2875 0.0
302.5 3.3625000000000003 0.0
302.5 3.4375 0.0
302.5 3.5125 0.0
302.5 3.5875 0.0
302.5 3.6625 0.0
302.5 3.7375000000000003 0.0
302.5 3.8125 0.0
302.5 3.8874999999999997 0.0
302.5 3.9625 0.0
302.5 4.0375 0.0
302.5 4.1125 0.0
302.5 4.1875 0.0
302.5 4.262499999999999 7.019452039583685e-08
302.5 4.3374999999999995 4.189366422876767e-06
302.5 4.4125 4.4278965875115916e-05
302.5 4.4875 2.306710024447117e-05
302.5 4.5625 3.7852559129343787e-07
302.5 4.637499999999999 0.0
302.5 4.7124999999999995 0.0
302.5 4.7875 0.0
302.5 4.862499999999999 0.0
302.5 4.9375 0.0
302.5 5.012499999999999 0.0
302.5 5.0874999999999995 0.0
302.5 5.1625 0.0
302.5 5.237499999999999 0.0
302.5 5.3125 0.0
302.5 5.387499999999999 0.0
307.5 2.4625 0.0
307.5 2.5375 0.0
307.5 2.6125000000000003 0.0
307.5 2.6875 0.0
307.5 2.7625 0.0
307.5 2.8375 0.0
307.5 2.9125 0.0
307.5 2.9875000000000003 0.0
307.5 3.0625 0.0
307.5 3.1375 0.0
307.5 3.2125 0.0
307.5 3.2875 0.0
307.5 3.3625000000000003 0.0
307.5 3.4375 0.0
307.5 3.5125 0.0
307.5 3.5875 0.0
307.5 3.6625 0.0
307.5 3.7375000000000003 0.0
307.5 3.8125 0.0
307.5 3.8874999999999997 0.0
307.5 3.9625 0.0
307.5 4.0375 0.0
307.5 4.1125 0.0
307.5 4.1875 0.0
307.5 4.262499999999999 2.4272871538747316e-08
307.5 4.3374999999999995 3.4264110282939794e-06
307.5 4.4125 3.971829012005183e-05
307.5 4.4875 2.2800098657544948e-05
307.5 4.5625 4.1001472193829935e-07
307.5 4.637499999999999 0.0
307.5 4.7124999999999995 0.0
307.5 4.7875 0.0
307.5 4.862499999999999 0.0
307.5 4.9375 0.0
307.5 5.012499999999999 0.0
307.5 5.0874999999999995 0.0
307.5 5.1625 0.0
307.5 5.237499999999999 0.0
307.5 5.3125 0.0
307.5 5.387499999999999 0.0
312.5 2.4625 0.0
312.5 2.5375 0.0
312.5 2.6125000000000003 0.0
312.5 2.6875 0.0
312.5 2.7625 0.0
312.5 2.8375 0.0
312.5 2.9125 0.0
312.5 2.9875000000000003 0.0
312.5 3.0625 0.0
312.5 3.1375 0.0
312.5 3.2125 0.0
312.5 3.2875 0.0
312.5 3.3625000000000003 0.0
312.5 3.4375 0.0
312.5 3.5125 0.0
312.5 3.5875 0.0
312.5 3.6625 0.0
312.5 3.7375000000000003 0.0
312.5 3.8125 0.0
312.5 3.8874999999999997 0.0
312.5 3.9625 0.0
312.5 4.0375 0.0
312.5 4.1125 0.0
312.5 4.1875 0.0
312.5 4.262499999999999 3.5425271975469054e-08
312.5 4.3374999999999995 2.8149970749395877e-06
312.5 4.4125 3.60097889630643e-05
312.5 4.4875 2.4218421583673913e-05
312.5 4.5625 4.506881823545786e-07
312.5 4.637499999999999 0.0
312.5 4.7124999999999995 0.0
312.5 4.7875 0.0
312.5 4.862499999999999 0.0
312.5 4.9375 0.0
312.5 5.012499999999999 0.0
312.5 5.0874999999999995 0.0
312.5 5.1625 0.0
312.5 5.237499999999999 0.0
312.5 5.3125 0.0
312.5 5.387499999999999 0.0
317.5 2.4625 0.0
317.5 2.5375 0.0
317.5 2.6125000000000003 0.0
317.5 2.6875 0.0
317.5 2.7625 0.0
317.5 2.8375 0.0
317.5 2.9125 0.0
317.5 2.9875000000000003 0.0
317.5 3.0625 0.0
317.5 3.1375 0.0
317.5 3.2125 0.0
317.5 3.2875 0.0
317.5 3.3625000000000003 0.0
317.5 3.4375 0.0
317.5 3.5125 0.0
317.5 3.5875 0.0
317.5 3.6625 0.0
317.5 3.7375000000000003 0.0
317.5 3.8125 0.0
317.5 3.8874999999999997 0.0
317.5 3.9625 0.0
317.5 4.0375 0.0
317.5 4.1125 0.0
317.5 4.1875 0.0
317.5 4.262499999999999 2.7552989314253712e-08
317.5 4.3374999999999995 1.8854116973610755e-06
317.5 4.4125 3.18565038357181e-05
317.5 4.4875 2.3534189015703275e-05
317.5 4.5625 5.287549854116308e-07
317.5 4.637499999999999 0.0
317.5 4.7124999999999995 0.0
317.5 4.7875 0.0
317.5 4.862499999999999 0.0
317.5 4.9375 0.0
317.5 5.012499999999999 0.0
317.5 5.0874999999999995 0.0
317.5 5.1625 0.0
317.5 5.237499999999999 0.0
317.5 5.3125 0.0
317.5 5.387499999999999 0.0
322.5 2.4625 0.0
322.5 2.5375 0.0
322.5 2.6125000000000003 0.0
322.5 2.6875 0.0
322.5 2.7625 0.0
322.5 2.8375 0.0
322.5 2.9125 0.0
322.5 2.9875000000000003 0.0
322.5 3.0625 0.0
322.5 3.1375 0.0
322.5 3.2125 0.0
322.5 3.2875 0.0
322.5 3.3625000000000003 0.0
322.5 3.4375 0.0
322.5 3.5125 0.0
322.5 3.5875 0.0
322.5 3.6625 0.0
322.5 3.7375000000000003 0.0
322.5 3.8125 0.0
322.5 3.8874999999999997 0.0
322.5 3.9625 0.0
322.5 4.0375 0.0
322.5 4.1125 0.0
322.5 4.1875 0.0
322.5 4.262499999999999 2.296082442854476e-08
322.5 4.3374999999999995 1.6761401832837676e-06
322.5 4.4125 2.7922986599330835e-05
322.5 4.4875 2.3230450109691387e-05
322.5 4.5625 5.189146320851116e-07
322.5 4.637499999999999 0.0
322.5 4.7124999999999995 0.0
322.5 4.7875 0.0
322.5 4.862499999999999 0.0
322.5 4.9375 0.0
322.5 5.012499999999999 0.0
322.5 5.0874999999999995 0.0
322.5 5.1625 0.0
322.5 5.237499999999999 0.0
322.5 5.3125 0.0
322.5 5.387499999999999 0.0
327.5 2.4625 0.0
327.5 2.5375 0.0
327.5 2.6125000000000003 0.0
327.5 2.6875 0.0
327.5 2.7625 0.0
327.5 2.8375 0.0
327.5 2.9125 0.0
327.5 2.9875000000000003 0.0
327.5 3.0625 0.0
327.5 3.1375 0.0
327.5 3.2125 0.0
327.5 3.2875 0.0
327.5 3.3625000000000003 0.0
327.5 3.4375 0.0
327.5 3.5125 0.0
327.5 3.5875 0.0
327.5 3.6625 0.0
327.5 3.7375000000000003 0.0
327.5 3.8125 0.0
327.5 3.8874999999999997 0.0
327.5 3.9625 0.0
327.5 4.0375 0.0
327.5 4.1125 0.0
327.5 4.1875 0.0
327.5 4.262499999999999 6.560235551012788e-09
327.5 4.3374999999999995 1.2293881422597964e-06
327.5 4.4125 2.4780633770395705e-05
327.5 4.4875 2.2664301781638983e-05
327.5 4.5625 6.547115079910764e-07
327.5 4.637499999999999 0.0
327.5 4.7124999999999995 0.0
327.5 4.7875 0.0
327.5 4.862499999999999 0.0
327.5 4.9375 0.0
327.5 5.012499999999999 0.0
327.5 5.0874999999999995 0.0
327.5 5.1625 0.0
327.5 5.237499999999999 0.0
327.5 5.3125 0.0
327.5 5.387499999999999 0.0
332.5 2.4625 0.0
332.5 2.5375 0.0
332.5 2.6125000000000003 0.0
332.5 2.6875 0.0
332.5 2.7625 0.0
332.5 2.8375 0.0
332.5 2.9125 0.0
332.5 2.9875000000000003 0.0
332.5 3.0625 0.0
332.5 3.1375 0.0
332.5 3.2125 0.0
332.5 3.2875 0.0
332.5 3.3625000000000003 0.0
332.5 3.4375 0.0
332.5 3.5125 0.0
332.5 3.5875 0.0
332.5 3.6625 0.0
332.5 3.7375000000000003 0.0
332.5 3.8125 0.0
332.5 3.8874999999999997 0.0
332.5 3.9625 0.0
332.5 4.0375 0.0
332.5 4.1125 0.0
332.5 4.1875 0.0
332.5 4.262499999999999 1.8368659542835806e-08
332.5 4.3374999999999995 1.0037160393049567e-06
332.5 4.4125 2.1402112461624122e-05
332.5 4.4875 2.22634713894721e-05
332.5 4.5625 7.563951590317745e-07
332.5 4.637499999999999 0.0
332.5 4.7124999999999995 0.0
332.5 4.7875 0.0
332.5 4.862499999999999 0.0
332.5 4.9375 0.0
332.5 5.012499999999999 0.0
332.5 5.0874999999999995 0.0
332.5 5.1625 0.0
332.5 5.237499999999999 0.0
332.5 5.3125 0.0
332.5 5.387499999999999 0.0
337.5 2.4625 0.0
337.5 2.5375 0.0
337.5 2.6125000000000003 0.0
337.5 2.6875 0.0
337.5 2.7625 0.0
337.5 2.8375 0.0
337.5 2.9125 0.0
337.5 2.9875000000000003 0.0
337.5 3.0625 0.0
337.5 3.1375 0.0
337.5 3.2125 0.0
337.5 3.2875 0.0
337.5 3.3625000000000003 0.0
337.5 3.4375 0.0
337.5 3.5125 0.0
337.5 3.5875 0.0
337.5 3.6625 0.0
337.5 3.7375000000000003 0.0
337.5 3.8125 0.0
337.5 3.8874999999999997 0.0
337.5 3.9625 0.0
337.5 4.0375 0.0
337.5 4.1125 0.0
337.5 4.1875 0.0
337.5 4.262499999999999 0.0
337.5 4.3374999999999995 6.789843795298237e-07
337.5 4.4125 1.8450662487223467e-05
337.5 4.4875 2.085236472244925e-05
337.5 4.5625 7.806680305705219e-07
337.5 4.637499999999999 0.0
337.5 4.7124999999999995 0.0
337.5 4.7875 0.0
337.5 4.862499999999999 0.0
337.5 4.9375 0.0
337.5 5.012499999999999 0.0
337.5 5.0874999999999995 0.0
337.5 5.1625 0.0
337.5 5.237499999999999 0.0
337.5 5.3125 0.0
337.5 5.387499999999999 0.0
342.5 2.4625 0.0
342.5 2.5375 0.0
342.5 2.6125000000000003 0.0
342.5 2.6875 0.0
342.5 2.7625 0.0
342.5 2.8375 0.0
342.5 2.9125 0.0
342.5 2.9875000000000003 0.0
342.5 3.0625 0.0
342.5 3.1375 0.0
342.5 3.2125 0.0
342.5 3.2875 0.0
342.5 3.3625000000000003 0.0
342.5 3.4375 0.0
342.5 3.5125 0.0
342.5 3.5875 0.0
342.5 3.6625 0.0
342.5 3.7375000000000003 0.0
342.5 3.8125 0.0
342.5 3.8874999999999997 0.0
342.5 3.9625 0.0
342.5 4.0375 0.0
342.5 4.1125 0.0
342.5 4.1875 0.0
342.5 4.262499999999999 0.0
342.5 4.3374999999999995 5.963254115870625e-07
342.5 4.4125 1.571701233311644e-05
342.5 4.4875 2.0338042255249847e-05
342.5 4.5625 7.839481483460283e-07
342.5 4.637499999999999 2.6240942204051154e-09
342.5 4.7124999999999995 0.0
342.5 4.7875 0.0
342.5 4.862499999999999 0.0
342.5 4.9375 0.0
342.5 5.012499999999999 0.0
342.5 5.0874999999999995 0.0
342.5 5.1625 0.0
342.5 5.237499999999999 0.0
342.5 5.3125 0.0
342.5 5.387499999999999 0.0
347.5 2.4625 0.0
347.5 2.5375 0.0
347.5 2.6125000000000003 0.0
347.5 2.6875 0.0
347.5 2.7625 0.0
347.5 2.8375 0.0
347.5 2.9125 0.0
347.5 2.9875000000000003 0.0
347.5 3.0625 0.0
347.5 3.1375 0.0
347.5 3.2125 0.0
347.5 3.2875 0.0
347.5 3.3625000000000003 0.0
347.5 3.4375 0.0
347.5 3.5125 0.0
347.5 3.5875 0.0
347.5 3.6625 0.0
347.5 3.7375000000000003 0.0
347.5 3.8125 0.0
347.5 3.8874999999999997 0.0
347.5 3.9625 0.0
347.5 4.0375 0.0
347.5 4.1125 0.0
347.5 4.1875 0.0
347.5 4.262499999999999 0.0
347.5 4.3374999999999995 3.8705389750975456e-07
347.5 4.4125 1.3559350860388332e-05
347.5 4.4875 2.042594941163342e-05
347.5 4.5625 8.429902683051433e-07
347.5 4.637499999999999 0.0
347.5 4.7124999999999995 0.0
347.5 4.7875 0.0
347.5 4.862499999999999 0.0
347.5 4.9375 0.0
347.5 5.012499999999999 0.0
347.5 5.0874999999999995 0.0
347.5 5.1625 0.0
347.5 5.237499999999999 0.0
347.5 5.3125 0.0
347.5 5.387499999999999 0.0
352.5 2.4625 0.0
352.5 2.5375 0.0
352.5 2.6125000000000003 0.0
352.5 2.6875 0.0
352.5 2.7625 0.0
352.5 2.8375 0.0
352.5 2.9125 0.0
352.5 2.9875000000000003 0.0
352.5 3.0625 0.0
352.5 3.1375 0.0
352.5 3.2125 0.0
352.5 3.2875 0.0
352.5 3.3625000000000003 0.0
352.5 3.4375 0.0
352.5 3.5125 0.0
352.5 3.5875 0.0
352.5 3.6625 0.0
352.5 3.7375000000000003 0.0
352.5 3.8125 0.0
352.5 3.8874999999999997 0.0
352.5 3.9625 0.0
352.5 4.0375 0.0
352.5 4.1125 0.0
352.5 4.1875 0.0
352.5 4.262499999999999 0.0
352.5 4.3374999999999995 2.7684194025273973e-07
352.5 4.4125 1.1323622584603175e-05
352.5 4.4875 1.9218866070247065e-05
352.5 4.5625 9.794431677662094e-07
352.5 4.637499999999999 0.0
352.5 4.7124999999999995 0.0
352.5 4.7875 0.0
352.5 4.862499999999999 0.0
352.5 4.9375 0.0
352.5 5.012499999999999 0.0
352.5 5.0874999999999995 0.0
352.5 5.1625 0.0
352.5 5.237499999999999 0.0
352.5 5.3125 0.0
352.5 5.387499999999999 0.0
357.5 2.4625 0.0
357.5 2.5375 0.0
357.5 2.6125000000000003 0.0
357.5 2.6875 0.0
357.5 2.7625 0.0
357.5 2.8375 0.0
357.5 2.9125 0.0
357.5 2.9875000000000003 0.0
357.5 3.0625 0.0
357.5 3.1375 0.0
357.5 3.2125 0.0
357.5 3.2875 0.0
357.5 3.3625000000000003 0.0
357.5 3.4375 0.0
357.5 3.5125 0.0
357.5 3.5875 0.0
357.5 3.6625 0.0
357.5 3.7375000000000003 0.0
357.5 3.8125 0.0
357.5 3.8874999999999997 0.0
357.5 3.9625 0.0
357.5 4.0375 0.0
357.5 4.1125 0.0
357.5 4.1875 0.0
357.5 4.262499999999999 2.6240942204051154e-09
357.5 4.3374999999999995 2.1451970251811816e-07
357.5 4.4125 9.379168767282985e-06
357.5 4.4875 1.7705419728628414e-05
357.5 4.5625 9.591064375580698e-07
357.5 4.637499999999999 6.560235551012788e-10
357.5 4.7124999999999995 0.0
357.5 4.7875 0.0
357.5 4.862499999999999 0.0
357.5 4.9375 0.0
357.5 5.012499999999999 0.0
357.5 5.0874999999999995 0.0
357.5 5.1625 0.0
357.5 5.237499999999999 0.0
357.5 5.3125 0.0
357.5 5.387499999999999 0.0
362.5 2.4625 0.0
362.5 2.5375 0.0
362.5 2.6125000000000003 0.0
362.5 2.6875 0.0
362.5 2.7625 0.0
362.5 2.8375 0.0
362.5 2.9125 0.0
362.5 2.9875000000000003 0.0
362.5 3.0625 0.0
362.5 3.1375 0.0
362.5 3.2125 0.0
362.5 3.2875 0.0
362.5 3.3625000000000003 0.0
362.5 3.4375 0.0
362.5 3.5125 0.0
362.5 3.5875 0.0
362.5 3.6625 0.0
362.5 3.7375000000000003 0.0
362.5 3.8125 0.0
362.5 3.8874999999999997 0.0
362.5 3.9625 0.0
362.5 4.0375 0.0
362.5 4.1125 0.0
362.5 4.1875 0.0
362.5 4.262499999999999 0.0
362.5 4.3374999999999995 2.0467934919159904e-07
362.5 4.4125 7.55607930765653e-06
362.5 4.4875 1.6619044721380697e-05
362.5 4.5625 1.2346363307006069e-06
362.5 4.637499999999999 1.9680706653038364e-09
362.5 4.7124999999999995 0.0
362.5 4.7875 0.0
362.5 4.862499999999999 0.0
362.5 4.9375 0.0
362.5 5.012499999999999 0.0
362.5 5.0874999999999995 0.0
362.5 5.1625 0.0
362.5 5.237499999999999 0.0
362.5 5.3125 0.0
362.5 5.387499999999999 0.0
367.5 2.4625 0.0
367.5 2.5375 0.0
367.5 2.6125000000000003 0.0
367.5 2.6875 0.0
367.5 2.7625 0.0
367.5 2.8375 0.0
367.5 2.9125 0.0
367.5 2.9875000000000003 0.0
367.5 3.0625 0.0
367.5 3.1375 0.0
367.5 3.2125 0.0
367.5 3.2875 0.0
367.5 3.3625000000000003 0.0
367.5 3.4375 0.0
367.5 3.5125 0.0
367.5 3.5875 0.0
367.5 3.6625 0.0
367.5 3.7375000000000003 0.0
367.5 3.8125 0.0
367.5 3.8874999999999997 0.0
367.5 3.9625 0.0
367.5 4.0375 0.0
367.5 4.1125 0.0
367.5 4.1875 0.0
367.5 4.262499999999999 0.0
367.5 4.3374999999999995 1.2530049902434426e-07
367.5 4.4125 6.466424182633306e-06
367.5 4.4875 1.5026875553149892e-05
367.5 4.5625 1.0981834312395408e-06
367.5 4.637499999999999 0.0
367.5 4.7124999999999995 0.0
367.5 4.7875 0.0
367.5 4.862499999999999 0.0
367.5 4.9375 0.0
367.5 5.012499999999999 0.0
367.5 5.0874999999999995 0.0
367.5 5.1625 0.0
367.5 5.237499999999999 0.0
367.5 5.3125 0.0
367.5 5.387499999999999 0.0
372.5 2.4625 0.0
372.5 2.5375 0.0
372.5 2.6125000000000003 0.0
372.5 2.6875 0.0
372.5 2.7625 0.0
372.5 2.8375 0.0
372.5 2.9125 0.0
372.5 2.9875000000000003 0.0
372.5 3.0625 0.0
372.5 3.1375 0.0
372.5 3.2125 0.0
372.5 3.2875 0.0
372.5 3.3625000000000003 0.0
372.5 3.4375 0.0
372.5 3.5125 0.0
372.5 3.5875 0.0
372.5 3.6625 0.0
372.5 3.7375000000000003 0.0
372.5 3.8125 0.0
372.5 3.8874999999999997 0.0
372.5 3.9625 0.0
372.5 4.0375 0.0
372.5 4.1125 0.0
372.5 4.1875 0.0
372.5 4.262499999999999 0.0
372.5 4.3374999999999995 9.577943904478671e-08
372.5 4.4125 5.245564346589826e-06
372.5 4.4875 1.4084825728024458e-05
372.5 4.5625 1.1650978338598714e-06
372.5 4.637499999999999 0.0
372.5 4.7124999999999995 0.0
372.5 4.7875 0.0
372.5 4.862499999999999 0.0
372.5 4.9375 0.0
372.5 5.012499999999999 0.0
372.5 5.0874999999999995 0.0
372.5 5.1625 0.0
372.5 5.237499999999999 0.0
372.5 5.3125 0.0
372.5 5.387499999999999 0.0
377.5 2.4625 0.0
377.5 2.5375 0.0
377.5 2.6125000000000003 0.0
377.5 2.6875 0.0
377.5 2.7625 0.0
377.5 2.8375 0.0
377.5 2.9125 0.0
377.5 2.9875000000000003 0.0
377.5 3.0625 0.0
377.5 3.1375 0.0
377.5 3.2125 0.0
377.5 3.2875 0.0
377.5 3.3625000000000003 0.0
377.5 3.4375 0.0
377.5 3.5125 0.0
377.5 3.5875 0.0
377.5 3.6625 0.0
377.5 3.7375000000000003 0.0
377.5 3.8125 0.0
377.5 3.8874999999999997 0.0
377.5 3.9625 0.0
377.5 4.0375 0.0
377.5 4.1125 0.0
377.5 4.1875 0.0
377.5 4.262499999999999 0.0
377.5 4.3374999999999995 8.265896794276114e-08
377.5 4.4125 4.163125480672716e-06
377.5 4.4875 1.2309625987920396e-05
377.5 4.5625 1.1283605147741993e-06
377.5 4.637499999999999 0.0
377.5 4.7124999999999995 0.0
377.5 4.7875 0.0
377.5 4.862499999999999 0.0
377.5 4.9375 0.0
377.5 5.012499999999999 0.0
377.5 5.0874999999999995 0.0
377.5 5.1625 0.0
377.5 5.237499999999999 0.0
377.5 5.3125 0.0
377.5 5.387499999999999 0.0
382.5 2.4625 0.0
382.5 2.5375 0.0
382.5 2.6125000000000003 0.0
382.5 2.6875 0.0
382.5 2.7625 0.0
382.5 2.8375 0.0
382.5 2.9125 0.0
382.5 2.9875000000000003 0.0
382.5 3.0625 0.0
382.5 3.1375 0.0
382.5 3.2125 0.0
382.5 3.2875 0.0
382.5 3.3625000000000003 0.0
382.5 3.4375 0.0
382.5 3.5125 0.0
382.5 3.5875 0.0
382.5 3.6625 0.0
382.5 3.7375000000000003 0.0
382.5 3.8125 0.0
382.5 3.8874999999999997 0.0
382.5 3.9625 0.0
382.5 4.0375 0.0
382.5 4.1125 0.0
382.5 4.1875 0.0
382.5 4.262499999999999 0.0
382.5 4.3374999999999995 2.8865036424456272e-08
382.5 4.4125 3.6507710841386173e-06
382.5 4.4875 1.1354455691692934e-05
382.5 4.5625 1.3901139132596099e-06
382.5 4.637499999999999 0.0
382.5 4.7124999999999995 0.0
382.5 4.7875 0.0
382.5 4.862499999999999 0.0
382.5 4.9375 0.0
382.5 5.012499999999999 0.0
382.5 5.0874999999999995 0.0
382.5 5.1625 0.0
382.5 5.237499999999999 0.0
382.5 5.3125 0.0
382.5 5.387499999999999 0.0
387.5 2.4625 0.0
387.5 2.5375 0.0
387.5 2.6125000000000003 0.0
387.5 2.6875 0.0
387.5 2.7625 0.0
387.5 2.8375 0.0
387.5 2.9125 0.0
387.5 2.9875000000000003 0.0
387.5 3.0625 0.0
387.5 3.1375 0.0
387.5 3.2125 0.0
387.5 3.2875 0.0
387.5 3.3625000000000003 0.0
387.5 3.4375 0.0
387.5 3.5125 0.0
387.5 3.5875 0.0
387.5 3.6625 0.0
387.5 3.7375000000000003 0.0
387.5 3.8125 0.0
387.5 3.8874999999999997 0.0
387.5 3.9625 0.0
387.5 4.0375 0.0
387.5 4.1125 0.0
387.5 4.1875 0.0
387.5 4.262499999999999 2.6240942204051154e-09
387.5 4.3374999999999995 4.592164885708952e-08
387.5 4.4125 2.8956879722170446e-06
387.5 4.4875 1.0467511845196007e-05
387.5 4.5625 1.2884302622189117e-06
387.5 4.637499999999999 2.6240942204051154e-09
387.5 4.7124999999999995 0.0
387.5 4.7875 0.0
387.5 4.862499999999999 0.0
387.5 4.9375 0.0
387.5 5.012499999999999 0.0
387.5 5.0874999999999995 0.0
387.5 5.1625 0.0
387.5 5.237499999999999 0.0
387.5 5.3125 0.0
387.5 5.387499999999999 0.0
392.5 2.4625 0.0
392.5 2.5375 0.0
392.5 2.6125000000000003 0.0
392.5 2.6875 0.0
392.5 2.7625 0.0
392.5 2.8375 0.0
392.5 2.9125 0.0
392.5 2.9875000000000003 0.0
392.5 3.0625 0.0
392.5 3.1375 0.0
392.5 3.2125 0.0
392.5 3.2875 0.0
392.5 3.3625000000000003 0.0
392.5 3.4375 0.0
392.5 3.5125 0.0
392.5 3.5875 0.0
392.5 3.6625 0.0
392.5 3.7375000000000003 0.0
392.5 3.8125 0.0
392.5 3.8874999999999997 0.0
392.5 3.9625 0.0
392.5 4.0375 0.0
392.5 4.1125 0.0
392.5 4.1875 0.0
392.5 4.262499999999999 0.0
392.5 4.3374999999999995 2.1648777318342202e-08
392.5 4.4125 2.111083800315915e-06
392.5 4.4875 9.530054184956278e-06
392.5 4.5625 1.2195477889332773e-06
392.5 4.637499999999999 1.9680706653038364e-09
392.5 4.7124999999999995 0.0
392.5 4.7875 0.0
392.5 4.862499999999999 0.0
392.5 4.9375 0.0
392.5 5.012499999999999 0.0
392.5 5.0874999999999995 0.0
392.5 5.1625 0.0
392.5 5.237499999999999 0.0
392.5 5.3125 0.0
392.5 5.387499999999999 0.0
397.5 2.4625 0.0
397.5 2.5375 0.0
397.5 2.6125000000000003 0.0
397.5 2.6875 0.0
397.5 2.7625 0.0
397.5 2.8375 0.0
397.5 2.9125 0.0
397.5 2.9875000000000003 0.0
397.5 3.0625 0.0
397.5 3.1375 0.0
397.5 3.2125 0.0
397.5 3.2875 0.0
397.5 3.3625000000000003 0.0
397.5 3.4375 0.0
397.5 3.5125 0.0
397.5 3.5875 0.0
397.5 3.6625 0.0
397.5 3.7375000000000003 0.0
397.5 3.8125 0.0
397.5 3.8874999999999997 0.0
397.5 3.9625 0.0
397.5 4.0375 0.0
397.5 4.1125 0.0
397.5 4.1875 0.0
397.5 4.262499999999999 0.0
397.5 4.3374999999999995 1.3776494657126856e-08
397.5 4.4125 1.6597395944062358e-06
397.5 4.4875 8.338059385337255e-06
397.5 4.5625 1.2687495555658734e-06
397.5 4.637499999999999 1.3776494657126856e-08
397.5 4.7124999999999995 0.0
397.5 4.7875 0.0
397.5 4.862499999999999 0.0
397.5 4.9375 0.0
397.5 5.012499999999999 0.0
397.5 5.0874999999999995 0.0
397.5 5.1625 0.0
397.5 5.237499999999999 0.0
397.5 5.3125 0.0
397.5 5.387499999999999 0.0
402.5 2.4625 0.0
402.5 2.5375 0.0
402.5 2.6125000000000003 0.0
402.5 2.6875 0.0
402.5 2.7625 0.0
402.5 2.8375 0.0
402.5 2.9125 0.0
402.5 2.9875000000000003 0.0
402.5 3.0625 0.0
402.5 3.1375 0.0
402.5 3.2125 0.0
402.5 3.2875 0.0
402.5 3.3625000000000003 0.0
402.5 3.4375 0.0
402.5 3.5125 0.0
402.5 3.5875 0.0
402.5 3.6625 0.0
402.5 3.7375000000000003 0.0
402.5 3.8125 0.0
402.5 3.8874999999999997 0.0
402.5 3.9625 0.0
402.5 4.0375 0.0
402.5 4.1125 0.0
402.5 4.1875 0.0
402.5 4.262499999999999 0.0
402.5 4.3374999999999995 5.904211995911509e-09
402.5 4.4125 1.462932527875852e-06
402.5 4.4875 7.176897692807991e-06
402.5 4.5625 1.3022067568760387e-06
402.5 4.637499999999999 0.0
402.5 4.7124999999999995 0.0
402.5 4.7875 0.0
402.5 4.862499999999999 0.0
402.5 4.9375 0.0
402.5 5.012499999999999 0.0
402.5 5.0874999999999995 0.0
402.5 5.1625 0.0
402.5 5.237499999999999 0.0
402.5 5.3125 0.0
402.5 5.387499999999999 0.0
407.5 2.4625 0.0
407.5 2.5375 0.0
407.5 2.6125000000000003 0.0
407.5 2.6875 0.0
407.5 2.7625 0.0
407.5 2.8375 0.0
407.5 2.9125 0.0
407.5 2.9875000000000003 0.0
407.5 3.0625 0.0
407.5 3.1375 0.0
407.5 3.2125 0.0
407.5 3.2875 0.0
407.5 3.3625000000000003 0.0
407.5 3.4375 0.0
407.5 3.5125 0.0
407.5 3.5875 0.0
407.5 3.6625 0.0
407.5 3.7375000000000003 0.0
407.5 3.8125 0.0
407.5 3.8874999999999997 0.0
407.5 3.9625 0.0
407.5 4.0375 0.0
407.5 4.1125 0.0
407.5 4.1875 0.0
407.5 4.262499999999999 0.0
407.5 4.3374999999999995 2.6240942204051154e-09
407.5 4.4125 1.1565695276435546e-06
407.5 4.4875 6.50512957238428e-06
407.5 4.5625 1.0581659943783628e-06
407.5 4.637499999999999 2.6240942204051154e-09
407.5 4.7124999999999995 0.0
407.5 4.7875 0.0
407.5 4.862499999999999 0.0
407.5 4.9375 0.0
407.5 5.012499999999999 0.0
407.5 5.0874999999999995 0.0
407.5 5.1625 0.0
407.5 5.237499999999999 0.0
407.5 5.3125 0.0
407.5 5.387499999999999 0.0
412.5 2.4625 0.0
412.5 2.5375 0.0
412.5 2.6125000000000003 0.0
412.5 2.6875 0.0
412.5 2.7625 0.0
412.5 2.8375 0.0
412.5 2.9125 0.0
412.5 2.9875000000000003 0.0
412.5 3.0625 0.0
412.5 3.1375 0.0
412.5 3.2125 0.0
412.5 3.2875 0.0
412.5 3.3625000000000003 0.0
412.5 3.4375 0.0
412.5 3.5125 0.0
412.5 3.5875 0.0
412.5 3.6625 0.0
412.5 3.7375000000000003 0.0
412.5 3.8125 0.0
412.5 3.8874999999999997 0.0
412.5 3.9625 0.0
412.5 4.0375 0.0
412.5 4.1125 0.0
412.5 4.1875 0.0
412.5 4.262499999999999 0.0
412.5 4.3374999999999995 6.560235551012788e-10
412.5 4.4125 8.128131847704846e-07
412.5 4.4875 5.518470145511958e-06
412.5 4.5625 1.063414182819173e-06
412.5 4.637499999999999 4.5921648857089514e-09
412.5 4.7124999999999995 0.0
412.5 4.7875 0.0
412.5 4.862499999999999 0.0
412.5 4.9375 0.0
412.5 5.012499999999999 0.0
412.5 5.0874999999999995 0.0
412.5 5.1625 0.0
412.5 5.237499999999999 0.0
412.5 5.3125 0.0
412.5 5.387499999999999 0.0
417.5 2.4625 0.0
417.5 2.5375 0.0
417.5 2.6125000000000003 0.0
417.5 2.6875 0.0
417.5 2.7625 0.0
417.5 2.8375 0.0
417.5 2.9125 0.0
417.5 2.9875000000000003 0.0
417.5 3.0625 0.0
417.5 3.1375 0.0
417.5 3.2125 0.0
417.5 3.2875 0.0
417.5 3.3625000000000003 0.0
417.5 3.4375 0.0
417.5 3.5125 0.0
417.5 3.5875 0.0
417.5 3.6625 0.0
417.5 3.7375000000000003 0.0
417.5 3.8125 0.0
417.5 3.8874999999999997 0.0
417.5 3.9625 0.0
417.5 4.0375 0.0
417.5 4.1125 0.0
417.5 4.1875 0.0
417.5 4.262499999999999 0.0
417.5 4.3374999999999995 7.216259106114068e-09
417.5 4.4125 6.999771332930645e-07
417.5 4.4875 5.070406057377784e-06
417.5 4.5625 1.068006347704882e-06
417.5 4.637499999999999 5.904211995911509e-09
417.5 4.7124999999999995 0.0
417.5 4.7875 0.0
417.5 4.862499999999999 0.0
417.5 4.9375 0.0
417.5 5.012499999999999 0.0
417.5 5.0874999999999995 0.0
417.5 5.1625 0.0
417.5 5.237499999999999 0.0
417.5 5.3125 0.0
417.5 5.387499999999999 0.0
422.5 2.4625 0.0
422.5 2.5375 0.0
422.5 2.6125000000000003 0.0
422.5 2.6875 0.0
422.5 2.7625 0.0
422.5 2.8375 0.0
422.5 2.9125 0.0
422.5 2.9875000000000003 0.0
422.5 3.0625 0.0
422.5 3.1375 0.0
422.5 3.2125 0.0
422.5 3.2875 0.0
422.5 3.3625000000000003 0.0
422.5 3.4375 0.0
422.5 3.5125 0.0
422.5 3.5875 0.0
422.5 3.6625 0.0
422.5 3.7375000000000003 0.0
422.5 3.8125 0.0
422.5 3.8874999999999997 0.0
422.5 3.9625 0.0
422.5 4.0375 0.0
422.5 4.1125 0.0
422.5 4.1875 0.0
422.5 4.262499999999999 0.0
422.5 4.3374999999999995 0.0
422.5 4.4125 4.6512070056680673e-07
422.5 4.4875 3.7911601249302904e-06
422.5 4.5625 9.322094717989173e-07
422.5 4.637499999999999 7.216259106114067e-09
422.5 4.7124999999999995 0.0
422.5 4.7875 0.0
422.5 4.862499999999999 0.0
422.5 4.9375 0.0
422.5 5.012499999999999 0.0
422.5 5.0874999999999995 0.0
422.5 5.1625 0.0
422.5 5.237499999999999 0.0
422.5 5.3125 0.0
422.5 5.387499999999999 0.0
427.5 2.4625 0.0
427.5 2.5375 0.0
427.5 2.6125000000000003 0.0
427.5 2.6875 0.0
427.5 2.7625 0.0
427.5 2.8375 0.0
427.5 2.9125 0.0
427.5 2.9875000000000003 0.0
427.5 3.0625 0.0
427.5 3.1375 0.0
427.5 3.2125 0.0
427.5 3.2875 0.0
427.5 3.3625000000000003 0.0
427.5 3.4375 0.0
427.5 3.5125 0.0
427.5 3.5875 0.0
427.5 3.6625 0.0
427.5 3.7375000000000003 0.0
427.5 3.8125 0.0
427.5 3.8874999999999997 0.0
427.5 3.9625 0.0
427.5 4.0375 0.0
427.5 4.1125 0.0
427.5 4.1875 0.0
427.5 4.262499999999999 0.0
427.5 4.3374999999999995 0.0
427.5 4.4125 3.7655752062813405e-07
427.5 4.4875 3.198770854673835e-06
427.5 4.5625 8.895679407173343e-07
427.5 4.637499999999999 1.4432518212228134e-08
427.5 4.7124999999999995 0.0
427.5 4.7875 0.0
427.5 4.862499999999999 0.0
427.5 4.9375 0.0
427.5 5.012499999999999 0.0
427.5 5.0874999999999995 0.0
427.5 5.1625 0.0
427.5 5.237499999999999 0.0
427.5 5.3125 0.0
427.5 5.387499999999999 0.0
432.5 2.4625 0.0
432.5 2.5375 0.0
432.5 2.6125000000000003 0.0
432.5 2.6875 0.0
432.5 2.7625 0.0
432.5 2.8375 0.0
432.5 2.9125 0.0
432.5 2.9875000000000003 0.0
432.5 3.0625 0.0
432.5 3.1375 0.0
432.5 3.2125 0.0
432.5 3.2875 0.0
432.5 3.3625000000000003 0.0
432.5 3.4375 0.0
432.5 3.5125 0.0
432.5 3.5875 0.0
432.5 3.6625 0.0
432.5 3.7375000000000003 0.0
432.5 3.8125 0.0
432.5 3.8874999999999997 0.0
432.5 3.9625 0.0
432.5 4.0375 0.0
432.5 4.1125 0.0
432.5 4.1875 0.0
432.5 4.262499999999999 0.0
432.5 4.3374999999999995 2.6240942204051154e-09
432.5 4.4125 3.2604370688533564e-07
432.5 4.4875 2.813029004274284e-06
432.5 4.5625 8.285577500929152e-07
432.5 4.637499999999999 3.673731908567161e-08
432.5 4.7124999999999995 7.872282661215346e-09
432.5 4.7875 0.0
432.5 4.862499999999999 0.0
432.5 4.9375 0.0
432.5 5.012499999999999 0.0
432.5 5.0874999999999995 0.0
432.5 5.1625 0.0
432.5 5.237499999999999 0.0
432.5 5.3125 0.0
432.5 5.387499999999999 0.0
437.5 2.4625 0.0
437.5 2.5375 0.0
437.5 2.6125000000000003 0.0
437.5 2.6875 0.0
437.5 2.7625 0.0
437.5 2.8375 0.0
437.5 2.9125 0.0
437.5 2.9875000000000003 0.0
437.5 3.0625 0.0
437.5 3.1375 0.0
437.5 3.2125 0.0
437.5 3.2875 0.0
437.5 3.3625000000000003 0.0
437.5 3.4375 0.0
437.5 3.5125 0.0
437.5 3.5875 0.0
437.5 3.6625 0.0
437.5 3.7375000000000003 0.0
437.5 3.8125 0.0
437.5 3.8874999999999997 0.0
437.5 3.9625 0.0
437.5 4.0375 0.0
437.5 4.1125 0.0
437.5 4.1875 0.0
437.5 4.262499999999999 0.0
437.5 4.3374999999999995 0.0
437.5 4.4125 2.630654455956128e-07
437.5 4.4875 2.325603502834034e-06
437.5 4.5625 8.311818443133202e-07
437.5 4.637499999999999 2.0336730208139645e-08
437.5 4.7124999999999995 0.0
437.5 4.7875 0.0
437.5 4.862499999999999 0.0
437.5 4.9375 0.0
437.5 5.012499999999999 0.0
437.5 5.0874999999999995 0.0
437.5 5.1625 0.0
437.5 5.237499999999999 0.0
437.5 5.3125 0.0
437.5 5.387499999999999 0.0
442.5 2.4625 0.0
442.5 2.5375 0.0
442.5 2.6125000000000003 0.0
442.5 2.6875 0.0
442.5 2.7625 0.0
442.5 2.8375 0.0
442.5 2.9125 0.0
442.5 2.9875000000000003 0.0
442.5 3.0625 0.0
442.5 3.1375 0.0
442.5 3.2125 0.0
442.5 3.2875 0.0
442.5 3.3625000000000003 0.0
442.5 3.4375 0.0
442.5 3.5125 0.0
442.5 3.5875 0.0
442.5 3.6625 0.0
442.5 3.7375000000000003 0.0
442.5 3.8125 0.0
442.5 3.8874999999999997 0.0
442.5 3.9625 0.0
442.5 4.0375 0.0
442.5 4.1125 0.0
442.5 4.1875 0.0
442.5 4.262499999999999 0.0
442.5 4.3374999999999995 0.0
442.5 4.4125 2.118956082977131e-07
442.5 4.4875 1.8972201213528985e-06
442.5 4.5625 6.862006386359376e-07
442.5 4.637499999999999 4.3953578191785685e-08
442.5 4.7124999999999995 0.0
442.5 4.7875 0.0
442.5 4.862499999999999 0.0
442.5 4.9375 0.0
442.5 5.012499999999999 0.0
442.5 5.0874999999999995 0.0
442.5 5.1625 0.0
442.5 5.237499999999999 0.0
442.5 5.3125 0.0
442.5 5.387499999999999 0.0
447.5 2.4625 0.0
447.5 2.5375 0.0
447.5 2.6125000000000003 0.0
447.5 2.6875 0.0
447.5 2.7625 0.0
447.5 2.8375 0.0
447.5 2.9125 0.0
447.5 2.9875000000000003 0.0
447.5 3.0625 0.0
447.5 3.1375 0.0
447.5 3.2125 0.0
447.5 3.2875 0.0
447.5 3.3625000000000003 0.0
447.5 3.4375 0.0
447.5 3.5125 0.0
447.5 3.5875 0.0
447.5 3.6625 0.0
447.5 3.7375000000000003 0.0
447.5 3.8125 0.0
447.5 3.8874999999999997 0.0
447.5 3.9625 0.0
447.5 4.0375 0.0
447.5 4.1125 0.0
447.5 4.1875 0.0
447.5 4.262499999999999 0.0
447.5 4.3374999999999995 0.0
447.5 4.4125 1.3776494657126857e-07
447.5 4.4875 1.578392673573677e-06
447.5 4.5625 5.923892702564549e-07
447.5 4.637499999999999 7.41306617264445e-08
447.5 4.7124999999999995 0.0
447.5 4.7875 0.0
447.5 4.862499999999999 0.0
447.5 4.9375 0.0
447.5 5.012499999999999 0.0
447.5 5.0874999999999995 0.0
447.5 5.1625 0.0
447.5 5.237499999999999 0.0
447.5 5.3125 0.0
447.5 5.387499999999999 0.0
452.5 2.4625 0.0
452.5 2.5375 0.0
452.5 2.6125000000000003 0.0
452.5 2.6875 0.0
452.5 2.7625 0.0
452.5 2.8375 0.0
452.5 2.9125 0.0
452.5 2.9875000000000003 0.0
452.5 3.0625 0.0
452.5 3.1375 0.0
452.5 3.2125 0.0
452.5 3.2875 0.0
452.5 3.3625000000000003 0.0
452.5 3.4375 0.0
452.5 3.5125 0.0
452.5 3.5875 0.0
452.5 3.6625 0.0
452.5 3.7375000000000003 0.0
452.5 3.8125 0.0
452.5 3.8874999999999997 0.0
452.5 3.9625 0.0
452.5 4.0375 0.0
452.5 4.1125 0.0
452.5 4.1875 0.0
452.5 4.262499999999999 0.0
452.5 4.3374999999999995 0.0
452.5 4.4125 1.6794203010592738e-07
452.5 4.4875 1.3369760052964064e-06
452.5 4.5625 6.009175764727716e-07
452.5 4.637499999999999 3.542527197546906e-08
452.5 4.7124999999999995 2.6240942204051154e-09
452.5 4.7875 0.0
452.5 4.862499999999999 0.0
452.5 4.9375 0.0
452.5 5.012499999999999 0.0
452.5 5.0874999999999995 0.0
452.5 5.1625 0.0
452.5 5.237499999999999 0.0
452.5 5.3125 0.0
452.5 5.387499999999999 0.0
457.5 2.4625 0.0
457.5 2.5375 0.0
457.5 2.6125000000000003 0.0
457.5 2.6875 0.0
457.5 2.7625 0.0
457.5 2.8375 0.0
457.5 2.9125 0.0
457.5 2.9875000000000003 0.0
457.5 3.0625 0.0
457.5 3.1375 0.0
457.5 3.2125 0.0
457.5 3.2875 0.0
457.5 3.3625000000000003 0.0
457.5 3.4375 0.0
457.5 3.5125 0.0
457.5 3.5875 0.0
457.5 3.6625 0.0
457.5 3.7375000000000003 0.0
457.5 3.8125 0.0
457.5 3.8874999999999997 0.0
457.5 3.9625 0.0
457.5 4.0375 0.0
457.5 4.1125 0.0
457.5 4.1875 0.0
457.5 4.262499999999999 0.0
457.5 4.3374999999999995 0.0
457.5 4.4125 1.6597395944062356e-07
457.5 4.4875 1.070630441925287e-06
457.5 4.5625 5.549959276156819e-07
457.5 4.637499999999999 6.691440262033046e-08
457.5 4.7124999999999995 1.9680706653038364e-09
457.5 4.7875 0.0
457.5 4.862499999999999 0.0
457.5 4.9375 0.0
457.5 5.012499999999999 0.0
457.5 5.0874999999999995 0.0
457.5 5.1625 0.0
457.5 5.237499999999999 0.0
457.5 5.3125 0.0
457.5 5.387499999999999 0.0
462.5 2.4625 0.0
462.5 2.5375 0.0
462.5 2.6125000000000003 0.0
462.5 2.6875 0.0
462.5 2.7625 0.0
462.5 2.8375 0.0
462.5 2.9125 0.0
462.5 2.9875000000000003 0.0
462.5 3.0625 0.0
462.5 3.1375 0.0
462.5 3.2125 0.0
462.5 3.2875 0.0
462.5 3.3625000000000003 0.0
462.5 3.4375 0.0
462.5 3.5125 0.0
462.5 3.5875 0.0
462.5 3.6625 0.0
462.5 3.7375000000000003 0.0
462.5 3.8125 0.0
462.5 3.8874999999999997 0.0
462.5 3.9625 0.0
462.5 4.0375 0.0
462.5 4.1125 0.0
462.5 4.1875 0.0
462.5 4.262499999999999 0.0
462.5 4.3374999999999995 7.872282661215346e-09
462.5 4.4125 1.2333242835904043e-07
462.5 4.4875 7.367144523787362e-07
462.5 4.5625 4.4543999391376837e-07
462.5 4.637499999999999 4.001743686117801e-08
462.5 4.7124999999999995 6.560235551012788e-10
462.5 4.7875 0.0
462.5 4.862499999999999 0.0
462.5 4.9375 0.0
462.5 5.012499999999999 0.0
462.5 5.0874999999999995 0.0
462.5 5.1625 0.0
462.5 5.237499999999999 0.0
462.5 5.3125 0.0
462.5 5.387499999999999 0.0
467.5 2.4625 0.0
467.5 2.5375 0.0
467.5 2.6125000000000003 0.0
467.5 2.6875 0.0
467.5 2.7625 0.0
467.5 2.8375 0.0
467.5 2.9125 0.0
467.5 2.9875000000000003 0.0
467.5 3.0625 0.0
467.5 3.1375 0.0
467.5 3.2125 0.0
467.5 3.2875 0.0
467.5 3.3625000000000003 0.0
467.5 3.4375 0.0
467.5 3.5125 0.0
467.5 3.5875 0.0
467.5 3.6625 0.0
467.5 3.7375000000000003 0.0
467.5 3.8125 0.0
467.5 3.8874999999999997 0.0
467.5 3.9625 0.0
467.5 4.0375 0.0
467.5 4.1125 0.0
467.5 4.1875 0.0
467.5 4.262499999999999 0.0
467.5 4.3374999999999995 5.248188440810231e-09
467.5 4.4125 5.641802573870999e-08
467.5 4.4875 7.28842169717521e-07
467.5 4.5625 4.1985507526481853e-07
467.5 4.637499999999999 3.083310708976011e-08
467.5 4.7124999999999995 0.0
467.5 4.7875 0.0
467.5 4.862499999999999 0.0
467.5 4.9375 0.0
467.5 5.012499999999999 0.0
467.5 5.0874999999999995 0.0
467.5 5.1625 0.0
467.5 5.237499999999999 0.0
467.5 5.3125 0.0
467.5 5.387499999999999 0.0
472.5 2.4625 0.0
472.5 2.5375 0.0
472.5 2.6125000000000003 0.0
472.5 2.6875 0.0
472.5 2.7625 0.0
472.5 2.8375 0.0
472.5 2.9125 0.0
472.5 2.9875000000000003 0.0
472.5 3.0625 0.0
472.5 3.1375 0.0
472.5 3.2125 0.0
472.5 3.2875 0.0
472.5 3.3625000000000003 0.0
472.5 3.4375 0.0
472.5 3.5125 0.0
472.5 3.5875 0.0
472.5 3.6625 0.0
472.5 3.7375000000000003 0.0
472.5 3.8125 0.0
472.5 3.8874999999999997 0.0
472.5 3.9625 0.0
472.5 4.0375 0.0
472.5 4.1125 0.0
472.5 4.1875 0.0
472.5 4.262499999999999 0.0
472.5 4.3374999999999995 7.872282661215346e-09
472.5 4.4125 1.0233967459579949e-07
472.5 4.4875 5.733645871585177e-07
472.5 4.5625 4.2707133437093256e-07
472.5 4.637499999999999 4.920176663259591e-08
472.5 4.7124999999999995 0.0
472.5 4.7875 0.0
472.5 4.862499999999999 0.0
472.5 4.9375 0.0
472.5 5.012499999999999 0.0
472.5 5.0874999999999995 0.0
472.5 5.1625 0.0
472.5 5.237499999999999 0.0
472.5 5.3125 0.0
472.5 5.387499999999999 0.0
477.5 2.4625 0.0
477.5 2.5375 0.0
477.5 2.6125000000000003 0.0
477.5 2.6875 0.0
477.5 2.7625 0.0
477.5 2.8375 0.0
477.5 2.9125 0.0
477.5 2.9875000000000003 0.0
477.5 3.0625 0.0
477.5 3.1375 0.0
477.5 3.2125 0.0
477.5 3.2875 0.0
477.5 3.3625000000000003 0.0
477.5 3.4375 0.0
477.5 3.5125 0.0
477.5 3.5875 0.0
477.5 3.6625 0.0
477.5 3.7375000000000003 0.0
477.5 3.8125 0.0
477.5 3.8874999999999997 0.0
477.5 3.9625 0.0
477.5 4.0375 0.0
477.5 4.1125 0.0
477.5 4.1875 0.0
477.5 4.262499999999999 0.0
477.5 4.3374999999999995 1.9680706653038364e-09
477.5 4.4125 9.577943904478671e-08
477.5 4.4875 4.205110988199198e-07
477.5 4.5625 3.234196126649305e-07
477.5 4.637499999999999 3.476924842036778e-08
477.5 4.7124999999999995 0.0
477.5 4.7875 0.0
477.5 4.862499999999999 0.0
477.5 4.9375 0.0
477.5 5.012499999999999 0.0
477.5 5.0874999999999995 0.0
477.5 5.1625 0.0
477.5 5.237499999999999 0.0
477.5 5.3125 0.0
477.5 5.387499999999999 0.0
482.5 2.4625 0.0
482.5 2.5375 0.0
482.5 2.6125000000000003 0.0
482.5 2.6875 0.0
482.5 2.7625 0.0
482.5 2.8375 0.0
482.5 2.9125 0.0
482.5 2.9875000000000003 0.0
482.5 3.0625 0.0
482.5 3.1375 0.0
482.5 3.2125 0.0
482.5 3.2875 0.0
482.5 3.3625000000000003 0.0
482.5 3.4375 0.0
482.5 3.5125 0.0
482.5 3.5875 0.0
482.5 3.6625 0.0
482.5 3.7375000000000003 0.0
482.5 3.8125 0.0
482.5 3.8874999999999997 0.0
482.5 3.9625 0.0
482.5 4.0375 0.0
482.5 4.1125 0.0
482.5 4.1875 0.0
482.5 4.262499999999999 0.0
482.5 4.3374999999999995 6.560235551012788e-10
482.5 4.4125 4.4609601746886954e-08
482.5 4.4875 3.608129553057034e-07
482.5 4.5625 1.8893478386916832e-07
482.5 4.637499999999999 1.9024683097937084e-08
482.5 4.7124999999999995 0.0
482.5 4.7875 0.0
482.5 4.862499999999999 0.0
482.5 4.9375 0.0
482.5 5.012499999999999 0.0
482.5 5.0874999999999995 0.0
482.5 5.1625 0.0
482.5 5.237499999999999 0.0
482.5 5.3125 0.0
482.5 5.387499999999999 0.0
487.5 2.4625 0.0
487.5 2.5375 0.0
487.5 2.6125000000000003 0.0
487.5 2.6875 0.0
487.5 2.7625 0.0
487.5 2.8375 0.0
487.5 2.9125 0.0
487.5 2.9875000000000003 0.0
487.5 3.0625 0.0
487.5 3.1375 0.0
487.5 3.2125 0.0
487.5 3.2875 0.0
487.5 3.3625000000000003 0.0
487.5 3.4375 0.0
487.5 3.5125 0.0
487.5 3.5875 0.0
487.5 3.6625 0.0
487.5 3.7375000000000003 0.0
487.5 3.8125 0.0
487.5 3.8874999999999997 0.0
487.5 3.9625 0.0
487.5 4.0375 0.0
487.5 4.1125 0.0
487.5 4.1875 0.0
487.5 4.262499999999999 0.0
487.5 4.3374999999999995 0.0
487.5 4.4125 5.444995507340614e-08
487.5 4.4875 1.9680706653038365e-07
487.5 4.5625 2.3551245628135913e-07
487.5 4.637499999999999 4.067346041627929e-08
487.5 4.7124999999999995 0.0
487.5 4.7875 0.0
487.5 4.862499999999999 0.0
487.5 4.9375 0.0
487.5 5.012499999999999 0.0
487.5 5.0874999999999995 0.0
487.5 5.1625 0.0
487.5 5.237499999999999 0.0
487.5 5.3125 0.0
487.5 5.387499999999999 0.0
492.5 2.4625 0.0
492.5 2.5375 0.0
492.5 2.6125000000000003 0.0
492.5 2.6875 0.0
492.5 2.7625 0.0
492.5 2.8375 0.0
492.5 2.9125 0.0
492.5 2.9875000000000003 0.0
492.5 3.0625 0.0
492.5 3.1375 0.0
492.5 3.2125 0.0
492.5 3.2875 0.0
492.5 3.3625000000000003 0.0
492.5 3.4375 0.0
492.5 3.5125 0.0
492.5 3.5875 0.0
492.5 3.6625 0.0
492.5 3.7375000000000003 0.0
492.5 3.8125 0.0
492.5 3.8874999999999997 0.0
492.5 3.9625 0.0
492.5 4.0375 0.0
492.5 4.1125 0.0
492.5 4.1875 0.0
492.5 4.262499999999999 0.0
492.5 4.3374999999999995 0.0
492.5 4.4125 4.4609601746886954e-08
492.5 4.4875 1.5022939411819287e-07
492.5 4.5625 1.9024683097937085e-07
492.5 4.637499999999999 2.1648777318342202e-08
492.5 4.7124999999999995 0.0
492.5 4.7875 0.0
492.5 4.862499999999999 0.0
492.5 4.9375 0.0
492.5 5.012499999999999 0.0
492.5 5.0874999999999995 0.0
492.5 5.1625 0.0
492.5 5.237499999999999 0.0
492.5 5.3125 0.0
492.5 5.387499999999999 0.0
