-2.5 2.4625 0.0
-2.5 2.5375 0.0
-2.5 2.6125000000000003 0.0
-2.5 2.6875 0.0
-2.5 2.7625 0.0
-2.5 2.8375 0.0
-2.5 2.9125 0.0
-2.5 2.9875000000000003 0.0
-2.5 3.0625 0.0
-2.5 3.1375 0.0
-2.5 3.2125 0.0
-2.5 3.2875 0.0
-2.5 3.3625000000000003 0.0
-2.5 3.4375 0.0
-2.5 3.5125 0.0
-2.5 3.5875 0.0
-2.5 3.6625 0.0
-2.5 3.7375000000000003 0.0
-2.5 3.8125 0.0
-2.5 3.8874999999999997 0.0
-2.5 3.9625 0.0
-2.5 4.0375 0.0
-2.5 4.1125 0.0
-2.5 4.1875 0.0
-2.5 4.262499999999999 0.0
-2.5 4.3374999999999995 0.0
-2.5 4.4125 0.0
-2.5 4.4875 0.0
-2.5 4.5625 0.0
-2.5 4.637499999999999 0.0
-2.5 4.7124999999999995 0.0
-2.5 4.7875 0.0
-2.5 4.862499999999999 0.0
-2.5 4.9375 0.0
-2.5 5.012499999999999 0.0
-2.5 5.0874999999999995 0.0
-2.5 5.1625 0.0
-2.5 5.237499999999999 0.0
-2.5 5.3125 0.0
-2.5 5.387499999999999 0.0
2.5 2.4625 0.0
2.5 2.5375 0.0
2.5 2.6125000000000003 0.0
2.5 2.6875 0.0
2.5 2.7625 1.5646855384171718e-08
2.5 2.8375 1.101538619045689e-07
2.5 2.9125 3.2211659617548174e-07
2.5 2.9875000000000003 1.298480372147797e-06
2.5 3.0625 4.709494845897232e-06
2.5 3.1375 1.071705281446535e-05
2.5 3.2125 2.341332852265919e-05
2.5 3.2875 4.9480780967950825e-05
2.5 3.3625000000000003 9.850446513394535e-05
2.5 3.4375 0.00017950823545780233
2.5 3.5125 0.00028033803192657405
2.5 3.5875 0.00035028281348963697
2.5 3.6625 0.0003360039105155187
2.5 3.7375000000000003 0.00022719839029558856
2.5 3.8125 0.0001000105271208565
2.5 3.8874999999999997 2.3570005701239366e-05
2.5 3.9625 2.6424409372789195e-06
2.5 4.0375 9.638462916649778e-08
2.5 4.1125 0.0
2.5 4.1875 0.0
2.5 4.262499999999999 0.0
2.5 4.3374999999999995 0.0
2.5 4.4125 0.0
2.5 4.4875 0.0
2.5 4.5625 0.0
2.5 4.637499999999999 0.0
2.5 4.7124999999999995 0.0
2.5 4.7875 0.0
2.5 4.862499999999999 0.0
2.5 4.9375 0.0
2.5 5.012499999999999 0.0
2.5 5.0874999999999995 0.0
2.5 5.1625 0.0
2.5 5.237499999999999 0.0
2.5 5.3125 0.0
2.5 5.387499999999999 0.0
7.5 2.4625 0.0
7.5 2.5375 0.0
7.5 2.6125000000000003 0.0
7.5 2.6875 0.0
7.5 2.7625 1.877622646100606e-09
7.5 2.8375 2.5034968614674746e-09
7.5 2.9125 4.631469193714828e-08
7.5 2.9875000000000003 2.2030772380913777e-07
7.5 3.0625 1.320594594424093e-06
7.5 3.1375 4.113871217606428e-06
7.5 3.2125 1.1119907184423156e-05
7.5 3.2875 3.0097665142777347e-05
7.5 3.3625000000000003 8.388028821768311e-05
7.5 3.4375 0.0002196543111282948
7.5 3.5125 0.0005196201756982508
7.5 3.5875 0.0010358562495140127
7.5 3.6625 0.0016148956714707634
7.5 3.7375000000000003 0.0018088359404607103
7.5 3.8125 0.0012767101720652144
7.5 3.8874999999999997 0.0005008314317529374
7.5 3.9625 9.193341174680861e-05
7.5 4.0375 6.4314834371099425e-06
7.5 4.1125 1.401958242421786e-07
7.5 4.1875 0.0
7.5 4.262499999999999 0.0
7.5 4.3374999999999995 0.0
7.5 4.4125 0.0
7.5 4.4875 0.0
7.5 4.5625 0.0
7.5 4.637499999999999 0.0
7.5 4.7124999999999995 0.0
7.5 4.7875 0.0
7.5 4.862499999999999 0.0
7.5 4.9375 0.0
7.5 5.012499999999999 0.0
7.5 5.0874999999999995 0.0
7.5 5.1625 0.0
7.5 5.237499999999999 0.0
7.5 5.3125 0.0
7.5 5.387499999999999 0.0
12.5 2.4625 0.0
12.5 2.5375 0.0
12.5 2.6125000000000003 0.0
12.5 2.6875 0.0
12.5 2.7625 0.0
12.5 2.8375 0.0
12.5 2.9125 0.0
12.5 2.9875000000000003 0.0
12.5 3.0625 4.4437069291047676e-08
12.5 3.1375 1.877622646100606e-07
12.5 3.2125 7.310210835485025e-07
12.5 3.2875 2.8884095039180986e-06
12.5 3.3625000000000003 1.0463991006718678e-05
12.5 3.4375 4.511676868893609e-05
12.5 3.5125 0.000175464462152317
12.5 3.5875 0.0006009325020102837
12.5 3.6625 0.001663330199375359
12.5 3.7375000000000003 0.003287247847660636
12.5 3.8125 0.004089373874942753
12.5 3.8874999999999997 0.0027562254955068315
12.5 3.9625 0.0008459453587225977
12.5 4.0375 9.635521307837554e-05
12.5 4.1125 3.364073907596919e-06
12.5 4.1875 3.630070449127839e-08
12.5 4.262499999999999 0.0
12.5 4.3374999999999995 0.0
12.5 4.4125 0.0
12.5 4.4875 0.0
12.5 4.5625 0.0
12.5 4.637499999999999 0.0
12.5 4.7124999999999995 0.0
12.5 4.7875 0.0
12.5 4.862499999999999 0.0
12.5 4.9375 0.0
12.5 5.012499999999999 0.0
12.5 5.0874999999999995 0.0
12.5 5.1625 0.0
12.5 5.237499999999999 0.0
12.5 5.3125 0.0
12.5 5.387499999999999 0.0
17.5 2.4625 0.0
17.5 2.5375 0.0
17.5 2.6125000000000003 0.0
17.5 2.6875 0.0
17.5 2.7625 0.0
17.5 2.8375 0.0
17.5 2.9125 0.0
17.5 2.9875000000000003 0.0
17.5 3.0625 7.510490584402424e-09
17.5 3.1375 2.8164339691509088e-08
17.5 3.2125 4.944406301398263e-08
17.5 3.2875 1.4082169845754547e-07
17.5 3.3625000000000003 1.0364477006475346e-06
17.5 3.4375 6.001507851152904e-06
17.5 3.5125 3.1179175786931304e-05
17.5 3.5875 0.00016678546440782464
17.5 3.6625 0.0007741025092890657
17.5 3.7375000000000003 0.0026366941602334205
17.5 3.8125 0.005762041491737171
17.5 3.8874999999999997 0.006710570137855261
17.5 3.9625 0.003503679532454007
17.5 4.0375 0.0006670755149644697
17.5 4.1125 3.762693195364078e-05
17.5 4.1875 4.6752803887905093e-07
17.5 4.262499999999999 2.5034968614674746e-09
17.5 4.3374999999999995 0.0
17.5 4.4125 0.0
17.5 4.4875 0.0
17.5 4.5625 0.0
17.5 4.637499999999999 0.0
17.5 4.7124999999999995 0.0
17.5 4.7875 0.0
17.5 4.862499999999999 0.0
17.5 4.9375 0.0
17.5 5.012499999999999 0.0
17.5 5.0874999999999995 0.0
17.5 5.1625 0.0
17.5 5.237499999999999 0.0
17.5 5.3125 0.0
17.5 5.387499999999999 0.0
22.5 2.4625 0.0
22.5 2.5375 0.0
22.5 2.6125000000000003 0.0
22.5 2.6875 0.0
22.5 2.7625 0.0
22.5 2.8375 0.0
22.5 2.9125 0.0
22.5 2.9875000000000003 0.0
22.5 3.0625 7.510490584402424e-09
22.5 3.1375 0.0
22.5 3.2125 0.0
22.5 3.2875 1.6898603814905455e-08
22.5 3.3625000000000003 1.120314845506695e-07
22.5 3.4375 6.296294606590699e-07
22.5 3.5125 4.714084590143255e-06
22.5 3.5875 3.4543875568743584e-05
22.5 3.6625 0.00023443057547889115
22.5 3.7375000000000003 0.0012883226422571309
22.5 3.8125 0.0047086338516016246
22.5 3.8874999999999997 0.009389853786695965
22.5 3.9625 0.008255143834235833
22.5 4.0375 0.0025945772066587386
22.5 4.1125 0.0002350364217193663
22.5 4.1875 4.593290866577449e-06
22.5 4.262499999999999 2.1905597537840406e-08
22.5 4.3374999999999995 0.0
22.5 4.4125 0.0
22.5 4.4875 0.0
22.5 4.5625 0.0
22.5 4.637499999999999 0.0
22.5 4.7124999999999995 0.0
22.5 4.7875 0.0
22.5 4.862499999999999 0.0
22.5 4.9375 0.0
22.5 5.012499999999999 0.0
22.5 5.0874999999999995 0.0
22.5 5.1625 0.0
22.5 5.237499999999999 0.0
22.5 5.3125 0.0
22.5 5.387499999999999 0.0
27.5 2.4625 0.0
27.5 2.5375 0.0
27.5 2.6125000000000003 0.0
27.5 2.6875 0.0
27.5 2.7625 0.0
27.5 2.8375 0.0
27.5 2.9125 0.0
27.5 2.9875000000000003 0.0
27.5 3.0625 2.5034968614674746e-09
27.5 3.1375 0.0
27.5 3.2125 0.0
27.5 3.2875 0.0
27.5 3.3625000000000003 4.38111950756808e-09
27.5 3.4375 6.00839246752194e-08
27.5 3.5125 7.497973100095086e-07
27.5 3.5875 6.318826078343906e-06
27.5 3.6625 5.8743927980118926e-05
27.5 3.7375000000000003 0.00047343629147211417
27.5 3.8125 0.002706364600265415
27.5 3.8874999999999997 0.008866780662951537
27.5 3.9625 0.01290039602992147
27.5 4.0375 0.0065969389188101114
27.5 4.1125 0.0009453560897203944
27.5 4.1875 3.0723539358144224e-05
27.5 4.262499999999999 1.677342897183208e-07
27.5 4.3374999999999995 0.0
27.5 4.4125 0.0
27.5 4.4875 0.0
27.5 4.5625 0.0
27.5 4.637499999999999 0.0
27.5 4.7124999999999995 0.0
27.5 4.7875 0.0
27.5 4.862499999999999 0.0
27.5 4.9375 0.0
27.5 5.012499999999999 0.0
27.5 5.0874999999999995 0.0
27.5 5.1625 0.0
27.5 5.237499999999999 0.0
27.5 5.3125 0.0
27.5 5.387499999999999 0.0
32.5 2.4625 0.0
32.5 2.5375 0.0
32.5 2.6125000000000003 0.0
32.5 2.6875 0.0
32.5 2.7625 0.0
32.5 2.8375 0.0
32.5 2.9125 0.0
32.5 2.9875000000000003 0.0
32.5 3.0625 0.0
32.5 3.1375 0.0
32.5 3.2125 0.0
32.5 3.2875 0.0
32.5 3.3625000000000003 0.0
32.5 3.4375 2.00279748917398e-08
32.5 3.5125 9.012588701282909e-08
32.5 3.5875 1.2323463300573642e-06
32.5 3.6625 1.4080292223108444e-05
32.5 3.7375000000000003 0.00014804428690287912
32.5 3.8125 0.0012338659526522754
32.5 3.8874999999999997 0.006331167066122511
32.5 3.9625 0.014838534453905898
32.5 4.0375 0.012152954510458603
32.5 4.1125 0.0027404847589903546
32.5 4.1875 0.00013476636542387102
32.5 4.262499999999999 9.53206430003741e-07
32.5 4.3374999999999995 6.258742153668687e-10
32.5 4.4125 0.0
32.5 4.4875 0.0
32.5 4.5625 0.0
32.5 4.637499999999999 0.0
32.5 4.7124999999999995 0.0
32.5 4.7875 0.0
32.5 4.862499999999999 0.0
32.5 4.9375 0.0
32.5 5.012499999999999 0.0
32.5 5.0874999999999995 0.0
32.5 5.1625 0.0
32.5 5.237499999999999 0.0
32.5 5.3125 0.0
32.5 5.387499999999999 0.0
37.5 2.4625 0.0
37.5 2.5375 0.0
37.5 2.6125000000000003 0.0
37.5 2.6875 0.0
37.5 2.7625 0.0
37.5 2.8375 0.0
37.5 2.9125 0.0
37.5 2.9875000000000003 0.0
37.5 3.0625 0.0
37.5 3.1375 0.0
37.5 3.2125 0.0
37.5 3.2875 0.0
37.5 3.3625000000000003 0.0
37.5 3.4375 0.0
37.5 3.5125 1.4395106953437979e-08
37.5 3.5875 3.073042397451325e-07
37.5 3.6625 3.309622850860001e-06
37.5 3.7375000000000003 4.429812521523623e-05
37.5 3.8125 0.0004930342907778968
37.5 3.8874999999999997 0.0037153771046823424
37.5 3.9625 0.013543314051921208
37.5 4.0375 0.01737484026761712
37.5 4.1125 0.006056818859061735
37.5 4.1875 0.0004520320191807826
37.5 4.262499999999999 5.739266554914185e-06
37.5 4.3374999999999995 3.129371076834343e-09
37.5 4.4125 0.0
37.5 4.4875 0.0
37.5 4.5625 0.0
37.5 4.637499999999999 0.0
37.5 4.7124999999999995 0.0
37.5 4.7875 0.0
37.5 4.862499999999999 0.0
37.5 4.9375 0.0
37.5 5.012499999999999 0.0
37.5 5.0874999999999995 0.0
37.5 5.1625 0.0
37.5 5.237499999999999 0.0
37.5 5.3125 0.0
37.5 5.387499999999999 0.0
42.5 2.4625 0.0
42.5 2.5375 0.0
42.5 2.6125000000000003 0.0
42.5 2.6875 0.0
42.5 2.7625 0.0
42.5 2.8375 0.0
42.5 2.9125 0.0
42.5 2.9875000000000003 0.0
42.5 3.0625 0.0
42.5 3.1375 0.0
42.5 3.2125 0.0
42.5 3.2875 0.0
42.5 3.3625000000000003 0.0
42.5 3.4375 0.0
42.5 3.5125 1.3143358522704242e-08
42.5 3.5875 8.449301907452727e-08
42.5 3.6625 8.787273983750836e-07
42.5 3.7375000000000003 1.2671449364317622e-05
42.5 3.8125 0.00018035692089383981
42.5 3.8874999999999997 0.001891973315984753
42.5 3.9625 0.010342704094271163
42.5 4.0375 0.020388795758018302
42.5 4.1125 0.0107911786444118
42.5 4.1875 0.0011902274988600358
42.5 4.262499999999999 2.0544946993632832e-05
42.5 4.3374999999999995 5.445105673691758e-08
42.5 4.4125 0.0
42.5 4.4875 0.0
42.5 4.5625 0.0
42.5 4.637499999999999 0.0
42.5 4.7124999999999995 0.0
42.5 4.7875 0.0
42.5 4.862499999999999 0.0
42.5 4.9375 0.0
42.5 5.012499999999999 0.0
42.5 5.0874999999999995 0.0
42.5 5.1625 0.0
42.5 5.237499999999999 0.0
42.5 5.3125 0.0
42.5 5.387499999999999 0.0
47.5 2.4625 0.0
47.5 2.5375 0.0
47.5 2.6125000000000003 0.0
47.5 2.6875 0.0
47.5 2.7625 0.0
47.5 2.8375 0.0
47.5 2.9125 0.0
47.5 2.9875000000000003 0.0
47.5 3.0625 0.0
47.5 3.1375 0.0
47.5 3.2125 0.0
47.5 3.2875 0.0
47.5 3.3625000000000003 0.0
47.5 3.4375 0.0
47.5 3.5125 1.877622646100606e-09
47.5 3.5875 2.0653849107106667e-08
47.5 3.6625 2.415874471316113e-07
47.5 3.7375000000000003 4.045650928131439e-06
47.5 3.8125 6.57587261859508e-05
47.5 3.8874999999999997 0.0008780933877949171
47.5 3.9625 0.006874159888519421
47.5 4.0375 0.020347422968885694
47.5 4.1125 0.016107544495499452
47.5 4.1875 0.002623878759799569
47.5 4.262499999999999 6.766200967488144e-05
47.5 4.3374999999999995 2.0090562313276487e-07
47.5 4.4125 0.0
47.5 4.4875 0.0
47.5 4.5625 0.0
47.5 4.637499999999999 0.0
47.5 4.7124999999999995 0.0
47.5 4.7875 0.0
47.5 4.862499999999999 0.0
47.5 4.9375 0.0
47.5 5.012499999999999 0.0
47.5 5.0874999999999995 0.0
47.5 5.1625 0.0
47.5 5.237499999999999 0.0
47.5 5.3125 0.0
47.5 5.387499999999999 0.0
52.5 2.4625 0.0
52.5 2.5375 0.0
52.5 2.6125000000000003 0.0
52.5 2.6875 0.0
52.5 2.7625 0.0
52.5 2.8375 0.0
52.5 2.9125 0.0
52.5 2.9875000000000003 0.0
52.5 3.0625 0.0
52.5 3.1375 0.0
52.5 3.2125 0.0
52.5 3.2875 0.0
52.5 3.3625000000000003 0.0
52.5 3.4375 0.0
52.5 3.5125 0.0
52.5 3.5875 1.4395106953437979e-08
52.5 3.6625 6.38391699674206e-08
52.5 3.7375000000000003 1.2379791979956663e-06
52.5 3.8125 2.2430080130317838e-05
52.5 3.8874999999999997 0.0003808989111074765
52.5 3.9625 0.004115678116466192
52.5 4.0375 0.017789240347850538
52.5 4.1125 0.020790984406435696
52.5 4.1875 0.004907620544390075
52.5 4.262499999999999 0.0001808238230585035
52.5 4.3374999999999995 7.911050082237221e-07
52.5 4.4125 0.0
52.5 4.4875 0.0
52.5 4.5625 0.0
52.5 4.637499999999999 0.0
52.5 4.7124999999999995 0.0
52.5 4.7875 0.0
52.5 4.862499999999999 0.0
52.5 4.9375 0.0
52.5 5.012499999999999 0.0
52.5 5.0874999999999995 0.0
52.5 5.1625 0.0
52.5 5.237499999999999 0.0
52.5 5.3125 0.0
52.5 5.387499999999999 0.0
57.5 2.4625 0.0
57.5 2.5375 0.0
57.5 2.6125000000000003 0.0
57.5 2.6875 0.0
57.5 2.7625 0.0
57.5 2.8375 0.0
57.5 2.9125 0.0
57.5 2.9875000000000003 0.0
57.5 3.0625 0.0
57.5 3.1375 0.0
57.5 3.2125 0.0
57.5 3.2875 0.0
57.5 3.3625000000000003 0.0
57.5 3.4375 0.0
57.5 3.5125 0.0
57.5 3.5875 0.0
57.5 3.6625 7.510490584402424e-09
57.5 3.7375000000000003 2.9791612651462946e-07
57.5 3.8125 8.270301881857803e-06
57.5 3.8874999999999997 0.00016265344283797255
57.5 3.9625 0.002282682805418105
57.5 4.0375 0.014004031953462852
57.5 4.1125 0.023758768530095058
57.5 4.1875 0.00805565206095558
57.5 4.262499999999999 0.0004233845045950103
57.5 4.3374999999999995 2.4446646852229892e-06
57.5 4.4125 0.0
57.5 4.4875 0.0
57.5 4.5625 0.0
57.5 4.637499999999999 0.0
57.5 4.7124999999999995 0.0
57.5 4.7875 0.0
57.5 4.862499999999999 0.0
57.5 4.9375 0.0
57.5 5.012499999999999 0.0
57.5 5.0874999999999995 0.0
57.5 5.1625 0.0
57.5 5.237499999999999 0.0
57.5 5.3125 0.0
57.5 5.387499999999999 0.0
62.5 2.4625 0.0
62.5 2.5375 0.0
62.5 2.6125000000000003 0.0
62.5 2.6875 0.0
62.5 2.7625 0.0
62.5 2.8375 0.0
62.5 2.9125 0.0
62.5 2.9875000000000003 0.0
62.5 3.0625 0.0
62.5 3.1375 0.0
62.5 3.2125 0.0
62.5 3.2875 0.0
62.5 3.3625000000000003 0.0
62.5 3.4375 0.0
62.5 3.5125 0.0
62.5 3.5875 2.5034968614674746e-09
62.5 3.6625 1.502098116880485e-08
62.5 3.7375000000000003 9.888812602796525e-08
62.5 3.8125 3.0054479821917033e-06
62.5 3.8874999999999997 6.819838387745085e-05
62.5 3.9625 0.0012025415740473788
62.5 4.0375 0.010084155455903108
62.5 4.1125 0.024427410608220592
62.5 4.1875 0.011764493161206849
62.5 4.262499999999999 0.0008550699789084315
62.5 4.3374999999999995 7.168137388596746e-06
62.5 4.4125 7.510490584402424e-09
62.5 4.4875 0.0
62.5 4.5625 0.0
62.5 4.637499999999999 0.0
62.5 4.7124999999999995 0.0
62.5 4.7875 0.0
62.5 4.862499999999999 0.0
62.5 4.9375 0.0
62.5 5.012499999999999 0.0
62.5 5.0874999999999995 0.0
62.5 5.1625 0.0
62.5 5.237499999999999 0.0
62.5 5.3125 0.0
62.5 5.387499999999999 0.0
67.5 2.4625 0.0
67.5 2.5375 0.0
67.5 2.6125000000000003 0.0
67.5 2.6875 0.0
67.5 2.7625 0.0
67.5 2.8375 0.0
67.5 2.9125 0.0
67.5 2.9875000000000003 0.0
67.5 3.0625 0.0
67.5 3.1375 0.0
67.5 3.2125 0.0
67.5 3.2875 0.0
67.5 3.3625000000000003 0.0
67.5 3.4375 0.0
67.5 3.5125 0.0
67.5 3.5875 0.0
67.5 3.6625 0.0
67.5 3.7375000000000003 2.9416088122242827e-08
67.5 3.8125 1.0614826692622093e-06
67.5 3.8874999999999997 2.8823385240290404e-05
67.5 3.9625 0.000602054068604221
67.5 4.0375 0.0067663987437402
67.5 4.1125 0.023018324910234207
67.5 4.1875 0.015554125234548745
67.5 4.262499999999999 0.0015707477560672153
67.5 4.3374999999999995 1.874806212131455e-05
67.5 4.4125 1.3769232738071112e-08
67.5 4.4875 0.0
67.5 4.5625 0.0
67.5 4.637499999999999 0.0
67.5 4.7124999999999995 0.0
67.5 4.7875 0.0
67.5 4.862499999999999 0.0
67.5 4.9375 0.0
67.5 5.012499999999999 0.0
67.5 5.0874999999999995 0.0
67.5 5.1625 0.0
67.5 5.237499999999999 0.0
67.5 5.3125 0.0
67.5 5.387499999999999 0.0
72.5 2.4625 0.0
72.5 2.5375 0.0
72.5 2.6125000000000003 0.0
72.5 2.6875 0.0
72.5 2.7625 0.0
72.5 2.8375 0.0
72.5 2.9125 0.0
72.5 2.9875000000000003 0.0
72.5 3.0625 0.0
72.5 3.1375 0.0
72.5 3.2125 0.0
72.5 3.2875 0.0
72.5 3.3625000000000003 0.0
72.5 3.4375 0.0
72.5 3.5125 0.0
72.5 3.5875 0.0
72.5 3.6625 0.0
72.5 3.7375000000000003 2.1279723322473533e-08
72.5 3.8125 2.9979374916073007e-07
72.5 3.8874999999999997 1.1530480669703821e-05
72.5 3.9625 0.00029260120267773405
72.5 4.0375 0.004285224312037999
72.5 4.1125 0.02010095119937736
72.5 4.1875 0.01886677105786897
72.5 4.262499999999999 0.00260794525402476
72.5 4.3374999999999995 4.1159991899386754e-05
72.5 4.4125 5.6328679383018175e-08
72.5 4.4875 0.0
72.5 4.5625 0.0
72.5 4.637499999999999 0.0
72.5 4.7124999999999995 0.0
72.5 4.7875 0.0
72.5 4.862499999999999 0.0
72.5 4.9375 0.0
72.5 5.012499999999999 0.0
72.5 5.0874999999999995 0.0
72.5 5.1625 0.0
72.5 5.237499999999999 0.0
72.5 5.3125 0.0
72.5 5.387499999999999 0.0
77.5 2.4625 0.0
77.5 2.5375 0.0
77.5 2.6125000000000003 0.0
77.5 2.6875 0.0
77.5 2.7625 0.0
77.5 2.8375 0.0
77.5 2.9125 0.0
77.5 2.9875000000000003 0.0
77.5 3.0625 0.0
77.5 3.1375 0.0
77.5 3.2125 0.0
77.5 3.2875 0.0
77.5 3.3625000000000003 0.0
77.5 3.4375 0.0
77.5 3.5125 0.0
77.5 3.5875 0.0
77.5 3.6625 0.0
77.5 3.7375000000000003 0.0
77.5 3.8125 1.1390910719677009e-07
77.5 3.8874999999999997 4.765406275803338e-06
77.5 3.9625 0.00014299035261379164
77.5 4.0375 0.0025845413136153304
77.5 4.1125 0.016424244984839888
77.5 4.1875 0.021147334653193843
77.5 4.262499999999999 0.003999838187315015
77.5 4.3374999999999995 8.43146449231477e-05
77.5 4.4125 1.6272729599538583e-07
77.5 4.4875 0.0
77.5 4.5625 0.0
77.5 4.637499999999999 0.0
77.5 4.7124999999999995 0.0
77.5 4.7875 0.0
77.5 4.862499999999999 0.0
77.5 4.9375 0.0
77.5 5.012499999999999 0.0
77.5 5.0874999999999995 0.0
77.5 5.1625 0.0
77.5 5.237499999999999 0.0
77.5 5.3125 0.0
77.5 5.387499999999999 0.0
82.5 2.4625 0.0
82.5 2.5375 0.0
82.5 2.6125000000000003 0.0
82.5 2.6875 0.0
82.5 2.7625 0.0
82.5 2.8375 0.0
82.5 2.9125 0.0
82.5 2.9875000000000003 0.0
82.5 3.0625 0.0
82.5 3.1375 0.0
82.5 3.2125 0.0
82.5 3.2875 0.0
82.5 3.3625000000000003 0.0
82.5 3.4375 0.0
82.5 3.5125 0.0
82.5 3.5875 0.0
82.5 3.6625 0.0
82.5 3.7375000000000003 0.0
82.5 3.8125 4.0681823998846464e-08
82.5 3.8874999999999997 2.0403499420959916e-06
82.5 3.9625 6.78516495621376e-05
82.5 4.0375 0.0015046016137419524
82.5 4.1125 0.012673875878650601
82.5 4.1875 0.022228025402125665
82.5 4.262499999999999 0.0056624680334433795
82.5 4.3374999999999995 0.00015789742467539974
82.5 4.4125 2.8414689377655845e-07
82.5 4.4875 0.0
82.5 4.5625 0.0
82.5 4.637499999999999 0.0
82.5 4.7124999999999995 0.0
82.5 4.7875 0.0
82.5 4.862499999999999 0.0
82.5 4.9375 0.0
82.5 5.012499999999999 0.0
82.5 5.0874999999999995 0.0
82.5 5.1625 0.0
82.5 5.237499999999999 0.0
82.5 5.3125 0.0
82.5 5.387499999999999 0.0
87.5 2.4625 0.0
87.5 2.5375 0.0
87.5 2.6125000000000003 0.0
87.5 2.6875 0.0
87.5 2.7625 0.0
87.5 2.8375 0.0
87.5 2.9125 0.0
87.5 2.9875000000000003 0.0
87.5 3.0625 0.0
87.5 3.1375 0.0
87.5 3.2125 0.0
87.5 3.2875 0.0
87.5 3.3625000000000003 0.0
87.5 3.4375 0.0
87.5 3.5125 0.0
87.5 3.5875 0.0
87.5 3.6625 0.0
87.5 3.7375000000000003 0.0
87.5 3.8125 4.19335724295802e-08
87.5 3.8874999999999997 8.148882284076631e-07
87.5 3.9625 3.1226742227299176e-05
87.5 4.0375 0.0008480420373440769
87.5 4.1125 0.009311692737058305
87.5 4.1875 0.021973603152459522
87.5 4.262499999999999 0.007474850803082573
87.5 4.3374999999999995 0.00027560996947895427
87.5 4.4125 8.305350837918349e-07
87.5 4.4875 0.0
87.5 4.5625 0.0
87.5 4.637499999999999 0.0
87.5 4.7124999999999995 0.0
87.5 4.7875 0.0
87.5 4.862499999999999 0.0
87.5 4.9375 0.0
87.5 5.012499999999999 0.0
87.5 5.0874999999999995 0.0
87.5 5.1625 0.0
87.5 5.237499999999999 0.0
87.5 5.3125 0.0
87.5 5.387499999999999 0.0
92.5 2.4625 0.0
92.5 2.5375 0.0
92.5 2.6125000000000003 0.0
92.5 2.6875 0.0
92.5 2.7625 0.0
92.5 2.8375 0.0
92.5 2.9125 0.0
92.5 2.9875000000000003 0.0
92.5 3.0625 0.0
92.5 3.1375 0.0
92.5 3.2125 0.0
92.5 3.2875 0.0
92.5 3.3625000000000003 0.0
92.5 3.4375 0.0
92.5 3.5125 0.0
92.5 3.5875 0.0
92.5 3.6625 0.0
92.5 3.7375000000000003 0.0
92.5 3.8125 2.0027974891739797e-08
92.5 3.8874999999999997 3.917972588196597e-07
92.5 3.9625 1.4786904212257639e-05
92.5 4.0375 0.00046914154260626673
92.5 4.1125 0.006568467900753073
92.5 4.1875 0.020613918332166258
92.5 4.262499999999999 0.009288892765266704
92.5 4.3374999999999995 0.00044666639953244247
92.5 4.4125 1.882629639823541e-06
92.5 4.4875 0.0
92.5 4.5625 0.0
92.5 4.637499999999999 0.0
92.5 4.7124999999999995 0.0
92.5 4.7875 0.0
92.5 4.862499999999999 0.0
92.5 4.9375 0.0
92.5 5.012499999999999 0.0
92.5 5.0874999999999995 0.0
92.5 5.1625 0.0
92.5 5.237499999999999 0.0
92.5 5.3125 0.0
92.5 5.387499999999999 0.0
97.5 2.4625 0.0
97.5 2.5375 0.0
97.5 2.6125000000000003 0.0
97.5 2.6875 0.0
97.5 2.7625 0.0
97.5 2.8375 0.0
97.5 2.9125 0.0
97.5 2.9875000000000003 0.0
97.5 3.0625 0.0
97.5 3.1375 0.0
97.5 3.2125 0.0
97.5 3.2875 0.0
97.5 3.3625000000000003 0.0
97.5 3.4375 0.0
97.5 3.5125 0.0
97.5 3.5875 0.0
97.5 3.6625 0.0
97.5 3.7375000000000003 0.0
97.5 3.8125 1.877622646100606e-09
97.5 3.8874999999999997 1.7837415137955758e-07
97.5 3.9625 7.106175841275427e-06
97.5 4.0375 0.00025526154698894666
97.5 4.1125 0.00444766871288804
97.5 4.1875 0.01843924076247137
97.5 4.262499999999999 0.010945059208372977
97.5 4.3374999999999995 0.000688286392123253
97.5 4.4125 3.6588606630347147e-06
97.5 4.4875 0.0
97.5 4.5625 0.0
97.5 4.637499999999999 0.0
97.5 4.7124999999999995 0.0
97.5 4.7875 0.0
97.5 4.862499999999999 0.0
97.5 4.9375 0.0
97.5 5.012499999999999 0.0
97.5 5.0874999999999995 0.0
97.5 5.1625 0.0
97.5 5.237499999999999 0.0
97.5 5.3125 0.0
97.5 5.387499999999999 0.0
102.5 2.4625 0.0
102.5 2.5375 0.0
102.5 2.6125000000000003 0.0
102.5 2.6875 0.0
102.5 2.7625 0.0
102.5 2.8375 0.0
102.5 2.9125 0.0
102.5 2.9875000000000003 0.0
102.5 3.0625 0.0
102.5 3.1375 0.0
102.5 3.2125 0.0
102.5 3.2875 0.0
102.5 3.3625000000000003 0.0
102.5 3.4375 0.0
102.5 3.5125 0.0
102.5 3.5875 0.0
102.5 3.6625 0.0
102.5 3.7375000000000003 0.0
102.5 3.8125 5.632867938301818e-09
102.5 3.8874999999999997 7.760840270549172e-08
102.5 3.9625 3.3396648131976112e-06
102.5 4.0375 0.00013571581660858255
102.5 4.1125 0.0029324929542774644
102.5 4.1875 0.01583328766607412
102.5 4.262499999999999 0.012264363876039196
102.5 4.3374999999999995 0.0009978099818360763
102.5 4.4125 6.511595336676903e-06
102.5 4.4875 0.0
102.5 4.5625 0.0
102.5 4.637499999999999 0.0
102.5 4.7124999999999995 0.0
102.5 4.7875 0.0
102.5 4.862499999999999 0.0
102.5 4.9375 0.0
102.5 5.012499999999999 0.0
102.5 5.0874999999999995 0.0
102.5 5.1625 0.0
102.5 5.237499999999999 0.0
102.5 5.3125 0.0
102.5 5.387499999999999 0.0
107.5 2.4625 0.0
107.5 2.5375 0.0
107.5 2.6125000000000003 0.0
107.5 2.6875 0.0
107.5 2.7625 0.0
107.5 2.8375 0.0
107.5 2.9125 0.0
107.5 2.9875000000000003 0.0
107.5 3.0625 0.0
107.5 3.1375 0.0
107.5 3.2125 0.0
107.5 3.2875 0.0
107.5 3.3625000000000003 0.0
107.5 3.4375 0.0
107.5 3.5125 0.0
107.5 3.5875 0.0
107.5 3.6625 0.0
107.5 3.7375000000000003 0.0
107.5 3.8125 0.0
107.5 3.8874999999999997 2.2531471753207273e-08
107.5 3.9625 1.5164932238339229e-06
107.5 4.0375 7.172142983575096e-05
107.5 4.1125 0.0018732258797376539
107.5 4.1875 0.013054731604437216
107.5 4.262499999999999 0.013112812731623262
107.5 4.3374999999999995 0.0013789899104662525
107.5 4.4125 1.1168725373221772e-05
107.5 4.4875 4.38111950756808e-09
107.5 4.5625 0.0
107.5 4.637499999999999 0.0
107.5 4.7124999999999995 0.0
107.5 4.7875 0.0
107.5 4.862499999999999 0.0
107.5 4.9375 0.0
107.5 5.012499999999999 0.0
107.5 5.0874999999999995 0.0
107.5 5.1625 0.0
107.5 5.237499999999999 0.0
107.5 5.3125 0.0
107.5 5.387499999999999 0.0
112.5 2.4625 0.0
112.5 2.5375 0.0
112.5 2.6125000000000003 0.0
112.5 2.6875 0.0
112.5 2.7625 0.0
112.5 2.8375 0.0
112.5 2.9125 0.0
112.5 2.9875000000000003 0.0
112.5 3.0625 0.0
112.5 3.1375 0.0
112.5 3.2125 0.0
112.5 3.2875 0.0
112.5 3.3625000000000003 0.0
112.5 3.4375 0.0
112.5 3.5125 0.0
112.5 3.5875 0.0
112.5 3.6625 0.0
112.5 3.7375000000000003 0.0
112.5 3.8125 0.0
112.5 3.8874999999999997 3.129371076834343e-09
112.5 3.9625 6.903392595496562e-07
112.5 4.0375 3.8510666345738795e-05
112.5 4.1125 0.0011746375980294624
112.5 4.1875 0.010381142785082136
112.5 4.262499999999999 0.013451840657722695
112.5 4.3374999999999995 0.0017961181764044555
112.5 4.4125 1.8223579528837115e-05
112.5 4.4875 2.5034968614674746e-09
112.5 4.5625 0.0
112.5 4.637499999999999 0.0
112.5 4.7124999999999995 0.0
112.5 4.7875 0.0
112.5 4.862499999999999 0.0
112.5 4.9375 0.0
112.5 5.012499999999999 0.0
112.5 5.0874999999999995 0.0
112.5 5.1625 0.0
112.5 5.237499999999999 0.0
112.5 5.3125 0.0
112.5 5.387499999999999 0.0
117.5 2.4625 0.0
117.5 2.5375 0.0
117.5 2.6125000000000003 0.0
117.5 2.6875 0.0
117.5 2.7625 0.0
117.5 2.8375 0.0
117.5 2.9125 0.0
117.5 2.9875000000000003 0.0
117.5 3.0625 0.0
117.5 3.1375 0.0
117.5 3.2125 0.0
117.5 3.2875 0.0
117.5 3.3625000000000003 0.0
117.5 3.4375 0.0
117.5 3.5125 0.0
117.5 3.5875 0.0
117.5 3.6625 0.0
117.5 3.7375000000000003 0.0
117.5 3.8125 0.0
117.5 3.8874999999999997 9.38811323050303e-09
117.5 3.9625 3.692657870664525e-07
117.5 4.0375 2.0335279131484932e-05
117.5 4.1125 0.0007209426310584499
117.5 4.1875 0.008010359421612127
117.5 4.262499999999999 0.01331321953300638
117.5 4.3374999999999995 0.002266188516346327
117.5 4.4125 2.9568175556576975e-05
117.5 4.4875 2.2531471753207273e-08
117.5 4.5625 0.0
117.5 4.637499999999999 0.0
117.5 4.7124999999999995 0.0
117.5 4.7875 0.0
117.5 4.862499999999999 0.0
117.5 4.9375 0.0
117.5 5.012499999999999 0.0
117.5 5.0874999999999995 0.0
117.5 5.1625 0.0
117.5 5.237499999999999 0.0
117.5 5.3125 0.0
117.5 5.387499999999999 0.0
122.5 2.4625 0.0
122.5 2.5375 0.0
122.5 2.6125000000000003 0.0
122.5 2.6875 0.0
122.5 2.7625 0.0
122.5 2.8375 0.0
122.5 2.9125 0.0
122.5 2.9875000000000003 0.0
122.5 3.0625 0.0
122.5 3.1375 0.0
122.5 3.2125 0.0
122.5 3.2875 0.0
122.5 3.3625000000000003 0.0
122.5 3.4375 0.0
122.5 3.5125 0.0
122.5 3.5875 0.0
122.5 3.6625 0.0
122.5 3.7375000000000003 0.0
122.5 3.8125 0.0
122.5 3.8874999999999997 0.0
122.5 3.9625 1.495839374726816e-07
122.5 4.0375 1.1205651951928416e-05
122.5 4.1125 0.00043398305855803286
122.5 4.1875 0.0060035920122900755
122.5 4.262499999999999 0.012711499055358948
122.5 4.3374999999999995 0.002752636106881703
122.5 4.4125 4.468741897719443e-05
122.5 4.4875 3.504895606054465e-08
122.5 4.5625 0.0
122.5 4.637499999999999 0.0
122.5 4.7124999999999995 0.0
122.5 4.7875 0.0
122.5 4.862499999999999 0.0
122.5 4.9375 0.0
122.5 5.012499999999999 0.0
122.5 5.0874999999999995 0.0
122.5 5.1625 0.0
122.5 5.237499999999999 0.0
122.5 5.3125 0.0
122.5 5.387499999999999 0.0
127.5 2.4625 0.0
127.5 2.5375 0.0
127.5 2.6125000000000003 0.0
127.5 2.6875 0.0
127.5 2.7625 0.0
127.5 2.8375 0.0
127.5 2.9125 0.0
127.5 2.9875000000000003 0.0
127.5 3.0625 0.0
127.5 3.1375 0.0
127.5 3.2125 0.0
127.5 3.2875 0.0
127.5 3.3625000000000003 0.0
127.5 3.4375 0.0
127.5 3.5125 0.0
127.5 3.5875 0.0
127.5 3.6625 0.0
127.5 3.7375000000000003 0.0
127.5 3.8125 0.0
127.5 3.8874999999999997 0.0
127.5 3.9625 5.6328679383018175e-08
127.5 4.0375 5.753035787652257e-06
127.5 4.1125 0.00025782074665558184
127.5 4.1875 0.004377045066426042
127.5 4.262499999999999 0.0117312442193897
127.5 4.3374999999999995 0.0031962288381424783
127.5 4.4125 6.427728191817741e-05
127.5 4.4875 5.945805045985253e-08
127.5 4.5625 0.0
127.5 4.637499999999999 0.0
127.5 4.7124999999999995 0.0
127.5 4.7875 0.0
127.5 4.862499999999999 0.0
127.5 4.9375 0.0
127.5 5.012499999999999 0.0
127.5 5.0874999999999995 0.0
127.5 5.1625 0.0
127.5 5.237499999999999 0.0
127.5 5.3125 0.0
127.5 5.387499999999999 0.0
132.5 2.4625 0.0
132.5 2.5375 0.0
132.5 2.6125000000000003 0.0
132.5 2.6875 0.0
132.5 2.7625 0.0
132.5 2.8375 0.0
132.5 2.9125 0.0
132.5 2.9875000000000003 0.0
132.5 3.0625 0.0
132.5 3.1375 0.0
132.5 3.2125 0.0
132.5 3.2875 0.0
132.5 3.3625000000000003 0.0
132.5 3.4375 0.0
132.5 3.5125 0.0
132.5 3.5875 0.0
132.5 3.6625 0.0
132.5 3.7375000000000003 0.0
132.5 3.8125 0.0
132.5 3.8874999999999997 0.0
132.5 3.9625 3.504895606054464e-08
132.5 4.0375 3.1124724730194384e-06
132.5 4.1125 0.0001529486372544939
132.5 4.1875 0.0031237325760281034
132.5 4.262499999999999 0.010528809669833147
132.5 4.3374999999999995 0.003591213674341002
132.5 4.4125 8.959827504927482e-05
132.5 4.4875 1.314335852270424e-07
132.5 4.5625 0.0
132.5 4.637499999999999 0.0
132.5 4.7124999999999995 0.0
132.5 4.7875 0.0
132.5 4.862499999999999 0.0
132.5 4.9375 0.0
132.5 5.012499999999999 0.0
132.5 5.0874999999999995 0.0
132.5 5.1625 0.0
132.5 5.237499999999999 0.0
132.5 5.3125 0.0
132.5 5.387499999999999 0.0
137.5 2.4625 0.0
137.5 2.5375 0.0
137.5 2.6125000000000003 0.0
137.5 2.6875 0.0
137.5 2.7625 0.0
137.5 2.8375 0.0
137.5 2.9125 0.0
137.5 2.9875000000000003 0.0
137.5 3.0625 0.0
137.5 3.1375 0.0
137.5 3.2125 0.0
137.5 3.2875 0.0
137.5 3.3625000000000003 0.0
137.5 3.4375 0.0
137.5 3.5125 0.0
137.5 3.5875 0.0
137.5 3.6625 0.0
137.5 3.7375000000000003 0.0
137.5 3.8125 0.0
137.5 3.8874999999999997 0.0
137.5 3.9625 1.877622646100606e-08
137.5 4.0375 1.4945876262960823e-06
137.5 4.1125 8.873081338677635e-05
137.5 4.1875 0.0021791807346744556
137.5 4.262499999999999 0.009180222225252556
137.5 4.3374999999999995 0.003901016403953879
137.5 4.4125 0.00012079935643374395
137.5 4.4875 2.1029373636326788e-07
137.5 4.5625 0.0
137.5 4.637499999999999 0.0
137.5 4.7124999999999995 0.0
137.5 4.7875 0.0
137.5 4.862499999999999 0.0
137.5 4.9375 0.0
137.5 5.012499999999999 0.0
137.5 5.0874999999999995 0.0
137.5 5.1625 0.0
137.5 5.237499999999999 0.0
137.5 5.3125 0.0
137.5 5.387499999999999 0.0
142.5 2.4625 0.0
142.5 2.5375 0.0
142.5 2.6125000000000003 0.0
142.5 2.6875 0.0
142.5 2.7625 0.0
142.5 2.8375 0.0
142.5 2.9125 0.0
142.5 2.9875000000000003 0.0
142.5 3.0625 0.0
142.5 3.1375 0.0
142.5 3.2125 0.0
142.5 3.2875 0.0
142.5 3.3625000000000003 0.0
142.5 3.4375 0.0
142.5 3.5125 0.0
142.5 3.5875 0.0
142.5 3.6625 0.0
142.5 3.7375000000000003 0.0
142.5 3.8125 0.0
142.5 3.8874999999999997 0.0
142.5 3.9625 0.0
142.5 4.0375 8.261539642842667e-07
142.5 4.1125 5.1499433937247425e-05
142.5 4.1875 0.0014867523069939045
142.5 4.262499999999999 0.0077957559154018434
142.5 4.3374999999999995 0.004103257642662237
142.5 4.4125 0.00015650673216885457
142.5 4.4875 3.360944536520085e-07
142.5 4.5625 0.0
142.5 4.637499999999999 0.0
142.5 4.7124999999999995 0.0
142.5 4.7875 0.0
142.5 4.862499999999999 0.0
142.5 4.9375 0.0
142.5 5.012499999999999 0.0
142.5 5.0874999999999995 0.0
142.5 5.1625 0.0
142.5 5.237499999999999 0.0
142.5 5.3125 0.0
142.5 5.387499999999999 0.0
147.5 2.4625 0.0
147.5 2.5375 0.0
147.5 2.6125000000000003 0.0
147.5 2.6875 0.0
147.5 2.7625 0.0
147.5 2.8375 0.0
147.5 2.9125 0.0
147.5 2.9875000000000003 0.0
147.5 3.0625 0.0
147.5 3.1375 0.0
147.5 3.2125 0.0
147.5 3.2875 0.0
147.5 3.3625000000000003 0.0
147.5 3.4375 0.0
147.5 3.5125 0.0
147.5 3.5875 0.0
147.5 3.6625 0.0
147.5 3.7375000000000003 0.0
147.5 3.8125 0.0
147.5 3.8874999999999997 0.0
147.5 3.9625 0.0
147.5 4.0375 4.0681823998846464e-07
147.5 4.1125 2.9592584650976284e-05
147.5 4.1875 0.0010007090312016556
147.5 4.262499999999999 0.006458846657805782
147.5 4.3374999999999995 0.004193215795385347
147.5 4.4125 0.00019543110137095084
147.5 4.4875 4.6752803887905093e-07
147.5 4.5625 0.0
147.5 4.637499999999999 0.0
147.5 4.7124999999999995 0.0
147.5 4.7875 0.0
147.5 4.862499999999999 0.0
147.5 4.9375 0.0
147.5 5.012499999999999 0.0
147.5 5.0874999999999995 0.0
147.5 5.1625 0.0
147.5 5.237499999999999 0.0
147.5 5.3125 0.0
147.5 5.387499999999999 0.0
152.5 2.4625 0.0
152.5 2.5375 0.0
152.5 2.6125000000000003 0.0
152.5 2.6875 0.0
152.5 2.7625 0.0
152.5 2.8375 0.0
152.5 2.9125 0.0
152.5 2.9875000000000003 0.0
152.5 3.0625 0.0
152.5 3.1375 0.0
152.5 3.2125 0.0
152.5 3.2875 0.0
152.5 3.3625000000000003 0.0
152.5 3.4375 0.0
152.5 3.5125 0.0
152.5 3.5875 0.0
152.5 3.6625 0.0
152.5 3.7375000000000003 0.0
152.5 3.8125 0.0
152.5 3.8874999999999997 0.0
152.5 3.9625 0.0
152.5 4.0375 2.0653849107106665e-07
152.5 4.1125 1.7070719224131343e-05
152.5 4.1875 0.0006599806048590709
152.5 4.262499999999999 0.005231612468339534
152.5 4.3374999999999995 0.004171727030074941
152.5 4.4125 0.0002395458454410846
152.5 4.4875 7.454161905019406e-07
152.5 4.5625 0.0
152.5 4.637499999999999 0.0
152.5 4.7124999999999995 0.0
152.5 4.7875 0.0
152.5 4.862499999999999 0.0
152.5 4.9375 0.0
152.5 5.012499999999999 0.0
152.5 5.0874999999999995 0.0
152.5 5.1625 0.0
152.5 5.237499999999999 0.0
152.5 5.3125 0.0
152.5 5.387499999999999 0.0
157.5 2.4625 0.0
157.5 2.5375 0.0
157.5 2.6125000000000003 0.0
157.5 2.6875 0.0
157.5 2.7625 0.0
157.5 2.8375 0.0
157.5 2.9125 0.0
157.5 2.9875000000000003 0.0
157.5 3.0625 0.0
157.5 3.1375 0.0
157.5 3.2125 0.0
157.5 3.2875 0.0
157.5 3.3625000000000003 0.0
157.5 3.4375 0.0
157.5 3.5125 0.0
157.5 3.5875 0.0
157.5 3.6625 0.0
157.5 3.7375000000000003 0.0
157.5 3.8125 0.0
157.5 3.8874999999999997 0.0
157.5 3.9625 1.0013987445869898e-08
157.5 4.0375 5.820630202911879e-08
157.5 4.1125 9.800564338429797e-06
157.5 4.1875 0.00043041870490151857
157.5 4.262499999999999 0.00414259571472069
157.5 4.3374999999999995 0.0040451014105703465
157.5 4.4125 0.0002818111312048092
157.5 4.4875 1.020800845263363e-06
157.5 4.5625 0.0
157.5 4.637499999999999 0.0
157.5 4.7124999999999995 0.0
157.5 4.7875 0.0
157.5 4.862499999999999 0.0
157.5 4.9375 0.0
157.5 5.012499999999999 0.0
157.5 5.0874999999999995 0.0
157.5 5.1625 0.0
157.5 5.237499999999999 0.0
157.5 5.3125 0.0
157.5 5.387499999999999 0.0
162.5 2.4625 0.0
162.5 2.5375 0.0
162.5 2.6125000000000003 0.0
162.5 2.6875 0.0
162.5 2.7625 0.0
162.5 2.8375 0.0
162.5 2.9125 0.0
162.5 2.9875000000000003 0.0
162.5 3.0625 0.0
162.5 3.1375 0.0
162.5 3.2125 0.0
162.5 3.2875 0.0
162.5 3.3625000000000003 0.0
162.5 3.4375 0.0
162.5 3.5125 0.0
162.5 3.5875 0.0
162.5 3.6625 0.0
162.5 3.7375000000000003 0.0
162.5 3.8125 0.0
162.5 3.8874999999999997 0.0
162.5 3.9625 0.0
162.5 4.0375 8.19895222130598e-08
162.5 4.1125 5.425703573015384e-06
162.5 4.1875 0.00027514056381742916
162.5 4.262499999999999 0.0032127944768748085
162.5 4.3374999999999995 0.0038042299635411155
162.5 4.4125 0.0003189818008554476
162.5 4.4875 1.2586330471027729e-06
162.5 4.5625 0.0
162.5 4.637499999999999 0.0
162.5 4.7124999999999995 0.0
162.5 4.7875 0.0
162.5 4.862499999999999 0.0
162.5 4.9375 0.0
162.5 5.012499999999999 0.0
162.5 5.0874999999999995 0.0
162.5 5.1625 0.0
162.5 5.237499999999999 0.0
162.5 5.3125 0.0
162.5 5.387499999999999 0.0
167.5 2.4625 0.0
167.5 2.5375 0.0
167.5 2.6125000000000003 0.0
167.5 2.6875 0.0
167.5 2.7625 0.0
167.5 2.8375 0.0
167.5 2.9125 0.0
167.5 2.9875000000000003 0.0
167.5 3.0625 0.0
167.5 3.1375 0.0
167.5 3.2125 0.0
167.5 3.2875 0.0
167.5 3.3625000000000003 0.0
167.5 3.4375 0.0
167.5 3.5125 0.0
167.5 3.5875 0.0
167.5 3.6625 0.0
167.5 3.7375000000000003 0.0
167.5 3.8125 0.0
167.5 3.8874999999999997 0.0
167.5 3.9625 0.0
167.5 4.0375 3.066783655297656e-08
167.5 4.1125 2.805168233274305e-06
167.5 4.1875 0.0001735305108268334
167.5 4.262499999999999 0.0024468064267879745
167.5 4.3374999999999995 0.0035062212076426113
167.5 4.4125 0.00035269076022089173
167.5 4.4875 1.8569687969934996e-06
167.5 4.5625 0.0
167.5 4.637499999999999 0.0
167.5 4.7124999999999995 0.0
167.5 4.7875 0.0
167.5 4.862499999999999 0.0
167.5 4.9375 0.0
167.5 5.012499999999999 0.0
167.5 5.0874999999999995 0.0
167.5 5.1625 0.0
167.5 5.237499999999999 0.0
167.5 5.3125 0.0
167.5 5.387499999999999 0.0
172.5 2.4625 0.0
172.5 2.5375 0.0
172.5 2.6125000000000003 0.0
172.5 2.6875 0.0
172.5 2.7625 0.0
172.5 2.8375 0.0
172.5 2.9125 0.0
172.5 2.9875000000000003 0.0
172.5 3.0625 0.0
172.5 3.1375 0.0
172.5 3.2125 0.0
172.5 3.2875 0.0
172.5 3.3625000000000003 0.0
172.5 3.4375 0.0
172.5 3.5125 0.0
172.5 3.5875 0.0
172.5 3.6625 0.0
172.5 3.7375000000000003 0.0
172.5 3.8125 0.0
172.5 3.8874999999999997 0.0
172.5 3.9625 0.0
172.5 4.0375 2.5034968614674746e-09
172.5 4.1125 1.711140104813019e-06
172.5 4.1875 0.0001104123479555154
172.5 4.262499999999999 0.0018269950549453648
172.5 4.3374999999999995 0.0031593441930082627
172.5 4.4125 0.0003831514324085819
172.5 4.4875 2.26065766590513e-06
172.5 4.5625 2.5034968614674746e-09
172.5 4.637499999999999 0.0
172.5 4.7124999999999995 0.0
172.5 4.7875 0.0
172.5 4.862499999999999 0.0
172.5 4.9375 0.0
172.5 5.012499999999999 0.0
172.5 5.0874999999999995 0.0
172.5 5.1625 0.0
172.5 5.237499999999999 0.0
172.5 5.3125 0.0
172.5 5.387499999999999 0.0
177.5 2.4625 0.0
177.5 2.5375 0.0
177.5 2.6125000000000003 0.0
177.5 2.6875 0.0
177.5 2.7625 0.0
177.5 2.8375 0.0
177.5 2.9125 0.0
177.5 2.9875000000000003 0.0
177.5 3.0625 0.0
177.5 3.1375 0.0
177.5 3.2125 0.0
177.5 3.2875 0.0
177.5 3.3625000000000003 0.0
177.5 3.4375 0.0
177.5 3.5125 0.0
177.5 3.5875 0.0
177.5 3.6625 0.0
177.5 3.7375000000000003 0.0
177.5 3.8125 0.0
177.5 3.8874999999999997 0.0
177.5 3.9625 0.0
177.5 4.0375 3.755245292201212e-09
177.5 4.1125 9.256679645275987e-07
177.5 4.1875 6.729149213938425e-05
177.5 4.262499999999999 0.0013359754532667337
177.5 4.3374999999999995 0.0027738807812481155
177.5 4.4125 0.00040224873234207117
177.5 4.4875 2.9610109129006555e-06
177.5 4.5625 0.0
177.5 4.637499999999999 0.0
177.5 4.7124999999999995 0.0
177.5 4.7875 0.0
177.5 4.862499999999999 0.0
177.5 4.9375 0.0
177.5 5.012499999999999 0.0
177.5 5.0874999999999995 0.0
177.5 5.1625 0.0
177.5 5.237499999999999 0.0
177.5 5.3125 0.0
177.5 5.387499999999999 0.0
182.5 2.4625 0.0
182.5 2.5375 0.0
182.5 2.6125000000000003 0.0
182.5 2.6875 0.0
182.5 2.7625 0.0
182.5 2.8375 0.0
182.5 2.9125 0.0
182.5 2.9875000000000003 0.0
182.5 3.0625 0.0
182.5 3.1375 0.0
182.5 3.2125 0.0
182.5 3.2875 0.0
182.5 3.3625000000000003 0.0
182.5 3.4375 0.0
182.5 3.5125 0.0
182.5 3.5875 0.0
182.5 3.6625 0.0
182.5 3.7375000000000003 0.0
182.5 3.8125 0.0
182.5 3.8874999999999997 0.0
182.5 3.9625 0.0
182.5 4.0375 3.755245292201212e-09
182.5 4.1125 5.144686050315661e-07
182.5 4.1875 4.211945707154417e-05
182.5 4.262499999999999 0.000960907186349615
182.5 4.3374999999999995 0.002384607047264815
182.5 4.4125 0.00041656560501858827
182.5 4.4875 3.358441039658618e-06
182.5 4.5625 5.632867938301818e-09
182.5 4.637499999999999 0.0
182.5 4.7124999999999995 0.0
182.5 4.7875 0.0
182.5 4.862499999999999 0.0
182.5 4.9375 0.0
182.5 5.012499999999999 0.0
182.5 5.0874999999999995 0.0
182.5 5.1625 0.0
182.5 5.237499999999999 0.0
182.5 5.3125 0.0
182.5 5.387499999999999 0.0
187.5 2.4625 0.0
187.5 2.5375 0.0
187.5 2.6125000000000003 0.0
187.5 2.6875 0.0
187.5 2.7625 0.0
187.5 2.8375 0.0
187.5 2.9125 0.0
187.5 2.9875000000000003 0.0
187.5 3.0625 0.0
187.5 3.1375 0.0
187.5 3.2125 0.0
187.5 3.2875 0.0
187.5 3.3625000000000003 0.0
187.5 3.4375 0.0
187.5 3.5125 0.0
187.5 3.5875 0.0
187.5 3.6625 0.0
187.5 3.7375000000000003 0.0
187.5 3.8125 0.0
187.5 3.8874999999999997 0.0
187.5 3.9625 0.0
187.5 4.0375 0.0
187.5 4.1125 3.398496989442097e-07
187.5 4.1875 2.53929686658646e-05
187.5 4.262499999999999 0.0006810049715016747
187.5 4.3374999999999995 0.0020105708469288362
187.5 4.4125 0.0004130907513748714
187.5 4.4875 4.367350274830011e-06
187.5 4.5625 1.877622646100606e-09
187.5 4.637499999999999 0.0
187.5 4.7124999999999995 0.0
187.5 4.7875 0.0
187.5 4.862499999999999 0.0
187.5 4.9375 0.0
187.5 5.012499999999999 0.0
187.5 5.0874999999999995 0.0
187.5 5.1625 0.0
187.5 5.237499999999999 0.0
187.5 5.3125 0.0
187.5 5.387499999999999 0.0
192.5 2.4625 0.0
192.5 2.5375 0.0
192.5 2.6125000000000003 0.0
192.5 2.6875 0.0
192.5 2.7625 0.0
192.5 2.8375 0.0
192.5 2.9125 0.0
192.5 2.9875000000000003 0.0
192.5 3.0625 0.0
192.5 3.1375 0.0
192.5 3.2125 0.0
192.5 3.2875 0.0
192.5 3.3625000000000003 0.0
192.5 3.4375 0.0
192.5 3.5125 0.0
192.5 3.5875 0.0
192.5 3.6625 0.0
192.5 3.7375000000000003 0.0
192.5 3.8125 0.0
192.5 3.8874999999999997 0.0
192.5 3.9625 0.0
192.5 4.0375 0.0
192.5 4.1125 1.8838813882542744e-07
192.5 4.1875 1.469677832524481e-05
192.5 4.262499999999999 0.0004663582799705302
192.5 4.3374999999999995 0.0016525388761540038
192.5 4.4125 0.00040063022162113243
192.5 4.4875 4.521315331810259e-06
192.5 4.5625 2.5034968614674746e-09
192.5 4.637499999999999 0.0
192.5 4.7124999999999995 0.0
192.5 4.7875 0.0
192.5 4.862499999999999 0.0
192.5 4.9375 0.0
192.5 5.012499999999999 0.0
192.5 5.0874999999999995 0.0
192.5 5.1625 0.0
192.5 5.237499999999999 0.0
192.5 5.3125 0.0
192.5 5.387499999999999 0.0
197.5 2.4625 0.0
197.5 2.5375 0.0
197.5 2.6125000000000003 0.0
197.5 2.6875 0.0
197.5 2.7625 0.0
197.5 2.8375 0.0
197.5 2.9125 0.0
197.5 2.9875000000000003 0.0
197.5 3.0625 0.0
197.5 3.1375 0.0
197.5 3.2125 0.0
197.5 3.2875 0.0
197.5 3.3625000000000003 0.0
197.5 3.4375 0.0
197.5 3.5125 0.0
197.5 3.5875 0.0
197.5 3.6625 0.0
197.5 3.7375000000000003 0.0
197.5 3.8125 0.0
197.5 3.8874999999999997 0.0
197.5 3.9625 0.0
197.5 4.0375 0.0
197.5 4.1125 7.886015113622545e-08
197.5 4.1875 9.006955833344607e-06
197.5 4.262499999999999 0.00032183578727752054
197.5 4.3374999999999995 0.0013409868281091765
197.5 4.4125 0.00038126254402660463
197.5 4.4875 4.993850364412245e-06
197.5 4.5625 0.0
197.5 4.637499999999999 0.0
197.5 4.7124999999999995 0.0
197.5 4.7875 0.0
197.5 4.862499999999999 0.0
197.5 4.9375 0.0
197.5 5.012499999999999 0.0
197.5 5.0874999999999995 0.0
197.5 5.1625 0.0
197.5 5.237499999999999 0.0
197.5 5.3125 0.0
197.5 5.387499999999999 0.0
202.5 2.4625 0.0
202.5 2.5375 0.0
202.5 2.6125000000000003 0.0
202.5 2.6875 0.0
202.5 2.7625 0.0
202.5 2.8375 0.0
202.5 2.9125 0.0
202.5 2.9875000000000003 0.0
202.5 3.0625 0.0
202.5 3.1375 0.0
202.5 3.2125 0.0
202.5 3.2875 0.0
202.5 3.3625000000000003 0.0
202.5 3.4375 0.0
202.5 3.5125 0.0
202.5 3.5875 0.0
202.5 3.6625 0.0
202.5 3.7375000000000003 0.0
202.5 3.8125 0.0
202.5 3.8874999999999997 0.0
202.5 3.9625 0.0
202.5 4.0375 0.0
202.5 4.1125 6.57167926135212e-08
202.5 4.1875 5.586553246364669e-06
202.5 4.262499999999999 0.00021757891223013823
202.5 4.3374999999999995 0.0010600156201013894
202.5 4.4125 0.000349410553458154
202.5 4.4875 5.791839989005002e-06
202.5 4.5625 1.877622646100606e-09
202.5 4.637499999999999 0.0
202.5 4.7124999999999995 0.0
202.5 4.7875 0.0
202.5 4.862499999999999 0.0
202.5 4.9375 0.0
202.5 5.012499999999999 0.0
202.5 5.0874999999999995 0.0
202.5 5.1625 0.0
202.5 5.237499999999999 0.0
202.5 5.3125 0.0
202.5 5.387499999999999 0.0
207.5 2.4625 0.0
207.5 2.5375 0.0
207.5 2.6125000000000003 0.0
207.5 2.6875 0.0
207.5 2.7625 0.0
207.5 2.8375 0.0
207.5 2.9125 0.0
207.5 2.9875000000000003 0.0
207.5 3.0625 0.0
207.5 3.1375 0.0
207.5 3.2125 0.0
207.5 3.2875 0.0
207.5 3.3625000000000003 0.0
207.5 3.4375 0.0
207.5 3.5125 0.0
207.5 3.5875 0.0
207.5 3.6625 0.0
207.5 3.7375000000000003 0.0
207.5 3.8125 0.0
207.5 3.8874999999999997 0.0
207.5 3.9625 0.0
207.5 4.0375 0.0
207.5 4.1125 1.5646855384171715e-08
207.5 4.1875 3.312126347721469e-06
207.5 4.262499999999999 0.000142311904964334
207.5 4.3374999999999995 0.0008188043233732136
207.5 4.4125 0.00031703032505193366
207.5 4.4875 5.562770026180728e-06
207.5 4.5625 5.632867938301817e-09
207.5 4.637499999999999 0.0
207.5 4.7124999999999995 0.0
207.5 4.7875 0.0
207.5 4.862499999999999 0.0
207.5 4.9375 0.0
207.5 5.012499999999999 0.0
207.5 5.0874999999999995 0.0
207.5 5.1625 0.0
207.5 5.237499999999999 0.0
207.5 5.3125 0.0
207.5 5.387499999999999 0.0
212.5 2.4625 0.0
212.5 2.5375 0.0
212.5 2.6125000000000003 0.0
212.5 2.6875 0.0
212.5 2.7625 0.0
212.5 2.8375 0.0
212.5 2.9125 0.0
212.5 2.9875000000000003 0.0
212.5 3.0625 0.0
212.5 3.1375 0.0
212.5 3.2125 0.0
212.5 3.2875 0.0
212.5 3.3625000000000003 0.0
212.5 3.4375 0.0
212.5 3.5125 0.0
212.5 3.5875 0.0
212.5 3.6625 0.0
212.5 3.7375000000000003 0.0
212.5 3.8125 0.0
212.5 3.8874999999999997 0.0
212.5 3.9625 0.0
212.5 4.0375 0.0
212.5 4.1125 1.9402100676372927e-08
212.5 4.1875 1.8018918660412147e-06
212.5 4.262499999999999 9.121866339285964e-05
212.5 4.3374999999999995 0.0006196492704208298
212.5 4.4125 0.0002782292530702647
212.5 4.4875 5.769308517251795e-06
212.5 4.5625 4.38111950756808e-09
212.5 4.637499999999999 0.0
212.5 4.7124999999999995 0.0
212.5 4.7875 0.0
212.5 4.862499999999999 0.0
212.5 4.9375 0.0
212.5 5.012499999999999 0.0
212.5 5.0874999999999995 0.0
212.5 5.1625 0.0
212.5 5.237499999999999 0.0
212.5 5.3125 0.0
212.5 5.387499999999999 0.0
217.5 2.4625 0.0
217.5 2.5375 0.0
217.5 2.6125000000000003 0.0
217.5 2.6875 0.0
217.5 2.7625 0.0
217.5 2.8375 0.0
217.5 2.9125 0.0
217.5 2.9875000000000003 0.0
217.5 3.0625 0.0
217.5 3.1375 0.0
217.5 3.2125 0.0
217.5 3.2875 0.0
217.5 3.3625000000000003 0.0
217.5 3.4375 0.0
217.5 3.5125 0.0
217.5 3.5875 0.0
217.5 3.6625 0.0
217.5 3.7375000000000003 0.0
217.5 3.8125 0.0
217.5 3.8874999999999997 0.0
217.5 3.9625 0.0
217.5 4.0375 0.0
217.5 4.1125 2.5034968614674746e-09
217.5 4.1875 1.0176714741865284e-06
217.5 4.262499999999999 5.933162386834841e-05
217.5 4.3374999999999995 0.00046183696463872
217.5 4.4125 0.00024098222676535155
217.5 4.4875 5.590934365872237e-06
217.5 4.5625 9.38811323050303e-09
217.5 4.637499999999999 0.0
217.5 4.7124999999999995 0.0
217.5 4.7875 0.0
217.5 4.862499999999999 0.0
217.5 4.9375 0.0
217.5 5.012499999999999 0.0
217.5 5.0874999999999995 0.0
217.5 5.1625 0.0
217.5 5.237499999999999 0.0
217.5 5.3125 0.0
217.5 5.387499999999999 0.0
222.5 2.4625 0.0
222.5 2.5375 0.0
222.5 2.6125000000000003 0.0
222.5 2.6875 0.0
222.5 2.7625 0.0
222.5 2.8375 0.0
222.5 2.9125 0.0
222.5 2.9875000000000003 0.0
222.5 3.0625 0.0
222.5 3.1375 0.0
222.5 3.2125 0.0
222.5 3.2875 0.0
222.5 3.3625000000000003 0.0
222.5 3.4375 0.0
222.5 3.5125 0.0
222.5 3.5875 0.0
222.5 3.6625 0.0
222.5 3.7375000000000003 0.0
222.5 3.8125 0.0
222.5 3.8874999999999997 0.0
222.5 3.9625 0.0
222.5 4.0375 0.0
222.5 4.1125 2.5034968614674746e-09
222.5 4.1875 6.221189700746674e-07
222.5 4.262499999999999 3.6509746479210916e-05
222.5 4.3374999999999995 0.0003396412828304926
222.5 4.4125 0.00020158219315957645
222.5 4.4875 5.472018264952533e-06
222.5 4.5625 8.136364799769292e-09
222.5 4.637499999999999 0.0
222.5 4.7124999999999995 0.0
222.5 4.7875 0.0
222.5 4.862499999999999 0.0
222.5 4.9375 0.0
222.5 5.012499999999999 0.0
222.5 5.0874999999999995 0.0
222.5 5.1625 0.0
222.5 5.237499999999999 0.0
222.5 5.3125 0.0
222.5 5.387499999999999 0.0
227.5 2.4625 0.0
227.5 2.5375 0.0
227.5 2.6125000000000003 0.0
227.5 2.6875 0.0
227.5 2.7625 0.0
227.5 2.8375 0.0
227.5 2.9125 0.0
227.5 2.9875000000000003 0.0
227.5 3.0625 0.0
227.5 3.1375 0.0
227.5 3.2125 0.0
227.5 3.2875 0.0
227.5 3.3625000000000003 0.0
227.5 3.4375 0.0
227.5 3.5125 0.0
227.5 3.5875 0.0
227.5 3.6625 0.0
227.5 3.7375000000000003 0.0
227.5 3.8125 0.0
227.5 3.8874999999999997 0.0
227.5 3.9625 0.0
227.5 4.0375 0.0
227.5 4.1125 0.0
227.5 4.1875 2.647447931001854e-07
227.5 4.262499999999999 2.3260615214109675e-05
227.5 4.3374999999999995 0.0002418509401762808
227.5 4.4125 0.00016601626499713877
227.5 4.4875 5.7117280894380435e-06
227.5 4.5625 8.76223901513616e-09
227.5 4.637499999999999 0.0
227.5 4.7124999999999995 0.0
227.5 4.7875 0.0
227.5 4.862499999999999 0.0
227.5 4.9375 0.0
227.5 5.012499999999999 0.0
227.5 5.0874999999999995 0.0
227.5 5.1625 0.0
227.5 5.237499999999999 0.0
227.5 5.3125 0.0
227.5 5.387499999999999 0.0
232.5 2.4625 0.0
232.5 2.5375 0.0
232.5 2.6125000000000003 0.0
232.5 2.6875 0.0
232.5 2.7625 0.0
232.5 2.8375 0.0
232.5 2.9125 0.0
232.5 2.9875000000000003 0.0
232.5 3.0625 0.0
232.5 3.1375 0.0
232.5 3.2125 0.0
232.5 3.2875 0.0
232.5 3.3625000000000003 0.0
232.5 3.4375 0.0
232.5 3.5125 0.0
232.5 3.5875 0.0
232.5 3.6625 0.0
232.5 3.7375000000000003 0.0
232.5 3.8125 0.0
232.5 3.8874999999999997 0.0
232.5 3.9625 0.0
232.5 4.0375 0.0
232.5 4.1125 0.0
232.5 4.1875 1.520874343341491e-07
232.5 4.262499999999999 1.3455043881956942e-05
232.5 4.3374999999999995 0.0001683263667260579
232.5 4.4125 0.00013386260305688123
232.5 4.4875 5.766179146174961e-06
232.5 4.5625 6.884616369035555e-09
232.5 4.637499999999999 0.0
232.5 4.7124999999999995 0.0
232.5 4.7875 0.0
232.5 4.862499999999999 0.0
232.5 4.9375 0.0
232.5 5.012499999999999 0.0
232.5 5.0874999999999995 0.0
232.5 5.1625 0.0
232.5 5.237499999999999 0.0
232.5 5.3125 0.0
232.5 5.387499999999999 0.0
237.5 2.4625 0.0
237.5 2.5375 0.0
237.5 2.6125000000000003 0.0
237.5 2.6875 0.0
237.5 2.7625 0.0
237.5 2.8375 0.0
237.5 2.9125 0.0
237.5 2.9875000000000003 0.0
237.5 3.0625 0.0
237.5 3.1375 0.0
237.5 3.2125 0.0
237.5 3.2875 0.0
237.5 3.3625000000000003 0.0
237.5 3.4375 0.0
237.5 3.5125 0.0
237.5 3.5875 0.0
237.5 3.6625 0.0
237.5 3.7375000000000003 0.0
237.5 3.8125 0.0
237.5 3.8874999999999997 0.0
237.5 3.9625 0.0
237.5 4.0375 0.0
237.5 4.1125 0.0
237.5 4.1875 1.1641260405823758e-07
237.5 4.262499999999999 8.01932632149569e-06
237.5 4.3374999999999995 0.00011622046067411994
237.5 4.4125 0.00011259790071557651
237.5 4.4875 6.656798154642015e-06
237.5 4.5625 1.9402100676372927e-08
237.5 4.637499999999999 0.0
237.5 4.7124999999999995 0.0
237.5 4.7875 0.0
237.5 4.862499999999999 0.0
237.5 4.9375 0.0
237.5 5.012499999999999 0.0
237.5 5.0874999999999995 0.0
237.5 5.1625 0.0
237.5 5.237499999999999 0.0
237.5 5.3125 0.0
237.5 5.387499999999999 0.0
242.5 2.4625 0.0
242.5 2.5375 0.0
242.5 2.6125000000000003 0.0
242.5 2.6875 0.0
242.5 2.7625 0.0
242.5 2.8375 0.0
242.5 2.9125 0.0
242.5 2.9875000000000003 0.0
242.5 3.0625 0.0
242.5 3.1375 0.0
242.5 3.2125 0.0
242.5 3.2875 0.0
242.5 3.3625000000000003 0.0
242.5 3.4375 0.0
242.5 3.5125 0.0
242.5 3.5875 0.0
242.5 3.6625 0.0
242.5 3.7375000000000003 0.0
242.5 3.8125 0.0
242.5 3.8874999999999997 0.0
242.5 3.9625 0.0
242.5 4.0375 0.0
242.5 4.1125 0.0
242.5 4.1875 4.881818879861576e-08
242.5 4.262499999999999 4.703444728482018e-06
242.5 4.3374999999999995 7.882259868330345e-05
242.5 4.4125 9.359323016596154e-05
242.5 4.4875 7.480448622064813e-06
242.5 4.5625 2.1905597537840406e-08
242.5 4.637499999999999 0.0
242.5 4.7124999999999995 0.0
242.5 4.7875 0.0
242.5 4.862499999999999 0.0
242.5 4.9375 0.0
242.5 5.012499999999999 0.0
242.5 5.0874999999999995 0.0
242.5 5.1625 0.0
242.5 5.237499999999999 0.0
242.5 5.3125 0.0
242.5 5.387499999999999 0.0
247.5 2.4625 0.0
247.5 2.5375 0.0
247.5 2.6125000000000003 0.0
247.5 2.6875 0.0
247.5 2.7625 0.0
247.5 2.8375 0.0
247.5 2.9125 0.0
247.5 2.9875000000000003 0.0
247.5 3.0625 0.0
247.5 3.1375 0.0
247.5 3.2125 0.0
247.5 3.2875 0.0
247.5 3.3625000000000003 0.0
247.5 3.4375 0.0
247.5 3.5125 0.0
247.5 3.5875 0.0
247.5 3.6625 0.0
247.5 3.7375000000000003 0.0
247.5 3.8125 0.0
247.5 3.8874999999999997 0.0
247.5 3.9625 0.0
247.5 4.0375 0.0
247.5 4.1125 0.0
247.5 4.1875 2.6286717045408485e-08
247.5 4.262499999999999 2.860871038441957e-06
247.5 4.3374999999999995 5.53366687516617e-05
247.5 4.4125 8.439100157742248e-05
247.5 4.4875 9.41815519284064e-06
247.5 4.5625 2.440909439930788e-08
247.5 4.637499999999999 0.0
247.5 4.7124999999999995 0.0
247.5 4.7875 0.0
247.5 4.862499999999999 0.0
247.5 4.9375 0.0
247.5 5.012499999999999 0.0
247.5 5.0874999999999995 0.0
247.5 5.1625 0.0
247.5 5.237499999999999 0.0
247.5 5.3125 0.0
247.5 5.387499999999999 0.0
252.5 2.4625 0.0
252.5 2.5375 0.0
252.5 2.6125000000000003 0.0
252.5 2.6875 0.0
252.5 2.7625 0.0
252.5 2.8375 0.0
252.5 2.9125 0.0
252.5 2.9875000000000003 0.0
252.5 3.0625 0.0
252.5 3.1375 0.0
252.5 3.2125 0.0
252.5 3.2875 0.0
252.5 3.3625000000000003 0.0
252.5 3.4375 0.0
252.5 3.5125 0.0
252.5 3.5875 0.0
252.5 3.6625 0.0
252.5 3.7375000000000003 0.0
252.5 3.8125 0.0
252.5 3.8874999999999997 0.0
252.5 3.9625 0.0
252.5 4.0375 0.0
252.5 4.1125 0.0
252.5 4.1875 2.3157345968574143e-08
252.5 4.262499999999999 1.681724016690776e-06
252.5 4.3374999999999995 3.895941815815685e-05
252.5 4.4125 8.000675269877757e-05
252.5 4.4875 1.1626239424654954e-05
252.5 4.5625 3.254545919907717e-08
252.5 4.637499999999999 0.0
252.5 4.7124999999999995 0.0
252.5 4.7875 0.0
252.5 4.862499999999999 0.0
252.5 4.9375 0.0
252.5 5.012499999999999 0.0
252.5 5.0874999999999995 0.0
252.5 5.1625 0.0
252.5 5.237499999999999 0.0
252.5 5.3125 0.0
252.5 5.387499999999999 0.0
257.5 2.4625 0.0
257.5 2.5375 0.0
257.5 2.6125000000000003 0.0
257.5 2.6875 0.0
257.5 2.7625 0.0
257.5 2.8375 0.0
257.5 2.9125 0.0
257.5 2.9875000000000003 0.0
257.5 3.0625 0.0
257.5 3.1375 0.0
257.5 3.2125 0.0
257.5 3.2875 0.0
257.5 3.3625000000000003 0.0
257.5 3.4375 0.0
257.5 3.5125 0.0
257.5 3.5875 0.0
257.5 3.6625 0.0
257.5 3.7375000000000003 0.0
257.5 3.8125 0.0
257.5 3.8874999999999997 0.0
257.5 3.9625 0.0
257.5 4.0375 0.0
257.5 4.1125 0.0
257.5 4.1875 1.2517484307337373e-08
257.5 4.262499999999999 9.125246060048946e-07
257.5 4.3374999999999995 2.7800080898165575e-05
257.5 4.4125 8.167846272802246e-05
257.5 4.4875 1.5936009271671214e-05
257.5 4.5625 6.446504418278748e-08
257.5 4.637499999999999 0.0
257.5 4.7124999999999995 0.0
257.5 4.7875 0.0
257.5 4.862499999999999 0.0
257.5 4.9375 0.0
257.5 5.012499999999999 0.0
257.5 5.0874999999999995 0.0
257.5 5.1625 0.0
257.5 5.237499999999999 0.0
257.5 5.3125 0.0
257.5 5.387499999999999 0.0
262.5 2.4625 0.0
262.5 2.5375 0.0
262.5 2.6125000000000003 0.0
262.5 2.6875 0.0
262.5 2.7625 0.0
262.5 2.8375 0.0
262.5 2.9125 0.0
262.5 2.9875000000000003 0.0
262.5 3.0625 0.0
262.5 3.1375 0.0
262.5 3.2125 0.0
262.5 3.2875 0.0
262.5 3.3625000000000003 0.0
262.5 3.4375 0.0
262.5 3.5125 0.0
262.5 3.5875 0.0
262.5 3.6625 0.0
262.5 3.7375000000000003 0.0
262.5 3.8125 0.0
262.5 3.8874999999999997 0.0
262.5 3.9625 0.0
262.5 4.0375 0.0
262.5 4.1125 0.0
262.5 4.1875 2.5034968614674746e-09
262.5 4.262499999999999 5.62660919614815e-07
262.5 4.3374999999999995 2.216470946300229e-05
262.5 4.4125 8.782642514557122e-05
262.5 4.4875 2.1548223360865923e-05
262.5 4.5625 1.4019582424217857e-07
262.5 4.637499999999999 0.0
262.5 4.7124999999999995 0.0
262.5 4.7875 0.0
262.5 4.862499999999999 0.0
262.5 4.9375 0.0
262.5 5.012499999999999 0.0
262.5 5.0874999999999995 0.0
262.5 5.1625 0.0
262.5 5.237499999999999 0.0
262.5 5.3125 0.0
262.5 5.387499999999999 0.0
267.5 2.4625 0.0
267.5 2.5375 0.0
267.5 2.6125000000000003 0.0
267.5 2.6875 0.0
267.5 2.7625 0.0
267.5 2.8375 0.0
267.5 2.9125 0.0
267.5 2.9875000000000003 0.0
267.5 3.0625 0.0
267.5 3.1375 0.0
267.5 3.2125 0.0
267.5 3.2875 0.0
267.5 3.3625000000000003 0.0
267.5 3.4375 0.0
267.5 3.5125 0.0
267.5 3.5875 0.0
267.5 3.6625 0.0
267.5 3.7375000000000003 0.0
267.5 3.8125 0.0
267.5 3.8874999999999997 0.0
267.5 3.9625 0.0
267.5 4.0375 0.0
267.5 4.1125 0.0
267.5 4.1875 0.0
267.5 4.262499999999999 3.6175529648205006e-07
267.5 4.3374999999999995 1.8781859328944363e-05
267.5 4.4125 9.87210176124623e-05
267.5 4.4875 2.8161836194647626e-05
267.5 4.5625 2.5285318300821495e-07
267.5 4.637499999999999 0.0
267.5 4.7124999999999995 0.0
267.5 4.7875 0.0
267.5 4.862499999999999 0.0
267.5 4.9375 0.0
267.5 5.012499999999999 0.0
267.5 5.0874999999999995 0.0
267.5 5.1625 0.0
267.5 5.237499999999999 0.0
267.5 5.3125 0.0
267.5 5.387499999999999 0.0
272.5 2.4625 0.0
272.5 2.5375 0.0
272.5 2.6125000000000003 0.0
272.5 2.6875 0.0
272.5 2.7625 0.0
272.5 2.8375 0.0
272.5 2.9125 0.0
272.5 2.9875000000000003 0.0
272.5 3.0625 0.0
272.5 3.1375 0.0
272.5 3.2125 0.0
272.5 3.2875 0.0
272.5 3.3625000000000003 0.0
272.5 3.4375 0.0
272.5 3.5125 0.0
272.5 3.5875 0.0
272.5 3.6625 0.0
272.5 3.7375000000000003 0.0
272.5 3.8125 0.0
272.5 3.8874999999999997 0.0
272.5 3.9625 0.0
272.5 4.0375 0.0
272.5 4.1125 0.0
272.5 4.1875 0.0
272.5 4.262499999999999 2.897797617148602e-07
272.5 4.3374999999999995 1.7404310180921887e-05
272.5 4.4125 0.00011182306843695233
272.5 4.4875 3.8300998483590896e-05
272.5 4.5625 3.9430075568112727e-07
272.5 4.637499999999999 0.0
272.5 4.7124999999999995 0.0
272.5 4.7875 0.0
272.5 4.862499999999999 0.0
272.5 4.9375 0.0
272.5 5.012499999999999 0.0
272.5 5.0874999999999995 0.0
272.5 5.1625 0.0
272.5 5.237499999999999 0.0
272.5 5.3125 0.0
272.5 5.387499999999999 0.0
277.5 2.4625 0.0
277.5 2.5375 0.0
277.5 2.6125000000000003 0.0
277.5 2.6875 0.0
277.5 2.7625 0.0
277.5 2.8375 0.0
277.5 2.9125 0.0
277.5 2.9875000000000003 0.0
277.5 3.0625 0.0
277.5 3.1375 0.0
277.5 3.2125 0.0
277.5 3.2875 0.0
277.5 3.3625000000000003 0.0
277.5 3.4375 0.0
277.5 3.5125 0.0
277.5 3.5875 0.0
277.5 3.6625 0.0
277.5 3.7375000000000003 0.0
277.5 3.8125 0.0
277.5 3.8874999999999997 0.0
277.5 3.9625 0.0
277.5 4.0375 0.0
277.5 4.1125 0.0
277.5 4.1875 1.877622646100606e-09
277.5 4.262499999999999 2.0466086842496602e-07
277.5 4.3374999999999995 1.6544359009007807e-05
277.5 4.4125 0.0001248619059656903
277.5 4.4875 4.876874473560178e-05
277.5 4.5625 5.526469321689451e-07
277.5 4.637499999999999 0.0
277.5 4.7124999999999995 0.0
277.5 4.7875 0.0
277.5 4.862499999999999 0.0
277.5 4.9375 0.0
277.5 5.012499999999999 0.0
277.5 5.0874999999999995 0.0
277.5 5.1625 0.0
277.5 5.237499999999999 0.0
277.5 5.3125 0.0
277.5 5.387499999999999 0.0
282.5 2.4625 0.0
282.5 2.5375 0.0
282.5 2.6125000000000003 0.0
282.5 2.6875 0.0
282.5 2.7625 0.0
282.5 2.8375 0.0
282.5 2.9125 0.0
282.5 2.9875000000000003 0.0
282.5 3.0625 0.0
282.5 3.1375 0.0
282.5 3.2125 0.0
282.5 3.2875 0.0
282.5 3.3625000000000003 0.0
282.5 3.4375 0.0
282.5 3.5125 0.0
282.5 3.5875 0.0
282.5 3.6625 0.0
282.5 3.7375000000000003 0.0
282.5 3.8125 0.0
282.5 3.8874999999999997 0.0
282.5 3.9625 0.0
282.5 4.0375 0.0
282.5 4.1125 0.0
282.5 4.1875 6.258742153668687e-10
282.5 4.262499999999999 1.8651051617932687e-07
282.5 4.3374999999999995 1.5861530240042553e-05
282.5 4.4125 0.00014183248531536295
282.5 4.4875 6.154346334545493e-05
282.5 4.5625 6.803252721037863e-07
282.5 4.637499999999999 0.0
282.5 4.7124999999999995 0.0
282.5 4.7875 0.0
282.5 4.862499999999999 0.0
282.5 4.9375 0.0
282.5 5.012499999999999 0.0
282.5 5.0874999999999995 0.0
282.5 5.1625 0.0
282.5 5.237499999999999 0.0
282.5 5.3125 0.0
282.5 5.387499999999999 0.0
287.5 2.4625 0.0
287.5 2.5375 0.0
287.5 2.6125000000000003 0.0
287.5 2.6875 0.0
287.5 2.7625 0.0
287.5 2.8375 0.0
287.5 2.9125 0.0
287.5 2.9875000000000003 0.0
287.5 3.0625 0.0
287.5 3.1375 0.0
287.5 3.2125 0.0
287.5 3.2875 0.0
287.5 3.3625000000000003 0.0
287.5 3.4375 0.0
287.5 3.5125 0.0
287.5 3.5875 0.0
287.5 3.6625 0.0
287.5 3.7375000000000003 0.0
287.5 3.8125 0.0
287.5 3.8874999999999997 0.0
287.5 3.9625 0.0
287.5 4.0375 0.0
287.5 4.1125 0.0
287.5 4.1875 0.0
287.5 4.262499999999999 2.14674855870836e-07
287.5 4.3374999999999995 1.562620153506461e-05
287.5 4.4125 0.00015574253975189162
287.5 4.4875 7.608502486528877e-05
287.5 4.5625 9.513288073576404e-07
287.5 4.637499999999999 0.0
287.5 4.7124999999999995 0.0
287.5 4.7875 0.0
287.5 4.862499999999999 0.0
287.5 4.9375 0.0
287.5 5.012499999999999 0.0
287.5 5.0874999999999995 0.0
287.5 5.1625 0.0
287.5 5.237499999999999 0.0
287.5 5.3125 0.0
287.5 5.387499999999999 0.0
292.5 2.4625 0.0
292.5 2.5375 0.0
292.5 2.6125000000000003 0.0
292.5 2.6875 0.0
292.5 2.7625 0.0
292.5 2.8375 0.0
292.5 2.9125 0.0
292.5 2.9875000000000003 0.0
292.5 3.0625 0.0
292.5 3.1375 0.0
292.5 3.2125 0.0
292.5 3.2875 0.0
292.5 3.3625000000000003 0.0
292.5 3.4375 0.0
292.5 3.5125 0.0
292.5 3.5875 0.0
292.5 3.6625 0.0
292.5 3.7375000000000003 0.0
292.5 3.8125 0.0
292.5 3.8874999999999997 0.0
292.5 3.9625 0.0
292.5 4.0375 0.0
292.5 4.1125 0.0
292.5 4.1875 0.0
292.5 4.262499999999999 1.1390910719677009e-07
292.5 4.3374999999999995 1.4838225897917723e-05
292.5 4.4125 0.00017037422715873826
292.5 4.4875 9.273953773620113e-05
292.5 4.5625 1.4645456639584727e-06
292.5 4.637499999999999 0.0
292.5 4.7124999999999995 0.0
292.5 4.7875 0.0
292.5 4.862499999999999 0.0
292.5 4.9375 0.0
292.5 5.012499999999999 0.0
292.5 5.0874999999999995 0.0
292.5 5.1625 0.0
292.5 5.237499999999999 0.0
292.5 5.3125 0.0
292.5 5.387499999999999 0.0
297.5 2.4625 0.0
297.5 2.5375 0.0
297.5 2.6125000000000003 0.0
297.5 2.6875 0.0
297.5 2.7625 0.0
297.5 2.8375 0.0
297.5 2.9125 0.0
297.5 2.9875000000000003 0.0
297.5 3.0625 0.0
297.5 3.1375 0.0
297.5 3.2125 0.0
297.5 3.2875 0.0
297.5 3.3625000000000003 0.0
297.5 3.4375 0.0
297.5 3.5125 0.0
297.5 3.5875 0.0
297.5 3.6625 0.0
297.5 3.7375000000000003 0.0
297.5 3.8125 0.0
297.5 3.8874999999999997 0.0
297.5 3.9625 0.0
297.5 4.0375 0.0
297.5 4.1125 0.0
297.5 4.1875 0.0
297.5 4.262499999999999 1.3581470473461049e-07
297.5 4.3374999999999995 1.3524515919862666e-05
297.5 4.4125 0.0001797773613704101
297.5 4.4875 0.00011001742132561891
297.5 4.5625 1.8813778913928073e-06
297.5 4.637499999999999 7.510490584402424e-09
297.5 4.7124999999999995 0.0
297.5 4.7875 0.0
297.5 4.862499999999999 0.0
297.5 4.9375 0.0
297.5 5.012499999999999 0.0
297.5 5.0874999999999995 0.0
297.5 5.1625 0.0
297.5 5.237499999999999 0.0
297.5 5.3125 0.0
297.5 5.387499999999999 0.0
302.5 2.4625 0.0
302.5 2.5375 0.0
302.5 2.6125000000000003 0.0
302.5 2.6875 0.0
302.5 2.7625 0.0
302.5 2.8375 0.0
302.5 2.9125 0.0
302.5 2.9875000000000003 0.0
302.5 3.0625 0.0
302.5 3.1375 0.0
302.5 3.2125 0.0
302.5 3.2875 0.0
302.5 3.3625000000000003 0.0
302.5 3.4375 0.0
302.5 3.5125 0.0
302.5 3.5875 0.0
302.5 3.6625 0.0
302.5 3.7375000000000003 0.0
302.5 3.8125 0.0
302.5 3.8874999999999997 0.0
302.5 3.9625 0.0
302.5 4.0375 0.0
302.5 4.1125 0.0
302.5 4.1875 0.0
302.5 4.262499999999999 1.276783399348412e-07
302.5 4.3374999999999995 1.3232858535501704e-05
302.5 4.4125 0.00018796317023319338
302.5 4.4875 0.00012759259516733595
302.5 4.5625 2.6968919940158373e-06
302.5 4.637499999999999 0.0
302.5 4.7124999999999995 0.0
302.5 4.7875 0.0
302.5 4.862499999999999 0.0
302.5 4.9375 0.0
302.5 5.012499999999999 0.0
302.5 5.0874999999999995 0.0
302.5 5.1625 0.0
302.5 5.237499999999999 0.0
302.5 5.3125 0.0
302.5 5.387499999999999 0.0
307.5 2.4625 0.0
307.5 2.5375 0.0
307.5 2.6125000000000003 0.0
307.5 2.6875 0.0
307.5 2.7625 0.0
307.5 2.8375 0.0
307.5 2.9125 0.0
307.5 2.9875000000000003 0.0
307.5 3.0625 0.0
307.5 3.1375 0.0
307.5 3.2125 0.0
307.5 3.2875 0.0
307.5 3.3625000000000003 0.0
307.5 3.4375 0.0
307.5 3.5125 0.0
307.5 3.5875 0.0
307.5 3.6625 0.0
307.5 3.7375000000000003 0.0
307.5 3.8125 0.0
307.5 3.8874999999999997 0.0
307.5 3.9625 0.0
307.5 4.0375 0.0
307.5 4.1125 0.0
307.5 4.1875 0.0
307.5 4.262499999999999 9.388113230503031e-08
307.5 4.3374999999999995 1.1904127576277843e-05
307.5 4.4125 0.00019549243704405683
307.5 4.4875 0.000147052902145738
307.5 4.5625 3.3240179578134397e-06
307.5 4.637499999999999 0.0
307.5 4.7124999999999995 0.0
307.5 4.7875 0.0
307.5 4.862499999999999 0.0
307.5 4.9375 0.0
307.5 5.012499999999999 0.0
307.5 5.0874999999999995 0.0
307.5 5.1625 0.0
307.5 5.237499999999999 0.0
307.5 5.3125 0.0
307.5 5.387499999999999 0.0
312.5 2.4625 0.0
312.5 2.5375 0.0
312.5 2.6125000000000003 0.0
312.5 2.6875 0.0
312.5 2.7625 0.0
312.5 2.8375 0.0
312.5 2.9125 0.0
312.5 2.9875000000000003 0.0
312.5 3.0625 0.0
312.5 3.1375 0.0
312.5 3.2125 0.0
312.5 3.2875 0.0
312.5 3.3625000000000003 0.0
312.5 3.4375 0.0
312.5 3.5125 0.0
312.5 3.5875 0.0
312.5 3.6625 0.0
312.5 3.7375000000000003 0.0
312.5 3.8125 0.0
312.5 3.8874999999999997 0.0
312.5 3.9625 0.0
312.5 4.0375 0.0
312.5 4.1125 0.0
312.5 4.1875 0.0
312.5 4.262499999999999 8.261539642842665e-08
312.5 4.3374999999999995 1.088520435366058e-05
312.5 4.4125 0.00019725427296031454
312.5 4.4875 0.00016818429327916957
312.5 4.5625 4.272217394094246e-06
312.5 4.637499999999999 3.129371076834343e-09
312.5 4.7124999999999995 0.0
312.5 4.7875 0.0
312.5 4.862499999999999 0.0
312.5 4.9375 0.0
312.5 5.012499999999999 0.0
312.5 5.0874999999999995 0.0
312.5 5.1625 0.0
312.5 5.237499999999999 0.0
312.5 5.3125 0.0
312.5 5.387499999999999 0.0
317.5 2.4625 0.0
317.5 2.5375 0.0
317.5 2.6125000000000003 0.0
317.5 2.6875 0.0
317.5 2.7625 0.0
317.5 2.8375 0.0
317.5 2.9125 0.0
317.5 2.9875000000000003 0.0
317.5 3.0625 0.0
317.5 3.1375 0.0
317.5 3.2125 0.0
317.5 3.2875 0.0
317.5 3.3625000000000003 0.0
317.5 3.4375 0.0
317.5 3.5125 0.0
317.5 3.5875 0.0
317.5 3.6625 0.0
317.5 3.7375000000000003 0.0
317.5 3.8125 0.0
317.5 3.8874999999999997 0.0
317.5 3.9625 0.0
317.5 4.0375 0.0
317.5 4.1125 0.0
317.5 4.1875 0.0
317.5 4.262499999999999 8.198952221305979e-08
317.5 4.3374999999999995 9.685403482802294e-06
317.5 4.4125 0.00019726553869619113
317.5 4.4875 0.00018810524368008166
317.5 4.5625 5.314297962680082e-06
317.5 4.637499999999999 1.877622646100606e-09
317.5 4.7124999999999995 0.0
317.5 4.7875 0.0
317.5 4.862499999999999 0.0
317.5 4.9375 0.0
317.5 5.012499999999999 0.0
317.5 5.0874999999999995 0.0
317.5 5.1625 0.0
317.5 5.237499999999999 0.0
317.5 5.3125 0.0
317.5 5.387499999999999 0.0
322.5 2.4625 0.0
322.5 2.5375 0.0
322.5 2.6125000000000003 0.0
322.5 2.6875 0.0
322.5 2.7625 0.0
322.5 2.8375 0.0
322.5 2.9125 0.0
322.5 2.9875000000000003 0.0
322.5 3.0625 0.0
322.5 3.1375 0.0
322.5 3.2125 0.0
322.5 3.2875 0.0
322.5 3.3625000000000003 0.0
322.5 3.4375 0.0
322.5 3.5125 0.0
322.5 3.5875 0.0
322.5 3.6625 0.0
322.5 3.7375000000000003 0.0
322.5 3.8125 0.0
322.5 3.8874999999999997 0.0
322.5 3.9625 0.0
322.5 4.0375 0.0
322.5 4.1125 0.0
322.5 4.1875 0.0
322.5 4.262499999999999 6.321329575205374e-08
322.5 4.3374999999999995 8.635186549416688e-06
322.5 4.4125 0.00019563325874251435
322.5 4.4875 0.0002056898056350292
322.5 4.5625 6.633014934458075e-06
322.5 4.637499999999999 2.5034968614674746e-09
322.5 4.7124999999999995 0.0
322.5 4.7875 0.0
322.5 4.862499999999999 0.0
322.5 4.9375 0.0
322.5 5.012499999999999 0.0
322.5 5.0874999999999995 0.0
322.5 5.1625 0.0
322.5 5.237499999999999 0.0
322.5 5.3125 0.0
322.5 5.387499999999999 0.0
327.5 2.4625 0.0
327.5 2.5375 0.0
327.5 2.6125000000000003 0.0
327.5 2.6875 0.0
327.5 2.7625 0.0
327.5 2.8375 0.0
327.5 2.9125 0.0
327.5 2.9875000000000003 0.0
327.5 3.0625 0.0
327.5 3.1375 0.0
327.5 3.2125 0.0
327.5 3.2875 0.0
327.5 3.3625000000000003 0.0
327.5 3.4375 0.0
327.5 3.5125 0.0
327.5 3.5875 0.0
327.5 3.6625 0.0
327.5 3.7375000000000003 0.0
327.5 3.8125 0.0
327.5 3.8874999999999997 0.0
327.5 3.9625 0.0
327.5 4.0375 0.0
327.5 4.1125 0.0
327.5 4.1875 0.0
327.5 4.262499999999999 1.815035224563919e-08
327.5 4.3374999999999995 7.568696886431543e-06
327.5 4.4125 0.00018733166314988822
327.5 4.4875 0.0002229363955136786
327.5 4.5625 8.35291727828623e-06
327.5 4.637499999999999 2.5034968614674746e-09
327.5 4.7124999999999995 0.0
327.5 4.7875 0.0
327.5 4.862499999999999 0.0
327.5 4.9375 0.0
327.5 5.012499999999999 0.0
327.5 5.0874999999999995 0.0
327.5 5.1625 0.0
327.5 5.237499999999999 0.0
327.5 5.3125 0.0
327.5 5.387499999999999 0.0
332.5 2.4625 0.0
332.5 2.5375 0.0
332.5 2.6125000000000003 0.0
332.5 2.6875 0.0
332.5 2.7625 0.0
332.5 2.8375 0.0
332.5 2.9125 0.0
332.5 2.9875000000000003 0.0
332.5 3.0625 0.0
332.5 3.1375 0.0
332.5 3.2125 0.0
332.5 3.2875 0.0
332.5 3.3625000000000003 0.0
332.5 3.4375 0.0
332.5 3.5125 0.0
332.5 3.5875 0.0
332.5 3.6625 0.0
332.5 3.7375000000000003 0.0
332.5 3.8125 0.0
332.5 3.8874999999999997 0.0
332.5 3.9625 0.0
332.5 4.0375 0.0
332.5 4.1125 0.0
332.5 4.1875 0.0
332.5 4.262499999999999 2.691259126077535e-08
332.5 4.3374999999999995 6.4959484812927294e-06
332.5 4.4125 0.0001797485711565032
332.5 4.4875 0.00023987067415886
332.5 4.5625 1.0394518968812955e-05
332.5 4.637499999999999 1.314335852270424e-08
332.5 4.7124999999999995 0.0
332.5 4.7875 0.0
332.5 4.862499999999999 0.0
332.5 4.9375 0.0
332.5 5.012499999999999 0.0
332.5 5.0874999999999995 0.0
332.5 5.1625 0.0
332.5 5.237499999999999 0.0
332.5 5.3125 0.0
332.5 5.387499999999999 0.0
337.5 2.4625 0.0
337.5 2.5375 0.0
337.5 2.6125000000000003 0.0
337.5 2.6875 0.0
337.5 2.7625 0.0
337.5 2.8375 0.0
337.5 2.9125 0.0
337.5 2.9875000000000003 0.0
337.5 3.0625 0.0
337.5 3.1375 0.0
337.5 3.2125 0.0
337.5 3.2875 0.0
337.5 3.3625000000000003 0.0
337.5 3.4375 0.0
337.5 3.5125 0.0
337.5 3.5875 0.0
337.5 3.6625 0.0
337.5 3.7375000000000003 0.0
337.5 3.8125 0.0
337.5 3.8874999999999997 0.0
337.5 3.9625 0.0
337.5 4.0375 0.0
337.5 4.1125 0.0
337.5 4.1875 0.0
337.5 4.262499999999999 2.0653849107106667e-08
337.5 4.3374999999999995 5.512074214736013e-06
337.5 4.4125 0.00017034105582532382
337.5 4.4875 0.0002576073235481417
337.5 4.5625 1.2222071677684212e-05
337.5 4.637499999999999 1.439510695343798e-08
337.5 4.7124999999999995 0.0
337.5 4.7875 0.0
337.5 4.862499999999999 0.0
337.5 4.9375 0.0
337.5 5.012499999999999 0.0
337.5 5.0874999999999995 0.0
337.5 5.1625 0.0
337.5 5.237499999999999 0.0
337.5 5.3125 0.0
337.5 5.387499999999999 0.0
342.5 2.4625 0.0
342.5 2.5375 0.0
342.5 2.6125000000000003 0.0
342.5 2.6875 0.0
342.5 2.7625 0.0
342.5 2.8375 0.0
342.5 2.9125 0.0
342.5 2.9875000000000003 0.0
342.5 3.0625 0.0
342.5 3.1375 0.0
342.5 3.2125 0.0
342.5 3.2875 0.0
342.5 3.3625000000000003 0.0
342.5 3.4375 0.0
342.5 3.5125 0.0
342.5 3.5875 0.0
342.5 3.6625 0.0
342.5 3.7375000000000003 0.0
342.5 3.8125 0.0
342.5 3.8874999999999997 0.0
342.5 3.9625 0.0
342.5 4.0375 0.0
342.5 4.1125 0.0
342.5 4.1875 0.0
342.5 4.262499999999999 2.2531471753207273e-08
342.5 4.3374999999999995 4.705322351128119e-06
342.5 4.4125 0.00016431576475398697
342.5 4.4875 0.00026977494416908896
342.5 4.5625 1.4430155909498523e-05
342.5 4.637499999999999 1.9402100676372927e-08
342.5 4.7124999999999995 0.0
342.5 4.7875 0.0
342.5 4.862499999999999 0.0
342.5 4.9375 0.0
342.5 5.012499999999999 0.0
342.5 5.0874999999999995 0.0
342.5 5.1625 0.0
342.5 5.237499999999999 0.0
342.5 5.3125 0.0
342.5 5.387499999999999 0.0
347.5 2.4625 0.0
347.5 2.5375 0.0
347.5 2.6125000000000003 0.0
347.5 2.6875 0.0
347.5 2.7625 0.0
347.5 2.8375 0.0
347.5 2.9125 0.0
347.5 2.9875000000000003 0.0
347.5 3.0625 0.0
347.5 3.1375 0.0
347.5 3.2125 0.0
347.5 3.2875 0.0
347.5 3.3625000000000003 0.0
347.5 3.4375 0.0
347.5 3.5125 0.0
347.5 3.5875 0.0
347.5 3.6625 0.0
347.5 3.7375000000000003 0.0
347.5 3.8125 0.0
347.5 3.8874999999999997 0.0
347.5 3.9625 0.0
347.5 4.0375 0.0
347.5 4.1125 0.0
347.5 4.1875 0.0
347.5 4.262499999999999 1.0639861661236768e-08
347.5 4.3374999999999995 3.8009341099229934e-06
347.5 4.4125 0.0001512406265207577
347.5 4.4875 0.0002796262043189635
347.5 4.5625 1.6924890531950867e-05
347.5 4.637499999999999 2.0027974891739797e-08
347.5 4.7124999999999995 0.0
347.5 4.7875 0.0
347.5 4.862499999999999 0.0
347.5 4.9375 0.0
347.5 5.012499999999999 0.0
347.5 5.0874999999999995 0.0
347.5 5.1625 0.0
347.5 5.237499999999999 0.0
347.5 5.3125 0.0
347.5 5.387499999999999 0.0
352.5 2.4625 0.0
352.5 2.5375 0.0
352.5 2.6125000000000003 0.0
352.5 2.6875 0.0
352.5 2.7625 0.0
352.5 2.8375 0.0
352.5 2.9125 0.0
352.5 2.9875000000000003 0.0
352.5 3.0625 0.0
352.5 3.1375 0.0
352.5 3.2125 0.0
352.5 3.2875 0.0
352.5 3.3625000000000003 0.0
352.5 3.4375 0.0
352.5 3.5125 0.0
352.5 3.5875 0.0
352.5 3.6625 0.0
352.5 3.7375000000000003 0.0
352.5 3.8125 0.0
352.5 3.8874999999999997 0.0
352.5 3.9625 0.0
352.5 4.0375 0.0
352.5 4.1125 0.0
352.5 4.1875 0.0
352.5 4.262499999999999 1.4395106953437977e-08
352.5 4.3374999999999995 3.469220775778553e-06
352.5 4.4125 0.00014041425434334164
352.5 4.4875 0.000290504524056255
352.5 4.5625 1.9446537745663977e-05
352.5 4.637499999999999 1.7524478030272324e-08
352.5 4.7124999999999995 0.0
352.5 4.7875 0.0
352.5 4.862499999999999 0.0
352.5 4.9375 0.0
352.5 5.012499999999999 0.0
352.5 5.0874999999999995 0.0
352.5 5.1625 0.0
352.5 5.237499999999999 0.0
352.5 5.3125 0.0
352.5 5.387499999999999 0.0
357.5 2.4625 0.0
357.5 2.5375 0.0
357.5 2.6125000000000003 0.0
357.5 2.6875 0.0
357.5 2.7625 0.0
357.5 2.8375 0.0
357.5 2.9125 0.0
357.5 2.9875000000000003 0.0
357.5 3.0625 0.0
357.5 3.1375 0.0
357.5 3.2125 0.0
357.5 3.2875 0.0
357.5 3.3625000000000003 0.0
357.5 3.4375 0.0
357.5 3.5125 0.0
357.5 3.5875 0.0
357.5 3.6625 0.0
357.5 3.7375000000000003 0.0
357.5 3.8125 0.0
357.5 3.8874999999999997 0.0
357.5 3.9625 0.0
357.5 4.0375 0.0
357.5 4.1125 0.0
357.5 4.1875 0.0
357.5 4.262499999999999 1.2517484307337373e-08
357.5 4.3374999999999995 2.931594824778413e-06
357.5 4.4125 0.00012891444151019079
357.5 4.4875 0.0002979993677852733
357.5 4.5625 2.2528342382130438e-05
357.5 4.637499999999999 4.3185320860313936e-08
357.5 4.7124999999999995 0.0
357.5 4.7875 0.0
357.5 4.862499999999999 0.0
357.5 4.9375 0.0
357.5 5.012499999999999 0.0
357.5 5.0874999999999995 0.0
357.5 5.1625 0.0
357.5 5.237499999999999 0.0
357.5 5.3125 0.0
357.5 5.387499999999999 0.0
362.5 2.4625 0.0
362.5 2.5375 0.0
362.5 2.6125000000000003 0.0
362.5 2.6875 0.0
362.5 2.7625 0.0
362.5 2.8375 0.0
362.5 2.9125 0.0
362.5 2.9875000000000003 0.0
362.5 3.0625 0.0
362.5 3.1375 0.0
362.5 3.2125 0.0
362.5 3.2875 0.0
362.5 3.3625000000000003 0.0
362.5 3.4375 0.0
362.5 3.5125 0.0
362.5 3.5875 0.0
362.5 3.6625 0.0
362.5 3.7375000000000003 0.0
362.5 3.8125 0.0
362.5 3.8874999999999997 0.0
362.5 3.9625 0.0
362.5 4.0375 0.0
362.5 4.1125 0.0
362.5 4.1875 0.0
362.5 4.262499999999999 5.006993722934949e-09
362.5 4.3374999999999995 2.333884949103053e-06
362.5 4.4125 0.00011587435223302207
362.5 4.4875 0.0002988286511206344
362.5 4.5625 2.5852986214159246e-05
362.5 4.637499999999999 2.1279723322473536e-08
362.5 4.7124999999999995 0.0
362.5 4.7875 0.0
362.5 4.862499999999999 0.0
362.5 4.9375 0.0
362.5 5.012499999999999 0.0
362.5 5.0874999999999995 0.0
362.5 5.1625 0.0
362.5 5.237499999999999 0.0
362.5 5.3125 0.0
362.5 5.387499999999999 0.0
367.5 2.4625 0.0
367.5 2.5375 0.0
367.5 2.6125000000000003 0.0
367.5 2.6875 0.0
367.5 2.7625 0.0
367.5 2.8375 0.0
367.5 2.9125 0.0
367.5 2.9875000000000003 0.0
367.5 3.0625 0.0
367.5 3.1375 0.0
367.5 3.2125 0.0
367.5 3.2875 0.0
367.5 3.3625000000000003 0.0
367.5 3.4375 0.0
367.5 3.5125 0.0
367.5 3.5875 0.0
367.5 3.6625 0.0
367.5 3.7375000000000003 0.0
367.5 3.8125 0.0
367.5 3.8874999999999997 0.0
367.5 3.9625 0.0
367.5 4.0375 0.0
367.5 4.1125 0.0
367.5 4.1875 0.0
367.5 4.262499999999999 2.5034968614674746e-09
367.5 4.3374999999999995 1.907038734222849e-06
367.5 4.4125 0.00010569575986851068
367.5 4.4875 0.00030217895579549316
367.5 4.5625 2.9890500777490917e-05
367.5 4.637499999999999 6.696854104425494e-08
367.5 4.7124999999999995 0.0
367.5 4.7875 0.0
367.5 4.862499999999999 0.0
367.5 4.9375 0.0
367.5 5.012499999999999 0.0
367.5 5.0874999999999995 0.0
367.5 5.1625 0.0
367.5 5.237499999999999 0.0
367.5 5.3125 0.0
367.5 5.387499999999999 0.0
372.5 2.4625 0.0
372.5 2.5375 0.0
372.5 2.6125000000000003 0.0
372.5 2.6875 0.0
372.5 2.7625 0.0
372.5 2.8375 0.0
372.5 2.9125 0.0
372.5 2.9875000000000003 0.0
372.5 3.0625 0.0
372.5 3.1375 0.0
372.5 3.2125 0.0
372.5 3.2875 0.0
372.5 3.3625000000000003 0.0
372.5 3.4375 0.0
372.5 3.5125 0.0
372.5 3.5875 0.0
372.5 3.6625 0.0
372.5 3.7375000000000003 0.0
372.5 3.8125 0.0
372.5 3.8874999999999997 0.0
372.5 3.9625 0.0
372.5 4.0375 0.0
372.5 4.1125 0.0
372.5 4.1875 0.0
372.5 4.262499999999999 7.510490584402424e-09
372.5 4.3374999999999995 1.4432659406359993e-06
372.5 4.4125 9.402570924878005e-05
372.5 4.4875 0.00030088151854703774
372.5 4.5625 3.256048018024598e-05
372.5 4.637499999999999 4.8192314583248894e-08
372.5 4.7124999999999995 0.0
372.5 4.7875 0.0
372.5 4.862499999999999 0.0
372.5 4.9375 0.0
372.5 5.012499999999999 0.0
372.5 5.0874999999999995 0.0
372.5 5.1625 0.0
372.5 5.237499999999999 0.0
372.5 5.3125 0.0
372.5 5.387499999999999 0.0
377.5 2.4625 0.0
377.5 2.5375 0.0
377.5 2.6125000000000003 0.0
377.5 2.6875 0.0
377.5 2.7625 0.0
377.5 2.8375 0.0
377.5 2.9125 0.0
377.5 2.9875000000000003 0.0
377.5 3.0625 0.0
377.5 3.1375 0.0
377.5 3.2125 0.0
377.5 3.2875 0.0
377.5 3.3625000000000003 0.0
377.5 3.4375 0.0
377.5 3.5125 0.0
377.5 3.5875 0.0
377.5 3.6625 0.0
377.5 3.7375000000000003 0.0
377.5 3.8125 0.0
377.5 3.8874999999999997 0.0
377.5 3.9625 0.0
377.5 4.0375 0.0
377.5 4.1125 0.0
377.5 4.1875 0.0
377.5 4.262499999999999 2.5034968614674746e-09
377.5 4.3374999999999995 1.2342239527034651e-06
377.5 4.4125 8.412813440696839e-05
377.5 4.4875 0.0003014260291144069
377.5 4.5625 3.555966942028401e-05
377.5 4.637499999999999 1.0452099396626705e-07
377.5 4.7124999999999995 0.0
377.5 4.7875 0.0
377.5 4.862499999999999 0.0
377.5 4.9375 0.0
377.5 5.012499999999999 0.0
377.5 5.0874999999999995 0.0
377.5 5.1625 0.0
377.5 5.237499999999999 0.0
377.5 5.3125 0.0
377.5 5.387499999999999 0.0
382.5 2.4625 0.0
382.5 2.5375 0.0
382.5 2.6125000000000003 0.0
382.5 2.6875 0.0
382.5 2.7625 0.0
382.5 2.8375 0.0
382.5 2.9125 0.0
382.5 2.9875000000000003 0.0
382.5 3.0625 0.0
382.5 3.1375 0.0
382.5 3.2125 0.0
382.5 3.2875 0.0
382.5 3.3625000000000003 0.0
382.5 3.4375 0.0
382.5 3.5125 0.0
382.5 3.5875 0.0
382.5 3.6625 0.0
382.5 3.7375000000000003 0.0
382.5 3.8125 0.0
382.5 3.8874999999999997 0.0
382.5 3.9625 0.0
382.5 4.0375 0.0
382.5 4.1125 0.0
382.5 4.1875 0.0
382.5 4.262499999999999 0.0
382.5 4.3374999999999995 8.843602663133854e-07
382.5 4.4125 7.266399640409345e-05
382.5 4.4875 0.00029412833576322923
382.5 4.5625 3.913278531581346e-05
382.5 4.637499999999999 7.886015113622545e-08
382.5 4.7124999999999995 0.0
382.5 4.7875 0.0
382.5 4.862499999999999 0.0
382.5 4.9375 0.0
382.5 5.012499999999999 0.0
382.5 5.0874999999999995 0.0
382.5 5.1625 0.0
382.5 5.237499999999999 0.0
382.5 5.3125 0.0
382.5 5.387499999999999 0.0
387.5 2.4625 0.0
387.5 2.5375 0.0
387.5 2.6125000000000003 0.0
387.5 2.6875 0.0
387.5 2.7625 0.0
387.5 2.8375 0.0
387.5 2.9125 0.0
387.5 2.9875000000000003 0.0
387.5 3.0625 0.0
387.5 3.1375 0.0
387.5 3.2125 0.0
387.5 3.2875 0.0
387.5 3.3625000000000003 0.0
387.5 3.4375 0.0
387.5 3.5125 0.0
387.5 3.5875 0.0
387.5 3.6625 0.0
387.5 3.7375000000000003 0.0
387.5 3.8125 0.0
387.5 3.8874999999999997 0.0
387.5 3.9625 0.0
387.5 4.0375 0.0
387.5 4.1125 0.0
387.5 4.1875 0.0
387.5 4.262499999999999 5.006993722934949e-09
387.5 4.3374999999999995 8.029966183156926e-07
387.5 4.4125 6.354813845727502e-05
387.5 4.4875 0.0002884003349441916
387.5 4.5625 4.320534883520568e-05
387.5 4.637499999999999 1.195419751350719e-07
387.5 4.7124999999999995 1.877622646100606e-09
387.5 4.7875 0.0
387.5 4.862499999999999 0.0
387.5 4.9375 0.0
387.5 5.012499999999999 0.0
387.5 5.0874999999999995 0.0
387.5 5.1625 0.0
387.5 5.237499999999999 0.0
387.5 5.3125 0.0
387.5 5.387499999999999 0.0
392.5 2.4625 0.0
392.5 2.5375 0.0
392.5 2.6125000000000003 0.0
392.5 2.6875 0.0
392.5 2.7625 0.0
392.5 2.8375 0.0
392.5 2.9125 0.0
392.5 2.9875000000000003 0.0
392.5 3.0625 0.0
392.5 3.1375 0.0
392.5 3.2125 0.0
392.5 3.2875 0.0
392.5 3.3625000000000003 0.0
392.5 3.4375 0.0
392.5 3.5125 0.0
392.5 3.5875 0.0
392.5 3.6625 0.0
392.5 3.7375000000000003 0.0
392.5 3.8125 0.0
392.5 3.8874999999999997 0.0
392.5 3.9625 0.0
392.5 4.0375 0.0
392.5 4.1125 0.0
392.5 4.1875 0.0
392.5 4.262499999999999 0.0
392.5 4.3374999999999995 6.840805173959876e-07
392.5 4.4125 5.554258136851739e-05
392.5 4.4875 0.00027812348032786767
392.5 4.5625 4.6856699007655984e-05
392.5 4.637499999999999 2.4784618928528e-07
392.5 4.7124999999999995 3.129371076834343e-09
392.5 4.7875 0.0
392.5 4.862499999999999 0.0
392.5 4.9375 0.0
392.5 5.012499999999999 0.0
392.5 5.0874999999999995 0.0
392.5 5.1625 0.0
392.5 5.237499999999999 0.0
392.5 5.3125 0.0
392.5 5.387499999999999 0.0
397.5 2.4625 0.0
397.5 2.5375 0.0
397.5 2.6125000000000003 0.0
397.5 2.6875 0.0
397.5 2.7625 0.0
397.5 2.8375 0.0
397.5 2.9125 0.0
397.5 2.9875000000000003 0.0
397.5 3.0625 0.0
397.5 3.1375 0.0
397.5 3.2125 0.0
397.5 3.2875 0.0
397.5 3.3625000000000003 0.0
397.5 3.4375 0.0
397.5 3.5125 0.0
397.5 3.5875 0.0
397.5 3.6625 0.0
397.5 3.7375000000000003 0.0
397.5 3.8125 0.0
397.5 3.8874999999999997 0.0
397.5 3.9625 0.0
397.5 4.0375 0.0
397.5 4.1125 0.0
397.5 4.1875 0.0
397.5 4.262499999999999 0.0
397.5 4.3374999999999995 5.207273471852348e-07
397.5 4.4125 4.830747543887639e-05
397.5 4.4875 0.00026824655933516307
397.5 4.5625 5.071521354539274e-05
397.5 4.637499999999999 2.741329063306885e-07
397.5 4.7124999999999995 0.0
397.5 4.7875 0.0
397.5 4.862499999999999 0.0
397.5 4.9375 0.0
397.5 5.012499999999999 0.0
397.5 5.0874999999999995 0.0
397.5 5.1625 0.0
397.5 5.237499999999999 0.0
397.5 5.3125 0.0
397.5 5.387499999999999 0.0
402.5 2.4625 0.0
402.5 2.5375 0.0
402.5 2.6125000000000003 0.0
402.5 2.6875 0.0
402.5 2.7625 0.0
402.5 2.8375 0.0
402.5 2.9125 0.0
402.5 2.9875000000000003 0.0
402.5 3.0625 0.0
402.5 3.1375 0.0
402.5 3.2125 0.0
402.5 3.2875 0.0
402.5 3.3625000000000003 0.0
402.5 3.4375 0.0
402.5 3.5125 0.0
402.5 3.5875 0.0
402.5 3.6625 0.0
402.5 3.7375000000000003 0.0
402.5 3.8125 0.0
402.5 3.8874999999999997 0.0
402.5 3.9625 0.0
402.5 4.0375 0.0
402.5 4.1125 0.0
402.5 4.1875 0.0
402.5 4.262499999999999 2.5034968614674746e-09
402.5 4.3374999999999995 3.6738816442035187e-07
402.5 4.4125 4.153927167389907e-05
402.5 4.4875 0.0002542388685210372
402.5 4.5625 5.302781877117332e-05
402.5 4.637499999999999 3.198217240524699e-07
402.5 4.7124999999999995 0.0
402.5 4.7875 0.0
402.5 4.862499999999999 0.0
402.5 4.9375 0.0
402.5 5.012499999999999 0.0
402.5 5.0874999999999995 0.0
402.5 5.1625 0.0
402.5 5.237499999999999 0.0
402.5 5.3125 0.0
402.5 5.387499999999999 0.0
407.5 2.4625 0.0
407.5 2.5375 0.0
407.5 2.6125000000000003 0.0
407.5 2.6875 0.0
407.5 2.7625 0.0
407.5 2.8375 0.0
407.5 2.9125 0.0
407.5 2.9875000000000003 0.0
407.5 3.0625 0.0
407.5 3.1375 0.0
407.5 3.2125 0.0
407.5 3.2875 0.0
407.5 3.3625000000000003 0.0
407.5 3.4375 0.0
407.5 3.5125 0.0
407.5 3.5875 0.0
407.5 3.6625 0.0
407.5 3.7375000000000003 0.0
407.5 3.8125 0.0
407.5 3.8874999999999997 0.0
407.5 3.9625 0.0
407.5 4.0375 0.0
407.5 4.1125 0.0
407.5 4.1875 0.0
407.5 4.262499999999999 0.0
407.5 4.3374999999999995 3.667622902049851e-07
407.5 4.4125 3.560222886692896e-05
407.5 4.4875 0.00024384497542643963
407.5 4.5625 5.520523516643465e-05
407.5 4.637499999999999 5.720490328453179e-07
407.5 4.7124999999999995 0.0
407.5 4.7875 0.0
407.5 4.862499999999999 0.0
407.5 4.9375 0.0
407.5 5.012499999999999 0.0
407.5 5.0874999999999995 0.0
407.5 5.1625 0.0
407.5 5.237499999999999 0.0
407.5 5.3125 0.0
407.5 5.387499999999999 0.0
412.5 2.4625 0.0
412.5 2.5375 0.0
412.5 2.6125000000000003 0.0
412.5 2.6875 0.0
412.5 2.7625 0.0
412.5 2.8375 0.0
412.5 2.9125 0.0
412.5 2.9875000000000003 0.0
412.5 3.0625 0.0
412.5 3.1375 0.0
412.5 3.2125 0.0
412.5 3.2875 0.0
412.5 3.3625000000000003 0.0
412.5 3.4375 0.0
412.5 3.5125 0.0
412.5 3.5875 0.0
412.5 3.6625 0.0
412.5 3.7375000000000003 0.0
412.5 3.8125 0.0
412.5 3.8874999999999997 0.0
412.5 3.9625 0.0
412.5 4.0375 0.0
412.5 4.1125 0.0
412.5 4.1875 0.0
412.5 4.262499999999999 0.0
412.5 4.3374999999999995 3.19195849837103e-07
412.5 4.4125 3.0517000867073153e-05
412.5 4.4875 0.0002315434177234038
412.5 4.5625 5.8837183238208596e-05
412.5 4.637499999999999 6.653042909349813e-07
412.5 4.7124999999999995 1.0013987445869898e-08
412.5 4.7875 0.0
412.5 4.862499999999999 0.0
412.5 4.9375 0.0
412.5 5.012499999999999 0.0
412.5 5.0874999999999995 0.0
412.5 5.1625 0.0
412.5 5.237499999999999 0.0
412.5 5.3125 0.0
412.5 5.387499999999999 0.0
417.5 2.4625 0.0
417.5 2.5375 0.0
417.5 2.6125000000000003 0.0
417.5 2.6875 0.0
417.5 2.7625 0.0
417.5 2.8375 0.0
417.5 2.9125 0.0
417.5 2.9875000000000003 0.0
417.5 3.0625 0.0
417.5 3.1375 0.0
417.5 3.2125 0.0
417.5 3.2875 0.0
417.5 3.3625000000000003 0.0
417.5 3.4375 0.0
417.5 3.5125 0.0
417.5 3.5875 0.0
417.5 3.6625 0.0
417.5 3.7375000000000003 0.0
417.5 3.8125 0.0
417.5 3.8874999999999997 0.0
417.5 3.9625 0.0
417.5 4.0375 0.0
417.5 4.1125 0.0
417.5 4.1875 0.0
417.5 4.262499999999999 6.884616369035555e-09
417.5 4.3374999999999995 3.554965543283814e-07
417.5 4.4125 2.6230388366025467e-05
417.5 4.4875 0.00021342310744010224
417.5 4.5625 5.880150840793268e-05
417.5 4.637499999999999 1.1616225437209082e-06
417.5 4.7124999999999995 1.0013987445869898e-08
417.5 4.7875 0.0
417.5 4.862499999999999 0.0
417.5 4.9375 0.0
417.5 5.012499999999999 0.0
417.5 5.0874999999999995 0.0
417.5 5.1625 0.0
417.5 5.237499999999999 0.0
417.5 5.3125 0.0
417.5 5.387499999999999 0.0
422.5 2.4625 0.0
422.5 2.5375 0.0
422.5 2.6125000000000003 0.0
422.5 2.6875 0.0
422.5 2.7625 0.0
422.5 2.8375 0.0
422.5 2.9125 0.0
422.5 2.9875000000000003 0.0
422.5 3.0625 0.0
422.5 3.1375 0.0
422.5 3.2125 0.0
422.5 3.2875 0.0
422.5 3.3625000000000003 0.0
422.5 3.4375 0.0
422.5 3.5125 0.0
422.5 3.5875 0.0
422.5 3.6625 0.0
422.5 3.7375000000000003 0.0
422.5 3.8125 0.0
422.5 3.8874999999999997 0.0
422.5 3.9625 0.0
422.5 4.0375 0.0
422.5 4.1125 0.0
422.5 4.1875 0.0
422.5 4.262499999999999 5.006993722934949e-09
422.5 4.3374999999999995 3.0480074288366497e-07
422.5 4.4125 2.2652265476773078e-05
422.5 4.4875 0.00020055137832686721
422.5 4.5625 6.274576771317467e-05
422.5 4.637499999999999 1.4845736388502127e-06
422.5 4.7124999999999995 1.5646855384171718e-08
422.5 4.7875 0.0
422.5 4.862499999999999 0.0
422.5 4.9375 0.0
422.5 5.012499999999999 0.0
422.5 5.0874999999999995 0.0
422.5 5.1625 0.0
422.5 5.237499999999999 0.0
422.5 5.3125 0.0
422.5 5.387499999999999 0.0
427.5 2.4625 0.0
427.5 2.5375 0.0
427.5 2.6125000000000003 0.0
427.5 2.6875 0.0
427.5 2.7625 0.0
427.5 2.8375 0.0
427.5 2.9125 0.0
427.5 2.9875000000000003 0.0
427.5 3.0625 0.0
427.5 3.1375 0.0
427.5 3.2125 0.0
427.5 3.2875 0.0
427.5 3.3625000000000003 0.0
427.5 3.4375 0.0
427.5 3.5125 0.0
427.5 3.5875 0.0
427.5 3.6625 0.0
427.5 3.7375000000000003 0.0
427.5 3.8125 0.0
427.5 3.8874999999999997 0.0
427.5 3.9625 0.0
427.5 4.0375 0.0
427.5 4.1125 0.0
427.5 4.1875 0.0
427.5 4.262499999999999 2.315734596857414e-08
427.5 4.3374999999999995 4.2997558595703877e-07
427.5 4.4125 2.0308992414439523e-05
427.5 4.4875 0.00018632212804050143
427.5 4.5625 6.336225381531105e-05
427.5 4.637499999999999 2.108570231570981e-06
427.5 4.7124999999999995 5.8206302029118785e-08
427.5 4.7875 0.0
427.5 4.862499999999999 0.0
427.5 4.9375 0.0
427.5 5.012499999999999 0.0
427.5 5.0874999999999995 0.0
427.5 5.1625 0.0
427.5 5.237499999999999 0.0
427.5 5.3125 0.0
427.5 5.387499999999999 0.0
432.5 2.4625 0.0
432.5 2.5375 0.0
432.5 2.6125000000000003 0.0
432.5 2.6875 0.0
432.5 2.7625 0.0
432.5 2.8375 0.0
432.5 2.9125 0.0
432.5 2.9875000000000003 0.0
432.5 3.0625 0.0
432.5 3.1375 0.0
432.5 3.2125 0.0
432.5 3.2875 0.0
432.5 3.3625000000000003 0.0
432.5 3.4375 0.0
432.5 3.5125 0.0
432.5 3.5875 0.0
432.5 3.6625 0.0
432.5 3.7375000000000003 0.0
432.5 3.8125 0.0
432.5 3.8874999999999997 0.0
432.5 3.9625 0.0
432.5 4.0375 0.0
432.5 4.1125 0.0
432.5 4.1875 0.0
432.5 4.262499999999999 1.6898603814905455e-08
432.5 4.3374999999999995 4.819231458324889e-07
432.5 4.4125 1.7544506005164063e-05
432.5 4.4875 0.00016841148561934772
432.5 4.5625 6.415711406882696e-05
432.5 4.637499999999999 2.8183115917970093e-06
432.5 4.7124999999999995 5.8832176244485654e-08
432.5 4.7875 0.0
432.5 4.862499999999999 0.0
432.5 4.9375 0.0
432.5 5.012499999999999 0.0
432.5 5.0874999999999995 0.0
432.5 5.1625 0.0
432.5 5.237499999999999 0.0
432.5 5.3125 0.0
432.5 5.387499999999999 0.0
437.5 2.4625 0.0
437.5 2.5375 0.0
437.5 2.6125000000000003 0.0
437.5 2.6875 0.0
437.5 2.7625 0.0
437.5 2.8375 0.0
437.5 2.9125 0.0
437.5 2.9875000000000003 0.0
437.5 3.0625 0.0
437.5 3.1375 0.0
437.5 3.2125 0.0
437.5 3.2875 0.0
437.5 3.3625000000000003 0.0
437.5 3.4375 0.0
437.5 3.5125 0.0
437.5 3.5875 0.0
437.5 3.6625 0.0
437.5 3.7375000000000003 0.0
437.5 3.8125 0.0
437.5 3.8874999999999997 0.0
437.5 3.9625 0.0
437.5 4.0375 0.0
437.5 4.1125 0.0
437.5 4.1875 0.0
437.5 4.262499999999999 8.136364799769292e-09
437.5 4.3374999999999995 6.171119763517326e-07
437.5 4.4125 1.660569468211376e-05
437.5 4.4875 0.0001547887074476725
437.5 4.5625 6.461400224604478e-05
437.5 4.637499999999999 3.466717278917086e-06
437.5 4.7124999999999995 3.943007556811273e-08
437.5 4.7875 6.258742153668687e-10
437.5 4.862499999999999 0.0
437.5 4.9375 0.0
437.5 5.012499999999999 0.0
437.5 5.0874999999999995 0.0
437.5 5.1625 0.0
437.5 5.237499999999999 0.0
437.5 5.3125 0.0
437.5 5.387499999999999 0.0
442.5 2.4625 0.0
442.5 2.5375 0.0
442.5 2.6125000000000003 0.0
442.5 2.6875 0.0
442.5 2.7625 0.0
442.5 2.8375 0.0
442.5 2.9125 0.0
442.5 2.9875000000000003 0.0
442.5 3.0625 0.0
442.5 3.1375 0.0
442.5 3.2125 0.0
442.5 3.2875 0.0
442.5 3.3625000000000003 0.0
442.5 3.4375 0.0
442.5 3.5125 0.0
442.5 3.5875 0.0
442.5 3.6625 0.0
442.5 3.7375000000000003 0.0
442.5 3.8125 0.0
442.5 3.8874999999999997 0.0
442.5 3.9625 0.0
442.5 4.0375 0.0
442.5 4.1125 0.0
442.5 4.1875 6.258742153668687e-10
442.5 4.262499999999999 2.3157345968574143e-08
442.5 4.3374999999999995 6.903392595496562e-07
442.5 4.4125 1.5667509233278827e-05
442.5 4.4875 0.0001415821356292162
442.5 4.5625 6.689531376105703e-05
442.5 4.637499999999999 4.07131177096148e-06
442.5 4.7124999999999995 9.012588701282909e-08
442.5 4.7875 1.877622646100606e-09
442.5 4.862499999999999 0.0
442.5 4.9375 0.0
442.5 5.012499999999999 0.0
442.5 5.0874999999999995 0.0
442.5 5.1625 0.0
442.5 5.237499999999999 0.0
442.5 5.3125 0.0
442.5 5.387499999999999 0.0
447.5 2.4625 0.0
447.5 2.5375 0.0
447.5 2.6125000000000003 0.0
447.5 2.6875 0.0
447.5 2.7625 0.0
447.5 2.8375 0.0
447.5 2.9125 0.0
447.5 2.9875000000000003 0.0
447.5 3.0625 0.0
447.5 3.1375 0.0
447.5 3.2125 0.0
447.5 3.2875 0.0
447.5 3.3625000000000003 0.0
447.5 3.4375 0.0
447.5 3.5125 0.0
447.5 3.5875 0.0
447.5 3.6625 0.0
447.5 3.7375000000000003 0.0
447.5 3.8125 0.0
447.5 3.8874999999999997 0.0
447.5 3.9625 0.0
447.5 4.0375 0.0
447.5 4.1125 0.0
447.5 4.1875 1.877622646100606e-09
447.5 4.262499999999999 5.006993722934949e-08
447.5 4.3374999999999995 7.948602535159232e-07
447.5 4.4125 1.4872023105547533e-05
447.5 4.4875 0.0001249144793997811
447.5 4.5625 6.508841490129287e-05
447.5 4.637499999999999 5.090860867794111e-06
447.5 4.7124999999999995 8.449301907452728e-08
447.5 4.7875 0.0
447.5 4.862499999999999 0.0
447.5 4.9375 0.0
447.5 5.012499999999999 0.0
447.5 5.0874999999999995 0.0
447.5 5.1625 0.0
447.5 5.237499999999999 0.0
447.5 5.3125 0.0
447.5 5.387499999999999 0.0
452.5 2.4625 0.0
452.5 2.5375 0.0
452.5 2.6125000000000003 0.0
452.5 2.6875 0.0
452.5 2.7625 0.0
452.5 2.8375 0.0
452.5 2.9125 0.0
452.5 2.9875000000000003 0.0
452.5 3.0625 0.0
452.5 3.1375 0.0
452.5 3.2125 0.0
452.5 3.2875 0.0
452.5 3.3625000000000003 0.0
452.5 3.4375 0.0
452.5 3.5125 0.0
452.5 3.5875 0.0
452.5 3.6625 0.0
452.5 3.7375000000000003 0.0
452.5 3.8125 0.0
452.5 3.8874999999999997 0.0
452.5 3.9625 0.0
452.5 4.0375 0.0
452.5 4.1125 2.5034968614674746e-09
452.5 4.1875 1.0013987445869898e-08
452.5 4.262499999999999 6.822028947498868e-08
452.5 4.3374999999999995 9.375595746195693e-07
452.5 4.4125 1.3920068423974527e-05
452.5 4.4875 0.00011301097769771865
452.5 4.5625 6.425787981750104e-05
452.5 4.637499999999999 6.0108959643834074e-06
452.5 4.7124999999999995 1.038951197509002e-07
452.5 4.7875 0.0
452.5 4.862499999999999 0.0
452.5 4.9375 0.0
452.5 5.012499999999999 0.0
452.5 5.0874999999999995 0.0
452.5 5.1625 0.0
452.5 5.237499999999999 0.0
452.5 5.3125 0.0
452.5 5.387499999999999 0.0
457.5 2.4625 0.0
457.5 2.5375 0.0
457.5 2.6125000000000003 0.0
457.5 2.6875 0.0
457.5 2.7625 0.0
457.5 2.8375 0.0
457.5 2.9125 0.0
457.5 2.9875000000000003 0.0
457.5 3.0625 0.0
457.5 3.1375 0.0
457.5 3.2125 0.0
457.5 3.2875 0.0
457.5 3.3625000000000003 0.0
457.5 3.4375 0.0
457.5 3.5125 0.0
457.5 3.5875 0.0
457.5 3.6625 0.0
457.5 3.7375000000000003 0.0
457.5 3.8125 0.0
457.5 3.8874999999999997 0.0
457.5 3.9625 0.0
457.5 4.0375 0.0
457.5 4.1125 0.0
457.5 4.1875 0.0
457.5 4.262499999999999 3.692657870664525e-08
457.5 4.3374999999999995 9.325525808966343e-07
457.5 4.4125 1.3966383115911676e-05
457.5 4.4875 0.00010062805634668514
457.5 4.5625 6.181634450335489e-05
457.5 4.637499999999999 6.83392055759084e-06
457.5 4.7124999999999995 1.1328323298140323e-07
457.5 4.7875 0.0
457.5 4.862499999999999 0.0
457.5 4.9375 0.0
457.5 5.012499999999999 0.0
457.5 5.0874999999999995 0.0
457.5 5.1625 0.0
457.5 5.237499999999999 0.0
457.5 5.3125 0.0
457.5 5.387499999999999 0.0
462.5 2.4625 0.0
462.5 2.5375 0.0
462.5 2.6125000000000003 0.0
462.5 2.6875 0.0
462.5 2.7625 0.0
462.5 2.8375 0.0
462.5 2.9125 0.0
462.5 2.9875000000000003 0.0
462.5 3.0625 0.0
462.5 3.1375 0.0
462.5 3.2125 0.0
462.5 3.2875 0.0
462.5 3.3625000000000003 0.0
462.5 3.4375 0.0
462.5 3.5125 0.0
462.5 3.5875 0.0
462.5 3.6625 0.0
462.5 3.7375000000000003 0.0
462.5 3.8125 0.0
462.5 3.8874999999999997 0.0
462.5 3.9625 0.0
462.5 4.0375 0.0
462.5 4.1125 0.0
462.5 4.1875 0.0
462.5 4.262499999999999 8.887413858209534e-08
462.5 4.3374999999999995 1.1409686946138015e-06
462.5 4.4125 1.4053379631847669e-05
462.5 4.4875 8.982296389259154e-05
462.5 4.5625 6.071730938117067e-05
462.5 4.637499999999999 7.556805276339572e-06
462.5 4.7124999999999995 2.0466086842496602e-07
462.5 4.7875 0.0
462.5 4.862499999999999 0.0
462.5 4.9375 0.0
462.5 5.012499999999999 0.0
462.5 5.0874999999999995 0.0
462.5 5.1625 0.0
462.5 5.237499999999999 0.0
462.5 5.3125 0.0
462.5 5.387499999999999 0.0
467.5 2.4625 0.0
467.5 2.5375 0.0
467.5 2.6125000000000003 0.0
467.5 2.6875 0.0
467.5 2.7625 0.0
467.5 2.8375 0.0
467.5 2.9125 0.0
467.5 2.9875000000000003 0.0
467.5 3.0625 0.0
467.5 3.1375 0.0
467.5 3.2125 0.0
467.5 3.2875 0.0
467.5 3.3625000000000003 0.0
467.5 3.4375 0.0
467.5 3.5125 0.0
467.5 3.5875 0.0
467.5 3.6625 0.0
467.5 3.7375000000000003 0.0
467.5 3.8125 0.0
467.5 3.8874999999999997 0.0
467.5 3.9625 0.0
467.5 4.0375 0.0
467.5 4.1125 0.0
467.5 4.1875 0.0
467.5 4.262499999999999 6.070979889058627e-08
467.5 4.3374999999999995 1.3074512359013888e-06
467.5 4.4125 1.2685218597055694e-05
467.5 4.4875 7.75483187808165e-05
467.5 4.5625 5.9029952496541594e-05
467.5 4.637499999999999 8.21084383139795e-06
467.5 4.7124999999999995 1.7461890608735637e-07
467.5 4.7875 0.0
467.5 4.862499999999999 0.0
467.5 4.9375 0.0
467.5 5.012499999999999 0.0
467.5 5.0874999999999995 0.0
467.5 5.1625 0.0
467.5 5.237499999999999 0.0
467.5 5.3125 0.0
467.5 5.387499999999999 0.0
472.5 2.4625 0.0
472.5 2.5375 0.0
472.5 2.6125000000000003 0.0
472.5 2.6875 0.0
472.5 2.7625 0.0
472.5 2.8375 0.0
472.5 2.9125 0.0
472.5 2.9875000000000003 0.0
472.5 3.0625 0.0
472.5 3.1375 0.0
472.5 3.2125 0.0
472.5 3.2875 0.0
472.5 3.3625000000000003 0.0
472.5 3.4375 0.0
472.5 3.5125 0.0
472.5 3.5875 0.0
472.5 3.6625 0.0
472.5 3.7375000000000003 0.0
472.5 3.8125 0.0
472.5 3.8874999999999997 0.0
472.5 3.9625 0.0
472.5 4.0375 0.0
472.5 4.1125 0.0
472.5 4.1875 2.5034968614674746e-09
472.5 4.262499999999999 5.7580427813751915e-08
472.5 4.3374999999999995 1.273028154056211e-06
472.5 4.4125 1.2166994746731928e-05
472.5 4.4875 6.954714281156645e-05
472.5 4.5625 5.603451850179576e-05
472.5 4.637499999999999 8.67899774449237e-06
472.5 4.7124999999999995 1.6084967334928523e-07
472.5 4.7875 0.0
472.5 4.862499999999999 0.0
472.5 4.9375 0.0
472.5 5.012499999999999 0.0
472.5 5.0874999999999995 0.0
472.5 5.1625 0.0
472.5 5.237499999999999 0.0
472.5 5.3125 0.0
472.5 5.387499999999999 0.0
477.5 2.4625 0.0
477.5 2.5375 0.0
477.5 2.6125000000000003 0.0
477.5 2.6875 0.0
477.5 2.7625 0.0
477.5 2.8375 0.0
477.5 2.9125 0.0
477.5 2.9875000000000003 0.0
477.5 3.0625 0.0
477.5 3.1375 0.0
477.5 3.2125 0.0
477.5 3.2875 0.0
477.5 3.3625000000000003 0.0
477.5 3.4375 0.0
477.5 3.5125 0.0
477.5 3.5875 0.0
477.5 3.6625 0.0
477.5 3.7375000000000003 0.0
477.5 3.8125 0.0
477.5 3.8874999999999997 0.0
477.5 3.9625 0.0
477.5 4.0375 0.0
477.5 4.1125 0.0
477.5 4.1875 1.0013987445869898e-08
477.5 4.262499999999999 7.447903162865737e-08
477.5 4.3374999999999995 1.1422204430445353e-06
477.5 4.4125 1.2034935287289518e-05
477.5 4.4875 5.969963790698414e-05
477.5 4.5625 5.1847420000991404e-05
477.5 4.637499999999999 8.772253002582031e-06
477.5 4.7124999999999995 1.6836016393368764e-07
477.5 4.7875 0.0
477.5 4.862499999999999 0.0
477.5 4.9375 0.0
477.5 5.012499999999999 0.0
477.5 5.0874999999999995 0.0
477.5 5.1625 0.0
477.5 5.237499999999999 0.0
477.5 5.3125 0.0
477.5 5.387499999999999 0.0
482.5 2.4625 0.0
482.5 2.5375 0.0
482.5 2.6125000000000003 0.0
482.5 2.6875 0.0
482.5 2.7625 0.0
482.5 2.8375 0.0
482.5 2.9125 0.0
482.5 2.9875000000000003 0.0
482.5 3.0625 0.0
482.5 3.1375 0.0
482.5 3.2125 0.0
482.5 3.2875 0.0
482.5 3.3625000000000003 0.0
482.5 3.4375 0.0
482.5 3.5125 0.0
482.5 3.5875 0.0
482.5 3.6625 0.0
482.5 3.7375000000000003 0.0
482.5 3.8125 0.0
482.5 3.8874999999999997 0.0
482.5 3.9625 0.0
482.5 4.0375 0.0
482.5 4.1125 0.0
482.5 4.1875 2.5034968614674746e-09
482.5 4.262499999999999 6.258742153668687e-08
482.5 4.3374999999999995 9.882553860642856e-07
482.5 4.4125 1.0734994541972532e-05
482.5 4.4875 5.319555306089164e-05
482.5 4.5625 4.999545819772083e-05
482.5 4.637499999999999 8.99443834903727e-06
482.5 4.7124999999999995 1.971503778405636e-07
482.5 4.7875 0.0
482.5 4.862499999999999 0.0
482.5 4.9375 0.0
482.5 5.012499999999999 0.0
482.5 5.0874999999999995 0.0
482.5 5.1625 0.0
482.5 5.237499999999999 0.0
482.5 5.3125 0.0
482.5 5.387499999999999 0.0
487.5 2.4625 0.0
487.5 2.5375 0.0
487.5 2.6125000000000003 0.0
487.5 2.6875 0.0
487.5 2.7625 0.0
487.5 2.8375 0.0
487.5 2.9125 0.0
487.5 2.9875000000000003 0.0
487.5 3.0625 0.0
487.5 3.1375 0.0
487.5 3.2125 0.0
487.5 3.2875 0.0
487.5 3.3625000000000003 0.0
487.5 3.4375 0.0
487.5 3.5125 0.0
487.5 3.5875 0.0
487.5 3.6625 0.0
487.5 3.7375000000000003 0.0
487.5 3.8125 0.0
487.5 3.8874999999999997 0.0
487.5 3.9625 0.0
487.5 4.0375 0.0
487.5 4.1125 0.0
487.5 4.1875 0.0
487.5 4.262499999999999 3.379720762981091e-08
487.5 4.3374999999999995 9.287973356044333e-07
487.5 4.4125 1.0041525911346042e-05
487.5 4.4875 4.7814912431382674e-05
487.5 4.5625 4.701567105835918e-05
487.5 4.637499999999999 9.258557267922087e-06
487.5 4.7124999999999995 2.3532870497794262e-07
487.5 4.7875 0.0
487.5 4.862499999999999 0.0
487.5 4.9375 0.0
487.5 5.012499999999999 0.0
487.5 5.0874999999999995 0.0
487.5 5.1625 0.0
487.5 5.237499999999999 0.0
487.5 5.3125 0.0
487.5 5.387499999999999 0.0
492.5 2.4625 0.0
492.5 2.5375 0.0
492.5 2.6125000000000003 0.0
492.5 2.6875 0.0
492.5 2.7625 0.0
492.5 2.8375 0.0
492.5 2.9125 0.0
492.5 2.9875000000000003 0.0
492.5 3.0625 0.0
492.5 3.1375 0.0
492.5 3.2125 0.0
492.5 3.2875 0.0
492.5 3.3625000000000003 0.0
492.5 3.4375 0.0
492.5 3.5125 0.0
492.5 3.5875 0.0
492.5 3.6625 0.0
492.5 3.7375000000000003 0.0
492.5 3.8125 0.0
492.5 3.8874999999999997 0.0
492.5 3.9625 0.0
492.5 4.0375 0.0
492.5 4.1125 0.0
492.5 4.1875 2.5034968614674746e-09
492.5 4.262499999999999 3.8178327137378984e-08
492.5 4.3374999999999995 8.586994234833438e-07
492.5 4.4125 9.318015318381942e-06
492.5 4.4875 4.09246631944088e-05
492.5 4.5625 4.298566698561191e-05
492.5 4.637499999999999 9.518920941514706e-06
492.5 4.7124999999999995 1.583461764878178e-07
492.5 4.7875 0.0
492.5 4.862499999999999 0.0
492.5 4.9375 0.0
492.5 5.012499999999999 0.0
492.5 5.0874999999999995 0.0
492.5 5.1625 0.0
492.5 5.237499999999999 0.0
492.5 5.3125 0.0
492.5 5.387499999999999 0.0
