-2.5 2.4625 0.0
-2.5 2.5375 0.0
-2.5 2.6125000000000003 0.0
-2.5 2.6875 0.0
-2.5 2.7625 0.0
-2.5 2.8375 0.0
-2.5 2.9125 0.0
-2.5 2.9875000000000003 0.0
-2.5 3.0625 0.0
-2.5 3.1375 0.0
-2.5 3.2125 0.0
-2.5 3.2875 0.0
-2.5 3.3625000000000003 0.0
-2.5 3.4375 0.0
-2.5 3.5125 0.0
-2.5 3.5875 0.0
-2.5 3.6625 0.0
-2.5 3.7375000000000003 0.0
-2.5 3.8125 0.0
-2.5 3.8874999999999997 0.0
-2.5 3.9625 0.0
-2.5 4.0375 0.0
-2.5 4.1125 0.0
-2.5 4.1875 0.0
-2.5 4.262499999999999 0.0
-2.5 4.3374999999999995 0.0
-2.5 4.4125 0.0
-2.5 4.4875 0.0
-2.5 4.5625 0.0
-2.5 4.637499999999999 0.0
-2.5 4.7124999999999995 0.0
-2.5 4.7875 0.0
-2.5 4.862499999999999 0.0
-2.5 4.9375 0.0
-2.5 5.012499999999999 0.0
-2.5 5.0874999999999995 0.0
-2.5 5.1625 0.0
-2.5 5.237499999999999 0.0
-2.5 5.3125 0.0
-2.5 5.387499999999999 0.0
2.5 2.4625 0.0
2.5 2.5375 0.0
2.5 2.6125000000000003 0.0
2.5 2.6875 5.296672279170918e-06
2.5 2.7625 4.215469661262385e-05
2.5 2.8375 0.00016147094882363537
2.5 2.9125 0.000506089167691916
2.5 2.9875000000000003 0.0014123074992593194
2.5 3.0625 0.0034417043010766513
2.5 3.1375 0.00632104253871279
2.5 3.2125 0.010196188786425916
2.5 3.2875 0.015502440676750488
2.5 3.3625000000000003 0.021497495597051646
2.5 3.4375 0.026423111501461427
2.5 3.5125 0.027294154018475614
2.5 3.5875 0.022349444439737874
2.5 3.6625 0.01362314874763161
2.5 3.7375000000000003 0.005778059747353812
2.5 3.8125 0.0015477660715214406
2.5 3.8874999999999997 0.00023240657652188912
2.5 3.9625 1.6404794502880516e-05
2.5 4.0375 4.6279133692227897e-07
2.5 4.1125 9.323634992939685e-09
2.5 4.1875 0.0
2.5 4.262499999999999 0.0
2.5 4.3374999999999995 0.0
2.5 4.4125 0.0
2.5 4.4875 0.0
2.5 4.5625 0.0
2.5 4.637499999999999 0.0
2.5 4.7124999999999995 0.0
2.5 4.7875 0.0
2.5 4.862499999999999 0.0
2.5 4.9375 0.0
2.5 5.012499999999999 0.0
2.5 5.0874999999999995 0.0
2.5 5.1625 0.0
2.5 5.237499999999999 0.0
2.5 5.3125 0.0
2.5 5.387499999999999 0.0
7.5 2.4625 0.0
7.5 2.5375 0.0
7.5 2.6125000000000003 0.0
7.5 2.6875 7.874233553128154e-07
7.5 2.7625 6.522306479151899e-06
7.5 2.8375 2.6078207075252307e-05
7.5 2.9125 8.075624068975652e-05
7.5 2.9875000000000003 0.00023465131228003777
7.5 3.0625 0.0006415423718005563
7.5 3.1375 0.0014392725817964757
7.5 3.2125 0.002988256376554873
7.5 3.2875 0.006062347832061111
7.5 3.3625000000000003 0.01177193847697389
7.5 3.4375 0.021165968609316632
7.5 3.5125 0.03375027879363809
7.5 3.5875 0.04486477386313256
7.5 3.6625 0.04601221666965001
7.5 3.7375000000000003 0.03319184815176778
7.5 3.8125 0.015039303800264683
7.5 3.8874999999999997 0.0037553474267576306
7.5 3.9625 0.0004379879250315159
7.5 4.0375 2.0261106442839112e-05
7.5 4.1125 3.602313519999424e-07
7.5 4.1875 0.0
7.5 4.262499999999999 0.0
7.5 4.3374999999999995 0.0
7.5 4.4125 0.0
7.5 4.4875 0.0
7.5 4.5625 0.0
7.5 4.637499999999999 0.0
7.5 4.7124999999999995 0.0
7.5 4.7875 0.0
7.5 4.862499999999999 0.0
7.5 4.9375 0.0
7.5 5.012499999999999 0.0
7.5 5.0874999999999995 0.0
7.5 5.1625 0.0
7.5 5.237499999999999 0.0
7.5 5.3125 0.0
7.5 5.387499999999999 0.0
12.5 2.4625 0.0
12.5 2.5375 0.0
12.5 2.6125000000000003 0.0
12.5 2.6875 0.0
12.5 2.7625 1.69520636235267e-09
12.5 2.8375 4.746577814587477e-08
12.5 2.9125 2.2970046209878684e-07
12.5 2.9875000000000003 1.421430534832714e-06
12.5 3.0625 6.2298833816460625e-06
12.5 3.1375 2.0926474940062534e-05
12.5 3.2125 6.86753525484502e-05
12.5 3.2875 0.0002208285996014141
12.5 3.3625000000000003 0.0007284157646488625
12.5 3.4375 0.0022807331827188262
12.5 3.5125 0.006584664645191041
12.5 3.5875 0.016180882887974767
12.5 3.6625 0.03102943698272844
12.5 3.7375000000000003 0.04166493030446063
12.5 3.8125 0.03462875422548241
12.5 3.8874999999999997 0.015437287397954219
12.5 3.9625 0.003140559649370905
12.5 4.0375 0.00024329347431531172
12.5 4.1125 5.5365439794438205e-06
12.5 4.1875 4.068495269646409e-08
12.5 4.262499999999999 0.0
12.5 4.3374999999999995 0.0
12.5 4.4125 0.0
12.5 4.4875 0.0
12.5 4.5625 0.0
12.5 4.637499999999999 0.0
12.5 4.7124999999999995 0.0
12.5 4.7875 0.0
12.5 4.862499999999999 0.0
12.5 4.9375 0.0
12.5 5.012499999999999 0.0
12.5 5.0874999999999995 0.0
12.5 5.1625 0.0
12.5 5.237499999999999 0.0
12.5 5.3125 0.0
12.5 5.387499999999999 0.0
17.5 2.4625 0.0
17.5 2.5375 0.0
17.5 2.6125000000000003 0.0
17.5 2.6875 0.0
17.5 2.7625 0.0
17.5 2.8375 0.0
17.5 2.9125 0.0
17.5 2.9875000000000003 6.780825449410681e-09
17.5 3.0625 7.96746990305755e-08
17.5 3.1375 2.3732889072937384e-07
17.5 3.2125 1.3553174867009599e-06
17.5 3.2875 5.988316475010808e-06
17.5 3.3625000000000003 2.799633307425435e-05
17.5 3.4375 0.0001352588204457572
17.5 3.5125 0.0006337283180732916
17.5 3.5875 0.0026833633410475706
17.5 3.6625 0.009316449013169673
17.5 3.7375000000000003 0.022991699928348194
17.5 3.8125 0.03487609076697193
17.5 3.8874999999999997 0.02788640826529077
17.5 3.9625 0.00991248102736333
17.5 4.0375 0.0013029610381996978
17.5 4.1125 5.1579196384123524e-05
17.5 4.1875 4.6787695600933706e-07
17.5 4.262499999999999 0.0
17.5 4.3374999999999995 0.0
17.5 4.4125 0.0
17.5 4.4875 0.0
17.5 4.5625 0.0
17.5 4.637499999999999 0.0
17.5 4.7124999999999995 0.0
17.5 4.7875 0.0
17.5 4.862499999999999 0.0
17.5 4.9375 0.0
17.5 5.012499999999999 0.0
17.5 5.0874999999999995 0.0
17.5 5.1625 0.0
17.5 5.237499999999999 0.0
17.5 5.3125 0.0
17.5 5.387499999999999 0.0
22.5 2.4625 0.0
22.5 2.5375 0.0
22.5 2.6125000000000003 0.0
22.5 2.6875 0.0
22.5 2.7625 0.0
22.5 2.8375 0.0
22.5 2.9125 0.0
22.5 2.9875000000000003 0.0
22.5 3.0625 0.0
22.5 3.1375 2.627569861646639e-08
22.5 3.2125 4.6618174964698433e-08
22.5 3.2875 2.0851038256937842e-07
22.5 3.3625000000000003 1.1442642945880525e-06
22.5 3.4375 7.381776104864702e-06
22.5 3.5125 5.007893875344141e-05
22.5 3.5875 0.00031715785353892344
22.5 3.6625 0.0018239818660656095
22.5 3.7375000000000003 0.007739368868161643
22.5 3.8125 0.020714013879065695
22.5 3.8874999999999997 0.029222842848321485
22.5 3.9625 0.01790818374478268
22.5 4.0375 0.003948291576904706
22.5 4.1125 0.0002532723065673007
22.5 4.1875 3.875241744338204e-06
22.5 4.262499999999999 8.47603181176335e-09
22.5 4.3374999999999995 0.0
22.5 4.4125 0.0
22.5 4.4875 0.0
22.5 4.5625 0.0
22.5 4.637499999999999 0.0
22.5 4.7124999999999995 0.0
22.5 4.7875 0.0
22.5 4.862499999999999 0.0
22.5 4.9375 0.0
22.5 5.012499999999999 0.0
22.5 5.0874999999999995 0.0
22.5 5.1625 0.0
22.5 5.237499999999999 0.0
22.5 5.3125 0.0
22.5 5.387499999999999 0.0
27.5 2.4625 0.0
27.5 2.5375 0.0
27.5 2.6125000000000003 0.0
27.5 2.6875 0.0
27.5 2.7625 0.0
27.5 2.8375 0.0
27.5 2.9125 0.0
27.5 2.9875000000000003 0.0
27.5 3.0625 0.0
27.5 3.1375 0.0
27.5 3.2125 3.39041272470534e-09
27.5 3.2875 2.458049225411372e-08
27.5 3.3625000000000003 6.611304813175414e-08
27.5 3.4375 6.390927986069567e-07
27.5 3.5125 4.351594732159304e-06
27.5 3.5875 3.5973974215486016e-05
27.5 3.6625 0.00029382588077068246
27.5 3.7375000000000003 0.001951665656881194
27.5 3.8125 0.008711933338735623
27.5 3.8874999999999997 0.020936176606074282
27.5 3.9625 0.02169296758241938
27.5 4.0375 0.00788457092152578
27.5 4.1125 0.0008143669652360487
27.5 4.1875 1.94126556584816e-05
27.5 4.262499999999999 8.391271493645718e-08
27.5 4.3374999999999995 0.0
27.5 4.4125 0.0
27.5 4.4875 0.0
27.5 4.5625 0.0
27.5 4.637499999999999 0.0
27.5 4.7124999999999995 0.0
27.5 4.7875 0.0
27.5 4.862499999999999 0.0
27.5 4.9375 0.0
27.5 5.012499999999999 0.0
27.5 5.0874999999999995 0.0
27.5 5.1625 0.0
27.5 5.237499999999999 0.0
27.5 5.3125 0.0
27.5 5.387499999999999 0.0
32.5 2.4625 0.0
32.5 2.5375 0.0
32.5 2.6125000000000003 0.0
32.5 2.6875 0.0
32.5 2.7625 0.0
32.5 2.8375 0.0
32.5 2.9125 0.0
32.5 2.9875000000000003 0.0
32.5 3.0625 0.0
32.5 3.1375 0.0
32.5 3.2125 0.0
32.5 3.2875 0.0
32.5 3.3625000000000003 2.119007952940838e-08
32.5 3.4375 2.458049225411372e-08
32.5 3.5125 4.746577814587477e-07
32.5 3.5875 4.385498859406358e-06
32.5 3.6625 4.524675301755512e-05
32.5 3.7375000000000003 0.0004249831494227273
32.5 3.8125 0.0029221221383435893
32.5 3.8874999999999997 0.011438903320645174
32.5 3.9625 0.019582843358420456
32.5 4.0375 0.011551007317387554
32.5 4.1125 0.0018821655864374588
32.5 4.1875 6.974587536627592e-05
32.5 4.262499999999999 3.5006011382582646e-07
32.5 4.3374999999999995 3.39041272470534e-09
32.5 4.4125 0.0
32.5 4.4875 0.0
32.5 4.5625 0.0
32.5 4.637499999999999 0.0
32.5 4.7124999999999995 0.0
32.5 4.7875 0.0
32.5 4.862499999999999 0.0
32.5 4.9375 0.0
32.5 5.012499999999999 0.0
32.5 5.0874999999999995 0.0
32.5 5.1625 0.0
32.5 5.237499999999999 0.0
32.5 5.3125 0.0
32.5 5.387499999999999 0.0
37.5 2.4625 0.0
37.5 2.5375 0.0
37.5 2.6125000000000003 0.0
37.5 2.6875 0.0
37.5 2.7625 0.0
37.5 2.8375 0.0
37.5 2.9125 0.0
37.5 2.9875000000000003 0.0
37.5 3.0625 0.0
37.5 3.1375 0.0
37.5 3.2125 0.0
37.5 3.2875 0.0
37.5 3.3625000000000003 0.0
37.5 3.4375 2.542809543529005e-09
37.5 3.5125 8.730312766116252e-08
37.5 3.5875 6.382451954257804e-07
37.5 3.6625 7.177503738201206e-06
37.5 3.7375000000000003 8.618005344610387e-05
37.5 3.8125 0.0008588135808505733
37.5 3.8874999999999997 0.0051716508099474085
37.5 3.9625 0.014146757308009655
37.5 4.0375 0.01328951348825062
37.5 4.1125 0.0033719180232920725
37.5 4.1875 0.00018586157796516558
37.5 4.262499999999999 1.7842046963761854e-06
37.5 4.3374999999999995 0.0
37.5 4.4125 0.0
37.5 4.4875 0.0
37.5 4.5625 0.0
37.5 4.637499999999999 0.0
37.5 4.7124999999999995 0.0
37.5 4.7875 0.0
37.5 4.862499999999999 0.0
37.5 4.9375 0.0
37.5 5.012499999999999 0.0
37.5 5.0874999999999995 0.0
37.5 5.1625 0.0
37.5 5.237499999999999 0.0
37.5 5.3125 0.0
37.5 5.387499999999999 0.0
42.5 2.4625 0.0
42.5 2.5375 0.0
42.5 2.6125000000000003 0.0
42.5 2.6875 0.0
42.5 2.7625 0.0
42.5 2.8375 0.0
42.5 2.9125 0.0
42.5 2.9875000000000003 0.0
42.5 3.0625 0.0
42.5 3.1375 0.0
42.5 3.2125 0.0
42.5 3.2875 0.0
42.5 3.3625000000000003 0.0
42.5 3.4375 0.0
42.5 3.5125 4.238015905881675e-09
42.5 3.5875 8.052230221175183e-08
42.5 3.6625 1.2781855972139134e-06
42.5 3.7375000000000003 1.8484530175093515e-05
42.5 3.8125 0.00023252382829528517
42.5 3.8874999999999997 0.0020353681662287192
42.5 3.9625 0.008636841630105668
42.5 4.0375 0.012630269771614376
42.5 4.1125 0.004916826541955374
42.5 4.1875 0.0004112791011894684
42.5 4.262499999999999 5.901860950530822e-06
42.5 4.3374999999999995 2.119007952940838e-08
42.5 4.4125 0.0
42.5 4.4875 0.0
42.5 4.5625 0.0
42.5 4.637499999999999 0.0
42.5 4.7124999999999995 0.0
42.5 4.7875 0.0
42.5 4.862499999999999 0.0
42.5 4.9375 0.0
42.5 5.012499999999999 0.0
42.5 5.0874999999999995 0.0
42.5 5.1625 0.0
42.5 5.237499999999999 0.0
42.5 5.3125 0.0
42.5 5.387499999999999 0.0
47.5 2.4625 0.0
47.5 2.5375 0.0
47.5 2.6125000000000003 0.0
47.5 2.6875 0.0
47.5 2.7625 0.0
47.5 2.8375 0.0
47.5 2.9125 0.0
47.5 2.9875000000000003 0.0
47.5 3.0625 0.0
47.5 3.1375 0.0
47.5 3.2125 0.0
47.5 3.2875 0.0
47.5 3.3625000000000003 0.0
47.5 3.4375 0.0
47.5 3.5125 0.0
47.5 3.5875 2.119007952940838e-08
47.5 3.6625 2.7716624024466155e-07
47.5 3.7375000000000003 3.726063584451169e-06
47.5 3.8125 6.057480894594796e-05
47.5 3.8874999999999997 0.0007339870603587345
47.5 3.9625 0.0046093050889832446
47.5 4.0375 0.01031028832359118
47.5 4.1125 0.006070689094967067
47.5 4.1875 0.0007379826617547998
47.5 4.262499999999999 1.434144582550359e-05
47.5 4.3374999999999995 2.373288907293738e-08
47.5 4.4125 0.0
47.5 4.4875 0.0
47.5 4.5625 0.0
47.5 4.637499999999999 0.0
47.5 4.7124999999999995 0.0
47.5 4.7875 0.0
47.5 4.862499999999999 0.0
47.5 4.9375 0.0
47.5 5.012499999999999 0.0
47.5 5.0874999999999995 0.0
47.5 5.1625 0.0
47.5 5.237499999999999 0.0
47.5 5.3125 0.0
47.5 5.387499999999999 0.0
52.5 2.4625 0.0
52.5 2.5375 0.0
52.5 2.6125000000000003 0.0
52.5 2.6875 0.0
52.5 2.7625 0.0
52.5 2.8375 0.0
52.5 2.9125 0.0
52.5 2.9875000000000003 0.0
52.5 3.0625 0.0
52.5 3.1375 0.0
52.5 3.2125 0.0
52.5 3.2875 0.0
52.5 3.3625000000000003 0.0
52.5 3.4375 0.0
52.5 3.5125 0.0
52.5 3.5875 0.0
52.5 3.6625 6.696065131293048e-08
52.5 3.7375000000000003 8.340415302775138e-07
52.5 3.8125 1.597901517153627e-05
52.5 3.8874999999999997 0.0002519966637796303
52.5 3.9625 0.0022292641747482557
52.5 4.0375 0.007432128819445664
52.5 4.1125 0.006502814148794386
52.5 4.1875 0.0011563689156184314
52.5 4.262499999999999 3.315823644761822e-05
52.5 4.3374999999999995 8.306511175528084e-08
52.5 4.4125 0.0
52.5 4.4875 0.0
52.5 4.5625 0.0
52.5 4.637499999999999 0.0
52.5 4.7124999999999995 0.0
52.5 4.7875 0.0
52.5 4.862499999999999 0.0
52.5 4.9375 0.0
52.5 5.012499999999999 0.0
52.5 5.0874999999999995 0.0
52.5 5.1625 0.0
52.5 5.237499999999999 0.0
52.5 5.3125 0.0
52.5 5.387499999999999 0.0
57.5 2.4625 0.0
57.5 2.5375 0.0
57.5 2.6125000000000003 0.0
57.5 2.6875 0.0
57.5 2.7625 0.0
57.5 2.8375 0.0
57.5 2.9125 0.0
57.5 2.9875000000000003 0.0
57.5 3.0625 0.0
57.5 3.1375 0.0
57.5 3.2125 0.0
57.5 3.2875 0.0
57.5 3.3625000000000003 0.0
57.5 3.4375 0.0
57.5 3.5125 0.0
57.5 3.5875 0.0
57.5 3.6625 2.542809543529005e-09
57.5 3.7375000000000003 1.5426377897409297e-07
57.5 3.8125 4.5355246224745695e-06
57.5 3.8874999999999997 8.342534310728078e-05
57.5 3.9625 0.0010022780476932986
57.5 4.0375 0.004845440554433521
57.5 4.1125 0.0062129940406579435
57.5 4.1875 0.0015865944907167346
57.5 4.262499999999999 6.449327845252615e-05
57.5 4.3374999999999995 3.331080502022997e-07
57.5 4.4125 0.0
57.5 4.4875 0.0
57.5 4.5625 0.0
57.5 4.637499999999999 0.0
57.5 4.7124999999999995 0.0
57.5 4.7875 0.0
57.5 4.862499999999999 0.0
57.5 4.9375 0.0
57.5 5.012499999999999 0.0
57.5 5.0874999999999995 0.0
57.5 5.1625 0.0
57.5 5.237499999999999 0.0
57.5 5.3125 0.0
57.5 5.387499999999999 0.0
62.5 2.4625 0.0
62.5 2.5375 0.0
62.5 2.6125000000000003 0.0
62.5 2.6875 0.0
62.5 2.7625 0.0
62.5 2.8375 0.0
62.5 2.9125 0.0
62.5 2.9875000000000003 0.0
62.5 3.0625 0.0
62.5 3.1375 0.0
62.5 3.2125 0.0
62.5 3.2875 0.0
62.5 3.3625000000000003 0.0
62.5 3.4375 0.0
62.5 3.5125 0.0
62.5 3.5875 0.0
62.5 3.6625 0.0
62.5 3.7375000000000003 9.323634992939687e-09
62.5 3.8125 1.110360167340999e-06
62.5 3.8874999999999997 2.772679526264027e-05
62.5 3.9625 0.0004256824220471978
62.5 4.0375 0.002898797794003979
62.5 4.1125 0.005379561937067696
62.5 4.1875 0.001954864511286953
62.5 4.262499999999999 0.00010822282177577562
62.5 4.3374999999999995 7.730141012328178e-07
62.5 4.4125 0.0
62.5 4.4875 0.0
62.5 4.5625 0.0
62.5 4.637499999999999 0.0
62.5 4.7124999999999995 0.0
62.5 4.7875 0.0
62.5 4.862499999999999 0.0
62.5 4.9375 0.0
62.5 5.012499999999999 0.0
62.5 5.0874999999999995 0.0
62.5 5.1625 0.0
62.5 5.237499999999999 0.0
62.5 5.3125 0.0
62.5 5.387499999999999 0.0
67.5 2.4625 0.0
67.5 2.5375 0.0
67.5 2.6125000000000003 0.0
67.5 2.6875 0.0
67.5 2.7625 0.0
67.5 2.8375 0.0
67.5 2.9125 0.0
67.5 2.9875000000000003 0.0
67.5 3.0625 0.0
67.5 3.1375 0.0
67.5 3.2125 0.0
67.5 3.2875 0.0
67.5 3.3625000000000003 0.0
67.5 3.4375 0.0
67.5 3.5125 0.0
67.5 3.5875 0.0
67.5 3.6625 0.0
67.5 3.7375000000000003 1.017123817411602e-08
67.5 3.8125 2.9835631977406997e-07
67.5 3.8874999999999997 8.613343527113918e-06
67.5 3.9625 0.00017432569866935566
67.5 4.0375 0.0016204070768202211
67.5 4.1125 0.004275788494047618
67.5 4.1875 0.002194186964698454
67.5 4.262499999999999 0.00017032162124147867
67.5 4.3374999999999995 1.7901379186444198e-06
67.5 4.4125 0.0
67.5 4.4875 0.0
67.5 4.5625 0.0
67.5 4.637499999999999 0.0
67.5 4.7124999999999995 0.0
67.5 4.7875 0.0
67.5 4.862499999999999 0.0
67.5 4.9375 0.0
67.5 5.012499999999999 0.0
67.5 5.0874999999999995 0.0
67.5 5.1625 0.0
67.5 5.237499999999999 0.0
67.5 5.3125 0.0
67.5 5.387499999999999 0.0
72.5 2.4625 0.0
72.5 2.5375 0.0
72.5 2.6125000000000003 0.0
72.5 2.6875 0.0
72.5 2.7625 0.0
72.5 2.8375 0.0
72.5 2.9125 0.0
72.5 2.9875000000000003 0.0
72.5 3.0625 0.0
72.5 3.1375 0.0
72.5 3.2125 0.0
72.5 3.2875 0.0
72.5 3.3625000000000003 0.0
72.5 3.4375 0.0
72.5 3.5125 0.0
72.5 3.5875 0.0
72.5 3.6625 0.0
72.5 3.7375000000000003 1.017123817411602e-08
72.5 3.8125 1.51720969430564e-07
72.5 3.8874999999999997 2.7759004183524974e-06
72.5 3.9625 6.907033563087838e-05
72.5 4.0375 0.0008564063878160324
72.5 4.1125 0.003154374733620898
72.5 4.1875 0.002252569024214699
72.5 4.262499999999999 0.00023835279537223484
72.5 4.3374999999999995 2.966611134117173e-06
72.5 4.4125 8.47603181176335e-10
72.5 4.4875 0.0
72.5 4.5625 0.0
72.5 4.637499999999999 0.0
72.5 4.7124999999999995 0.0
72.5 4.7875 0.0
72.5 4.862499999999999 0.0
72.5 4.9375 0.0
72.5 5.012499999999999 0.0
72.5 5.0874999999999995 0.0
72.5 5.1625 0.0
72.5 5.237499999999999 0.0
72.5 5.3125 0.0
72.5 5.387499999999999 0.0
77.5 2.4625 0.0
77.5 2.5375 0.0
77.5 2.6125000000000003 0.0
77.5 2.6875 0.0
77.5 2.7625 0.0
77.5 2.8375 0.0
77.5 2.9125 0.0
77.5 2.9875000000000003 0.0
77.5 3.0625 0.0
77.5 3.1375 0.0
77.5 3.2125 0.0
77.5 3.2875 0.0
77.5 3.3625000000000003 0.0
77.5 3.4375 0.0
77.5 3.5125 0.0
77.5 3.5875 0.0
77.5 3.6625 0.0
77.5 3.7375000000000003 0.0
77.5 3.8125 3.644693679058241e-08
77.5 3.8874999999999997 9.289730865692632e-07
77.5 3.9625 2.7638644531797937e-05
77.5 4.0375 0.0004343050892093047
77.5 4.1125 0.002189783666172243
77.5 4.1875 0.002158386749135109
77.5 4.262499999999999 0.00031194933199059485
77.5 4.3374999999999995 4.764377481392179e-06
77.5 4.4125 5.933222268234345e-09
77.5 4.4875 0.0
77.5 4.5625 0.0
77.5 4.637499999999999 0.0
77.5 4.7124999999999995 0.0
77.5 4.7875 0.0
77.5 4.862499999999999 0.0
77.5 4.9375 0.0
77.5 5.012499999999999 0.0
77.5 5.0874999999999995 0.0
77.5 5.1625 0.0
77.5 5.237499999999999 0.0
77.5 5.3125 0.0
77.5 5.387499999999999 0.0
82.5 2.4625 0.0
82.5 2.5375 0.0
82.5 2.6125000000000003 0.0
82.5 2.6875 0.0
82.5 2.7625 0.0
82.5 2.8375 0.0
82.5 2.9125 0.0
82.5 2.9875000000000003 0.0
82.5 3.0625 0.0
82.5 3.1375 0.0
82.5 3.2125 0.0
82.5 3.2875 0.0
82.5 3.3625000000000003 0.0
82.5 3.4375 0.0
82.5 3.5125 0.0
82.5 3.5875 0.0
82.5 3.6625 0.0
82.5 3.7375000000000003 0.0
82.5 3.8125 0.0
82.5 3.8874999999999997 3.9244027288464314e-07
82.5 3.9625 1.0899329306746494e-05
82.5 4.0375 0.00021006234399411228
82.5 4.1125 0.00144277742095064
82.5 4.1875 0.0019358409054886316
82.5 4.262499999999999 0.00037683928873191155
82.5 4.3374999999999995 8.183608714257513e-06
82.5 4.4125 1.4409254079997698e-08
82.5 4.4875 0.0
82.5 4.5625 0.0
82.5 4.637499999999999 0.0
82.5 4.7124999999999995 0.0
82.5 4.7875 0.0
82.5 4.862499999999999 0.0
82.5 4.9375 0.0
82.5 5.012499999999999 0.0
82.5 5.0874999999999995 0.0
82.5 5.1625 0.0
82.5 5.237499999999999 0.0
82.5 5.3125 0.0
82.5 5.387499999999999 0.0
87.5 2.4625 0.0
87.5 2.5375 0.0
87.5 2.6125000000000003 0.0
87.5 2.6875 0.0
87.5 2.7625 0.0
87.5 2.8375 0.0
87.5 2.9125 0.0
87.5 2.9875000000000003 0.0
87.5 3.0625 0.0
87.5 3.1375 0.0
87.5 3.2125 0.0
87.5 3.2875 0.0
87.5 3.3625000000000003 0.0
87.5 3.4375 0.0
87.5 3.5125 0.0
87.5 3.5875 0.0
87.5 3.6625 0.0
87.5 3.7375000000000003 0.0
87.5 3.8125 0.0
87.5 3.8874999999999997 1.0764560400939456e-07
87.5 3.9625 4.12358947642287e-06
87.5 4.0375 0.00010055286058931098
87.5 4.1125 0.0009035695716262274
87.5 4.1875 0.0016422557440214035
87.5 4.262499999999999 0.00042413554624155103
87.5 4.3374999999999995 1.2085126157212185e-05
87.5 4.4125 3.898974633411142e-08
87.5 4.4875 0.0
87.5 4.5625 0.0
87.5 4.637499999999999 0.0
87.5 4.7124999999999995 0.0
87.5 4.7875 0.0
87.5 4.862499999999999 0.0
87.5 4.9375 0.0
87.5 5.012499999999999 0.0
87.5 5.0874999999999995 0.0
87.5 5.1625 0.0
87.5 5.237499999999999 0.0
87.5 5.3125 0.0
87.5 5.387499999999999 0.0
92.5 2.4625 0.0
92.5 2.5375 0.0
92.5 2.6125000000000003 0.0
92.5 2.6875 0.0
92.5 2.7625 0.0
92.5 2.8375 0.0
92.5 2.9125 0.0
92.5 2.9875000000000003 0.0
92.5 3.0625 0.0
92.5 3.1375 0.0
92.5 3.2125 0.0
92.5 3.2875 0.0
92.5 3.3625000000000003 0.0
92.5 3.4375 0.0
92.5 3.5125 0.0
92.5 3.5875 0.0
92.5 3.6625 0.0
92.5 3.7375000000000003 0.0
92.5 3.8125 0.0
92.5 3.8874999999999997 4.916098450822744e-08
92.5 3.9625 1.691815949627965e-06
92.5 4.0375 4.755562408307945e-05
92.5 4.1125 0.0005433068583085815
92.5 4.1875 0.0013207751142584804
92.5 4.262499999999999 0.0004486228021457353
92.5 4.3374999999999995 1.6402816762124442e-05
92.5 4.4125 4.8313381327051104e-08
92.5 4.4875 0.0
92.5 4.5625 0.0
92.5 4.637499999999999 0.0
92.5 4.7124999999999995 0.0
92.5 4.7875 0.0
92.5 4.862499999999999 0.0
92.5 4.9375 0.0
92.5 5.012499999999999 0.0
92.5 5.0874999999999995 0.0
92.5 5.1625 0.0
92.5 5.237499999999999 0.0
92.5 5.3125 0.0
92.5 5.387499999999999 0.0
97.5 2.4625 0.0
97.5 2.5375 0.0
97.5 2.6125000000000003 0.0
97.5 2.6875 0.0
97.5 2.7625 0.0
97.5 2.8375 0.0
97.5 2.9125 0.0
97.5 2.9875000000000003 0.0
97.5 3.0625 0.0
97.5 3.1375 0.0
97.5 3.2125 0.0
97.5 3.2875 0.0
97.5 3.3625000000000003 0.0
97.5 3.4375 0.0
97.5 3.5125 0.0
97.5 3.5875 0.0
97.5 3.6625 0.0
97.5 3.7375000000000003 0.0
97.5 3.8125 0.0
97.5 3.8874999999999997 7.628428630587015e-09
97.5 3.9625 6.958822117457711e-07
97.5 4.0375 2.0768820748363738e-05
97.5 4.1125 0.0003165602932961941
97.5 4.1875 0.001011225346873796
97.5 4.262499999999999 0.00045600203544105656
97.5 4.3374999999999995 2.149097865872598e-05
97.5 4.4125 8.815073084233886e-08
97.5 4.4875 0.0
97.5 4.5625 0.0
97.5 4.637499999999999 0.0
97.5 4.7124999999999995 0.0
97.5 4.7875 0.0
97.5 4.862499999999999 0.0
97.5 4.9375 0.0
97.5 5.012499999999999 0.0
97.5 5.0874999999999995 0.0
97.5 5.1625 0.0
97.5 5.237499999999999 0.0
97.5 5.3125 0.0
97.5 5.387499999999999 0.0
102.5 2.4625 0.0
102.5 2.5375 0.0
102.5 2.6125000000000003 0.0
102.5 2.6875 0.0
102.5 2.7625 0.0
102.5 2.8375 0.0
102.5 2.9125 0.0
102.5 2.9875000000000003 0.0
102.5 3.0625 0.0
102.5 3.1375 0.0
102.5 3.2125 0.0
102.5 3.2875 0.0
102.5 3.3625000000000003 0.0
102.5 3.4375 0.0
102.5 3.5125 0.0
102.5 3.5875 0.0
102.5 3.6625 0.0
102.5 3.7375000000000003 0.0
102.5 3.8125 0.0
102.5 3.8874999999999997 5.933222268234346e-09
102.5 3.9625 2.8818508159995395e-07
102.5 4.0375 9.84067293345725e-06
102.5 4.1125 0.00017649641041634826
102.5 4.1875 0.0007461425375799842
102.5 4.262499999999999 0.00043613421687428326
102.5 4.3374999999999995 2.603921732891819e-05
102.5 4.4125 1.3646411216938995e-07
102.5 4.4875 0.0
102.5 4.5625 0.0
102.5 4.637499999999999 0.0
102.5 4.7124999999999995 0.0
102.5 4.7875 0.0
102.5 4.862499999999999 0.0
102.5 4.9375 0.0
102.5 5.012499999999999 0.0
102.5 5.0874999999999995 0.0
102.5 5.1625 0.0
102.5 5.237499999999999 0.0
102.5 5.3125 0.0
102.5 5.387499999999999 0.0
107.5 2.4625 0.0
107.5 2.5375 0.0
107.5 2.6125000000000003 0.0
107.5 2.6875 0.0
107.5 2.7625 0.0
107.5 2.8375 0.0
107.5 2.9125 0.0
107.5 2.9875000000000003 0.0
107.5 3.0625 0.0
107.5 3.1375 0.0
107.5 3.2125 0.0
107.5 3.2875 0.0
107.5 3.3625000000000003 0.0
107.5 3.4375 0.0
107.5 3.5125 0.0
107.5 3.5875 0.0
107.5 3.6625 0.0
107.5 3.7375000000000003 0.0
107.5 3.8125 0.0
107.5 3.8874999999999997 0.0
107.5 3.9625 6.357023858822514e-08
107.5 4.0375 4.610961305599262e-06
107.5 4.1125 9.5996145887307e-05
107.5 4.1875 0.0005264073460822877
107.5 4.262499999999999 0.0003956628601794755
107.5 4.3374999999999995 3.19487067080796e-05
107.5 4.4125 2.0003435075761507e-07
107.5 4.4875 0.0
107.5 4.5625 0.0
107.5 4.637499999999999 0.0
107.5 4.7124999999999995 0.0
107.5 4.7875 0.0
107.5 4.862499999999999 0.0
107.5 4.9375 0.0
107.5 5.012499999999999 0.0
107.5 5.0874999999999995 0.0
107.5 5.1625 0.0
107.5 5.237499999999999 0.0
107.5 5.3125 0.0
107.5 5.387499999999999 0.0
112.5 2.4625 0.0
112.5 2.5375 0.0
112.5 2.6125000000000003 0.0
112.5 2.6875 0.0
112.5 2.7625 0.0
112.5 2.8375 0.0
112.5 2.9125 0.0
112.5 2.9875000000000003 0.0
112.5 3.0625 0.0
112.5 3.1375 0.0
112.5 3.2125 0.0
112.5 3.2875 0.0
112.5 3.3625000000000003 0.0
112.5 3.4375 0.0
112.5 3.5125 0.0
112.5 3.5875 0.0
112.5 3.6625 0.0
112.5 3.7375000000000003 0.0
112.5 3.8125 0.0
112.5 3.8874999999999997 0.0
112.5 3.9625 2.627569861646639e-08
112.5 4.0375 1.7570813945785427e-06
112.5 4.1125 5.11036909994836e-05
112.5 4.1875 0.00036007624061778706
112.5 4.262499999999999 0.00034721640515297976
112.5 4.3374999999999995 3.4243168519523935e-05
112.5 4.4125 2.424145098164319e-07
112.5 4.4875 0.0
112.5 4.5625 0.0
112.5 4.637499999999999 0.0
112.5 4.7124999999999995 0.0
112.5 4.7875 0.0
112.5 4.862499999999999 0.0
112.5 4.9375 0.0
112.5 5.012499999999999 0.0
112.5 5.0874999999999995 0.0
112.5 5.1625 0.0
112.5 5.237499999999999 0.0
112.5 5.3125 0.0
112.5 5.387499999999999 0.0
117.5 2.4625 0.0
117.5 2.5375 0.0
117.5 2.6125000000000003 0.0
117.5 2.6875 0.0
117.5 2.7625 0.0
117.5 2.8375 0.0
117.5 2.9125 0.0
117.5 2.9875000000000003 0.0
117.5 3.0625 0.0
117.5 3.1375 0.0
117.5 3.2125 0.0
117.5 3.2875 0.0
117.5 3.3625000000000003 0.0
117.5 3.4375 0.0
117.5 3.5125 0.0
117.5 3.5875 0.0
117.5 3.6625 0.0
117.5 3.7375000000000003 0.0
117.5 3.8125 0.0
117.5 3.8874999999999997 0.0
117.5 3.9625 1.6104460442350365e-08
117.5 4.0375 9.094782134022077e-07
117.5 4.1125 2.7036846273162736e-05
117.5 4.1875 0.00023514716014102593
117.5 4.262499999999999 0.0002924773441094309
117.5 4.3374999999999995 3.6035001644530706e-05
117.5 4.4125 2.661473988893692e-07
117.5 4.4875 0.0
117.5 4.5625 0.0
117.5 4.637499999999999 0.0
117.5 4.7124999999999995 0.0
117.5 4.7875 0.0
117.5 4.862499999999999 0.0
117.5 4.9375 0.0
117.5 5.012499999999999 0.0
117.5 5.0874999999999995 0.0
117.5 5.1625 0.0
117.5 5.237499999999999 0.0
117.5 5.3125 0.0
117.5 5.387499999999999 0.0
122.5 2.4625 0.0
122.5 2.5375 0.0
122.5 2.6125000000000003 0.0
122.5 2.6875 0.0
122.5 2.7625 0.0
122.5 2.8375 0.0
122.5 2.9125 0.0
122.5 2.9875000000000003 0.0
122.5 3.0625 0.0
122.5 3.1375 0.0
122.5 3.2125 0.0
122.5 3.2875 0.0
122.5 3.3625000000000003 0.0
122.5 3.4375 0.0
122.5 3.5125 0.0
122.5 3.5875 0.0
122.5 3.6625 0.0
122.5 3.7375000000000003 0.0
122.5 3.8125 0.0
122.5 3.8874999999999997 0.0
122.5 3.9625 8.47603181176335e-10
122.5 4.0375 3.9074506652229054e-07
122.5 4.1125 1.352266115248725e-05
122.5 4.1875 0.00015159637176293106
122.5 4.262499999999999 0.00023576675806646582
122.5 4.3374999999999995 3.69487178738388e-05
122.5 4.4125 3.610789551811188e-07
122.5 4.4875 0.0
122.5 4.5625 0.0
122.5 4.637499999999999 0.0
122.5 4.7124999999999995 0.0
122.5 4.7875 0.0
122.5 4.862499999999999 0.0
122.5 4.9375 0.0
122.5 5.012499999999999 0.0
122.5 5.0874999999999995 0.0
122.5 5.1625 0.0
122.5 5.237499999999999 0.0
122.5 5.3125 0.0
122.5 5.387499999999999 0.0
127.5 2.4625 0.0
127.5 2.5375 0.0
127.5 2.6125000000000003 0.0
127.5 2.6875 0.0
127.5 2.7625 0.0
127.5 2.8375 0.0
127.5 2.9125 0.0
127.5 2.9875000000000003 0.0
127.5 3.0625 0.0
127.5 3.1375 0.0
127.5 3.2125 0.0
127.5 3.2875 0.0
127.5 3.3625000000000003 0.0
127.5 3.4375 0.0
127.5 3.5125 0.0
127.5 3.5875 0.0
127.5 3.6625 0.0
127.5 3.7375000000000003 0.0
127.5 3.8125 0.0
127.5 3.8874999999999997 0.0
127.5 3.9625 0.0
127.5 4.0375 2.093579857505548e-07
127.5 4.1125 7.009678308328291e-06
127.5 4.1875 9.472982673462957e-05
127.5 4.262499999999999 0.000182143142809345
127.5 4.3374999999999995 3.408297151828161e-05
127.5 4.4125 5.44161242315207e-07
127.5 4.4875 0.0
127.5 4.5625 0.0
127.5 4.637499999999999 0.0
127.5 4.7124999999999995 0.0
127.5 4.7875 0.0
127.5 4.862499999999999 0.0
127.5 4.9375 0.0
127.5 5.012499999999999 0.0
127.5 5.0874999999999995 0.0
127.5 5.1625 0.0
127.5 5.237499999999999 0.0
127.5 5.3125 0.0
127.5 5.387499999999999 0.0
132.5 2.4625 0.0
132.5 2.5375 0.0
132.5 2.6125000000000003 0.0
132.5 2.6875 0.0
132.5 2.7625 0.0
132.5 2.8375 0.0
132.5 2.9125 0.0
132.5 2.9875000000000003 0.0
132.5 3.0625 0.0
132.5 3.1375 0.0
132.5 3.2125 0.0
132.5 3.2875 0.0
132.5 3.3625000000000003 0.0
132.5 3.4375 0.0
132.5 3.5125 0.0
132.5 3.5875 0.0
132.5 3.6625 0.0
132.5 3.7375000000000003 0.0
132.5 3.8125 0.0
132.5 3.8874999999999997 0.0
132.5 3.9625 0.0
132.5 4.0375 1.0510279446586556e-07
132.5 4.1125 3.3887175183429874e-06
132.5 4.1875 5.655547466080978e-05
132.5 4.262499999999999 0.000139112872110566
132.5 4.3374999999999995 3.292260276325121e-05
132.5 4.4125 4.941526546258034e-07
132.5 4.4875 3.39041272470534e-09
132.5 4.5625 0.0
132.5 4.637499999999999 0.0
132.5 4.7124999999999995 0.0
132.5 4.7875 0.0
132.5 4.862499999999999 0.0
132.5 4.9375 0.0
132.5 5.012499999999999 0.0
132.5 5.0874999999999995 0.0
132.5 5.1625 0.0
132.5 5.237499999999999 0.0
132.5 5.3125 0.0
132.5 5.387499999999999 0.0
137.5 2.4625 0.0
137.5 2.5375 0.0
137.5 2.6125000000000003 0.0
137.5 2.6875 0.0
137.5 2.7625 0.0
137.5 2.8375 0.0
137.5 2.9125 0.0
137.5 2.9875000000000003 0.0
137.5 3.0625 0.0
137.5 3.1375 0.0
137.5 3.2125 0.0
137.5 3.2875 0.0
137.5 3.3625000000000003 0.0
137.5 3.4375 0.0
137.5 3.5125 0.0
137.5 3.5875 0.0
137.5 3.6625 0.0
137.5 3.7375000000000003 0.0
137.5 3.8125 0.0
137.5 3.8874999999999997 0.0
137.5 3.9625 0.0
137.5 4.0375 6.780825449410681e-09
137.5 4.1125 1.5494186151903404e-06
137.5 4.1875 3.2378441520936e-05
137.5 4.262499999999999 9.952132751781938e-05
137.5 4.3374999999999995 2.8225185933171954e-05
137.5 4.4125 6.179027190775483e-07
137.5 4.4875 0.0
137.5 4.5625 0.0
137.5 4.637499999999999 0.0
137.5 4.7124999999999995 0.0
137.5 4.7875 0.0
137.5 4.862499999999999 0.0
137.5 4.9375 0.0
137.5 5.012499999999999 0.0
137.5 5.0874999999999995 0.0
137.5 5.1625 0.0
137.5 5.237499999999999 0.0
137.5 5.3125 0.0
137.5 5.387499999999999 0.0
142.5 2.4625 0.0
142.5 2.5375 0.0
142.5 2.6125000000000003 0.0
142.5 2.6875 0.0
142.5 2.7625 0.0
142.5 2.8375 0.0
142.5 2.9125 0.0
142.5 2.9875000000000003 0.0
142.5 3.0625 0.0
142.5 3.1375 0.0
142.5 3.2125 0.0
142.5 3.2875 0.0
142.5 3.3625000000000003 0.0
142.5 3.4375 0.0
142.5 3.5125 0.0
142.5 3.5875 0.0
142.5 3.6625 0.0
142.5 3.7375000000000003 0.0
142.5 3.8125 0.0
142.5 3.8874999999999997 0.0
142.5 3.9625 0.0
142.5 4.0375 2.119007952940838e-08
142.5 4.1125 6.984250212893001e-07
142.5 4.1875 1.8784581701229938e-05
142.5 4.262499999999999 6.938225360155127e-05
142.5 4.3374999999999995 2.3959199122311466e-05
142.5 4.4125 6.246835445269589e-07
142.5 4.4875 0.0
142.5 4.5625 0.0
142.5 4.637499999999999 0.0
142.5 4.7124999999999995 0.0
142.5 4.7875 0.0
142.5 4.862499999999999 0.0
142.5 4.9375 0.0
142.5 5.012499999999999 0.0
142.5 5.0874999999999995 0.0
142.5 5.1625 0.0
142.5 5.237499999999999 0.0
142.5 5.3125 0.0
142.5 5.387499999999999 0.0
147.5 2.4625 0.0
147.5 2.5375 0.0
147.5 2.6125000000000003 0.0
147.5 2.6875 0.0
147.5 2.7625 0.0
147.5 2.8375 0.0
147.5 2.9125 0.0
147.5 2.9875000000000003 0.0
147.5 3.0625 0.0
147.5 3.1375 0.0
147.5 3.2125 0.0
147.5 3.2875 0.0
147.5 3.3625000000000003 0.0
147.5 3.4375 0.0
147.5 3.5125 0.0
147.5 3.5875 0.0
147.5 3.6625 0.0
147.5 3.7375000000000003 0.0
147.5 3.8125 0.0
147.5 3.8874999999999997 0.0
147.5 3.9625 0.0
147.5 4.0375 5.933222268234345e-09
147.5 4.1125 2.8309946251289597e-07
147.5 4.1875 1.0285664603574828e-05
147.5 4.262499999999999 4.783024751378059e-05
147.5 4.3374999999999995 1.944825499209101e-05
147.5 4.4125 5.331424009599148e-07
147.5 4.4875 1.017123817411602e-08
147.5 4.5625 0.0
147.5 4.637499999999999 0.0
147.5 4.7124999999999995 0.0
147.5 4.7875 0.0
147.5 4.862499999999999 0.0
147.5 4.9375 0.0
147.5 5.012499999999999 0.0
147.5 5.0874999999999995 0.0
147.5 5.1625 0.0
147.5 5.237499999999999 0.0
147.5 5.3125 0.0
147.5 5.387499999999999 0.0
152.5 2.4625 0.0
152.5 2.5375 0.0
152.5 2.6125000000000003 0.0
152.5 2.6875 0.0
152.5 2.7625 0.0
152.5 2.8375 0.0
152.5 2.9125 0.0
152.5 2.9875000000000003 0.0
152.5 3.0625 0.0
152.5 3.1375 0.0
152.5 3.2125 0.0
152.5 3.2875 0.0
152.5 3.3625000000000003 0.0
152.5 3.4375 0.0
152.5 3.5125 0.0
152.5 3.5875 0.0
152.5 3.6625 0.0
152.5 3.7375000000000003 0.0
152.5 3.8125 0.0
152.5 3.8874999999999997 0.0
152.5 3.9625 0.0
152.5 4.0375 0.0
152.5 4.1125 1.4494014398115332e-07
152.5 4.1875 5.4017750736367835e-06
152.5 4.262499999999999 3.056118030049393e-05
152.5 4.3374999999999995 1.4802541956063514e-05
152.5 4.4125 4.3397282876228354e-07
152.5 4.4875 0.0
152.5 4.5625 0.0
152.5 4.637499999999999 0.0
152.5 4.7124999999999995 0.0
152.5 4.7875 0.0
152.5 4.862499999999999 0.0
152.5 4.9375 0.0
152.5 5.012499999999999 0.0
152.5 5.0874999999999995 0.0
152.5 5.1625 0.0
152.5 5.237499999999999 0.0
152.5 5.3125 0.0
152.5 5.387499999999999 0.0
157.5 2.4625 0.0
157.5 2.5375 0.0
157.5 2.6125000000000003 0.0
157.5 2.6875 0.0
157.5 2.7625 0.0
157.5 2.8375 0.0
157.5 2.9125 0.0
157.5 2.9875000000000003 0.0
157.5 3.0625 0.0
157.5 3.1375 0.0
157.5 3.2125 0.0
157.5 3.2875 0.0
157.5 3.3625000000000003 0.0
157.5 3.4375 0.0
157.5 3.5125 0.0
157.5 3.5875 0.0
157.5 3.6625 0.0
157.5 3.7375000000000003 0.0
157.5 3.8125 0.0
157.5 3.8874999999999997 0.0
157.5 3.9625 0.0
157.5 4.0375 0.0
157.5 4.1125 6.950346085645948e-08
157.5 4.1875 2.7606435610913235e-06
157.5 4.262499999999999 1.8792210129860525e-05
157.5 4.3374999999999995 1.1089192419329992e-05
157.5 4.4125 4.2295398740699125e-07
157.5 4.4875 0.0
157.5 4.5625 0.0
157.5 4.637499999999999 0.0
157.5 4.7124999999999995 0.0
157.5 4.7875 0.0
157.5 4.862499999999999 0.0
157.5 4.9375 0.0
157.5 5.012499999999999 0.0
157.5 5.0874999999999995 0.0
157.5 5.1625 0.0
157.5 5.237499999999999 0.0
157.5 5.3125 0.0
157.5 5.387499999999999 0.0
162.5 2.4625 0.0
162.5 2.5375 0.0
162.5 2.6125000000000003 0.0
162.5 2.6875 0.0
162.5 2.7625 0.0
162.5 2.8375 0.0
162.5 2.9125 0.0
162.5 2.9875000000000003 0.0
162.5 3.0625 0.0
162.5 3.1375 0.0
162.5 3.2125 0.0
162.5 3.2875 0.0
162.5 3.3625000000000003 0.0
162.5 3.4375 0.0
162.5 3.5125 0.0
162.5 3.5875 0.0
162.5 3.6625 0.0
162.5 3.7375000000000003 0.0
162.5 3.8125 0.0
162.5 3.8874999999999997 0.0
162.5 3.9625 0.0
162.5 4.0375 0.0
162.5 4.1125 4.407536542116943e-08
162.5 4.1875 1.5850179487997467e-06
162.5 4.262499999999999 1.1533336486266392e-05
162.5 4.3374999999999995 7.665723170558774e-06
162.5 4.4125 3.754882092611165e-07
162.5 4.4875 3.39041272470534e-09
162.5 4.5625 0.0
162.5 4.637499999999999 0.0
162.5 4.7124999999999995 0.0
162.5 4.7875 0.0
162.5 4.862499999999999 0.0
162.5 4.9375 0.0
162.5 5.012499999999999 0.0
162.5 5.0874999999999995 0.0
162.5 5.1625 0.0
162.5 5.237499999999999 0.0
162.5 5.3125 0.0
162.5 5.387499999999999 0.0
167.5 2.4625 0.0
167.5 2.5375 0.0
167.5 2.6125000000000003 0.0
167.5 2.6875 0.0
167.5 2.7625 0.0
167.5 2.8375 0.0
167.5 2.9125 0.0
167.5 2.9875000000000003 0.0
167.5 3.0625 0.0
167.5 3.1375 0.0
167.5 3.2125 0.0
167.5 3.2875 0.0
167.5 3.3625000000000003 0.0
167.5 3.4375 0.0
167.5 3.5125 0.0
167.5 3.5875 0.0
167.5 3.6625 0.0
167.5 3.7375000000000003 0.0
167.5 3.8125 0.0
167.5 3.8874999999999997 0.0
167.5 3.9625 0.0
167.5 4.0375 0.0
167.5 4.1125 1.6104460442350365e-08
167.5 4.1875 6.924917990210659e-07
167.5 4.262499999999999 6.995269054248294e-06
167.5 4.3374999999999995 5.476364153580302e-06
167.5 4.4125 3.8481184425405613e-07
167.5 4.4875 0.0
167.5 4.5625 0.0
167.5 4.637499999999999 0.0
167.5 4.7124999999999995 0.0
167.5 4.7875 0.0
167.5 4.862499999999999 0.0
167.5 4.9375 0.0
167.5 5.012499999999999 0.0
167.5 5.0874999999999995 0.0
167.5 5.1625 0.0
167.5 5.237499999999999 0.0
167.5 5.3125 0.0
167.5 5.387499999999999 0.0
172.5 2.4625 0.0
172.5 2.5375 0.0
172.5 2.6125000000000003 0.0
172.5 2.6875 0.0
172.5 2.7625 0.0
172.5 2.8375 0.0
172.5 2.9125 0.0
172.5 2.9875000000000003 0.0
172.5 3.0625 0.0
172.5 3.1375 0.0
172.5 3.2125 0.0
172.5 3.2875 0.0
172.5 3.3625000000000003 0.0
172.5 3.4375 0.0
172.5 3.5125 0.0
172.5 3.5875 0.0
172.5 3.6625 0.0
172.5 3.7375000000000003 0.0
172.5 3.8125 0.0
172.5 3.8874999999999997 0.0
172.5 3.9625 0.0
172.5 4.0375 0.0
172.5 4.1125 0.0
172.5 4.1875 3.517553201881791e-07
172.5 4.262499999999999 3.818452331199389e-06
172.5 4.3374999999999995 3.7125019335523482e-06
172.5 4.4125 3.9752589197170117e-07
172.5 4.4875 2.542809543529005e-09
172.5 4.5625 0.0
172.5 4.637499999999999 0.0
172.5 4.7124999999999995 0.0
172.5 4.7875 0.0
172.5 4.862499999999999 0.0
172.5 4.9375 0.0
172.5 5.012499999999999 0.0
172.5 5.0874999999999995 0.0
172.5 5.1625 0.0
172.5 5.237499999999999 0.0
172.5 5.3125 0.0
172.5 5.387499999999999 0.0
177.5 2.4625 0.0
177.5 2.5375 0.0
177.5 2.6125000000000003 0.0
177.5 2.6875 0.0
177.5 2.7625 0.0
177.5 2.8375 0.0
177.5 2.9125 0.0
177.5 2.9875000000000003 0.0
177.5 3.0625 0.0
177.5 3.1375 0.0
177.5 3.2125 0.0
177.5 3.2875 0.0
177.5 3.3625000000000003 0.0
177.5 3.4375 0.0
177.5 3.5125 0.0
177.5 3.5875 0.0
177.5 3.6625 0.0
177.5 3.7375000000000003 0.0
177.5 3.8125 0.0
177.5 3.8874999999999997 0.0
177.5 3.9625 0.0
177.5 4.0375 0.0
177.5 4.1125 0.0
177.5 4.1875 1.1188361991527621e-07
177.5 4.262499999999999 2.0520473016279076e-06
177.5 4.3374999999999995 2.769967196084263e-06
177.5 4.4125 5.916270204610819e-07
177.5 4.4875 8.47603181176335e-10
177.5 4.5625 0.0
177.5 4.637499999999999 0.0
177.5 4.7124999999999995 0.0
177.5 4.7875 0.0
177.5 4.862499999999999 0.0
177.5 4.9375 0.0
177.5 5.012499999999999 0.0
177.5 5.0874999999999995 0.0
177.5 5.1625 0.0
177.5 5.237499999999999 0.0
177.5 5.3125 0.0
177.5 5.387499999999999 0.0
182.5 2.4625 0.0
182.5 2.5375 0.0
182.5 2.6125000000000003 0.0
182.5 2.6875 0.0
182.5 2.7625 0.0
182.5 2.8375 0.0
182.5 2.9125 0.0
182.5 2.9875000000000003 0.0
182.5 3.0625 0.0
182.5 3.1375 0.0
182.5 3.2125 0.0
182.5 3.2875 0.0
182.5 3.3625000000000003 0.0
182.5 3.4375 0.0
182.5 3.5125 0.0
182.5 3.5875 0.0
182.5 3.6625 0.0
182.5 3.7375000000000003 0.0
182.5 3.8125 0.0
182.5 3.8874999999999997 0.0
182.5 3.9625 0.0
182.5 4.0375 0.0
182.5 4.1125 0.0
182.5 4.1875 4.6618174964698433e-08
182.5 4.262499999999999 1.1442642945880523e-06
182.5 4.3374999999999995 3.002210467726579e-06
182.5 4.4125 9.671152297221984e-07
182.5 4.4875 1.0171238174116022e-08
182.5 4.5625 0.0
182.5 4.637499999999999 0.0
182.5 4.7124999999999995 0.0
182.5 4.7875 0.0
182.5 4.862499999999999 0.0
182.5 4.9375 0.0
182.5 5.012499999999999 0.0
182.5 5.0874999999999995 0.0
182.5 5.1625 0.0
182.5 5.237499999999999 0.0
182.5 5.3125 0.0
182.5 5.387499999999999 0.0
187.5 2.4625 0.0
187.5 2.5375 0.0
187.5 2.6125000000000003 0.0
187.5 2.6875 0.0
187.5 2.7625 0.0
187.5 2.8375 0.0
187.5 2.9125 0.0
187.5 2.9875000000000003 0.0
187.5 3.0625 0.0
187.5 3.1375 0.0
187.5 3.2125 0.0
187.5 3.2875 0.0
187.5 3.3625000000000003 0.0
187.5 3.4375 0.0
187.5 3.5125 0.0
187.5 3.5875 0.0
187.5 3.6625 0.0
187.5 3.7375000000000003 0.0
187.5 3.8125 0.0
187.5 3.8874999999999997 0.0
187.5 3.9625 0.0
187.5 4.0375 0.0
187.5 4.1125 0.0
187.5 4.1875 9.323634992939685e-09
187.5 4.262499999999999 6.882537831151841e-07
187.5 4.3374999999999995 2.6877496875101587e-06
187.5 4.4125 1.0289902619480708e-06
187.5 4.4875 2.0342476348232044e-08
187.5 4.5625 0.0
187.5 4.637499999999999 0.0
187.5 4.7124999999999995 0.0
187.5 4.7875 0.0
187.5 4.862499999999999 0.0
187.5 4.9375 0.0
187.5 5.012499999999999 0.0
187.5 5.0874999999999995 0.0
187.5 5.1625 0.0
187.5 5.237499999999999 0.0
187.5 5.3125 0.0
187.5 5.387499999999999 0.0
192.5 2.4625 0.0
192.5 2.5375 0.0
192.5 2.6125000000000003 0.0
192.5 2.6875 0.0
192.5 2.7625 0.0
192.5 2.8375 0.0
192.5 2.9125 0.0
192.5 2.9875000000000003 0.0
192.5 3.0625 0.0
192.5 3.1375 0.0
192.5 3.2125 0.0
192.5 3.2875 0.0
192.5 3.3625000000000003 0.0
192.5 3.4375 0.0
192.5 3.5125 0.0
192.5 3.5875 0.0
192.5 3.6625 0.0
192.5 3.7375000000000003 0.0
192.5 3.8125 0.0
192.5 3.8874999999999997 0.0
192.5 3.9625 0.0
192.5 4.0375 0.0
192.5 4.1125 0.0
192.5 4.1875 1.017123817411602e-08
192.5 4.262499999999999 5.772177663810842e-07
192.5 4.3374999999999995 3.1649502785124355e-06
192.5 4.4125 1.5172096943056398e-06
192.5 4.4875 3.305652406587707e-08
192.5 4.5625 0.0
192.5 4.637499999999999 0.0
192.5 4.7124999999999995 0.0
192.5 4.7875 0.0
192.5 4.862499999999999 0.0
192.5 4.9375 0.0
192.5 5.012499999999999 0.0
192.5 5.0874999999999995 0.0
192.5 5.1625 0.0
192.5 5.237499999999999 0.0
192.5 5.3125 0.0
192.5 5.387499999999999 0.0
197.5 2.4625 0.0
197.5 2.5375 0.0
197.5 2.6125000000000003 0.0
197.5 2.6875 0.0
197.5 2.7625 0.0
197.5 2.8375 0.0
197.5 2.9125 0.0
197.5 2.9875000000000003 0.0
197.5 3.0625 0.0
197.5 3.1375 0.0
197.5 3.2125 0.0
197.5 3.2875 0.0
197.5 3.3625000000000003 0.0
197.5 3.4375 0.0
197.5 3.5125 0.0
197.5 3.5875 0.0
197.5 3.6625 0.0
197.5 3.7375000000000003 0.0
197.5 3.8125 0.0
197.5 3.8874999999999997 0.0
197.5 3.9625 0.0
197.5 4.0375 0.0
197.5 4.1125 0.0
197.5 4.1875 2.1190079529408375e-08
197.5 4.262499999999999 4.924574482634507e-07
197.5 4.3374999999999995 3.7659009339664567e-06
197.5 4.4125 2.285985779632576e-06
197.5 4.4875 8.645552447998619e-08
197.5 4.5625 0.0
197.5 4.637499999999999 0.0
197.5 4.7124999999999995 0.0
197.5 4.7875 0.0
197.5 4.862499999999999 0.0
197.5 4.9375 0.0
197.5 5.012499999999999 0.0
197.5 5.0874999999999995 0.0
197.5 5.1625 0.0
197.5 5.237499999999999 0.0
197.5 5.3125 0.0
197.5 5.387499999999999 0.0
202.5 2.4625 0.0
202.5 2.5375 0.0
202.5 2.6125000000000003 0.0
202.5 2.6875 0.0
202.5 2.7625 0.0
202.5 2.8375 0.0
202.5 2.9125 0.0
202.5 2.9875000000000003 0.0
202.5 3.0625 0.0
202.5 3.1375 0.0
202.5 3.2125 0.0
202.5 3.2875 0.0
202.5 3.3625000000000003 0.0
202.5 3.4375 0.0
202.5 3.5125 0.0
202.5 3.5875 0.0
202.5 3.6625 0.0
202.5 3.7375000000000003 0.0
202.5 3.8125 0.0
202.5 3.8874999999999997 0.0
202.5 3.9625 0.0
202.5 4.0375 0.0
202.5 4.1125 0.0
202.5 4.1875 2.542809543529005e-09
202.5 4.262499999999999 3.814214315293508e-07
202.5 4.3374999999999995 4.204959381815799e-06
202.5 4.4125 2.7911572756136713e-06
202.5 4.4875 8.899833402351519e-08
202.5 4.5625 0.0
202.5 4.637499999999999 0.0
202.5 4.7124999999999995 0.0
202.5 4.7875 0.0
202.5 4.862499999999999 0.0
202.5 4.9375 0.0
202.5 5.012499999999999 0.0
202.5 5.0874999999999995 0.0
202.5 5.1625 0.0
202.5 5.237499999999999 0.0
202.5 5.3125 0.0
202.5 5.387499999999999 0.0
207.5 2.4625 0.0
207.5 2.5375 0.0
207.5 2.6125000000000003 0.0
207.5 2.6875 0.0
207.5 2.7625 0.0
207.5 2.8375 0.0
207.5 2.9125 0.0
207.5 2.9875000000000003 0.0
207.5 3.0625 0.0
207.5 3.1375 0.0
207.5 3.2125 0.0
207.5 3.2875 0.0
207.5 3.3625000000000003 0.0
207.5 3.4375 0.0
207.5 3.5125 0.0
207.5 3.5875 0.0
207.5 3.6625 0.0
207.5 3.7375000000000003 0.0
207.5 3.8125 0.0
207.5 3.8874999999999997 0.0
207.5 3.9625 0.0
207.5 4.0375 0.0
207.5 4.1125 0.0
207.5 4.1875 0.0
207.5 4.262499999999999 3.831166378917035e-07
207.5 4.3374999999999995 4.788957973646293e-06
207.5 4.4125 3.7074163144652896e-06
207.5 4.4875 1.4578774716232965e-07
207.5 4.5625 0.0
207.5 4.637499999999999 0.0
207.5 4.7124999999999995 0.0
207.5 4.7875 0.0
207.5 4.862499999999999 0.0
207.5 4.9375 0.0
207.5 5.012499999999999 0.0
207.5 5.0874999999999995 0.0
207.5 5.1625 0.0
207.5 5.237499999999999 0.0
207.5 5.3125 0.0
207.5 5.387499999999999 0.0
212.5 2.4625 0.0
212.5 2.5375 0.0
212.5 2.6125000000000003 0.0
212.5 2.6875 0.0
212.5 2.7625 0.0
212.5 2.8375 0.0
212.5 2.9125 0.0
212.5 2.9875000000000003 0.0
212.5 3.0625 0.0
212.5 3.1375 0.0
212.5 3.2125 0.0
212.5 3.2875 0.0
212.5 3.3625000000000003 0.0
212.5 3.4375 0.0
212.5 3.5125 0.0
212.5 3.5875 0.0
212.5 3.6625 0.0
212.5 3.7375000000000003 0.0
212.5 3.8125 0.0
212.5 3.8874999999999997 0.0
212.5 3.9625 0.0
212.5 4.0375 0.0
212.5 4.1125 0.0
212.5 4.1875 0.0
212.5 4.262499999999999 4.788957973646293e-07
212.5 4.3374999999999995 5.007639594389787e-06
212.5 4.4125 4.4261838121028216e-06
212.5 4.4875 1.1273122309645258e-07
212.5 4.5625 0.0
212.5 4.637499999999999 0.0
212.5 4.7124999999999995 0.0
212.5 4.7875 0.0
212.5 4.862499999999999 0.0
212.5 4.9375 0.0
212.5 5.012499999999999 0.0
212.5 5.0874999999999995 0.0
212.5 5.1625 0.0
212.5 5.237499999999999 0.0
212.5 5.3125 0.0
212.5 5.387499999999999 0.0
217.5 2.4625 0.0
217.5 2.5375 0.0
217.5 2.6125000000000003 0.0
217.5 2.6875 0.0
217.5 2.7625 0.0
217.5 2.8375 0.0
217.5 2.9125 0.0
217.5 2.9875000000000003 0.0
217.5 3.0625 0.0
217.5 3.1375 0.0
217.5 3.2125 0.0
217.5 3.2875 0.0
217.5 3.3625000000000003 0.0
217.5 3.4375 0.0
217.5 3.5125 0.0
217.5 3.5875 0.0
217.5 3.6625 0.0
217.5 3.7375000000000003 0.0
217.5 3.8125 0.0
217.5 3.8874999999999997 0.0
217.5 3.9625 0.0
217.5 4.0375 0.0
217.5 4.1125 0.0
217.5 4.1875 0.0
217.5 4.262499999999999 3.7125019335523477e-07
217.5 4.3374999999999995 5.262768151923864e-06
217.5 4.4125 5.489925804479122e-06
217.5 4.4875 2.9242309750583556e-07
217.5 4.5625 2.542809543529005e-09
217.5 4.637499999999999 0.0
217.5 4.7124999999999995 0.0
217.5 4.7875 0.0
217.5 4.862499999999999 0.0
217.5 4.9375 0.0
217.5 5.012499999999999 0.0
217.5 5.0874999999999995 0.0
217.5 5.1625 0.0
217.5 5.237499999999999 0.0
217.5 5.3125 0.0
217.5 5.387499999999999 0.0
222.5 2.4625 0.0
222.5 2.5375 0.0
222.5 2.6125000000000003 0.0
222.5 2.6875 0.0
222.5 2.7625 0.0
222.5 2.8375 0.0
222.5 2.9125 0.0
222.5 2.9875000000000003 0.0
222.5 3.0625 0.0
222.5 3.1375 0.0
222.5 3.2125 0.0
222.5 3.2875 0.0
222.5 3.3625000000000003 0.0
222.5 3.4375 0.0
222.5 3.5125 0.0
222.5 3.5875 0.0
222.5 3.6625 0.0
222.5 3.7375000000000003 0.0
222.5 3.8125 0.0
222.5 3.8874999999999997 0.0
222.5 3.9625 0.0
222.5 4.0375 0.0
222.5 4.1125 0.0
222.5 4.1875 0.0
222.5 4.262499999999999 2.4495731935996085e-07
222.5 4.3374999999999995 4.922879276272155e-06
222.5 4.4125 5.7798060924414285e-06
222.5 4.4875 3.348032565646524e-07
222.5 4.5625 7.628428630587015e-09
222.5 4.637499999999999 0.0
222.5 4.7124999999999995 0.0
222.5 4.7875 0.0
222.5 4.862499999999999 0.0
222.5 4.9375 0.0
222.5 5.012499999999999 0.0
222.5 5.0874999999999995 0.0
222.5 5.1625 0.0
222.5 5.237499999999999 0.0
222.5 5.3125 0.0
222.5 5.387499999999999 0.0
227.5 2.4625 0.0
227.5 2.5375 0.0
227.5 2.6125000000000003 0.0
227.5 2.6875 0.0
227.5 2.7625 0.0
227.5 2.8375 0.0
227.5 2.9125 0.0
227.5 2.9875000000000003 0.0
227.5 3.0625 0.0
227.5 3.1375 0.0
227.5 3.2125 0.0
227.5 3.2875 0.0
227.5 3.3625000000000003 0.0
227.5 3.4375 0.0
227.5 3.5125 0.0
227.5 3.5875 0.0
227.5 3.6625 0.0
227.5 3.7375000000000003 0.0
227.5 3.8125 0.0
227.5 3.8874999999999997 0.0
227.5 3.9625 0.0
227.5 4.0375 0.0
227.5 4.1125 0.0
227.5 4.1875 0.0
227.5 4.262499999999999 2.0342476348232044e-07
227.5 4.3374999999999995 4.647408242389845e-06
227.5 4.4125 6.471450288281318e-06
227.5 4.4875 4.221063842258149e-07
227.5 4.5625 0.0
227.5 4.637499999999999 0.0
227.5 4.7124999999999995 0.0
227.5 4.7875 0.0
227.5 4.862499999999999 0.0
227.5 4.9375 0.0
227.5 5.012499999999999 0.0
227.5 5.0874999999999995 0.0
227.5 5.1625 0.0
227.5 5.237499999999999 0.0
227.5 5.3125 0.0
227.5 5.387499999999999 0.0
232.5 2.4625 0.0
232.5 2.5375 0.0
232.5 2.6125000000000003 0.0
232.5 2.6875 0.0
232.5 2.7625 0.0
232.5 2.8375 0.0
232.5 2.9125 0.0
232.5 2.9875000000000003 0.0
232.5 3.0625 0.0
232.5 3.1375 0.0
232.5 3.2125 0.0
232.5 3.2875 0.0
232.5 3.3625000000000003 0.0
232.5 3.4375 0.0
232.5 3.5125 0.0
232.5 3.5875 0.0
232.5 3.6625 0.0
232.5 3.7375000000000003 0.0
232.5 3.8125 0.0
232.5 3.8874999999999997 0.0
232.5 3.9625 0.0
232.5 4.0375 0.0
232.5 4.1125 0.0
232.5 4.1875 3.39041272470534e-09
232.5 4.262499999999999 2.000343507576151e-07
232.5 4.3374999999999995 4.860156640865105e-06
232.5 4.4125 7.486031296149392e-06
232.5 4.4875 5.746749568375553e-07
232.5 4.5625 0.0
232.5 4.637499999999999 0.0
232.5 4.7124999999999995 0.0
232.5 4.7875 0.0
232.5 4.862499999999999 0.0
232.5 4.9375 0.0
232.5 5.012499999999999 0.0
232.5 5.0874999999999995 0.0
232.5 5.1625 0.0
232.5 5.237499999999999 0.0
232.5 5.3125 0.0
232.5 5.387499999999999 0.0
237.5 2.4625 0.0
237.5 2.5375 0.0
237.5 2.6125000000000003 0.0
237.5 2.6875 0.0
237.5 2.7625 0.0
237.5 2.8375 0.0
237.5 2.9125 0.0
237.5 2.9875000000000003 0.0
237.5 3.0625 0.0
237.5 3.1375 0.0
237.5 3.2125 0.0
237.5 3.2875 0.0
237.5 3.3625000000000003 0.0
237.5 3.4375 0.0
237.5 3.5125 0.0
237.5 3.5875 0.0
237.5 3.6625 0.0
237.5 3.7375000000000003 0.0
237.5 3.8125 0.0
237.5 3.8874999999999997 0.0
237.5 3.9625 0.0
237.5 4.0375 0.0
237.5 4.1125 0.0
237.5 4.1875 0.0
237.5 4.262499999999999 1.6273981078585635e-07
237.5 4.3374999999999995 4.529591400206335e-06
237.5 4.4125 7.708103329617593e-06
237.5 4.4875 5.882366077363765e-07
237.5 4.5625 0.0
237.5 4.637499999999999 0.0
237.5 4.7124999999999995 0.0
237.5 4.7875 0.0
237.5 4.862499999999999 0.0
237.5 4.9375 0.0
237.5 5.012499999999999 0.0
237.5 5.0874999999999995 0.0
237.5 5.1625 0.0
237.5 5.237499999999999 0.0
237.5 5.3125 0.0
237.5 5.387499999999999 0.0
242.5 2.4625 0.0
242.5 2.5375 0.0
242.5 2.6125000000000003 0.0
242.5 2.6875 0.0
242.5 2.7625 0.0
242.5 2.8375 0.0
242.5 2.9125 0.0
242.5 2.9875000000000003 0.0
242.5 3.0625 0.0
242.5 3.1375 0.0
242.5 3.2125 0.0
242.5 3.2875 0.0
242.5 3.3625000000000003 0.0
242.5 3.4375 0.0
242.5 3.5125 0.0
242.5 3.5875 0.0
242.5 3.6625 0.0
242.5 3.7375000000000003 0.0
242.5 3.8125 0.0
242.5 3.8874999999999997 0.0
242.5 3.9625 0.0
242.5 4.0375 0.0
242.5 4.1125 0.0
242.5 4.1875 0.0
242.5 4.262499999999999 1.66977826691738e-07
242.5 4.3374999999999995 4.3939748912181214e-06
242.5 4.4125 7.824224965438749e-06
242.5 4.4875 7.66233275783407e-07
242.5 4.5625 3.39041272470534e-09
242.5 4.637499999999999 0.0
242.5 4.7124999999999995 0.0
242.5 4.7875 0.0
242.5 4.862499999999999 0.0
242.5 4.9375 0.0
242.5 5.012499999999999 0.0
242.5 5.0874999999999995 0.0
242.5 5.1625 0.0
242.5 5.237499999999999 0.0
242.5 5.3125 0.0
242.5 5.387499999999999 0.0
247.5 2.4625 0.0
247.5 2.5375 0.0
247.5 2.6125000000000003 0.0
247.5 2.6875 0.0
247.5 2.7625 0.0
247.5 2.8375 0.0
247.5 2.9125 0.0
247.5 2.9875000000000003 0.0
247.5 3.0625 0.0
247.5 3.1375 0.0
247.5 3.2125 0.0
247.5 3.2875 0.0
247.5 3.3625000000000003 0.0
247.5 3.4375 0.0
247.5 3.5125 0.0
247.5 3.5875 0.0
247.5 3.6625 0.0
247.5 3.7375000000000003 0.0
247.5 3.8125 0.0
247.5 3.8874999999999997 0.0
247.5 3.9625 0.0
247.5 4.0375 0.0
247.5 4.1125 0.0
247.5 4.1875 3.39041272470534e-09
247.5 4.262499999999999 1.449401439811533e-07
247.5 4.3374999999999995 3.678597806305294e-06
247.5 4.4125 8.413309176356303e-06
247.5 4.4875 8.87440530691623e-07
247.5 4.5625 0.0
247.5 4.637499999999999 0.0
247.5 4.7124999999999995 0.0
247.5 4.7875 0.0
247.5 4.862499999999999 0.0
247.5 4.9375 0.0
247.5 5.012499999999999 0.0
247.5 5.0874999999999995 0.0
247.5 5.1625 0.0
247.5 5.237499999999999 0.0
247.5 5.3125 0.0
247.5 5.387499999999999 0.0
252.5 2.4625 0.0
252.5 2.5375 0.0
252.5 2.6125000000000003 0.0
252.5 2.6875 0.0
252.5 2.7625 0.0
252.5 2.8375 0.0
252.5 2.9125 0.0
252.5 2.9875000000000003 0.0
252.5 3.0625 0.0
252.5 3.1375 0.0
252.5 3.2125 0.0
252.5 3.2875 0.0
252.5 3.3625000000000003 0.0
252.5 3.4375 0.0
252.5 3.5125 0.0
252.5 3.5875 0.0
252.5 3.6625 0.0
252.5 3.7375000000000003 0.0
252.5 3.8125 0.0
252.5 3.8874999999999997 0.0
252.5 3.9625 0.0
252.5 4.0375 0.0
252.5 4.1125 0.0
252.5 4.1875 0.0
252.5 4.262499999999999 7.628428630587016e-08
252.5 4.3374999999999995 3.401431566060633e-06
252.5 4.4125 8.02764972892107e-06
252.5 4.4875 1.0323806746727763e-06
252.5 4.5625 0.0
252.5 4.637499999999999 0.0
252.5 4.7124999999999995 0.0
252.5 4.7875 0.0
252.5 4.862499999999999 0.0
252.5 4.9375 0.0
252.5 5.012499999999999 0.0
252.5 5.0874999999999995 0.0
252.5 5.1625 0.0
252.5 5.237499999999999 0.0
252.5 5.3125 0.0
252.5 5.387499999999999 0.0
257.5 2.4625 0.0
257.5 2.5375 0.0
257.5 2.6125000000000003 0.0
257.5 2.6875 0.0
257.5 2.7625 0.0
257.5 2.8375 0.0
257.5 2.9125 0.0
257.5 2.9875000000000003 0.0
257.5 3.0625 0.0
257.5 3.1375 0.0
257.5 3.2125 0.0
257.5 3.2875 0.0
257.5 3.3625000000000003 0.0
257.5 3.4375 0.0
257.5 3.5125 0.0
257.5 3.5875 0.0
257.5 3.6625 0.0
257.5 3.7375000000000003 0.0
257.5 3.8125 0.0
257.5 3.8874999999999997 0.0
257.5 3.9625 0.0
257.5 4.0375 0.0
257.5 4.1125 0.0
257.5 4.1875 0.0
257.5 4.262499999999999 8.730312766116252e-08
257.5 4.3374999999999995 2.9505066736748226e-06
257.5 4.4125 8.981203307744447e-06
257.5 4.4875 1.2620811367715629e-06
257.5 4.5625 5.933222268234345e-09
257.5 4.637499999999999 0.0
257.5 4.7124999999999995 0.0
257.5 4.7875 0.0
257.5 4.862499999999999 0.0
257.5 4.9375 0.0
257.5 5.012499999999999 0.0
257.5 5.0874999999999995 0.0
257.5 5.1625 0.0
257.5 5.237499999999999 0.0
257.5 5.3125 0.0
257.5 5.387499999999999 0.0
262.5 2.4625 0.0
262.5 2.5375 0.0
262.5 2.6125000000000003 0.0
262.5 2.6875 0.0
262.5 2.7625 0.0
262.5 2.8375 0.0
262.5 2.9125 0.0
262.5 2.9875000000000003 0.0
262.5 3.0625 0.0
262.5 3.1375 0.0
262.5 3.2125 0.0
262.5 3.2875 0.0
262.5 3.3625000000000003 0.0
262.5 3.4375 0.0
262.5 3.5125 0.0
262.5 3.5875 0.0
262.5 3.6625 0.0
262.5 3.7375000000000003 0.0
262.5 3.8125 0.0
262.5 3.8874999999999997 0.0
262.5 3.9625 0.0
262.5 4.0375 0.0
262.5 4.1125 0.0
262.5 4.1875 0.0
262.5 4.262499999999999 6.01798258635198e-08
262.5 4.3374999999999995 2.769119592903087e-06
262.5 4.4125 8.98544132365033e-06
262.5 4.4875 1.4680487097974126e-06
262.5 4.5625 1.4409254079997698e-08
262.5 4.637499999999999 0.0
262.5 4.7124999999999995 0.0
262.5 4.7875 0.0
262.5 4.862499999999999 0.0
262.5 4.9375 0.0
262.5 5.012499999999999 0.0
262.5 5.0874999999999995 0.0
262.5 5.1625 0.0
262.5 5.237499999999999 0.0
262.5 5.3125 0.0
262.5 5.387499999999999 0.0
267.5 2.4625 0.0
267.5 2.5375 0.0
267.5 2.6125000000000003 0.0
267.5 2.6875 0.0
267.5 2.7625 0.0
267.5 2.8375 0.0
267.5 2.9125 0.0
267.5 2.9875000000000003 0.0
267.5 3.0625 0.0
267.5 3.1375 0.0
267.5 3.2125 0.0
267.5 3.2875 0.0
267.5 3.3625000000000003 0.0
267.5 3.4375 0.0
267.5 3.5125 0.0
267.5 3.5875 0.0
267.5 3.6625 0.0
267.5 3.7375000000000003 0.0
267.5 3.8125 0.0
267.5 3.8874999999999997 0.0
267.5 3.9625 0.0
267.5 4.0375 0.0
267.5 4.1125 0.0
267.5 4.1875 0.0
267.5 4.262499999999999 2.7123301797642725e-08
267.5 4.3374999999999995 2.0249239998302645e-06
267.5 4.4125 7.87508115630933e-06
267.5 4.4875 1.5256857261174034e-06
267.5 4.5625 1.017123817411602e-08
267.5 4.637499999999999 0.0
267.5 4.7124999999999995 0.0
267.5 4.7875 0.0
267.5 4.862499999999999 0.0
267.5 4.9375 0.0
267.5 5.012499999999999 0.0
267.5 5.0874999999999995 0.0
267.5 5.1625 0.0
267.5 5.237499999999999 0.0
267.5 5.3125 0.0
267.5 5.387499999999999 0.0
272.5 2.4625 0.0
272.5 2.5375 0.0
272.5 2.6125000000000003 0.0
272.5 2.6875 0.0
272.5 2.7625 0.0
272.5 2.8375 0.0
272.5 2.9125 0.0
272.5 2.9875000000000003 0.0
272.5 3.0625 0.0
272.5 3.1375 0.0
272.5 3.2125 0.0
272.5 3.2875 0.0
272.5 3.3625000000000003 0.0
272.5 3.4375 0.0
272.5 3.5125 0.0
272.5 3.5875 0.0
272.5 3.6625 0.0
272.5 3.7375000000000003 0.0
272.5 3.8125 0.0
272.5 3.8874999999999997 0.0
272.5 3.9625 0.0
272.5 4.0375 0.0
272.5 4.1125 0.0
272.5 4.1875 0.0
272.5 4.262499999999999 1.6104460442350368e-08
272.5 4.3374999999999995 1.6070556315103313e-06
272.5 4.4125 7.628428630587016e-06
272.5 4.4875 1.6824923146350253e-06
272.5 4.5625 0.0
272.5 4.637499999999999 0.0
272.5 4.7124999999999995 0.0
272.5 4.7875 0.0
272.5 4.862499999999999 0.0
272.5 4.9375 0.0
272.5 5.012499999999999 0.0
272.5 5.0874999999999995 0.0
272.5 5.1625 0.0
272.5 5.237499999999999 0.0
272.5 5.3125 0.0
272.5 5.387499999999999 0.0
277.5 2.4625 0.0
277.5 2.5375 0.0
277.5 2.6125000000000003 0.0
277.5 2.6875 0.0
277.5 2.7625 0.0
277.5 2.8375 0.0
277.5 2.9125 0.0
277.5 2.9875000000000003 0.0
277.5 3.0625 0.0
277.5 3.1375 0.0
277.5 3.2125 0.0
277.5 3.2875 0.0
277.5 3.3625000000000003 0.0
277.5 3.4375 0.0
277.5 3.5125 0.0
277.5 3.5875 0.0
277.5 3.6625 0.0
277.5 3.7375000000000003 0.0
277.5 3.8125 0.0
277.5 3.8874999999999997 0.0
277.5 3.9625 0.0
277.5 4.0375 0.0
277.5 4.1125 0.0
277.5 4.1875 0.0
277.5 4.262499999999999 2.797090497881906e-08
277.5 4.3374999999999995 1.330736994446846e-06
277.5 4.4125 7.391099739857643e-06
277.5 4.4875 2.0350952380043805e-06
277.5 4.5625 3.051371452234806e-08
277.5 4.637499999999999 0.0
277.5 4.7124999999999995 0.0
277.5 4.7875 0.0
277.5 4.862499999999999 0.0
277.5 4.9375 0.0
277.5 5.012499999999999 0.0
277.5 5.0874999999999995 0.0
277.5 5.1625 0.0
277.5 5.237499999999999 0.0
277.5 5.3125 0.0
277.5 5.387499999999999 0.0
282.5 2.4625 0.0
282.5 2.5375 0.0
282.5 2.6125000000000003 0.0
282.5 2.6875 0.0
282.5 2.7625 0.0
282.5 2.8375 0.0
282.5 2.9125 0.0
282.5 2.9875000000000003 0.0
282.5 3.0625 0.0
282.5 3.1375 0.0
282.5 3.2125 0.0
282.5 3.2875 0.0
282.5 3.3625000000000003 0.0
282.5 3.4375 0.0
282.5 3.5125 0.0
282.5 3.5875 0.0
282.5 3.6625 0.0
282.5 3.7375000000000003 0.0
282.5 3.8125 0.0
282.5 3.8874999999999997 0.0
282.5 3.9625 0.0
282.5 4.0375 0.0
282.5 4.1125 0.0
282.5 4.1875 0.0
282.5 4.262499999999999 3.13613177035244e-08
282.5 4.3374999999999995 1.13324545323276e-06
282.5 4.4125 7.075791356460045e-06
282.5 4.4875 1.8486225381455872e-06
282.5 4.5625 3.475173042822974e-08
282.5 4.637499999999999 0.0
282.5 4.7124999999999995 0.0
282.5 4.7875 0.0
282.5 4.862499999999999 0.0
282.5 4.9375 0.0
282.5 5.012499999999999 0.0
282.5 5.0874999999999995 0.0
282.5 5.1625 0.0
282.5 5.237499999999999 0.0
282.5 5.3125 0.0
282.5 5.387499999999999 0.0
287.5 2.4625 0.0
287.5 2.5375 0.0
287.5 2.6125000000000003 0.0
287.5 2.6875 0.0
287.5 2.7625 0.0
287.5 2.8375 0.0
287.5 2.9125 0.0
287.5 2.9875000000000003 0.0
287.5 3.0625 0.0
287.5 3.1375 0.0
287.5 3.2125 0.0
287.5 3.2875 0.0
287.5 3.3625000000000003 0.0
287.5 3.4375 0.0
287.5 3.5125 0.0
287.5 3.5875 0.0
287.5 3.6625 0.0
287.5 3.7375000000000003 0.0
287.5 3.8125 0.0
287.5 3.8874999999999997 0.0
287.5 3.9625 0.0
287.5 4.0375 0.0
287.5 4.1125 0.0
287.5 4.1875 0.0
287.5 4.262499999999999 1.949487316705571e-08
287.5 4.3374999999999995 8.721836734304489e-07
287.5 4.4125 6.498573590078961e-06
287.5 4.4875 1.9308400467196913e-06
287.5 4.5625 2.627569861646639e-08
287.5 4.637499999999999 0.0
287.5 4.7124999999999995 0.0
287.5 4.7875 0.0
287.5 4.862499999999999 0.0
287.5 4.9375 0.0
287.5 5.012499999999999 0.0
287.5 5.0874999999999995 0.0
287.5 5.1625 0.0
287.5 5.237499999999999 0.0
287.5 5.3125 0.0
287.5 5.387499999999999 0.0
292.5 2.4625 0.0
292.5 2.5375 0.0
292.5 2.6125000000000003 0.0
292.5 2.6875 0.0
292.5 2.7625 0.0
292.5 2.8375 0.0
292.5 2.9125 0.0
292.5 2.9875000000000003 0.0
292.5 3.0625 0.0
292.5 3.1375 0.0
292.5 3.2125 0.0
292.5 3.2875 0.0
292.5 3.3625000000000003 0.0
292.5 3.4375 0.0
292.5 3.5125 0.0
292.5 3.5875 0.0
292.5 3.6625 0.0
292.5 3.7375000000000003 0.0
292.5 3.8125 0.0
292.5 3.8874999999999997 0.0
292.5 3.9625 0.0
292.5 4.0375 0.0
292.5 4.1125 0.0
292.5 4.1875 0.0
292.5 4.262499999999999 1.017123817411602e-08
292.5 4.3374999999999995 6.763873385787154e-07
292.5 4.4125 5.958650363669635e-06
292.5 4.4875 2.16477852472436e-06
292.5 4.5625 1.1866444536468692e-08
292.5 4.637499999999999 0.0
292.5 4.7124999999999995 0.0
292.5 4.7875 0.0
292.5 4.862499999999999 0.0
292.5 4.9375 0.0
292.5 5.012499999999999 0.0
292.5 5.0874999999999995 0.0
292.5 5.1625 0.0
292.5 5.237499999999999 0.0
292.5 5.3125 0.0
292.5 5.387499999999999 0.0
297.5 2.4625 0.0
297.5 2.5375 0.0
297.5 2.6125000000000003 0.0
297.5 2.6875 0.0
297.5 2.7625 0.0
297.5 2.8375 0.0
297.5 2.9125 0.0
297.5 2.9875000000000003 0.0
297.5 3.0625 0.0
297.5 3.1375 0.0
297.5 3.2125 0.0
297.5 3.2875 0.0
297.5 3.3625000000000003 0.0
297.5 3.4375 0.0
297.5 3.5125 0.0
297.5 3.5875 0.0
297.5 3.6625 0.0
297.5 3.7375000000000003 0.0
297.5 3.8125 0.0
297.5 3.8874999999999997 0.0
297.5 3.9625 0.0
297.5 4.0375 0.0
297.5 4.1125 0.0
297.5 4.1875 0.0
297.5 4.262499999999999 3.39041272470534e-09
297.5 4.3374999999999995 5.322947977787384e-07
297.5 4.4125 5.84422393421083e-06
297.5 4.4875 2.537723924441947e-06
297.5 4.5625 3.305652406587707e-08
297.5 4.637499999999999 0.0
297.5 4.7124999999999995 0.0
297.5 4.7875 0.0
297.5 4.862499999999999 0.0
297.5 4.9375 0.0
297.5 5.012499999999999 0.0
297.5 5.0874999999999995 0.0
297.5 5.1625 0.0
297.5 5.237499999999999 0.0
297.5 5.3125 0.0
297.5 5.387499999999999 0.0
302.5 2.4625 0.0
302.5 2.5375 0.0
302.5 2.6125000000000003 0.0
302.5 2.6875 0.0
302.5 2.7625 0.0
302.5 2.8375 0.0
302.5 2.9125 0.0
302.5 2.9875000000000003 0.0
302.5 3.0625 0.0
302.5 3.1375 0.0
302.5 3.2125 0.0
302.5 3.2875 0.0
302.5 3.3625000000000003 0.0
302.5 3.4375 0.0
302.5 3.5125 0.0
302.5 3.5875 0.0
302.5 3.6625 0.0
302.5 3.7375000000000003 0.0
302.5 3.8125 0.0
302.5 3.8874999999999997 0.0
302.5 3.9625 0.0
302.5 4.0375 0.0
302.5 4.1125 0.0
302.5 4.1875 0.0
302.5 4.262499999999999 3.39041272470534e-09
302.5 4.3374999999999995 5.382280200469728e-07
302.5 4.4125 4.681312369636898e-06
302.5 4.4875 2.5699328453266483e-06
302.5 4.5625 2.542809543529005e-08
302.5 4.637499999999999 0.0
302.5 4.7124999999999995 0.0
302.5 4.7875 0.0
302.5 4.862499999999999 0.0
302.5 4.9375 0.0
302.5 5.012499999999999 0.0
302.5 5.0874999999999995 0.0
302.5 5.1625 0.0
302.5 5.237499999999999 0.0
302.5 5.3125 0.0
302.5 5.387499999999999 0.0
307.5 2.4625 0.0
307.5 2.5375 0.0
307.5 2.6125000000000003 0.0
307.5 2.6875 0.0
307.5 2.7625 0.0
307.5 2.8375 0.0
307.5 2.9125 0.0
307.5 2.9875000000000003 0.0
307.5 3.0625 0.0
307.5 3.1375 0.0
307.5 3.2125 0.0
307.5 3.2875 0.0
307.5 3.3625000000000003 0.0
307.5 3.4375 0.0
307.5 3.5125 0.0
307.5 3.5875 0.0
307.5 3.6625 0.0
307.5 3.7375000000000003 0.0
307.5 3.8125 0.0
307.5 3.8874999999999997 0.0
307.5 3.9625 0.0
307.5 4.0375 0.0
307.5 4.1125 0.0
307.5 4.1875 0.0
307.5 4.262499999999999 0.0
307.5 4.3374999999999995 4.6279133692227897e-07
307.5 4.4125 4.1820740959240375e-06
307.5 4.4875 2.2427580173925824e-06
307.5 4.5625 3.898974633411142e-08
307.5 4.637499999999999 0.0
307.5 4.7124999999999995 0.0
307.5 4.7875 0.0
307.5 4.862499999999999 0.0
307.5 4.9375 0.0
307.5 5.012499999999999 0.0
307.5 5.0874999999999995 0.0
307.5 5.1625 0.0
307.5 5.237499999999999 0.0
307.5 5.3125 0.0
307.5 5.387499999999999 0.0
312.5 2.4625 0.0
312.5 2.5375 0.0
312.5 2.6125000000000003 0.0
312.5 2.6875 0.0
312.5 2.7625 0.0
312.5 2.8375 0.0
312.5 2.9125 0.0
312.5 2.9875000000000003 0.0
312.5 3.0625 0.0
312.5 3.1375 0.0
312.5 3.2125 0.0
312.5 3.2875 0.0
312.5 3.3625000000000003 0.0
312.5 3.4375 0.0
312.5 3.5125 0.0
312.5 3.5875 0.0
312.5 3.6625 0.0
312.5 3.7375000000000003 0.0
312.5 3.8125 0.0
312.5 3.8874999999999997 0.0
312.5 3.9625 0.0
312.5 4.0375 0.0
312.5 4.1125 0.0
312.5 4.1875 0.0
312.5 4.262499999999999 0.0
312.5 4.3374999999999995 3.280224311152417e-07
312.5 4.4125 3.8862605856934955e-06
312.5 4.4875 2.3224327164231583e-06
312.5 4.5625 5.424660359528544e-08
312.5 4.637499999999999 0.0
312.5 4.7124999999999995 0.0
312.5 4.7875 0.0
312.5 4.862499999999999 0.0
312.5 4.9375 0.0
312.5 5.012499999999999 0.0
312.5 5.0874999999999995 0.0
312.5 5.1625 0.0
312.5 5.237499999999999 0.0
312.5 5.3125 0.0
312.5 5.387499999999999 0.0
317.5 2.4625 0.0
317.5 2.5375 0.0
317.5 2.6125000000000003 0.0
317.5 2.6875 0.0
317.5 2.7625 0.0
317.5 2.8375 0.0
317.5 2.9125 0.0
317.5 2.9875000000000003 0.0
317.5 3.0625 0.0
317.5 3.1375 0.0
317.5 3.2125 0.0
317.5 3.2875 0.0
317.5 3.3625000000000003 0.0
317.5 3.4375 0.0
317.5 3.5125 0.0
317.5 3.5875 0.0
317.5 3.6625 0.0
317.5 3.7375000000000003 0.0
317.5 3.8125 0.0
317.5 3.8874999999999997 0.0
317.5 3.9625 0.0
317.5 4.0375 0.0
317.5 4.1125 0.0
317.5 4.1875 0.0
317.5 4.262499999999999 0.0
317.5 4.3374999999999995 2.432621129976082e-07
317.5 4.4125 3.3336233115665254e-06
317.5 4.4875 2.432621129976082e-06
317.5 4.5625 5.255139723293278e-08
317.5 4.637499999999999 0.0
317.5 4.7124999999999995 0.0
317.5 4.7875 0.0
317.5 4.862499999999999 0.0
317.5 4.9375 0.0
317.5 5.012499999999999 0.0
317.5 5.0874999999999995 0.0
317.5 5.1625 0.0
317.5 5.237499999999999 0.0
317.5 5.3125 0.0
317.5 5.387499999999999 0.0
322.5 2.4625 0.0
322.5 2.5375 0.0
322.5 2.6125000000000003 0.0
322.5 2.6875 0.0
322.5 2.7625 0.0
322.5 2.8375 0.0
322.5 2.9125 0.0
322.5 2.9875000000000003 0.0
322.5 3.0625 0.0
322.5 3.1375 0.0
322.5 3.2125 0.0
322.5 3.2875 0.0
322.5 3.3625000000000003 0.0
322.5 3.4375 0.0
322.5 3.5125 0.0
322.5 3.5875 0.0
322.5 3.6625 0.0
322.5 3.7375000000000003 0.0
322.5 3.8125 0.0
322.5 3.8874999999999997 0.0
322.5 3.9625 0.0
322.5 4.0375 0.0
322.5 4.1125 0.0
322.5 4.1875 0.0
322.5 4.262499999999999 0.0
322.5 4.3374999999999995 1.6782542987291436e-07
322.5 4.4125 2.815737767867785e-06
322.5 4.4875 2.1935970328843552e-06
322.5 4.5625 3.3904127247053406e-08
322.5 4.637499999999999 0.0
322.5 4.7124999999999995 0.0
322.5 4.7875 0.0
322.5 4.862499999999999 0.0
322.5 4.9375 0.0
322.5 5.012499999999999 0.0
322.5 5.0874999999999995 0.0
322.5 5.1625 0.0
322.5 5.237499999999999 0.0
322.5 5.3125 0.0
322.5 5.387499999999999 0.0
327.5 2.4625 0.0
327.5 2.5375 0.0
327.5 2.6125000000000003 0.0
327.5 2.6875 0.0
327.5 2.7625 0.0
327.5 2.8375 0.0
327.5 2.9125 0.0
327.5 2.9875000000000003 0.0
327.5 3.0625 0.0
327.5 3.1375 0.0
327.5 3.2125 0.0
327.5 3.2875 0.0
327.5 3.3625000000000003 0.0
327.5 3.4375 0.0
327.5 3.5125 0.0
327.5 3.5875 0.0
327.5 3.6625 0.0
327.5 3.7375000000000003 0.0
327.5 3.8125 0.0
327.5 3.8874999999999997 0.0
327.5 3.9625 0.0
327.5 4.0375 0.0
327.5 4.1125 0.0
327.5 4.1875 0.0
327.5 4.262499999999999 0.0
327.5 4.3374999999999995 9.662676265410221e-08
327.5 4.4125 2.2614052873784622e-06
327.5 4.4875 2.2486912396608172e-06
327.5 4.5625 1.0255998492233655e-07
327.5 4.637499999999999 0.0
327.5 4.7124999999999995 0.0
327.5 4.7875 0.0
327.5 4.862499999999999 0.0
327.5 4.9375 0.0
327.5 5.012499999999999 0.0
327.5 5.0874999999999995 0.0
327.5 5.1625 0.0
327.5 5.237499999999999 0.0
327.5 5.3125 0.0
327.5 5.387499999999999 0.0
332.5 2.4625 0.0
332.5 2.5375 0.0
332.5 2.6125000000000003 0.0
332.5 2.6875 0.0
332.5 2.7625 0.0
332.5 2.8375 0.0
332.5 2.9125 0.0
332.5 2.9875000000000003 0.0
332.5 3.0625 0.0
332.5 3.1375 0.0
332.5 3.2125 0.0
332.5 3.2875 0.0
332.5 3.3625000000000003 0.0
332.5 3.4375 0.0
332.5 3.5125 0.0
332.5 3.5875 0.0
332.5 3.6625 0.0
332.5 3.7375000000000003 0.0
332.5 3.8125 0.0
332.5 3.8874999999999997 0.0
332.5 3.9625 0.0
332.5 4.0375 0.0
332.5 4.1125 0.0
332.5 4.1875 0.0
332.5 4.262499999999999 0.0
332.5 4.3374999999999995 8.899833402351519e-08
332.5 4.4125 2.253776858747875e-06
332.5 4.4875 2.1893590169784736e-06
332.5 4.5625 6.187503222587247e-08
332.5 4.637499999999999 0.0
332.5 4.7124999999999995 0.0
332.5 4.7875 0.0
332.5 4.862499999999999 0.0
332.5 4.9375 0.0
332.5 5.012499999999999 0.0
332.5 5.0874999999999995 0.0
332.5 5.1625 0.0
332.5 5.237499999999999 0.0
332.5 5.3125 0.0
332.5 5.387499999999999 0.0
337.5 2.4625 0.0
337.5 2.5375 0.0
337.5 2.6125000000000003 0.0
337.5 2.6875 0.0
337.5 2.7625 0.0
337.5 2.8375 0.0
337.5 2.9125 0.0
337.5 2.9875000000000003 0.0
337.5 3.0625 0.0
337.5 3.1375 0.0
337.5 3.2125 0.0
337.5 3.2875 0.0
337.5 3.3625000000000003 0.0
337.5 3.4375 0.0
337.5 3.5125 0.0
337.5 3.5875 0.0
337.5 3.6625 0.0
337.5 3.7375000000000003 0.0
337.5 3.8125 0.0
337.5 3.8874999999999997 0.0
337.5 3.9625 0.0
337.5 4.0375 0.0
337.5 4.1125 0.0
337.5 4.1875 0.0
337.5 4.262499999999999 0.0
337.5 4.3374999999999995 8.899833402351519e-08
337.5 4.4125 1.719786854606784e-06
337.5 4.4875 2.0732373811573155e-06
337.5 4.5625 8.476031811763352e-08
337.5 4.637499999999999 0.0
337.5 4.7124999999999995 0.0
337.5 4.7875 0.0
337.5 4.862499999999999 0.0
337.5 4.9375 0.0
337.5 5.012499999999999 0.0
337.5 5.0874999999999995 0.0
337.5 5.1625 0.0
337.5 5.237499999999999 0.0
337.5 5.3125 0.0
337.5 5.387499999999999 0.0
342.5 2.4625 0.0
342.5 2.5375 0.0
342.5 2.6125000000000003 0.0
342.5 2.6875 0.0
342.5 2.7625 0.0
342.5 2.8375 0.0
342.5 2.9125 0.0
342.5 2.9875000000000003 0.0
342.5 3.0625 0.0
342.5 3.1375 0.0
342.5 3.2125 0.0
342.5 3.2875 0.0
342.5 3.3625000000000003 0.0
342.5 3.4375 0.0
342.5 3.5125 0.0
342.5 3.5875 0.0
342.5 3.6625 0.0
342.5 3.7375000000000003 0.0
342.5 3.8125 0.0
342.5 3.8874999999999997 0.0
342.5 3.9625 0.0
342.5 4.0375 0.0
342.5 4.1125 0.0
342.5 4.1875 0.0
342.5 4.262499999999999 0.0
342.5 4.3374999999999995 4.746577814587477e-08
342.5 4.4125 1.6273981078585633e-06
342.5 4.4875 2.1783401756231813e-06
342.5 4.5625 7.628428630587016e-08
342.5 4.637499999999999 0.0
342.5 4.7124999999999995 0.0
342.5 4.7875 0.0
342.5 4.862499999999999 0.0
342.5 4.9375 0.0
342.5 5.012499999999999 0.0
342.5 5.0874999999999995 0.0
342.5 5.1625 0.0
342.5 5.237499999999999 0.0
342.5 5.3125 0.0
342.5 5.387499999999999 0.0
347.5 2.4625 0.0
347.5 2.5375 0.0
347.5 2.6125000000000003 0.0
347.5 2.6875 0.0
347.5 2.7625 0.0
347.5 2.8375 0.0
347.5 2.9125 0.0
347.5 2.9875000000000003 0.0
347.5 3.0625 0.0
347.5 3.1375 0.0
347.5 3.2125 0.0
347.5 3.2875 0.0
347.5 3.3625000000000003 0.0
347.5 3.4375 0.0
347.5 3.5125 0.0
347.5 3.5875 0.0
347.5 3.6625 0.0
347.5 3.7375000000000003 0.0
347.5 3.8125 0.0
347.5 3.8874999999999997 0.0
347.5 3.9625 0.0
347.5 4.0375 0.0
347.5 4.1125 0.0
347.5 4.1875 0.0
347.5 4.262499999999999 0.0
347.5 4.3374999999999995 7.71318894870465e-08
347.5 4.4125 1.262081136771563e-06
347.5 4.4875 1.8045471727244174e-06
347.5 4.5625 7.71318894870465e-08
347.5 4.637499999999999 0.0
347.5 4.7124999999999995 0.0
347.5 4.7875 0.0
347.5 4.862499999999999 0.0
347.5 4.9375 0.0
347.5 5.012499999999999 0.0
347.5 5.0874999999999995 0.0
347.5 5.1625 0.0
347.5 5.237499999999999 0.0
347.5 5.3125 0.0
347.5 5.387499999999999 0.0
352.5 2.4625 0.0
352.5 2.5375 0.0
352.5 2.6125000000000003 0.0
352.5 2.6875 0.0
352.5 2.7625 0.0
352.5 2.8375 0.0
352.5 2.9125 0.0
352.5 2.9875000000000003 0.0
352.5 3.0625 0.0
352.5 3.1375 0.0
352.5 3.2125 0.0
352.5 3.2875 0.0
352.5 3.3625000000000003 0.0
352.5 3.4375 0.0
352.5 3.5125 0.0
352.5 3.5875 0.0
352.5 3.6625 0.0
352.5 3.7375000000000003 0.0
352.5 3.8125 0.0
352.5 3.8874999999999997 0.0
352.5 3.9625 0.0
352.5 4.0375 0.0
352.5 4.1125 0.0
352.5 4.1875 0.0
352.5 4.262499999999999 0.0
352.5 4.3374999999999995 6.780825449410681e-08
352.5 4.4125 1.0188190237739547e-06
352.5 4.4875 1.6680830605550278e-06
352.5 4.5625 8.306511175528084e-08
352.5 4.637499999999999 0.0
352.5 4.7124999999999995 0.0
352.5 4.7875 0.0
352.5 4.862499999999999 0.0
352.5 4.9375 0.0
352.5 5.012499999999999 0.0
352.5 5.0874999999999995 0.0
352.5 5.1625 0.0
352.5 5.237499999999999 0.0
352.5 5.3125 0.0
352.5 5.387499999999999 0.0
357.5 2.4625 0.0
357.5 2.5375 0.0
357.5 2.6125000000000003 0.0
357.5 2.6875 0.0
357.5 2.7625 0.0
357.5 2.8375 0.0
357.5 2.9125 0.0
357.5 2.9875000000000003 0.0
357.5 3.0625 0.0
357.5 3.1375 0.0
357.5 3.2125 0.0
357.5 3.2875 0.0
357.5 3.3625000000000003 0.0
357.5 3.4375 0.0
357.5 3.5125 0.0
357.5 3.5875 0.0
357.5 3.6625 0.0
357.5 3.7375000000000003 0.0
357.5 3.8125 0.0
357.5 3.8874999999999997 0.0
357.5 3.9625 0.0
357.5 4.0375 0.0
357.5 4.1125 0.0
357.5 4.1875 0.0
357.5 4.262499999999999 0.0
357.5 4.3374999999999995 2.6275698616466386e-08
357.5 4.4125 9.230398643010289e-07
357.5 4.4875 1.5799323297126886e-06
357.5 4.5625 9.493155629174954e-08
357.5 4.637499999999999 3.39041272470534e-09
357.5 4.7124999999999995 0.0
357.5 4.7875 0.0
357.5 4.862499999999999 0.0
357.5 4.9375 0.0
357.5 5.012499999999999 0.0
357.5 5.0874999999999995 0.0
357.5 5.1625 0.0
357.5 5.237499999999999 0.0
357.5 5.3125 0.0
357.5 5.387499999999999 0.0
362.5 2.4625 0.0
362.5 2.5375 0.0
362.5 2.6125000000000003 0.0
362.5 2.6875 0.0
362.5 2.7625 0.0
362.5 2.8375 0.0
362.5 2.9125 0.0
362.5 2.9875000000000003 0.0
362.5 3.0625 0.0
362.5 3.1375 0.0
362.5 3.2125 0.0
362.5 3.2875 0.0
362.5 3.3625000000000003 0.0
362.5 3.4375 0.0
362.5 3.5125 0.0
362.5 3.5875 0.0
362.5 3.6625 0.0
362.5 3.7375000000000003 0.0
362.5 3.8125 0.0
362.5 3.8874999999999997 0.0
362.5 3.9625 0.0
362.5 4.0375 0.0
362.5 4.1125 0.0
362.5 4.1875 0.0
362.5 4.262499999999999 0.0
362.5 4.3374999999999995 2.373288907293738e-08
362.5 4.4125 7.196151008187085e-07
362.5 4.4875 1.383288391679779e-06
362.5 4.5625 5.3399000414109115e-08
362.5 4.637499999999999 0.0
362.5 4.7124999999999995 0.0
362.5 4.7875 0.0
362.5 4.862499999999999 0.0
362.5 4.9375 0.0
362.5 5.012499999999999 0.0
362.5 5.0874999999999995 0.0
362.5 5.1625 0.0
362.5 5.237499999999999 0.0
362.5 5.3125 0.0
362.5 5.387499999999999 0.0
367.5 2.4625 0.0
367.5 2.5375 0.0
367.5 2.6125000000000003 0.0
367.5 2.6875 0.0
367.5 2.7625 0.0
367.5 2.8375 0.0
367.5 2.9125 0.0
367.5 2.9875000000000003 0.0
367.5 3.0625 0.0
367.5 3.1375 0.0
367.5 3.2125 0.0
367.5 3.2875 0.0
367.5 3.3625000000000003 0.0
367.5 3.4375 0.0
367.5 3.5125 0.0
367.5 3.5875 0.0
367.5 3.6625 0.0
367.5 3.7375000000000003 0.0
367.5 3.8125 0.0
367.5 3.8874999999999997 0.0
367.5 3.9625 0.0
367.5 4.0375 0.0
367.5 4.1125 0.0
367.5 4.1875 0.0
367.5 4.262499999999999 0.0
367.5 4.3374999999999995 1.6952063623526703e-08
367.5 4.4125 5.085619087058011e-07
367.5 4.4875 1.4129545030209506e-06
367.5 4.5625 6.187503222587247e-08
367.5 4.637499999999999 0.0
367.5 4.7124999999999995 0.0
367.5 4.7875 0.0
367.5 4.862499999999999 0.0
367.5 4.9375 0.0
367.5 5.012499999999999 0.0
367.5 5.0874999999999995 0.0
367.5 5.1625 0.0
367.5 5.237499999999999 0.0
367.5 5.3125 0.0
367.5 5.387499999999999 0.0
372.5 2.4625 0.0
372.5 2.5375 0.0
372.5 2.6125000000000003 0.0
372.5 2.6875 0.0
372.5 2.7625 0.0
372.5 2.8375 0.0
372.5 2.9125 0.0
372.5 2.9875000000000003 0.0
372.5 3.0625 0.0
372.5 3.1375 0.0
372.5 3.2125 0.0
372.5 3.2875 0.0
372.5 3.3625000000000003 0.0
372.5 3.4375 0.0
372.5 3.5125 0.0
372.5 3.5875 0.0
372.5 3.6625 0.0
372.5 3.7375000000000003 0.0
372.5 3.8125 0.0
372.5 3.8874999999999997 0.0
372.5 3.9625 0.0
372.5 4.0375 0.0
372.5 4.1125 0.0
372.5 4.1875 0.0
372.5 4.262499999999999 0.0
372.5 4.3374999999999995 6.780825449410681e-09
372.5 4.4125 4.3566803512463624e-07
372.5 4.4875 1.2569955176845048e-06
372.5 4.5625 1.347689058070373e-07
372.5 4.637499999999999 0.0
372.5 4.7124999999999995 0.0
372.5 4.7875 0.0
372.5 4.862499999999999 0.0
372.5 4.9375 0.0
372.5 5.012499999999999 0.0
372.5 5.0874999999999995 0.0
372.5 5.1625 0.0
372.5 5.237499999999999 0.0
372.5 5.3125 0.0
372.5 5.387499999999999 0.0
377.5 2.4625 0.0
377.5 2.5375 0.0
377.5 2.6125000000000003 0.0
377.5 2.6875 0.0
377.5 2.7625 0.0
377.5 2.8375 0.0
377.5 2.9125 0.0
377.5 2.9875000000000003 0.0
377.5 3.0625 0.0
377.5 3.1375 0.0
377.5 3.2125 0.0
377.5 3.2875 0.0
377.5 3.3625000000000003 0.0
377.5 3.4375 0.0
377.5 3.5125 0.0
377.5 3.5875 0.0
377.5 3.6625 0.0
377.5 3.7375000000000003 0.0
377.5 3.8125 0.0
377.5 3.8874999999999997 0.0
377.5 3.9625 0.0
377.5 4.0375 0.0
377.5 4.1125 0.0
377.5 4.1875 0.0
377.5 4.262499999999999 0.0
377.5 4.3374999999999995 0.0
377.5 4.4125 2.610617798023113e-07
377.5 4.4875 1.1620639613927555e-06
377.5 4.5625 9.577915947292587e-08
377.5 4.637499999999999 1.017123817411602e-08
377.5 4.7124999999999995 0.0
377.5 4.7875 0.0
377.5 4.862499999999999 0.0
377.5 4.9375 0.0
377.5 5.012499999999999 0.0
377.5 5.0874999999999995 0.0
377.5 5.1625 0.0
377.5 5.237499999999999 0.0
377.5 5.3125 0.0
377.5 5.387499999999999 0.0
382.5 2.4625 0.0
382.5 2.5375 0.0
382.5 2.6125000000000003 0.0
382.5 2.6875 0.0
382.5 2.7625 0.0
382.5 2.8375 0.0
382.5 2.9125 0.0
382.5 2.9875000000000003 0.0
382.5 3.0625 0.0
382.5 3.1375 0.0
382.5 3.2125 0.0
382.5 3.2875 0.0
382.5 3.3625000000000003 0.0
382.5 3.4375 0.0
382.5 3.5125 0.0
382.5 3.5875 0.0
382.5 3.6625 0.0
382.5 3.7375000000000003 0.0
382.5 3.8125 0.0
382.5 3.8874999999999997 0.0
382.5 3.9625 0.0
382.5 4.0375 0.0
382.5 4.1125 0.0
382.5 4.1875 0.0
382.5 4.262499999999999 0.0
382.5 4.3374999999999995 0.0
382.5 4.4125 2.830994625128959e-07
382.5 4.4875 9.976289442445464e-07
382.5 4.5625 9.577915947292587e-08
382.5 4.637499999999999 0.0
382.5 4.7124999999999995 0.0
382.5 4.7875 0.0
382.5 4.862499999999999 0.0
382.5 4.9375 0.0
382.5 5.012499999999999 0.0
382.5 5.0874999999999995 0.0
382.5 5.1625 0.0
382.5 5.237499999999999 0.0
382.5 5.3125 0.0
382.5 5.387499999999999 0.0
387.5 2.4625 0.0
387.5 2.5375 0.0
387.5 2.6125000000000003 0.0
387.5 2.6875 0.0
387.5 2.7625 0.0
387.5 2.8375 0.0
387.5 2.9125 0.0
387.5 2.9875000000000003 0.0
387.5 3.0625 0.0
387.5 3.1375 0.0
387.5 3.2125 0.0
387.5 3.2875 0.0
387.5 3.3625000000000003 0.0
387.5 3.4375 0.0
387.5 3.5125 0.0
387.5 3.5875 0.0
387.5 3.6625 0.0
387.5 3.7375000000000003 0.0
387.5 3.8125 0.0
387.5 3.8874999999999997 0.0
387.5 3.9625 0.0
387.5 4.0375 0.0
387.5 4.1125 0.0
387.5 4.1875 0.0
387.5 4.262499999999999 0.0
387.5 4.3374999999999995 0.0
387.5 4.4125 2.4750012890348986e-07
387.5 4.4875 7.594524503339961e-07
387.5 4.5625 8.47603181176335e-08
387.5 4.637499999999999 0.0
387.5 4.7124999999999995 0.0
387.5 4.7875 0.0
387.5 4.862499999999999 0.0
387.5 4.9375 0.0
387.5 5.012499999999999 0.0
387.5 5.0874999999999995 0.0
387.5 5.1625 0.0
387.5 5.237499999999999 0.0
387.5 5.3125 0.0
387.5 5.387499999999999 0.0
392.5 2.4625 0.0
392.5 2.5375 0.0
392.5 2.6125000000000003 0.0
392.5 2.6875 0.0
392.5 2.7625 0.0
392.5 2.8375 0.0
392.5 2.9125 0.0
392.5 2.9875000000000003 0.0
392.5 3.0625 0.0
392.5 3.1375 0.0
392.5 3.2125 0.0
392.5 3.2875 0.0
392.5 3.3625000000000003 0.0
392.5 3.4375 0.0
392.5 3.5125 0.0
392.5 3.5875 0.0
392.5 3.6625 0.0
392.5 3.7375000000000003 0.0
392.5 3.8125 0.0
392.5 3.8874999999999997 0.0
392.5 3.9625 0.0
392.5 4.0375 0.0
392.5 4.1125 0.0
392.5 4.1875 0.0
392.5 4.262499999999999 0.0
392.5 4.3374999999999995 0.0
392.5 4.4125 1.6019700124232733e-07
392.5 4.4875 6.162075127151956e-07
392.5 4.5625 2.7123301797642725e-08
392.5 4.637499999999999 0.0
392.5 4.7124999999999995 0.0
392.5 4.7875 0.0
392.5 4.862499999999999 0.0
392.5 4.9375 0.0
392.5 5.012499999999999 0.0
392.5 5.0874999999999995 0.0
392.5 5.1625 0.0
392.5 5.237499999999999 0.0
392.5 5.3125 0.0
392.5 5.387499999999999 0.0
397.5 2.4625 0.0
397.5 2.5375 0.0
397.5 2.6125000000000003 0.0
397.5 2.6875 0.0
397.5 2.7625 0.0
397.5 2.8375 0.0
397.5 2.9125 0.0
397.5 2.9875000000000003 0.0
397.5 3.0625 0.0
397.5 3.1375 0.0
397.5 3.2125 0.0
397.5 3.2875 0.0
397.5 3.3625000000000003 0.0
397.5 3.4375 0.0
397.5 3.5125 0.0
397.5 3.5875 0.0
397.5 3.6625 0.0
397.5 3.7375000000000003 0.0
397.5 3.8125 0.0
397.5 3.8874999999999997 0.0
397.5 3.9625 0.0
397.5 4.0375 0.0
397.5 4.1125 0.0
397.5 4.1875 0.0
397.5 4.262499999999999 0.0
397.5 4.3374999999999995 0.0
397.5 4.4125 1.856250966776174e-07
397.5 4.4875 5.789129727434368e-07
397.5 4.5625 7.289387358116481e-08
397.5 4.637499999999999 0.0
397.5 4.7124999999999995 0.0
397.5 4.7875 0.0
397.5 4.862499999999999 0.0
397.5 4.9375 0.0
397.5 5.012499999999999 0.0
397.5 5.0874999999999995 0.0
397.5 5.1625 0.0
397.5 5.237499999999999 0.0
397.5 5.3125 0.0
397.5 5.387499999999999 0.0
402.5 2.4625 0.0
402.5 2.5375 0.0
402.5 2.6125000000000003 0.0
402.5 2.6875 0.0
402.5 2.7625 0.0
402.5 2.8375 0.0
402.5 2.9125 0.0
402.5 2.9875000000000003 0.0
402.5 3.0625 0.0
402.5 3.1375 0.0
402.5 3.2125 0.0
402.5 3.2875 0.0
402.5 3.3625000000000003 0.0
402.5 3.4375 0.0
402.5 3.5125 0.0
402.5 3.5875 0.0
402.5 3.6625 0.0
402.5 3.7375000000000003 0.0
402.5 3.8125 0.0
402.5 3.8874999999999997 0.0
402.5 3.9625 0.0
402.5 4.0375 0.0
402.5 4.1125 0.0
402.5 4.1875 0.0
402.5 4.262499999999999 0.0
402.5 4.3374999999999995 0.0
402.5 4.4125 9.15411435670442e-08
402.5 4.4875 4.5262009874816294e-07
402.5 4.5625 1.1357882627762891e-07
402.5 4.637499999999999 0.0
402.5 4.7124999999999995 0.0
402.5 4.7875 0.0
402.5 4.862499999999999 0.0
402.5 4.9375 0.0
402.5 5.012499999999999 0.0
402.5 5.0874999999999995 0.0
402.5 5.1625 0.0
402.5 5.237499999999999 0.0
402.5 5.3125 0.0
402.5 5.387499999999999 0.0
407.5 2.4625 0.0
407.5 2.5375 0.0
407.5 2.6125000000000003 0.0
407.5 2.6875 0.0
407.5 2.7625 0.0
407.5 2.8375 0.0
407.5 2.9125 0.0
407.5 2.9875000000000003 0.0
407.5 3.0625 0.0
407.5 3.1375 0.0
407.5 3.2125 0.0
407.5 3.2875 0.0
407.5 3.3625000000000003 0.0
407.5 3.4375 0.0
407.5 3.5125 0.0
407.5 3.5875 0.0
407.5 3.6625 0.0
407.5 3.7375000000000003 0.0
407.5 3.8125 0.0
407.5 3.8874999999999997 0.0
407.5 3.9625 0.0
407.5 4.0375 0.0
407.5 4.1125 0.0
407.5 4.1875 0.0
407.5 4.262499999999999 0.0
407.5 4.3374999999999995 5.933222268234346e-09
407.5 4.4125 7.628428630587016e-08
407.5 4.4875 5.585704963952049e-07
407.5 4.5625 9.832196901645488e-08
407.5 4.637499999999999 0.0
407.5 4.7124999999999995 0.0
407.5 4.7875 0.0
407.5 4.862499999999999 0.0
407.5 4.9375 0.0
407.5 5.012499999999999 0.0
407.5 5.0874999999999995 0.0
407.5 5.1625 0.0
407.5 5.237499999999999 0.0
407.5 5.3125 0.0
407.5 5.387499999999999 0.0
412.5 2.4625 0.0
412.5 2.5375 0.0
412.5 2.6125000000000003 0.0
412.5 2.6875 0.0
412.5 2.7625 0.0
412.5 2.8375 0.0
412.5 2.9125 0.0
412.5 2.9875000000000003 0.0
412.5 3.0625 0.0
412.5 3.1375 0.0
412.5 3.2125 0.0
412.5 3.2875 0.0
412.5 3.3625000000000003 0.0
412.5 3.4375 0.0
412.5 3.5125 0.0
412.5 3.5875 0.0
412.5 3.6625 0.0
412.5 3.7375000000000003 0.0
412.5 3.8125 0.0
412.5 3.8874999999999997 0.0
412.5 3.9625 0.0
412.5 4.0375 0.0
412.5 4.1125 0.0
412.5 4.1875 0.0
412.5 4.262499999999999 0.0
412.5 4.3374999999999995 8.47603181176335e-10
412.5 4.4125 1.0595039764704188e-07
412.5 4.4875 4.695721623716897e-07
412.5 4.5625 9.15411435670442e-08
412.5 4.637499999999999 0.0
412.5 4.7124999999999995 0.0
412.5 4.7875 0.0
412.5 4.862499999999999 0.0
412.5 4.9375 0.0
412.5 5.012499999999999 0.0
412.5 5.0874999999999995 0.0
412.5 5.1625 0.0
412.5 5.237499999999999 0.0
412.5 5.3125 0.0
412.5 5.387499999999999 0.0
417.5 2.4625 0.0
417.5 2.5375 0.0
417.5 2.6125000000000003 0.0
417.5 2.6875 0.0
417.5 2.7625 0.0
417.5 2.8375 0.0
417.5 2.9125 0.0
417.5 2.9875000000000003 0.0
417.5 3.0625 0.0
417.5 3.1375 0.0
417.5 3.2125 0.0
417.5 3.2875 0.0
417.5 3.3625000000000003 0.0
417.5 3.4375 0.0
417.5 3.5125 0.0
417.5 3.5875 0.0
417.5 3.6625 0.0
417.5 3.7375000000000003 0.0
417.5 3.8125 0.0
417.5 3.8874999999999997 0.0
417.5 3.9625 0.0
417.5 4.0375 0.0
417.5 4.1125 0.0
417.5 4.1875 0.0
417.5 4.262499999999999 0.0
417.5 4.3374999999999995 0.0
417.5 4.4125 5.594180995763812e-08
417.5 4.4875 4.187159715011096e-07
417.5 4.5625 6.102742904469613e-08
417.5 4.637499999999999 0.0
417.5 4.7124999999999995 0.0
417.5 4.7875 0.0
417.5 4.862499999999999 0.0
417.5 4.9375 0.0
417.5 5.012499999999999 0.0
417.5 5.0874999999999995 0.0
417.5 5.1625 0.0
417.5 5.237499999999999 0.0
417.5 5.3125 0.0
417.5 5.387499999999999 0.0
422.5 2.4625 0.0
422.5 2.5375 0.0
422.5 2.6125000000000003 0.0
422.5 2.6875 0.0
422.5 2.7625 0.0
422.5 2.8375 0.0
422.5 2.9125 0.0
422.5 2.9875000000000003 0.0
422.5 3.0625 0.0
422.5 3.1375 0.0
422.5 3.2125 0.0
422.5 3.2875 0.0
422.5 3.3625000000000003 0.0
422.5 3.4375 0.0
422.5 3.5125 0.0
422.5 3.5875 0.0
422.5 3.6625 0.0
422.5 3.7375000000000003 0.0
422.5 3.8125 0.0
422.5 3.8874999999999997 0.0
422.5 3.9625 0.0
422.5 4.0375 0.0
422.5 4.1125 0.0
422.5 4.1875 0.0
422.5 4.262499999999999 0.0
422.5 4.3374999999999995 0.0
422.5 4.4125 2.8818508159995395e-08
422.5 4.4875 3.000515261364226e-07
422.5 4.5625 7.458907994351749e-08
422.5 4.637499999999999 0.0
422.5 4.7124999999999995 0.0
422.5 4.7875 0.0
422.5 4.862499999999999 0.0
422.5 4.9375 0.0
422.5 5.012499999999999 0.0
422.5 5.0874999999999995 0.0
422.5 5.1625 0.0
422.5 5.237499999999999 0.0
422.5 5.3125 0.0
422.5 5.387499999999999 0.0
427.5 2.4625 0.0
427.5 2.5375 0.0
427.5 2.6125000000000003 0.0
427.5 2.6875 0.0
427.5 2.7625 0.0
427.5 2.8375 0.0
427.5 2.9125 0.0
427.5 2.9875000000000003 0.0
427.5 3.0625 0.0
427.5 3.1375 0.0
427.5 3.2125 0.0
427.5 3.2875 0.0
427.5 3.3625000000000003 0.0
427.5 3.4375 0.0
427.5 3.5125 0.0
427.5 3.5875 0.0
427.5 3.6625 0.0
427.5 3.7375000000000003 0.0
427.5 3.8125 0.0
427.5 3.8874999999999997 0.0
427.5 3.9625 0.0
427.5 4.0375 0.0
427.5 4.1125 0.0
427.5 4.1875 0.0
427.5 4.262499999999999 0.0
427.5 4.3374999999999995 0.0
427.5 4.4125 1.1866444536468692e-08
427.5 4.4875 1.9918674757643875e-07
427.5 4.5625 6.01798258635198e-08
427.5 4.637499999999999 0.0
427.5 4.7124999999999995 0.0
427.5 4.7875 0.0
427.5 4.862499999999999 0.0
427.5 4.9375 0.0
427.5 5.012499999999999 0.0
427.5 5.0874999999999995 0.0
427.5 5.1625 0.0
427.5 5.237499999999999 0.0
427.5 5.3125 0.0
427.5 5.387499999999999 0.0
432.5 2.4625 0.0
432.5 2.5375 0.0
432.5 2.6125000000000003 0.0
432.5 2.6875 0.0
432.5 2.7625 0.0
432.5 2.8375 0.0
432.5 2.9125 0.0
432.5 2.9875000000000003 0.0
432.5 3.0625 0.0
432.5 3.1375 0.0
432.5 3.2125 0.0
432.5 3.2875 0.0
432.5 3.3625000000000003 0.0
432.5 3.4375 0.0
432.5 3.5125 0.0
432.5 3.5875 0.0
432.5 3.6625 0.0
432.5 3.7375000000000003 0.0
432.5 3.8125 0.0
432.5 3.8874999999999997 0.0
432.5 3.9625 0.0
432.5 4.0375 0.0
432.5 4.1125 0.0
432.5 4.1875 0.0
432.5 4.262499999999999 0.0
432.5 4.3374999999999995 0.0
432.5 4.4125 1.7799666804703035e-08
432.5 4.4875 2.678426052517219e-07
432.5 4.5625 9.069354038586786e-08
432.5 4.637499999999999 0.0
432.5 4.7124999999999995 0.0
432.5 4.7875 0.0
432.5 4.862499999999999 0.0
432.5 4.9375 0.0
432.5 5.012499999999999 0.0
432.5 5.0874999999999995 0.0
432.5 5.1625 0.0
432.5 5.237499999999999 0.0
432.5 5.3125 0.0
432.5 5.387499999999999 0.0
437.5 2.4625 0.0
437.5 2.5375 0.0
437.5 2.6125000000000003 0.0
437.5 2.6875 0.0
437.5 2.7625 0.0
437.5 2.8375 0.0
437.5 2.9125 0.0
437.5 2.9875000000000003 0.0
437.5 3.0625 0.0
437.5 3.1375 0.0
437.5 3.2125 0.0
437.5 3.2875 0.0
437.5 3.3625000000000003 0.0
437.5 3.4375 0.0
437.5 3.5125 0.0
437.5 3.5875 0.0
437.5 3.6625 0.0
437.5 3.7375000000000003 0.0
437.5 3.8125 0.0
437.5 3.8874999999999997 0.0
437.5 3.9625 0.0
437.5 4.0375 0.0
437.5 4.1125 0.0
437.5 4.1875 0.0
437.5 4.262499999999999 0.0
437.5 4.3374999999999995 0.0
437.5 4.4125 1.949487316705571e-08
437.5 4.4875 2.2631004937408145e-07
437.5 4.5625 7.967469903057549e-08
437.5 4.637499999999999 1.69520636235267e-08
437.5 4.7124999999999995 0.0
437.5 4.7875 0.0
437.5 4.862499999999999 0.0
437.5 4.9375 0.0
437.5 5.012499999999999 0.0
437.5 5.0874999999999995 0.0
437.5 5.1625 0.0
437.5 5.237499999999999 0.0
437.5 5.3125 0.0
437.5 5.387499999999999 0.0
442.5 2.4625 0.0
442.5 2.5375 0.0
442.5 2.6125000000000003 0.0
442.5 2.6875 0.0
442.5 2.7625 0.0
442.5 2.8375 0.0
442.5 2.9125 0.0
442.5 2.9875000000000003 0.0
442.5 3.0625 0.0
442.5 3.1375 0.0
442.5 3.2125 0.0
442.5 3.2875 0.0
442.5 3.3625000000000003 0.0
442.5 3.4375 0.0
442.5 3.5125 0.0
442.5 3.5875 0.0
442.5 3.6625 0.0
442.5 3.7375000000000003 0.0
442.5 3.8125 0.0
442.5 3.8874999999999997 0.0
442.5 3.9625 0.0
442.5 4.0375 0.0
442.5 4.1125 0.0
442.5 4.1875 0.0
442.5 4.262499999999999 0.0
442.5 4.3374999999999995 0.0
442.5 4.4125 1.6104460442350365e-08
442.5 4.4875 1.5511138215526935e-07
442.5 4.5625 5.933222268234346e-08
442.5 4.637499999999999 0.0
442.5 4.7124999999999995 0.0
442.5 4.7875 0.0
442.5 4.862499999999999 0.0
442.5 4.9375 0.0
442.5 5.012499999999999 0.0
442.5 5.0874999999999995 0.0
442.5 5.1625 0.0
442.5 5.237499999999999 0.0
442.5 5.3125 0.0
442.5 5.387499999999999 0.0
447.5 2.4625 0.0
447.5 2.5375 0.0
447.5 2.6125000000000003 0.0
447.5 2.6875 0.0
447.5 2.7625 0.0
447.5 2.8375 0.0
447.5 2.9125 0.0
447.5 2.9875000000000003 0.0
447.5 3.0625 0.0
447.5 3.1375 0.0
447.5 3.2125 0.0
447.5 3.2875 0.0
447.5 3.3625000000000003 0.0
447.5 3.4375 0.0
447.5 3.5125 0.0
447.5 3.5875 0.0
447.5 3.6625 0.0
447.5 3.7375000000000003 0.0
447.5 3.8125 0.0
447.5 3.8874999999999997 0.0
447.5 3.9625 0.0
447.5 4.0375 0.0
447.5 4.1125 0.0
447.5 4.1875 0.0
447.5 4.262499999999999 0.0
447.5 4.3374999999999995 0.0
447.5 4.4125 3.3904127247053406e-08
447.5 4.4875 1.1357882627762891e-07
447.5 4.5625 1.5256857261174033e-08
447.5 4.637499999999999 0.0
447.5 4.7124999999999995 0.0
447.5 4.7875 0.0
447.5 4.862499999999999 0.0
447.5 4.9375 0.0
447.5 5.012499999999999 0.0
447.5 5.0874999999999995 0.0
447.5 5.1625 0.0
447.5 5.237499999999999 0.0
447.5 5.3125 0.0
447.5 5.387499999999999 0.0
452.5 2.4625 0.0
452.5 2.5375 0.0
452.5 2.6125000000000003 0.0
452.5 2.6875 0.0
452.5 2.7625 0.0
452.5 2.8375 0.0
452.5 2.9125 0.0
452.5 2.9875000000000003 0.0
452.5 3.0625 0.0
452.5 3.1375 0.0
452.5 3.2125 0.0
452.5 3.2875 0.0
452.5 3.3625000000000003 0.0
452.5 3.4375 0.0
452.5 3.5125 0.0
452.5 3.5875 0.0
452.5 3.6625 0.0
452.5 3.7375000000000003 0.0
452.5 3.8125 0.0
452.5 3.8874999999999997 0.0
452.5 3.9625 0.0
452.5 4.0375 0.0
452.5 4.1125 0.0
452.5 4.1875 0.0
452.5 4.262499999999999 0.0
452.5 4.3374999999999995 3.39041272470534e-09
452.5 4.4125 3.39041272470534e-09
452.5 4.4875 1.1018841355292357e-07
452.5 4.5625 6.27226354070488e-08
452.5 4.637499999999999 0.0
452.5 4.7124999999999995 0.0
452.5 4.7875 0.0
452.5 4.862499999999999 0.0
452.5 4.9375 0.0
452.5 5.012499999999999 0.0
452.5 5.0874999999999995 0.0
452.5 5.1625 0.0
452.5 5.237499999999999 0.0
452.5 5.3125 0.0
452.5 5.387499999999999 0.0
457.5 2.4625 0.0
457.5 2.5375 0.0
457.5 2.6125000000000003 0.0
457.5 2.6875 0.0
457.5 2.7625 0.0
457.5 2.8375 0.0
457.5 2.9125 0.0
457.5 2.9875000000000003 0.0
457.5 3.0625 0.0
457.5 3.1375 0.0
457.5 3.2125 0.0
457.5 3.2875 0.0
457.5 3.3625000000000003 0.0
457.5 3.4375 0.0
457.5 3.5125 0.0
457.5 3.5875 0.0
457.5 3.6625 0.0
457.5 3.7375000000000003 0.0
457.5 3.8125 0.0
457.5 3.8874999999999997 0.0
457.5 3.9625 0.0
457.5 4.0375 0.0
457.5 4.1125 0.0
457.5 4.1875 0.0
457.5 4.262499999999999 0.0
457.5 4.3374999999999995 1.017123817411602e-08
457.5 4.4125 8.47603181176335e-10
457.5 4.4875 8.730312766116251e-08
457.5 4.5625 3.0513714522348065e-08
457.5 4.637499999999999 0.0
457.5 4.7124999999999995 0.0
457.5 4.7875 0.0
457.5 4.862499999999999 0.0
457.5 4.9375 0.0
457.5 5.012499999999999 0.0
457.5 5.0874999999999995 0.0
457.5 5.1625 0.0
457.5 5.237499999999999 0.0
457.5 5.3125 0.0
457.5 5.387499999999999 0.0
462.5 2.4625 0.0
462.5 2.5375 0.0
462.5 2.6125000000000003 0.0
462.5 2.6875 0.0
462.5 2.7625 0.0
462.5 2.8375 0.0
462.5 2.9125 0.0
462.5 2.9875000000000003 0.0
462.5 3.0625 0.0
462.5 3.1375 0.0
462.5 3.2125 0.0
462.5 3.2875 0.0
462.5 3.3625000000000003 0.0
462.5 3.4375 0.0
462.5 3.5125 0.0
462.5 3.5875 0.0
462.5 3.6625 0.0
462.5 3.7375000000000003 0.0
462.5 3.8125 0.0
462.5 3.8874999999999997 0.0
462.5 3.9625 0.0
462.5 4.0375 0.0
462.5 4.1125 0.0
462.5 4.1875 0.0
462.5 4.262499999999999 0.0
462.5 4.3374999999999995 0.0
462.5 4.4125 9.323634992939685e-09
462.5 4.4875 6.78082544941068e-08
462.5 4.5625 1.7799666804703038e-08
462.5 4.637499999999999 0.0
462.5 4.7124999999999995 0.0
462.5 4.7875 0.0
462.5 4.862499999999999 0.0
462.5 4.9375 0.0
462.5 5.012499999999999 0.0
462.5 5.0874999999999995 0.0
462.5 5.1625 0.0
462.5 5.237499999999999 0.0
462.5 5.3125 0.0
462.5 5.387499999999999 0.0
467.5 2.4625 0.0
467.5 2.5375 0.0
467.5 2.6125000000000003 0.0
467.5 2.6875 0.0
467.5 2.7625 0.0
467.5 2.8375 0.0
467.5 2.9125 0.0
467.5 2.9875000000000003 0.0
467.5 3.0625 0.0
467.5 3.1375 0.0
467.5 3.2125 0.0
467.5 3.2875 0.0
467.5 3.3625000000000003 0.0
467.5 3.4375 0.0
467.5 3.5125 0.0
467.5 3.5875 0.0
467.5 3.6625 0.0
467.5 3.7375000000000003 0.0
467.5 3.8125 0.0
467.5 3.8874999999999997 0.0
467.5 3.9625 0.0
467.5 4.0375 0.0
467.5 4.1125 0.0
467.5 4.1875 0.0
467.5 4.262499999999999 0.0
467.5 4.3374999999999995 0.0
467.5 4.4125 1.0171238174116022e-08
467.5 4.4875 7.119866721881215e-08
467.5 4.5625 3.7294539971758747e-08
467.5 4.637499999999999 1.356165089882136e-08
467.5 4.7124999999999995 0.0
467.5 4.7875 0.0
467.5 4.862499999999999 0.0
467.5 4.9375 0.0
467.5 5.012499999999999 0.0
467.5 5.0874999999999995 0.0
467.5 5.1625 0.0
467.5 5.237499999999999 0.0
467.5 5.3125 0.0
467.5 5.387499999999999 0.0
472.5 2.4625 0.0
472.5 2.5375 0.0
472.5 2.6125000000000003 0.0
472.5 2.6875 0.0
472.5 2.7625 0.0
472.5 2.8375 0.0
472.5 2.9125 0.0
472.5 2.9875000000000003 0.0
472.5 3.0625 0.0
472.5 3.1375 0.0
472.5 3.2125 0.0
472.5 3.2875 0.0
472.5 3.3625000000000003 0.0
472.5 3.4375 0.0
472.5 3.5125 0.0
472.5 3.5875 0.0
472.5 3.6625 0.0
472.5 3.7375000000000003 0.0
472.5 3.8125 0.0
472.5 3.8874999999999997 0.0
472.5 3.9625 0.0
472.5 4.0375 0.0
472.5 4.1125 0.0
472.5 4.1875 0.0
472.5 4.262499999999999 0.0
472.5 4.3374999999999995 0.0
472.5 4.4125 2.7123301797642725e-08
472.5 4.4875 4.746577814587477e-08
472.5 4.5625 3.0513714522348065e-08
472.5 4.637499999999999 0.0
472.5 4.7124999999999995 0.0
472.5 4.7875 0.0
472.5 4.862499999999999 0.0
472.5 4.9375 0.0
472.5 5.012499999999999 0.0
472.5 5.0874999999999995 0.0
472.5 5.1625 0.0
472.5 5.237499999999999 0.0
472.5 5.3125 0.0
472.5 5.387499999999999 0.0
477.5 2.4625 0.0
477.5 2.5375 0.0
477.5 2.6125000000000003 0.0
477.5 2.6875 0.0
477.5 2.7625 0.0
477.5 2.8375 0.0
477.5 2.9125 0.0
477.5 2.9875000000000003 0.0
477.5 3.0625 0.0
477.5 3.1375 0.0
477.5 3.2125 0.0
477.5 3.2875 0.0
477.5 3.3625000000000003 0.0
477.5 3.4375 0.0
477.5 3.5125 0.0
477.5 3.5875 0.0
477.5 3.6625 0.0
477.5 3.7375000000000003 0.0
477.5 3.8125 0.0
477.5 3.8874999999999997 0.0
477.5 3.9625 0.0
477.5 4.0375 0.0
477.5 4.1125 0.0
477.5 4.1875 0.0
477.5 4.262499999999999 0.0
477.5 4.3374999999999995 0.0
477.5 4.4125 0.0
477.5 4.4875 2.034247634823204e-08
477.5 4.5625 3.0513714522348065e-08
477.5 4.637499999999999 0.0
477.5 4.7124999999999995 0.0
477.5 4.7875 0.0
477.5 4.862499999999999 0.0
477.5 4.9375 0.0
477.5 5.012499999999999 0.0
477.5 5.0874999999999995 0.0
477.5 5.1625 0.0
477.5 5.237499999999999 0.0
477.5 5.3125 0.0
477.5 5.387499999999999 0.0
482.5 2.4625 0.0
482.5 2.5375 0.0
482.5 2.6125000000000003 0.0
482.5 2.6875 0.0
482.5 2.7625 0.0
482.5 2.8375 0.0
482.5 2.9125 0.0
482.5 2.9875000000000003 0.0
482.5 3.0625 0.0
482.5 3.1375 0.0
482.5 3.2125 0.0
482.5 3.2875 0.0
482.5 3.3625000000000003 0.0
482.5 3.4375 0.0
482.5 3.5125 0.0
482.5 3.5875 0.0
482.5 3.6625 0.0
482.5 3.7375000000000003 0.0
482.5 3.8125 0.0
482.5 3.8874999999999997 0.0
482.5 3.9625 0.0
482.5 4.0375 0.0
482.5 4.1125 0.0
482.5 4.1875 0.0
482.5 4.262499999999999 0.0
482.5 4.3374999999999995 0.0
482.5 4.4125 1.356165089882136e-08
482.5 4.4875 2.034247634823204e-08
482.5 4.5625 3.39041272470534e-09
482.5 4.637499999999999 0.0
482.5 4.7124999999999995 0.0
482.5 4.7875 0.0
482.5 4.862499999999999 0.0
482.5 4.9375 0.0
482.5 5.012499999999999 0.0
482.5 5.0874999999999995 0.0
482.5 5.1625 0.0
482.5 5.237499999999999 0.0
482.5 5.3125 0.0
482.5 5.387499999999999 0.0
487.5 2.4625 0.0
487.5 2.5375 0.0
487.5 2.6125000000000003 0.0
487.5 2.6875 0.0
487.5 2.7625 0.0
487.5 2.8375 0.0
487.5 2.9125 0.0
487.5 2.9875000000000003 0.0
487.5 3.0625 0.0
487.5 3.1375 0.0
487.5 3.2125 0.0
487.5 3.2875 0.0
487.5 3.3625000000000003 0.0
487.5 3.4375 0.0
487.5 3.5125 0.0
487.5 3.5875 0.0
487.5 3.6625 0.0
487.5 3.7375000000000003 0.0
487.5 3.8125 0.0
487.5 3.8874999999999997 0.0
487.5 3.9625 0.0
487.5 4.0375 0.0
487.5 4.1125 0.0
487.5 4.1875 0.0
487.5 4.262499999999999 0.0
487.5 4.3374999999999995 0.0
487.5 4.4125 0.0
487.5 4.4875 1.4409254079997694e-08
487.5 4.5625 2.542809543529005e-09
487.5 4.637499999999999 0.0
487.5 4.7124999999999995 0.0
487.5 4.7875 0.0
487.5 4.862499999999999 0.0
487.5 4.9375 0.0
487.5 5.012499999999999 0.0
487.5 5.0874999999999995 0.0
487.5 5.1625 0.0
487.5 5.237499999999999 0.0
487.5 5.3125 0.0
487.5 5.387499999999999 0.0
492.5 2.4625 0.0
492.5 2.5375 0.0
492.5 2.6125000000000003 0.0
492.5 2.6875 0.0
492.5 2.7625 0.0
492.5 2.8375 0.0
492.5 2.9125 0.0
492.5 2.9875000000000003 0.0
492.5 3.0625 0.0
492.5 3.1375 0.0
492.5 3.2125 0.0
492.5 3.2875 0.0
492.5 3.3625000000000003 0.0
492.5 3.4375 0.0
492.5 3.5125 0.0
492.5 3.5875 0.0
492.5 3.6625 0.0
492.5 3.7375000000000003 0.0
492.5 3.8125 0.0
492.5 3.8874999999999997 0.0
492.5 3.9625 0.0
492.5 4.0375 0.0
492.5 4.1125 0.0
492.5 4.1875 0.0
492.5 4.262499999999999 0.0
492.5 4.3374999999999995 0.0
492.5 4.4125 3.39041272470534e-09
492.5 4.4875 2.8818508159995392e-08
492.5 4.5625 2.542809543529005e-08
492.5 4.637499999999999 3.39041272470534e-09
492.5 4.7124999999999995 0.0
492.5 4.7875 0.0
492.5 4.862499999999999 0.0
492.5 4.9375 0.0
492.5 5.012499999999999 0.0
492.5 5.0874999999999995 0.0
492.5 5.1625 0.0
492.5 5.237499999999999 0.0
492.5 5.3125 0.0
492.5 5.387499999999999 0.0
