-2.5 2.4625 0.0
-2.5 2.5375 0.0
-2.5 2.6125000000000003 0.0
-2.5 2.6875 0.0
-2.5 2.7625 0.0
-2.5 2.8375 0.0
-2.5 2.9125 0.0
-2.5 2.9875000000000003 0.0
-2.5 3.0625 0.0
-2.5 3.1375 0.0
-2.5 3.2125 0.0
-2.5 3.2875 0.0
-2.5 3.3625000000000003 0.0
-2.5 3.4375 0.0
-2.5 3.5125 0.0
-2.5 3.5875 0.0
-2.5 3.6625 0.0
-2.5 3.7375000000000003 0.0
-2.5 3.8125 0.0
-2.5 3.8874999999999997 0.0
-2.5 3.9625 0.0
-2.5 4.0375 0.0
-2.5 4.1125 0.0
-2.5 4.1875 0.0
-2.5 4.262499999999999 0.0
-2.5 4.3374999999999995 0.0
-2.5 4.4125 0.0
-2.5 4.4875 0.0
-2.5 4.5625 0.0
-2.5 4.637499999999999 0.0
-2.5 4.7124999999999995 0.0
-2.5 4.7875 0.0
-2.5 4.862499999999999 0.0
-2.5 4.9375 0.0
-2.5 5.012499999999999 0.0
-2.5 5.0874999999999995 0.0
-2.5 5.1625 0.0
-2.5 5.237499999999999 0.0
-2.5 5.3125 0.0
-2.5 5.387499999999999 0.0
2.5 2.4625 0.0
2.5 2.5375 0.0
2.5 2.6125000000000003 0.0
2.5 2.6875 0.0
2.5 2.7625 6.669273478692062e-08
2.5 2.8375 1.756172326677534e-07
2.5 2.9125 1.006035861425273e-06
2.5 2.9875000000000003 4.3699421395492635e-06
2.5 3.0625 1.4018018393301027e-05
2.5 3.1375 3.149130583934011e-05
2.5 3.2125 6.292135471538062e-05
2.5 3.2875 0.00012353898766080174
2.5 3.3625000000000003 0.00022189488229331592
2.5 3.4375 0.000361962169433897
2.5 3.5125 0.0005008942166061614
2.5 3.5875 0.0005622812202851746
2.5 3.6625 0.00047540191180749813
2.5 3.7375000000000003 0.000284900073330482
2.5 3.8125 0.0001087867219804422
2.5 3.8874999999999997 2.3262593148185216e-05
2.5 3.9625 2.535160194439497e-06
2.5 4.0375 1.0662474840542171e-07
2.5 4.1125 0.0
2.5 4.1875 0.0
2.5 4.262499999999999 0.0
2.5 4.3374999999999995 0.0
2.5 4.4125 0.0
2.5 4.4875 0.0
2.5 4.5625 0.0
2.5 4.637499999999999 0.0
2.5 4.7124999999999995 0.0
2.5 4.7875 0.0
2.5 4.862499999999999 0.0
2.5 4.9375 0.0
2.5 5.012499999999999 0.0
2.5 5.0874999999999995 0.0
2.5 5.1625 0.0
2.5 5.237499999999999 0.0
2.5 5.3125 0.0
2.5 5.387499999999999 0.0
7.5 2.4625 0.0
7.5 2.5375 0.0
7.5 2.6125000000000003 0.0
7.5 2.6875 0.0
7.5 2.7625 6.899248426233169e-09
7.5 2.8375 2.007054087631467e-08
7.5 2.9125 2.8036036786602063e-07
7.5 2.9875000000000003 8.116024966859747e-07
7.5 3.0625 3.7908234080139332e-06
7.5 3.1375 1.000453742244048e-05
7.5 3.2125 2.587029998516723e-05
7.5 3.2875 6.609417271891138e-05
7.5 3.3625000000000003 0.00016542829715101177
7.5 3.4375 0.0003942412440026324
7.5 3.5125 0.0008352556291087113
7.5 3.5875 0.001486742249931874
7.5 3.6625 0.0020907225277052013
7.5 3.7375000000000003 0.002089537738589097
7.5 3.8125 0.0013205293200734785
7.5 3.8874999999999997 0.0004580862617345917
7.5 3.9625 7.579702482380475e-05
7.5 4.0375 4.908501653063707e-06
7.5 4.1125 6.585646225040752e-08
7.5 4.1875 0.0
7.5 4.262499999999999 0.0
7.5 4.3374999999999995 0.0
7.5 4.4125 0.0
7.5 4.4875 0.0
7.5 4.5625 0.0
7.5 4.637499999999999 0.0
7.5 4.7124999999999995 0.0
7.5 4.7875 0.0
7.5 4.862499999999999 0.0
7.5 4.9375 0.0
7.5 5.012499999999999 0.0
7.5 5.0874999999999995 0.0
7.5 5.1625 0.0
7.5 5.237499999999999 0.0
7.5 5.3125 0.0
7.5 5.387499999999999 0.0
12.5 2.4625 0.0
12.5 2.5375 0.0
12.5 2.6125000000000003 0.0
12.5 2.6875 0.0
12.5 2.7625 0.0
12.5 2.8375 0.0
12.5 2.9125 6.272044023848335e-10
12.5 2.9875000000000003 4.390430816693835e-09
12.5 3.0625 8.655420752910702e-08
12.5 3.1375 4.0705565714775697e-07
12.5 3.2125 1.1270863110855459e-06
12.5 3.2875 4.545977508485273e-06
12.5 3.3625000000000003 1.773734049944309e-05
12.5 3.4375 6.817398251721948e-05
12.5 3.5125 0.00024108106496226796
12.5 3.5875 0.0007640836095480925
12.5 3.6625 0.0019330257792223877
12.5 3.7375000000000003 0.0034480173154376745
12.5 3.8125 0.003891137225722559
12.5 3.8874999999999997 0.002378866502204818
12.5 3.9625 0.0006671629676563688
12.5 4.0375 7.151949079954019e-05
12.5 4.1125 2.33570919448112e-06
12.5 4.1875 3.010581131447201e-08
12.5 4.262499999999999 0.0
12.5 4.3374999999999995 0.0
12.5 4.4125 0.0
12.5 4.4875 0.0
12.5 4.5625 0.0
12.5 4.637499999999999 0.0
12.5 4.7124999999999995 0.0
12.5 4.7875 0.0
12.5 4.862499999999999 0.0
12.5 4.9375 0.0
12.5 5.012499999999999 0.0
12.5 5.0874999999999995 0.0
12.5 5.1625 0.0
12.5 5.237499999999999 0.0
12.5 5.3125 0.0
12.5 5.387499999999999 0.0
17.5 2.4625 0.0
17.5 2.5375 0.0
17.5 2.6125000000000003 0.0
17.5 2.6875 0.0
17.5 2.7625 0.0
17.5 2.8375 0.0
17.5 2.9125 0.0
17.5 2.9875000000000003 0.0
17.5 3.0625 7.526452828618002e-09
17.5 3.1375 3.0105811314472014e-08
17.5 3.2125 1.0662474840542169e-08
17.5 3.2875 2.3206562888238838e-07
17.5 3.3625000000000003 1.3234012890319986e-06
17.5 3.4375 6.771298728146662e-06
17.5 3.5125 3.6311998876069936e-05
17.5 3.5875 0.00018629413320955037
17.5 3.6625 0.000805168633926311
17.5 3.7375000000000003 0.002537450117712604
17.5 3.8125 0.005064983506619101
17.5 3.8874999999999997 0.005455337964940156
17.5 3.9625 0.0026370890634842634
17.5 4.0375 0.00047058895429173095
17.5 4.1125 2.524497719598955e-05
17.5 4.1875 2.765971414517116e-07
17.5 4.262499999999999 1.254408804769667e-09
17.5 4.3374999999999995 0.0
17.5 4.4125 0.0
17.5 4.4875 0.0
17.5 4.5625 0.0
17.5 4.637499999999999 0.0
17.5 4.7124999999999995 0.0
17.5 4.7875 0.0
17.5 4.862499999999999 0.0
17.5 4.9375 0.0
17.5 5.012499999999999 0.0
17.5 5.0874999999999995 0.0
17.5 5.1625 0.0
17.5 5.237499999999999 0.0
17.5 5.3125 0.0
17.5 5.387499999999999 0.0
22.5 2.4625 0.0
22.5 2.5375 0.0
22.5 2.6125000000000003 0.0
22.5 2.6875 0.0
22.5 2.7625 0.0
22.5 2.8375 0.0
22.5 2.9125 0.0
22.5 2.9875000000000003 0.0
22.5 3.0625 0.0
22.5 3.1375 7.526452828618002e-09
22.5 3.2125 0.0
22.5 3.2875 1.8816132071545005e-08
22.5 3.3625000000000003 1.1979604085550318e-07
22.5 3.4375 6.911792514280866e-07
22.5 3.5125 4.8614613228848445e-06
22.5 3.5875 3.33647653892636e-05
22.5 3.6625 0.00021702652172200484
22.5 3.7375000000000003 0.0011314535353393513
22.5 3.8125 0.0038775149733071635
22.5 3.8874999999999997 0.00718685488655994
22.5 3.9625 0.005901499189372205
22.5 4.0375 0.0017490121612199088
22.5 4.1125 0.00015021482716676525
22.5 4.1875 2.9923922037780405e-06
22.5 4.262499999999999 1.6934518864390506e-08
22.5 4.3374999999999995 0.0
22.5 4.4125 0.0
22.5 4.4875 0.0
22.5 4.5625 0.0
22.5 4.637499999999999 0.0
22.5 4.7124999999999995 0.0
22.5 4.7875 0.0
22.5 4.862499999999999 0.0
22.5 4.9375 0.0
22.5 5.012499999999999 0.0
22.5 5.0874999999999995 0.0
22.5 5.1625 0.0
22.5 5.237499999999999 0.0
22.5 5.3125 0.0
22.5 5.387499999999999 0.0
27.5 2.4625 0.0
27.5 2.5375 0.0
27.5 2.6125000000000003 0.0
27.5 2.6875 0.0
27.5 2.7625 0.0
27.5 2.8375 0.0
27.5 2.9125 0.0
27.5 2.9875000000000003 0.0
27.5 3.0625 0.0
27.5 3.1375 0.0
27.5 3.2125 0.0
27.5 3.2875 2.508817609539334e-09
27.5 3.3625000000000003 1.756172326677534e-08
27.5 3.4375 6.648366665279234e-08
27.5 3.5125 6.40375694834915e-07
27.5 3.5875 5.918927945305673e-06
27.5 3.6625 4.9265024194121516e-05
27.5 3.7375000000000003 0.00038240966015604496
27.5 3.8125 0.0020900250764097498
27.5 3.8874999999999997 0.006434987337157098
27.5 3.9625 0.008817375592081306
27.5 4.0375 0.004288044715639729
27.5 4.1125 0.0005906572018578693
27.5 4.1875 1.778751685163388e-05
27.5 4.262499999999999 4.453151256932318e-08
27.5 4.3374999999999995 0.0
27.5 4.4125 0.0
27.5 4.4875 0.0
27.5 4.5625 0.0
27.5 4.637499999999999 0.0
27.5 4.7124999999999995 0.0
27.5 4.7875 0.0
27.5 4.862499999999999 0.0
27.5 4.9375 0.0
27.5 5.012499999999999 0.0
27.5 5.0874999999999995 0.0
27.5 5.1625 0.0
27.5 5.237499999999999 0.0
27.5 5.3125 0.0
27.5 5.387499999999999 0.0
32.5 2.4625 0.0
32.5 2.5375 0.0
32.5 2.6125000000000003 0.0
32.5 2.6875 0.0
32.5 2.7625 0.0
32.5 2.8375 0.0
32.5 2.9125 0.0
32.5 2.9875000000000003 0.0
32.5 3.0625 0.0
32.5 3.1375 0.0
32.5 3.2125 0.0
32.5 3.2875 0.0
32.5 3.3625000000000003 0.0
32.5 3.4375 9.408066035772503e-09
32.5 3.5125 7.463732388379519e-08
32.5 3.5875 1.0856908205281468e-06
32.5 3.6625 1.0126215076503137e-05
32.5 3.7375000000000003 0.00011228777695455435
32.5 3.8125 0.0009004848869567341
32.5 3.8874999999999997 0.004392927090215326
32.5 3.9625 0.009771954349926124
32.5 4.0375 0.007632836730532908
32.5 4.1125 0.0016634552086905936
32.5 4.1875 7.90039209331984e-05
32.5 4.262499999999999 6.008618174846705e-07
32.5 4.3374999999999995 0.0
32.5 4.4125 0.0
32.5 4.4875 0.0
32.5 4.5625 0.0
32.5 4.637499999999999 0.0
32.5 4.7124999999999995 0.0
32.5 4.7875 0.0
32.5 4.862499999999999 0.0
32.5 4.9375 0.0
32.5 5.012499999999999 0.0
32.5 5.0874999999999995 0.0
32.5 5.1625 0.0
32.5 5.237499999999999 0.0
32.5 5.3125 0.0
32.5 5.387499999999999 0.0
37.5 2.4625 0.0
37.5 2.5375 0.0
37.5 2.6125000000000003 0.0
37.5 2.6875 0.0
37.5 2.7625 0.0
37.5 2.8375 0.0
37.5 2.9125 0.0
37.5 2.9875000000000003 0.0
37.5 3.0625 0.0
37.5 3.1375 0.0
37.5 3.2125 0.0
37.5 3.2875 0.0
37.5 3.3625000000000003 0.0
37.5 3.4375 0.0
37.5 3.5125 2.885140250970234e-08
37.5 3.5875 2.038414307750709e-07
37.5 3.6625 2.6543290308926154e-06
37.5 3.7375000000000003 3.064834312253489e-05
37.5 3.8125 0.0003368765021561132
37.5 3.8874999999999997 0.0024665741386299105
37.5 3.9625 0.008626780718284604
37.5 4.0375 0.0106752647927156
37.5 4.1125 0.0036206402742884423
37.5 4.1875 0.00026493929322458465
37.5 4.262499999999999 3.22194901505089e-06
37.5 4.3374999999999995 6.272044023848335e-10
37.5 4.4125 0.0
37.5 4.4875 0.0
37.5 4.5625 0.0
37.5 4.637499999999999 0.0
37.5 4.7124999999999995 0.0
37.5 4.7875 0.0
37.5 4.862499999999999 0.0
37.5 4.9375 0.0
37.5 5.012499999999999 0.0
37.5 5.0874999999999995 0.0
37.5 5.1625 0.0
37.5 5.237499999999999 0.0
37.5 5.3125 0.0
37.5 5.387499999999999 0.0
42.5 2.4625 0.0
42.5 2.5375 0.0
42.5 2.6125000000000003 0.0
42.5 2.6875 0.0
42.5 2.7625 0.0
42.5 2.8375 0.0
42.5 2.9125 0.0
42.5 2.9875000000000003 0.0
42.5 3.0625 0.0
42.5 3.1375 0.0
42.5 3.2125 0.0
42.5 3.2875 0.0
42.5 3.3625000000000003 0.0
42.5 3.4375 0.0
42.5 3.5125 9.408066035772503e-09
42.5 3.5875 4.076828615501418e-08
42.5 3.6625 5.262244936008753e-07
42.5 3.7375000000000003 8.528098259226582e-06
42.5 3.8125 0.00011878122413244452
42.5 3.8874999999999997 0.0012081060669680093
42.5 3.9625 0.0064035612605756066
42.5 4.0375 0.012280800183663565
42.5 4.1125 0.006352839867759147
42.5 4.1875 0.000693279131767271
42.5 4.262499999999999 1.2509591805565504e-05
42.5 4.3374999999999995 1.630731446200567e-08
42.5 4.4125 0.0
42.5 4.4875 0.0
42.5 4.5625 0.0
42.5 4.637499999999999 0.0
42.5 4.7124999999999995 0.0
42.5 4.7875 0.0
42.5 4.862499999999999 0.0
42.5 4.9375 0.0
42.5 5.012499999999999 0.0
42.5 5.0874999999999995 0.0
42.5 5.1625 0.0
42.5 5.237499999999999 0.0
42.5 5.3125 0.0
42.5 5.387499999999999 0.0
47.5 2.4625 0.0
47.5 2.5375 0.0
47.5 2.6125000000000003 0.0
47.5 2.6875 0.0
47.5 2.7625 0.0
47.5 2.8375 0.0
47.5 2.9125 0.0
47.5 2.9875000000000003 0.0
47.5 3.0625 0.0
47.5 3.1375 0.0
47.5 3.2125 0.0
47.5 3.2875 0.0
47.5 3.3625000000000003 0.0
47.5 3.4375 0.0
47.5 3.5125 0.0
47.5 3.5875 1.756172326677534e-08
47.5 3.6625 1.3986658173181786e-07
47.5 3.7375000000000003 2.5313969680251883e-06
47.5 3.8125 4.0127910460179265e-05
47.5 3.8874999999999997 0.0005451196534271208
47.5 3.9625 0.0041723198585601065
47.5 4.0375 0.01207074566607847
47.5 4.1125 0.009412211229667865
47.5 4.1875 0.0015276629467566676
47.5 4.262499999999999 3.976977674641752e-05
47.5 4.3374999999999995 1.5429228298666906e-07
47.5 4.4125 0.0
47.5 4.4875 0.0
47.5 4.5625 0.0
47.5 4.637499999999999 0.0
47.5 4.7124999999999995 0.0
47.5 4.7875 0.0
47.5 4.862499999999999 0.0
47.5 4.9375 0.0
47.5 5.012499999999999 0.0
47.5 5.0874999999999995 0.0
47.5 5.1625 0.0
47.5 5.237499999999999 0.0
47.5 5.3125 0.0
47.5 5.387499999999999 0.0
52.5 2.4625 0.0
52.5 2.5375 0.0
52.5 2.6125000000000003 0.0
52.5 2.6875 0.0
52.5 2.7625 0.0
52.5 2.8375 0.0
52.5 2.9125 0.0
52.5 2.9875000000000003 0.0
52.5 3.0625 0.0
52.5 3.1375 0.0
52.5 3.2125 0.0
52.5 3.2875 0.0
52.5 3.3625000000000003 0.0
52.5 3.4375 0.0
52.5 3.5125 0.0
52.5 3.5875 0.0
52.5 3.6625 2.885140250970234e-08
52.5 3.7375000000000003 8.335546507694436e-07
52.5 3.8125 1.416478422345908e-05
52.5 3.8874999999999997 0.00023346680351731604
52.5 3.9625 0.0024563074297672734
52.5 4.0375 0.010458501696842598
52.5 4.1125 0.012118768198351466
52.5 4.1875 0.00287041913644186
52.5 4.262499999999999 0.00010672447390540087
52.5 4.3374999999999995 4.6789448417908574e-07
52.5 4.4125 0.0
52.5 4.4875 0.0
52.5 4.5625 0.0
52.5 4.637499999999999 0.0
52.5 4.7124999999999995 0.0
52.5 4.7875 0.0
52.5 4.862499999999999 0.0
52.5 4.9375 0.0
52.5 5.012499999999999 0.0
52.5 5.0874999999999995 0.0
52.5 5.1625 0.0
52.5 5.237499999999999 0.0
52.5 5.3125 0.0
52.5 5.387499999999999 0.0
57.5 2.4625 0.0
57.5 2.5375 0.0
57.5 2.6125000000000003 0.0
57.5 2.6875 0.0
57.5 2.7625 0.0
57.5 2.8375 0.0
57.5 2.9125 0.0
57.5 2.9875000000000003 0.0
57.5 3.0625 0.0
57.5 3.1375 0.0
57.5 3.2125 0.0
57.5 3.2875 0.0
57.5 3.3625000000000003 0.0
57.5 3.4375 0.0
57.5 3.5125 0.0
57.5 3.5875 0.0
57.5 3.6625 4.390430816693835e-09
57.5 3.7375000000000003 2.1199508800607372e-07
57.5 3.8125 4.8972119738207804e-06
57.5 3.8874999999999997 9.814369047637398e-05
57.5 3.9625 0.0013441862157226297
57.5 4.0375 0.008171811035225462
57.5 4.1125 0.013828973968787022
57.5 4.1875 0.004723398581014285
57.5 4.262499999999999 0.00025206341404802646
57.5 4.3374999999999995 1.5861999336312441e-06
57.5 4.4125 6.272044023848335e-10
57.5 4.4875 0.0
57.5 4.5625 0.0
57.5 4.637499999999999 0.0
57.5 4.7124999999999995 0.0
57.5 4.7875 0.0
57.5 4.862499999999999 0.0
57.5 4.9375 0.0
57.5 5.012499999999999 0.0
57.5 5.0874999999999995 0.0
57.5 5.1625 0.0
57.5 5.237499999999999 0.0
57.5 5.3125 0.0
57.5 5.387499999999999 0.0
62.5 2.4625 0.0
62.5 2.5375 0.0
62.5 2.6125000000000003 0.0
62.5 2.6875 0.0
62.5 2.7625 0.0
62.5 2.8375 0.0
62.5 2.9125 0.0
62.5 2.9875000000000003 0.0
62.5 3.0625 0.0
62.5 3.1375 0.0
62.5 3.2125 0.0
62.5 3.2875 0.0
62.5 3.3625000000000003 0.0
62.5 3.4375 0.0
62.5 3.5125 0.0
62.5 3.5875 0.0
62.5 3.6625 0.0
62.5 3.7375000000000003 7.589173268856486e-08
62.5 3.8125 1.6997239304628988e-06
62.5 3.8874999999999997 4.011912959854587e-05
62.5 3.9625 0.0006972167210054429
62.5 4.0375 0.005873907840506893
62.5 4.1125 0.014285487829084832
62.5 4.1875 0.006991481342421467
62.5 4.262499999999999 0.0005252466819375574
62.5 4.3374999999999995 4.277534024264565e-06
62.5 4.4125 1.8816132071545005e-09
62.5 4.4875 0.0
62.5 4.5625 0.0
62.5 4.637499999999999 0.0
62.5 4.7124999999999995 0.0
62.5 4.7875 0.0
62.5 4.862499999999999 0.0
62.5 4.9375 0.0
62.5 5.012499999999999 0.0
62.5 5.0874999999999995 0.0
62.5 5.1625 0.0
62.5 5.237499999999999 0.0
62.5 5.3125 0.0
62.5 5.387499999999999 0.0
67.5 2.4625 0.0
67.5 2.5375 0.0
67.5 2.6125000000000003 0.0
67.5 2.6875 0.0
67.5 2.7625 0.0
67.5 2.8375 0.0
67.5 2.9125 0.0
67.5 2.9875000000000003 0.0
67.5 3.0625 0.0
67.5 3.1375 0.0
67.5 3.2125 0.0
67.5 3.2875 0.0
67.5 3.3625000000000003 0.0
67.5 3.4375 0.0
67.5 3.5125 0.0
67.5 3.5875 0.0
67.5 3.6625 0.0
67.5 3.7375000000000003 2.1324949681084338e-08
67.5 3.8125 7.595445312880333e-07
67.5 3.8874999999999997 1.66616849493531e-05
67.5 3.9625 0.00034918350693970834
67.5 4.0375 0.003940769164492076
67.5 4.1125 0.013564565290486854
67.5 4.1875 0.009361777096467697
67.5 4.262499999999999 0.0009809345140374295
67.5 4.3374999999999995 1.1899321922045059e-05
67.5 4.4125 2.508817609539334e-09
67.5 4.4875 0.0
67.5 4.5625 0.0
67.5 4.637499999999999 0.0
67.5 4.7124999999999995 0.0
67.5 4.7875 0.0
67.5 4.862499999999999 0.0
67.5 4.9375 0.0
67.5 5.012499999999999 0.0
67.5 5.0874999999999995 0.0
67.5 5.1625 0.0
67.5 5.237499999999999 0.0
67.5 5.3125 0.0
67.5 5.387499999999999 0.0
72.5 2.4625 0.0
72.5 2.5375 0.0
72.5 2.6125000000000003 0.0
72.5 2.6875 0.0
72.5 2.7625 0.0
72.5 2.8375 0.0
72.5 2.9125 0.0
72.5 2.9875000000000003 0.0
72.5 3.0625 0.0
72.5 3.1375 0.0
72.5 3.2125 0.0
72.5 3.2875 0.0
72.5 3.3625000000000003 0.0
72.5 3.4375 0.0
72.5 3.5125 0.0
72.5 3.5875 0.0
72.5 3.6625 0.0
72.5 3.7375000000000003 0.0
72.5 3.8125 1.8941572952021971e-07
72.5 3.8874999999999997 6.879805089759239e-06
72.5 3.9625 0.00017267313520295894
72.5 4.0375 0.002517663073226167
72.5 4.1125 0.011976444856975507
72.5 4.1875 0.011556460635481389
72.5 4.262499999999999 0.001666598129950944
72.5 4.3374999999999995 2.745085507917701e-05
72.5 4.4125 4.704033017886251e-08
72.5 4.4875 0.0
72.5 4.5625 0.0
72.5 4.637499999999999 0.0
72.5 4.7124999999999995 0.0
72.5 4.7875 0.0
72.5 4.862499999999999 0.0
72.5 4.9375 0.0
72.5 5.012499999999999 0.0
72.5 5.0874999999999995 0.0
72.5 5.1625 0.0
72.5 5.237499999999999 0.0
72.5 5.3125 0.0
72.5 5.387499999999999 0.0
77.5 2.4625 0.0
77.5 2.5375 0.0
77.5 2.6125000000000003 0.0
77.5 2.6875 0.0
77.5 2.7625 0.0
77.5 2.8375 0.0
77.5 2.9125 0.0
77.5 2.9875000000000003 0.0
77.5 3.0625 0.0
77.5 3.1375 0.0
77.5 3.2125 0.0
77.5 3.2875 0.0
77.5 3.3625000000000003 0.0
77.5 3.4375 0.0
77.5 3.5125 0.0
77.5 3.5875 0.0
77.5 3.6625 0.0
77.5 3.7375000000000003 7.526452828618002e-09
77.5 3.8125 1.103879748197307e-07
77.5 3.8874999999999997 3.280906228875064e-06
77.5 3.9625 8.505707062061443e-05
77.5 4.0375 0.001529570902548722
77.5 4.1125 0.009937495543869563
77.5 4.1875 0.013259317451934203
77.5 4.262499999999999 0.002610723272021212
77.5 4.3374999999999995 5.858089118274345e-05
77.5 4.4125 1.0599754400303685e-07
77.5 4.4875 0.0
77.5 4.5625 0.0
77.5 4.637499999999999 0.0
77.5 4.7124999999999995 0.0
77.5 4.7875 0.0
77.5 4.862499999999999 0.0
77.5 4.9375 0.0
77.5 5.012499999999999 0.0
77.5 5.0874999999999995 0.0
77.5 5.1625 0.0
77.5 5.237499999999999 0.0
77.5 5.3125 0.0
77.5 5.387499999999999 0.0
82.5 2.4625 0.0
82.5 2.5375 0.0
82.5 2.6125000000000003 0.0
82.5 2.6875 0.0
82.5 2.7625 0.0
82.5 2.8375 0.0
82.5 2.9125 0.0
82.5 2.9875000000000003 0.0
82.5 3.0625 0.0
82.5 3.1375 0.0
82.5 3.2125 0.0
82.5 3.2875 0.0
82.5 3.3625000000000003 0.0
82.5 3.4375 0.0
82.5 3.5125 0.0
82.5 3.5875 0.0
82.5 3.6625 0.0
82.5 3.7375000000000003 0.0
82.5 3.8125 3.386903772878101e-08
82.5 3.8874999999999997 1.0869452293329165e-06
82.5 3.9625 3.961234844141893e-05
82.5 4.0375 0.0009049185948771924
82.5 4.1125 0.007821398834861482
82.5 4.1875 0.014252545799462779
82.5 4.262499999999999 0.0038125673302358116
82.5 4.3374999999999995 0.00011243642439791956
82.5 4.4125 2.816147766707903e-07
82.5 4.4875 7.526452828618002e-09
82.5 4.5625 0.0
82.5 4.637499999999999 0.0
82.5 4.7124999999999995 0.0
82.5 4.7875 0.0
82.5 4.862499999999999 0.0
82.5 4.9375 0.0
82.5 5.012499999999999 0.0
82.5 5.0874999999999995 0.0
82.5 5.1625 0.0
82.5 5.237499999999999 0.0
82.5 5.3125 0.0
82.5 5.387499999999999 0.0
87.5 2.4625 0.0
87.5 2.5375 0.0
87.5 2.6125000000000003 0.0
87.5 2.6875 0.0
87.5 2.7625 0.0
87.5 2.8375 0.0
87.5 2.9125 0.0
87.5 2.9875000000000003 0.0
87.5 3.0625 0.0
87.5 3.1375 0.0
87.5 3.2125 0.0
87.5 3.2875 0.0
87.5 3.3625000000000003 0.0
87.5 3.4375 0.0
87.5 3.5125 0.0
87.5 3.5875 0.0
87.5 3.6625 0.0
87.5 3.7375000000000003 0.0
87.5 3.8125 1.0662474840542169e-08
87.5 3.8874999999999997 4.572320093385436e-07
87.5 3.9625 1.9156076857637585e-05
87.5 4.0375 0.0005222705970482414
87.5 4.1125 0.005877001839823857
87.5 4.1875 0.014504008351693319
87.5 4.262499999999999 0.0052332887903638525
87.5 4.3374999999999995 0.0002047910182402815
87.5 4.4125 6.949424778423956e-07
87.5 4.4875 0.0
87.5 4.5625 0.0
87.5 4.637499999999999 0.0
87.5 4.7124999999999995 0.0
87.5 4.7875 0.0
87.5 4.862499999999999 0.0
87.5 4.9375 0.0
87.5 5.012499999999999 0.0
87.5 5.0874999999999995 0.0
87.5 5.1625 0.0
87.5 5.237499999999999 0.0
87.5 5.3125 0.0
87.5 5.387499999999999 0.0
92.5 2.4625 0.0
92.5 2.5375 0.0
92.5 2.6125000000000003 0.0
92.5 2.6875 0.0
92.5 2.7625 0.0
92.5 2.8375 0.0
92.5 2.9125 0.0
92.5 2.9875000000000003 0.0
92.5 3.0625 0.0
92.5 3.1375 0.0
92.5 3.2125 0.0
92.5 3.2875 0.0
92.5 3.3625000000000003 0.0
92.5 3.4375 0.0
92.5 3.5125 0.0
92.5 3.5875 0.0
92.5 3.6625 0.0
92.5 3.7375000000000003 0.0
92.5 3.8125 6.272044023848336e-09
92.5 3.8874999999999997 1.8063486788683206e-07
92.5 3.9625 9.10951674023732e-06
92.5 4.0375 0.0002919856014642234
92.5 4.1125 0.004245378508963098
92.5 4.1875 0.014031283139207065
92.5 4.262499999999999 0.006750825522044018
92.5 4.3374999999999995 0.00035187985866556073
92.5 4.4125 1.7329657637892947e-06
92.5 4.4875 0.0
92.5 4.5625 0.0
92.5 4.637499999999999 0.0
92.5 4.7124999999999995 0.0
92.5 4.7875 0.0
92.5 4.862499999999999 0.0
92.5 4.9375 0.0
92.5 5.012499999999999 0.0
92.5 5.0874999999999995 0.0
92.5 5.1625 0.0
92.5 5.237499999999999 0.0
92.5 5.3125 0.0
92.5 5.387499999999999 0.0
97.5 2.4625 0.0
97.5 2.5375 0.0
97.5 2.6125000000000003 0.0
97.5 2.6875 0.0
97.5 2.7625 0.0
97.5 2.8375 0.0
97.5 2.9125 0.0
97.5 2.9875000000000003 0.0
97.5 3.0625 0.0
97.5 3.1375 0.0
97.5 3.2125 0.0
97.5 3.2875 0.0
97.5 3.3625000000000003 0.0
97.5 3.4375 0.0
97.5 3.5125 0.0
97.5 3.5875 0.0
97.5 3.6625 0.0
97.5 3.7375000000000003 0.0
97.5 3.8125 7.526452828618002e-09
97.5 3.8874999999999997 8.216377671241318e-08
97.5 3.9625 4.530924602828038e-06
97.5 4.0375 0.0001658353528081595
97.5 4.1125 0.002963935940041841
97.5 4.1875 0.012969268657664543
97.5 4.262499999999999 0.00828071441722475
97.5 4.3374999999999995 0.0005677090471834129
97.5 4.4125 2.994273816985195e-06
97.5 4.4875 0.0
97.5 4.5625 0.0
97.5 4.637499999999999 0.0
97.5 4.7124999999999995 0.0
97.5 4.7875 0.0
97.5 4.862499999999999 0.0
97.5 4.9375 0.0
97.5 5.012499999999999 0.0
97.5 5.0874999999999995 0.0
97.5 5.1625 0.0
97.5 5.237499999999999 0.0
97.5 5.3125 0.0
97.5 5.387499999999999 0.0
102.5 2.4625 0.0
102.5 2.5375 0.0
102.5 2.6125000000000003 0.0
102.5 2.6875 0.0
102.5 2.7625 0.0
102.5 2.8375 0.0
102.5 2.9125 0.0
102.5 2.9875000000000003 0.0
102.5 3.0625 0.0
102.5 3.1375 0.0
102.5 3.2125 0.0
102.5 3.2875 0.0
102.5 3.3625000000000003 0.0
102.5 3.4375 0.0
102.5 3.5125 0.0
102.5 3.5875 0.0
102.5 3.6625 0.0
102.5 3.7375000000000003 0.0
102.5 3.8125 0.0
102.5 3.8874999999999997 6.397484904325302e-08
102.5 3.9625 2.1638551882276755e-06
102.5 4.0375 9.156557070416185e-05
102.5 4.1125 0.0020228100894237764
102.5 4.1875 0.011539024980299496
102.5 4.262499999999999 0.00969523972506163
102.5 4.3374999999999995 0.0008617430982258253
102.5 4.4125 6.281452089884107e-06
102.5 4.4875 6.272044023848335e-10
102.5 4.5625 0.0
102.5 4.637499999999999 0.0
102.5 4.7124999999999995 0.0
102.5 4.7875 0.0
102.5 4.862499999999999 0.0
102.5 4.9375 0.0
102.5 5.012499999999999 0.0
102.5 5.0874999999999995 0.0
102.5 5.1625 0.0
102.5 5.237499999999999 0.0
102.5 5.3125 0.0
102.5 5.387499999999999 0.0
107.5 2.4625 0.0
107.5 2.5375 0.0
107.5 2.6125000000000003 0.0
107.5 2.6875 0.0
107.5 2.7625 0.0
107.5 2.8375 0.0
107.5 2.9125 0.0
107.5 2.9875000000000003 0.0
107.5 3.0625 0.0
107.5 3.1375 0.0
107.5 3.2125 0.0
107.5 3.2875 0.0
107.5 3.3625000000000003 0.0
107.5 3.4375 0.0
107.5 3.5125 0.0
107.5 3.5875 0.0
107.5 3.6625 0.0
107.5 3.7375000000000003 0.0
107.5 3.8125 0.0
107.5 3.8874999999999997 2.508817609539334e-09
107.5 3.9625 9.891013425608823e-07
107.5 4.0375 5.054452117498658e-05
107.5 4.1125 0.001339427615921736
107.5 4.1875 0.00993528025792034
107.5 4.262499999999999 0.01086351015882097
107.5 4.3374999999999995 0.0012569226400144253
107.5 4.4125 1.1326057098265323e-05
107.5 4.4875 1.3798496852466338e-08
107.5 4.5625 0.0
107.5 4.637499999999999 0.0
107.5 4.7124999999999995 0.0
107.5 4.7875 0.0
107.5 4.862499999999999 0.0
107.5 4.9375 0.0
107.5 5.012499999999999 0.0
107.5 5.0874999999999995 0.0
107.5 5.1625 0.0
107.5 5.237499999999999 0.0
107.5 5.3125 0.0
107.5 5.387499999999999 0.0
112.5 2.4625 0.0
112.5 2.5375 0.0
112.5 2.6125000000000003 0.0
112.5 2.6875 0.0
112.5 2.7625 0.0
112.5 2.8375 0.0
112.5 2.9125 0.0
112.5 2.9875000000000003 0.0
112.5 3.0625 0.0
112.5 3.1375 0.0
112.5 3.2125 0.0
112.5 3.2875 0.0
112.5 3.3625000000000003 0.0
112.5 3.4375 0.0
112.5 3.5125 0.0
112.5 3.5875 0.0
112.5 3.6625 0.0
112.5 3.7375000000000003 0.0
112.5 3.8125 0.0
112.5 3.8874999999999997 5.017635219078668e-09
112.5 3.9625 6.62955053320769e-07
112.5 4.0375 2.7371200120074133e-05
112.5 4.1125 0.0008705929523434752
112.5 4.1875 0.008270448335566514
112.5 4.262499999999999 0.01175163033818909
112.5 4.3374999999999995 0.0017514394422571378
112.5 4.4125 2.0534672134079446e-05
112.5 4.4875 6.899248426233169e-09
112.5 4.5625 0.0
112.5 4.637499999999999 0.0
112.5 4.7124999999999995 0.0
112.5 4.7875 0.0
112.5 4.862499999999999 0.0
112.5 4.9375 0.0
112.5 5.012499999999999 0.0
112.5 5.0874999999999995 0.0
112.5 5.1625 0.0
112.5 5.237499999999999 0.0
112.5 5.3125 0.0
112.5 5.387499999999999 0.0
117.5 2.4625 0.0
117.5 2.5375 0.0
117.5 2.6125000000000003 0.0
117.5 2.6875 0.0
117.5 2.7625 0.0
117.5 2.8375 0.0
117.5 2.9125 0.0
117.5 2.9875000000000003 0.0
117.5 3.0625 0.0
117.5 3.1375 0.0
117.5 3.2125 0.0
117.5 3.2875 0.0
117.5 3.3625000000000003 0.0
117.5 3.4375 0.0
117.5 3.5125 0.0
117.5 3.5875 0.0
117.5 3.6625 0.0
117.5 3.7375000000000003 0.0
117.5 3.8125 0.0
117.5 3.8874999999999997 2.508817609539334e-09
117.5 3.9625 2.7722434585409644e-07
117.5 4.0375 1.5057923292455082e-05
117.5 4.1125 0.0005626399812033388
117.5 4.1875 0.006686846282569948
117.5 4.262499999999999 0.012246409939076403
117.5 4.3374999999999995 0.0023592870623755707
117.5 4.4125 3.501305855873094e-05
117.5 4.4875 2.8851402509702348e-08
117.5 4.5625 0.0
117.5 4.637499999999999 0.0
117.5 4.7124999999999995 0.0
117.5 4.7875 0.0
117.5 4.862499999999999 0.0
117.5 4.9375 0.0
117.5 5.012499999999999 0.0
117.5 5.0874999999999995 0.0
117.5 5.1625 0.0
117.5 5.237499999999999 0.0
117.5 5.3125 0.0
117.5 5.387499999999999 0.0
122.5 2.4625 0.0
122.5 2.5375 0.0
122.5 2.6125000000000003 0.0
122.5 2.6875 0.0
122.5 2.7625 0.0
122.5 2.8375 0.0
122.5 2.9125 0.0
122.5 2.9875000000000003 0.0
122.5 3.0625 0.0
122.5 3.1375 0.0
122.5 3.2125 0.0
122.5 3.2875 0.0
122.5 3.3625000000000003 0.0
122.5 3.4375 0.0
122.5 3.5125 0.0
122.5 3.5875 0.0
122.5 3.6625 0.0
122.5 3.7375000000000003 0.0
122.5 3.8125 0.0
122.5 3.8874999999999997 0.0
122.5 3.9625 1.1666001884357904e-07
122.5 4.0375 8.683644951018018e-06
122.5 4.1125 0.00035483712742280526
122.5 4.1875 0.005277422028137661
122.5 4.262499999999999 0.012382062961633002
122.5 4.3374999999999995 0.003032824935577779
122.5 4.4125 5.4776269277877054e-05
122.5 4.4875 4.327710376455351e-08
122.5 4.5625 0.0
122.5 4.637499999999999 0.0
122.5 4.7124999999999995 0.0
122.5 4.7875 0.0
122.5 4.862499999999999 0.0
122.5 4.9375 0.0
122.5 5.012499999999999 0.0
122.5 5.0874999999999995 0.0
122.5 5.1625 0.0
122.5 5.237499999999999 0.0
122.5 5.3125 0.0
122.5 5.387499999999999 0.0
127.5 2.4625 0.0
127.5 2.5375 0.0
127.5 2.6125000000000003 0.0
127.5 2.6875 0.0
127.5 2.7625 0.0
127.5 2.8375 0.0
127.5 2.9125 0.0
127.5 2.9875000000000003 0.0
127.5 3.0625 0.0
127.5 3.1375 0.0
127.5 3.2125 0.0
127.5 3.2875 0.0
127.5 3.3625000000000003 0.0
127.5 3.4375 0.0
127.5 3.5125 0.0
127.5 3.5875 0.0
127.5 3.6625 0.0
127.5 3.7375000000000003 0.0
127.5 3.8125 0.0
127.5 3.8874999999999997 0.0
127.5 3.9625 4.954914778840185e-08
127.5 4.0375 4.645703008464461e-06
127.5 4.1125 0.00022173619957951258
127.5 4.1875 0.004070603611807748
127.5 4.262499999999999 0.012165724483140409
127.5 4.3374999999999995 0.0037926705249789567
127.5 4.4125 8.893695705376702e-05
127.5 4.4875 1.3171292450081503e-07
127.5 4.5625 0.0
127.5 4.637499999999999 0.0
127.5 4.7124999999999995 0.0
127.5 4.7875 0.0
127.5 4.862499999999999 0.0
127.5 4.9375 0.0
127.5 5.012499999999999 0.0
127.5 5.0874999999999995 0.0
127.5 5.1625 0.0
127.5 5.237499999999999 0.0
127.5 5.3125 0.0
127.5 5.387499999999999 0.0
132.5 2.4625 0.0
132.5 2.5375 0.0
132.5 2.6125000000000003 0.0
132.5 2.6875 0.0
132.5 2.7625 0.0
132.5 2.8375 0.0
132.5 2.9125 0.0
132.5 2.9875000000000003 0.0
132.5 3.0625 0.0
132.5 3.1375 0.0
132.5 3.2125 0.0
132.5 3.2875 0.0
132.5 3.3625000000000003 0.0
132.5 3.4375 0.0
132.5 3.5125 0.0
132.5 3.5875 0.0
132.5 3.6625 0.0
132.5 3.7375000000000003 0.0
132.5 3.8125 0.0
132.5 3.8874999999999997 0.0
132.5 3.9625 2.3833767290623673e-08
132.5 4.0375 2.5727924585825873e-06
132.5 4.1125 0.000138926402332643
132.5 4.1875 0.0030782477056028913
132.5 4.262499999999999 0.011629866129918905
132.5 4.3374999999999995 0.004568602652892501
132.5 4.4125 0.0001314037127304393
132.5 4.4875 2.3771046850385186e-07
132.5 4.5625 0.0
132.5 4.637499999999999 0.0
132.5 4.7124999999999995 0.0
132.5 4.7875 0.0
132.5 4.862499999999999 0.0
132.5 4.9375 0.0
132.5 5.012499999999999 0.0
132.5 5.0874999999999995 0.0
132.5 5.1625 0.0
132.5 5.237499999999999 0.0
132.5 5.3125 0.0
132.5 5.387499999999999 0.0
137.5 2.4625 0.0
137.5 2.5375 0.0
137.5 2.6125000000000003 0.0
137.5 2.6875 0.0
137.5 2.7625 0.0
137.5 2.8375 0.0
137.5 2.9125 0.0
137.5 2.9875000000000003 0.0
137.5 3.0625 0.0
137.5 3.1375 0.0
137.5 3.2125 0.0
137.5 3.2875 0.0
137.5 3.3625000000000003 0.0
137.5 3.4375 0.0
137.5 3.5125 0.0
137.5 3.5875 0.0
137.5 3.6625 0.0
137.5 3.7375000000000003 0.0
137.5 3.8125 0.0
137.5 3.8874999999999997 0.0
137.5 3.9625 1.8816132071545005e-09
137.5 4.0375 1.4613862575566621e-06
137.5 4.1125 8.70841952491222e-05
137.5 4.1875 0.002284427708133331
137.5 4.262499999999999 0.010864837323336419
137.5 4.3374999999999995 0.005375067718318542
137.5 4.4125 0.00019356844986840967
137.5 4.4875 3.6064253137127927e-07
137.5 4.5625 0.0
137.5 4.637499999999999 0.0
137.5 4.7124999999999995 0.0
137.5 4.7875 0.0
137.5 4.862499999999999 0.0
137.5 4.9375 0.0
137.5 5.012499999999999 0.0
137.5 5.0874999999999995 0.0
137.5 5.1625 0.0
137.5 5.237499999999999 0.0
137.5 5.3125 0.0
137.5 5.387499999999999 0.0
142.5 2.4625 0.0
142.5 2.5375 0.0
142.5 2.6125000000000003 0.0
142.5 2.6875 0.0
142.5 2.7625 0.0
142.5 2.8375 0.0
142.5 2.9125 0.0
142.5 2.9875000000000003 0.0
142.5 3.0625 0.0
142.5 3.1375 0.0
142.5 3.2125 0.0
142.5 3.2875 0.0
142.5 3.3625000000000003 0.0
142.5 3.4375 0.0
142.5 3.5125 0.0
142.5 3.5875 0.0
142.5 3.6625 0.0
142.5 3.7375000000000003 0.0
142.5 3.8125 0.0
142.5 3.8874999999999997 0.0
142.5 3.9625 6.272044023848336e-09
142.5 4.0375 8.736957325220731e-07
142.5 4.1125 5.4172898642782836e-05
142.5 4.1875 0.0016652283155361353
142.5 4.262499999999999 0.009943538658286542
142.5 4.3374999999999995 0.006123033429134148
142.5 4.4125 0.00027816264364006414
142.5 4.4875 6.485293520659179e-07
142.5 4.5625 0.0
142.5 4.637499999999999 0.0
142.5 4.7124999999999995 0.0
142.5 4.7875 0.0
142.5 4.862499999999999 0.0
142.5 4.9375 0.0
142.5 5.012499999999999 0.0
142.5 5.0874999999999995 0.0
142.5 5.1625 0.0
142.5 5.237499999999999 0.0
142.5 5.3125 0.0
142.5 5.387499999999999 0.0
147.5 2.4625 0.0
147.5 2.5375 0.0
147.5 2.6125000000000003 0.0
147.5 2.6875 0.0
147.5 2.7625 0.0
147.5 2.8375 0.0
147.5 2.9125 0.0
147.5 2.9875000000000003 0.0
147.5 3.0625 0.0
147.5 3.1375 0.0
147.5 3.2125 0.0
147.5 3.2875 0.0
147.5 3.3625000000000003 0.0
147.5 3.4375 0.0
147.5 3.5125 0.0
147.5 3.5875 0.0
147.5 3.6625 0.0
147.5 3.7375000000000003 0.0
147.5 3.8125 0.0
147.5 3.8874999999999997 0.0
147.5 3.9625 1.8816132071545005e-09
147.5 4.0375 4.158365187811446e-07
147.5 4.1125 3.283477766924842e-05
147.5 4.1875 0.0012025785145697914
147.5 4.262499999999999 0.00887537506478304
147.5 4.3374999999999995 0.0068244680997456295
147.5 4.4125 0.0003847735935486334
147.5 4.4875 1.0963532953686888e-06
147.5 4.5625 0.0
147.5 4.637499999999999 0.0
147.5 4.7124999999999995 0.0
147.5 4.7875 0.0
147.5 4.862499999999999 0.0
147.5 4.9375 0.0
147.5 5.012499999999999 0.0
147.5 5.0874999999999995 0.0
147.5 5.1625 0.0
147.5 5.237499999999999 0.0
147.5 5.3125 0.0
147.5 5.387499999999999 0.0
152.5 2.4625 0.0
152.5 2.5375 0.0
152.5 2.6125000000000003 0.0
152.5 2.6875 0.0
152.5 2.7625 0.0
152.5 2.8375 0.0
152.5 2.9125 0.0
152.5 2.9875000000000003 0.0
152.5 3.0625 0.0
152.5 3.1375 0.0
152.5 3.2125 0.0
152.5 3.2875 0.0
152.5 3.3625000000000003 0.0
152.5 3.4375 0.0
152.5 3.5125 0.0
152.5 3.5875 0.0
152.5 3.6625 0.0
152.5 3.7375000000000003 0.0
152.5 3.8125 0.0
152.5 3.8874999999999997 0.0
152.5 3.9625 0.0
152.5 4.0375 2.2453917605377042e-07
152.5 4.1125 2.0420520932845408e-05
152.5 4.1875 0.0008569587830444339
152.5 4.262499999999999 0.00779996412440998
152.5 4.3374999999999995 0.007418834588439203
152.5 4.4125 0.0005164357144928552
152.5 4.4875 1.6583284399054996e-06
152.5 4.5625 0.0
152.5 4.637499999999999 0.0
152.5 4.7124999999999995 0.0
152.5 4.7875 0.0
152.5 4.862499999999999 0.0
152.5 4.9375 0.0
152.5 5.012499999999999 0.0
152.5 5.0874999999999995 0.0
152.5 5.1625 0.0
152.5 5.237499999999999 0.0
152.5 5.3125 0.0
152.5 5.387499999999999 0.0
157.5 2.4625 0.0
157.5 2.5375 0.0
157.5 2.6125000000000003 0.0
157.5 2.6875 0.0
157.5 2.7625 0.0
157.5 2.8375 0.0
157.5 2.9125 0.0
157.5 2.9875000000000003 0.0
157.5 3.0625 0.0
157.5 3.1375 0.0
157.5 3.2125 0.0
157.5 3.2875 0.0
157.5 3.3625000000000003 0.0
157.5 3.4375 0.0
157.5 3.5125 0.0
157.5 3.5875 0.0
157.5 3.6625 0.0
157.5 3.7375000000000003 0.0
157.5 3.8125 0.0
157.5 3.8874999999999997 0.0
157.5 3.9625 0.0
157.5 4.0375 1.461386257556662e-07
157.5 4.1125 1.2806886692295916e-05
157.5 4.1875 0.0006037162247199239
157.5 4.262499999999999 0.006711875501451516
157.5 4.3374999999999995 0.007887891909580311
157.5 4.4125 0.0006791199923834334
157.5 4.4875 2.95852316604926e-06
157.5 4.5625 0.0
157.5 4.637499999999999 0.0
157.5 4.7124999999999995 0.0
157.5 4.7875 0.0
157.5 4.862499999999999 0.0
157.5 4.9375 0.0
157.5 5.012499999999999 0.0
157.5 5.0874999999999995 0.0
157.5 5.1625 0.0
157.5 5.237499999999999 0.0
157.5 5.3125 0.0
157.5 5.387499999999999 0.0
162.5 2.4625 0.0
162.5 2.5375 0.0
162.5 2.6125000000000003 0.0
162.5 2.6875 0.0
162.5 2.7625 0.0
162.5 2.8375 0.0
162.5 2.9125 0.0
162.5 2.9875000000000003 0.0
162.5 3.0625 0.0
162.5 3.1375 0.0
162.5 3.2125 0.0
162.5 3.2875 0.0
162.5 3.3625000000000003 0.0
162.5 3.4375 0.0
162.5 3.5125 0.0
162.5 3.5875 0.0
162.5 3.6625 0.0
162.5 3.7375000000000003 0.0
162.5 3.8125 0.0
162.5 3.8874999999999997 0.0
162.5 3.9625 0.0
162.5 4.0375 8.592700312672219e-08
162.5 4.1125 8.048286891402184e-06
162.5 4.1875 0.0004235304351851994
162.5 4.262499999999999 0.005703826941098991
162.5 4.3374999999999995 0.008229205882883296
162.5 4.4125 0.0008694545763531469
162.5 4.4875 4.46381373177286e-06
162.5 4.5625 0.0
162.5 4.637499999999999 0.0
162.5 4.7124999999999995 0.0
162.5 4.7875 0.0
162.5 4.862499999999999 0.0
162.5 4.9375 0.0
162.5 5.012499999999999 0.0
162.5 5.0874999999999995 0.0
162.5 5.1625 0.0
162.5 5.237499999999999 0.0
162.5 5.3125 0.0
162.5 5.387499999999999 0.0
167.5 2.4625 0.0
167.5 2.5375 0.0
167.5 2.6125000000000003 0.0
167.5 2.6875 0.0
167.5 2.7625 0.0
167.5 2.8375 0.0
167.5 2.9125 0.0
167.5 2.9875000000000003 0.0
167.5 3.0625 0.0
167.5 3.1375 0.0
167.5 3.2125 0.0
167.5 3.2875 0.0
167.5 3.3625000000000003 0.0
167.5 3.4375 0.0
167.5 3.5125 0.0
167.5 3.5875 0.0
167.5 3.6625 0.0
167.5 3.7375000000000003 0.0
167.5 3.8125 0.0
167.5 3.8874999999999997 0.0
167.5 3.9625 0.0
167.5 4.0375 3.198742452162651e-08
167.5 4.1125 4.865224549299153e-06
167.5 4.1875 0.000291546558382554
167.5 4.262499999999999 0.004773002922790097
167.5 4.3374999999999995 0.008416573162825326
167.5 4.4125 0.0010884511471030425
167.5 4.4875 7.024689306710136e-06
167.5 4.5625 3.1360220119241674e-09
167.5 4.637499999999999 0.0
167.5 4.7124999999999995 0.0
167.5 4.7875 0.0
167.5 4.862499999999999 0.0
167.5 4.9375 0.0
167.5 5.012499999999999 0.0
167.5 5.0874999999999995 0.0
167.5 5.1625 0.0
167.5 5.237499999999999 0.0
167.5 5.3125 0.0
167.5 5.387499999999999 0.0
172.5 2.4625 0.0
172.5 2.5375 0.0
172.5 2.6125000000000003 0.0
172.5 2.6875 0.0
172.5 2.7625 0.0
172.5 2.8375 0.0
172.5 2.9125 0.0
172.5 2.9875000000000003 0.0
172.5 3.0625 0.0
172.5 3.1375 0.0
172.5 3.2125 0.0
172.5 3.2875 0.0
172.5 3.3625000000000003 0.0
172.5 3.4375 0.0
172.5 3.5125 0.0
172.5 3.5875 0.0
172.5 3.6625 0.0
172.5 3.7375000000000003 0.0
172.5 3.8125 0.0
172.5 3.8874999999999997 0.0
172.5 3.9625 0.0
172.5 4.0375 1.8816132071545005e-08
172.5 4.1125 2.9955282257899647e-06
172.5 4.1875 0.00020354915352355956
172.5 4.262499999999999 0.0039391271433666325
172.5 4.3374999999999995 0.008470374756461898
172.5 4.4125 0.0013348879104572746
172.5 4.4875 1.0368943180226067e-05
172.5 4.5625 1.8816132071545005e-09
172.5 4.637499999999999 0.0
172.5 4.7124999999999995 0.0
172.5 4.7875 0.0
172.5 4.862499999999999 0.0
172.5 4.9375 0.0
172.5 5.012499999999999 0.0
172.5 5.0874999999999995 0.0
172.5 5.1625 0.0
172.5 5.237499999999999 0.0
172.5 5.3125 0.0
172.5 5.387499999999999 0.0
177.5 2.4625 0.0
177.5 2.5375 0.0
177.5 2.6125000000000003 0.0
177.5 2.6875 0.0
177.5 2.7625 0.0
177.5 2.8375 0.0
177.5 2.9125 0.0
177.5 2.9875000000000003 0.0
177.5 3.0625 0.0
177.5 3.1375 0.0
177.5 3.2125 0.0
177.5 3.2875 0.0
177.5 3.3625000000000003 0.0
177.5 3.4375 0.0
177.5 3.5125 0.0
177.5 3.5875 0.0
177.5 3.6625 0.0
177.5 3.7375000000000003 0.0
177.5 3.8125 0.0
177.5 3.8874999999999997 0.0
177.5 3.9625 0.0
177.5 4.0375 6.899248426233169e-09
177.5 4.1125 1.8696963235091887e-06
177.5 4.1875 0.0001387783820936802
177.5 4.262499999999999 0.0031967905920624296
177.5 4.3374999999999995 0.008386456061831611
177.5 4.4125 0.001605203599819102
177.5 4.4875 1.5321349141456714e-05
177.5 4.5625 1.8816132071545005e-09
177.5 4.637499999999999 0.0
177.5 4.7124999999999995 0.0
177.5 4.7875 0.0
177.5 4.862499999999999 0.0
177.5 4.9375 0.0
177.5 5.012499999999999 0.0
177.5 5.0874999999999995 0.0
177.5 5.1625 0.0
177.5 5.237499999999999 0.0
177.5 5.3125 0.0
177.5 5.387499999999999 0.0
182.5 2.4625 0.0
182.5 2.5375 0.0
182.5 2.6125000000000003 0.0
182.5 2.6875 0.0
182.5 2.7625 0.0
182.5 2.8375 0.0
182.5 2.9125 0.0
182.5 2.9875000000000003 0.0
182.5 3.0625 0.0
182.5 3.1375 0.0
182.5 3.2125 0.0
182.5 3.2875 0.0
182.5 3.3625000000000003 0.0
182.5 3.4375 0.0
182.5 3.5125 0.0
182.5 3.5875 0.0
182.5 3.6625 0.0
182.5 3.7375000000000003 0.0
182.5 3.8125 0.0
182.5 3.8874999999999997 0.0
182.5 3.9625 0.0
182.5 4.0375 5.644839621463501e-09
182.5 4.1125 1.2136405186146528e-06
182.5 4.1875 9.44789351532394e-05
182.5 4.262499999999999 0.0025704209987371697
182.5 4.3374999999999995 0.008178761087208289
182.5 4.4125 0.0018911153538506307
182.5 4.4875 2.167430253321269e-05
182.5 4.5625 3.763226414309001e-09
182.5 4.637499999999999 0.0
182.5 4.7124999999999995 0.0
182.5 4.7875 0.0
182.5 4.862499999999999 0.0
182.5 4.9375 0.0
182.5 5.012499999999999 0.0
182.5 5.0874999999999995 0.0
182.5 5.1625 0.0
182.5 5.237499999999999 0.0
182.5 5.3125 0.0
182.5 5.387499999999999 0.0
187.5 2.4625 0.0
187.5 2.5375 0.0
187.5 2.6125000000000003 0.0
187.5 2.6875 0.0
187.5 2.7625 0.0
187.5 2.8375 0.0
187.5 2.9125 0.0
187.5 2.9875000000000003 0.0
187.5 3.0625 0.0
187.5 3.1375 0.0
187.5 3.2125 0.0
187.5 3.2875 0.0
187.5 3.3625000000000003 0.0
187.5 3.4375 0.0
187.5 3.5125 0.0
187.5 3.5875 0.0
187.5 3.6625 0.0
187.5 3.7375000000000003 0.0
187.5 3.8125 0.0
187.5 3.8874999999999997 0.0
187.5 3.9625 0.0
187.5 4.0375 5.644839621463501e-09
187.5 4.1125 7.112497923044013e-07
187.5 4.1875 6.354772284522894e-05
187.5 4.262499999999999 0.002046726647695515
187.5 4.3374999999999995 0.007852865052524726
187.5 4.4125 0.0021985998033021855
187.5 4.4875 3.014218916981033e-05
187.5 4.5625 6.899248426233169e-09
187.5 4.637499999999999 0.0
187.5 4.7124999999999995 0.0
187.5 4.7875 0.0
187.5 4.862499999999999 0.0
187.5 4.9375 0.0
187.5 5.012499999999999 0.0
187.5 5.0874999999999995 0.0
187.5 5.1625 0.0
187.5 5.237499999999999 0.0
187.5 5.3125 0.0
187.5 5.387499999999999 0.0
192.5 2.4625 0.0
192.5 2.5375 0.0
192.5 2.6125000000000003 0.0
192.5 2.6875 0.0
192.5 2.7625 0.0
192.5 2.8375 0.0
192.5 2.9125 0.0
192.5 2.9875000000000003 0.0
192.5 3.0625 0.0
192.5 3.1375 0.0
192.5 3.2125 0.0
192.5 3.2875 0.0
192.5 3.3625000000000003 0.0
192.5 3.4375 0.0
192.5 3.5125 0.0
192.5 3.5875 0.0
192.5 3.6625 0.0
192.5 3.7375000000000003 0.0
192.5 3.8125 0.0
192.5 3.8874999999999997 0.0
192.5 3.9625 0.0
192.5 4.0375 9.408066035772503e-09
192.5 4.1125 4.7479373260531893e-07
192.5 4.1875 4.4411089324065294e-05
192.5 4.262499999999999 0.0016055849400957519
192.5 4.3374999999999995 0.0074361153241337095
192.5 4.4125 0.002502402562911742
192.5 4.4875 4.116342492851663e-05
192.5 4.5625 2.696978930254784e-08
192.5 4.637499999999999 0.0
192.5 4.7124999999999995 0.0
192.5 4.7875 0.0
192.5 4.862499999999999 0.0
192.5 4.9375 0.0
192.5 5.012499999999999 0.0
192.5 5.0874999999999995 0.0
192.5 5.1625 0.0
192.5 5.237499999999999 0.0
192.5 5.3125 0.0
192.5 5.387499999999999 0.0
197.5 2.4625 0.0
197.5 2.5375 0.0
197.5 2.6125000000000003 0.0
197.5 2.6875 0.0
197.5 2.7625 0.0
197.5 2.8375 0.0
197.5 2.9125 0.0
197.5 2.9875000000000003 0.0
197.5 3.0625 0.0
197.5 3.1375 0.0
197.5 3.2125 0.0
197.5 3.2875 0.0
197.5 3.3625000000000003 0.0
197.5 3.4375 0.0
197.5 3.5125 0.0
197.5 3.5875 0.0
197.5 3.6625 0.0
197.5 3.7375000000000003 0.0
197.5 3.8125 0.0
197.5 3.8874999999999997 0.0
197.5 3.9625 0.0
197.5 4.0375 3.1360220119241674e-09
197.5 4.1125 2.7596993704932674e-07
197.5 4.1875 2.9038309421613022e-05
197.5 4.262499999999999 0.0012537471041251511
197.5 4.3374999999999995 0.006955146136982509
197.5 4.4125 0.002803069300509374
197.5 4.4875 5.4330954152183814e-05
197.5 4.5625 3.1360220119241673e-08
197.5 4.637499999999999 0.0
197.5 4.7124999999999995 0.0
197.5 4.7875 0.0
197.5 4.862499999999999 0.0
197.5 4.9375 0.0
197.5 5.012499999999999 0.0
197.5 5.0874999999999995 0.0
197.5 5.1625 0.0
197.5 5.237499999999999 0.0
197.5 5.3125 0.0
197.5 5.387499999999999 0.0
202.5 2.4625 0.0
202.5 2.5375 0.0
202.5 2.6125000000000003 0.0
202.5 2.6875 0.0
202.5 2.7625 0.0
202.5 2.8375 0.0
202.5 2.9125 0.0
202.5 2.9875000000000003 0.0
202.5 3.0625 0.0
202.5 3.1375 0.0
202.5 3.2125 0.0
202.5 3.2875 0.0
202.5 3.3625000000000003 0.0
202.5 3.4375 0.0
202.5 3.5125 0.0
202.5 3.5875 0.0
202.5 3.6625 0.0
202.5 3.7375000000000003 0.0
202.5 3.8125 0.0
202.5 3.8874999999999997 0.0
202.5 3.9625 0.0
202.5 4.0375 0.0
202.5 4.1125 1.517834653771297e-07
202.5 4.1875 2.027563671589451e-05
202.5 4.262499999999999 0.0009691687866530923
202.5 4.3374999999999995 0.006434856878641403
202.5 4.4125 0.003095173443605648
202.5 4.4875 7.275759228984784e-05
202.5 4.5625 6.711087105517719e-08
202.5 4.637499999999999 0.0
202.5 4.7124999999999995 0.0
202.5 4.7875 0.0
202.5 4.862499999999999 0.0
202.5 4.9375 0.0
202.5 5.012499999999999 0.0
202.5 5.0874999999999995 0.0
202.5 5.1625 0.0
202.5 5.237499999999999 0.0
202.5 5.3125 0.0
202.5 5.387499999999999 0.0
207.5 2.4625 0.0
207.5 2.5375 0.0
207.5 2.6125000000000003 0.0
207.5 2.6875 0.0
207.5 2.7625 0.0
207.5 2.8375 0.0
207.5 2.9125 0.0
207.5 2.9875000000000003 0.0
207.5 3.0625 0.0
207.5 3.1375 0.0
207.5 3.2125 0.0
207.5 3.2875 0.0
207.5 3.3625000000000003 0.0
207.5 3.4375 0.0
207.5 3.5125 0.0
207.5 3.5875 0.0
207.5 3.6625 0.0
207.5 3.7375000000000003 0.0
207.5 3.8125 0.0
207.5 3.8874999999999997 0.0
207.5 3.9625 0.0
207.5 4.0375 0.0
207.5 4.1125 7.902775470048901e-08
207.5 4.1875 1.3146831478388495e-05
207.5 4.262499999999999 0.0007458702209072393
207.5 4.3374999999999995 0.00588224401421899
207.5 4.4125 0.0033671637687218425
207.5 4.4875 9.285698456867222e-05
207.5 4.5625 8.216377671241318e-08
207.5 4.637499999999999 0.0
207.5 4.7124999999999995 0.0
207.5 4.7875 0.0
207.5 4.862499999999999 0.0
207.5 4.9375 0.0
207.5 5.012499999999999 0.0
207.5 5.0874999999999995 0.0
207.5 5.1625 0.0
207.5 5.237499999999999 0.0
207.5 5.3125 0.0
207.5 5.387499999999999 0.0
212.5 2.4625 0.0
212.5 2.5375 0.0
212.5 2.6125000000000003 0.0
212.5 2.6875 0.0
212.5 2.7625 0.0
212.5 2.8375 0.0
212.5 2.9125 0.0
212.5 2.9875000000000003 0.0
212.5 3.0625 0.0
212.5 3.1375 0.0
212.5 3.2125 0.0
212.5 3.2875 0.0
212.5 3.3625000000000003 0.0
212.5 3.4375 0.0
212.5 3.5125 0.0
212.5 3.5875 0.0
212.5 3.6625 0.0
212.5 3.7375000000000003 0.0
212.5 3.8125 0.0
212.5 3.8874999999999997 0.0
212.5 3.9625 0.0
212.5 4.0375 0.0
212.5 4.1125 4.1395490557399e-08
212.5 4.1875 8.933272303167184e-06
212.5 4.262499999999999 0.0005646740050802727
212.5 4.3374999999999995 0.005309217528112158
212.5 4.4125 0.00360848128974381
212.5 4.4875 0.0001191964334468233
212.5 4.5625 8.906302513864636e-08
212.5 4.637499999999999 0.0
212.5 4.7124999999999995 0.0
212.5 4.7875 0.0
212.5 4.862499999999999 0.0
212.5 4.9375 0.0
212.5 5.012499999999999 0.0
212.5 5.0874999999999995 0.0
212.5 5.1625 0.0
212.5 5.237499999999999 0.0
212.5 5.3125 0.0
212.5 5.387499999999999 0.0
217.5 2.4625 0.0
217.5 2.5375 0.0
217.5 2.6125000000000003 0.0
217.5 2.6875 0.0
217.5 2.7625 0.0
217.5 2.8375 0.0
217.5 2.9125 0.0
217.5 2.9875000000000003 0.0
217.5 3.0625 0.0
217.5 3.1375 0.0
217.5 3.2125 0.0
217.5 3.2875 0.0
217.5 3.3625000000000003 0.0
217.5 3.4375 0.0
217.5 3.5125 0.0
217.5 3.5875 0.0
217.5 3.6625 0.0
217.5 3.7375000000000003 0.0
217.5 3.8125 0.0
217.5 3.8874999999999997 0.0
217.5 3.9625 0.0
217.5 4.0375 0.0
217.5 4.1125 1.881613207154501e-08
217.5 4.1875 6.0600489358422605e-06
217.5 4.262499999999999 0.0004259100486878474
217.5 4.3374999999999995 0.004770679130479261
217.5 4.4125 0.0038198222035581964
217.5 4.4875 0.0001509373666383126
217.5 4.5625 2.395920817110064e-07
217.5 4.637499999999999 0.0
217.5 4.7124999999999995 0.0
217.5 4.7875 0.0
217.5 4.862499999999999 0.0
217.5 4.9375 0.0
217.5 5.012499999999999 0.0
217.5 5.0874999999999995 0.0
217.5 5.1625 0.0
217.5 5.237499999999999 0.0
217.5 5.3125 0.0
217.5 5.387499999999999 0.0
222.5 2.4625 0.0
222.5 2.5375 0.0
222.5 2.6125000000000003 0.0
222.5 2.6875 0.0
222.5 2.7625 0.0
222.5 2.8375 0.0
222.5 2.9125 0.0
222.5 2.9875000000000003 0.0
222.5 3.0625 0.0
222.5 3.1375 0.0
222.5 3.2125 0.0
222.5 3.2875 0.0
222.5 3.3625000000000003 0.0
222.5 3.4375 0.0
222.5 3.5125 0.0
222.5 3.5875 0.0
222.5 3.6625 0.0
222.5 3.7375000000000003 0.0
222.5 3.8125 0.0
222.5 3.8874999999999997 0.0
222.5 3.9625 0.0
222.5 4.0375 0.0
222.5 4.1125 1.3798496852466338e-08
222.5 4.1875 4.177181319882991e-06
222.5 4.262499999999999 0.0003198479026313649
222.5 4.3374999999999995 0.004223363634439391
222.5 4.4125 0.004014328951212574
222.5 4.4875 0.00018608276532594675
222.5 4.5625 3.123477923876471e-07
222.5 4.637499999999999 0.0
222.5 4.7124999999999995 0.0
222.5 4.7875 0.0
222.5 4.862499999999999 0.0
222.5 4.9375 0.0
222.5 5.012499999999999 0.0
222.5 5.0874999999999995 0.0
222.5 5.1625 0.0
222.5 5.237499999999999 0.0
222.5 5.3125 0.0
222.5 5.387499999999999 0.0
227.5 2.4625 0.0
227.5 2.5375 0.0
227.5 2.6125000000000003 0.0
227.5 2.6875 0.0
227.5 2.7625 0.0
227.5 2.8375 0.0
227.5 2.9125 0.0
227.5 2.9875000000000003 0.0
227.5 3.0625 0.0
227.5 3.1375 0.0
227.5 3.2125 0.0
227.5 3.2875 0.0
227.5 3.3625000000000003 0.0
227.5 3.4375 0.0
227.5 3.5125 0.0
227.5 3.5875 0.0
227.5 3.6625 0.0
227.5 3.7375000000000003 0.0
227.5 3.8125 0.0
227.5 3.8874999999999997 0.0
227.5 3.9625 0.0
227.5 4.0375 0.0
227.5 4.1125 7.526452828618e-09
227.5 4.1875 2.7220671063501775e-06
227.5 4.262499999999999 0.00023832324720498188
227.5 4.3374999999999995 0.0037000017017310006
227.5 4.4125 0.004139931023220953
227.5 4.4875 0.00022905253893333168
227.5 4.5625 3.7255941501659114e-07
227.5 4.637499999999999 0.0
227.5 4.7124999999999995 0.0
227.5 4.7875 0.0
227.5 4.862499999999999 0.0
227.5 4.9375 0.0
227.5 5.012499999999999 0.0
227.5 5.0874999999999995 0.0
227.5 5.1625 0.0
227.5 5.237499999999999 0.0
227.5 5.3125 0.0
227.5 5.387499999999999 0.0
232.5 2.4625 0.0
232.5 2.5375 0.0
232.5 2.6125000000000003 0.0
232.5 2.6875 0.0
232.5 2.7625 0.0
232.5 2.8375 0.0
232.5 2.9125 0.0
232.5 2.9875000000000003 0.0
232.5 3.0625 0.0
232.5 3.1375 0.0
232.5 3.2125 0.0
232.5 3.2875 0.0
232.5 3.3625000000000003 0.0
232.5 3.4375 0.0
232.5 3.5125 0.0
232.5 3.5875 0.0
232.5 3.6625 0.0
232.5 3.7375000000000003 0.0
232.5 3.8125 0.0
232.5 3.8874999999999997 0.0
232.5 3.9625 0.0
232.5 4.0375 0.0
232.5 4.1125 3.763226414309001e-09
232.5 4.1875 2.0390415121530937e-06
232.5 4.262499999999999 0.00017809908048799016
232.5 4.3374999999999995 0.0032213876671107556
232.5 4.4125 0.004231438891120095
232.5 4.4875 0.00027565947087014624
232.5 4.5625 5.801640722059712e-07
232.5 4.637499999999999 0.0
232.5 4.7124999999999995 0.0
232.5 4.7875 0.0
232.5 4.862499999999999 0.0
232.5 4.9375 0.0
232.5 5.012499999999999 0.0
232.5 5.0874999999999995 0.0
232.5 5.1625 0.0
232.5 5.237499999999999 0.0
232.5 5.3125 0.0
232.5 5.387499999999999 0.0
237.5 2.4625 0.0
237.5 2.5375 0.0
237.5 2.6125000000000003 0.0
237.5 2.6875 0.0
237.5 2.7625 0.0
237.5 2.8375 0.0
237.5 2.9125 0.0
237.5 2.9875000000000003 0.0
237.5 3.0625 0.0
237.5 3.1375 0.0
237.5 3.2125 0.0
237.5 3.2875 0.0
237.5 3.3625000000000003 0.0
237.5 3.4375 0.0
237.5 3.5125 0.0
237.5 3.5875 0.0
237.5 3.6625 0.0
237.5 3.7375000000000003 0.0
237.5 3.8125 0.0
237.5 3.8874999999999997 0.0
237.5 3.9625 0.0
237.5 4.0375 0.0
237.5 4.1125 6.272044023848336e-09
237.5 4.1875 1.325910106641538e-06
237.5 4.262499999999999 0.00013263554217672315
237.5 4.3374999999999995 0.0027802447051021874
237.5 4.4125 0.0042644147897798815
237.5 4.4875 0.0003254293946081875
237.5 4.5625 7.426100124236429e-07
237.5 4.637499999999999 0.0
237.5 4.7124999999999995 0.0
237.5 4.7875 0.0
237.5 4.862499999999999 0.0
237.5 4.9375 0.0
237.5 5.012499999999999 0.0
237.5 5.0874999999999995 0.0
237.5 5.1625 0.0
237.5 5.237499999999999 0.0
237.5 5.3125 0.0
237.5 5.387499999999999 0.0
242.5 2.4625 0.0
242.5 2.5375 0.0
242.5 2.6125000000000003 0.0
242.5 2.6875 0.0
242.5 2.7625 0.0
242.5 2.8375 0.0
242.5 2.9125 0.0
242.5 2.9875000000000003 0.0
242.5 3.0625 0.0
242.5 3.1375 0.0
242.5 3.2125 0.0
242.5 3.2875 0.0
242.5 3.3625000000000003 0.0
242.5 3.4375 0.0
242.5 3.5125 0.0
242.5 3.5875 0.0
242.5 3.6625 0.0
242.5 3.7375000000000003 0.0
242.5 3.8125 0.0
242.5 3.8874999999999997 0.0
242.5 3.9625 0.0
242.5 4.0375 0.0
242.5 4.1125 6.272044023848335e-10
242.5 4.1875 8.197561539169774e-07
242.5 4.262499999999999 9.85237763442192e-05
242.5 4.3374999999999995 0.002378265013182931
242.5 4.4125 0.004285724686555308
242.5 4.4875 0.00038499123347626084
242.5 4.5625 1.080045980906683e-06
242.5 4.637499999999999 0.0
242.5 4.7124999999999995 0.0
242.5 4.7875 0.0
242.5 4.862499999999999 0.0
242.5 4.9375 0.0
242.5 5.012499999999999 0.0
242.5 5.0874999999999995 0.0
242.5 5.1625 0.0
242.5 5.237499999999999 0.0
242.5 5.3125 0.0
242.5 5.387499999999999 0.0
247.5 2.4625 0.0
247.5 2.5375 0.0
247.5 2.6125000000000003 0.0
247.5 2.6875 0.0
247.5 2.7625 0.0
247.5 2.8375 0.0
247.5 2.9125 0.0
247.5 2.9875000000000003 0.0
247.5 3.0625 0.0
247.5 3.1375 0.0
247.5 3.2125 0.0
247.5 3.2875 0.0
247.5 3.3625000000000003 0.0
247.5 3.4375 0.0
247.5 3.5125 0.0
247.5 3.5875 0.0
247.5 3.6625 0.0
247.5 3.7375000000000003 0.0
247.5 3.8125 0.0
247.5 3.8874999999999997 0.0
247.5 3.9625 0.0
247.5 4.0375 0.0
247.5 4.1125 0.0
247.5 4.1875 6.065066571061339e-07
247.5 4.262499999999999 7.331643141237273e-05
247.5 4.3374999999999995 0.002020213463197903
247.5 4.4125 0.004241031982454572
247.5 4.4875 0.00044995894708848915
247.5 4.5625 1.4074466789515663e-06
247.5 4.637499999999999 0.0
247.5 4.7124999999999995 0.0
247.5 4.7875 0.0
247.5 4.862499999999999 0.0
247.5 4.9375 0.0
247.5 5.012499999999999 0.0
247.5 5.0874999999999995 0.0
247.5 5.1625 0.0
247.5 5.237499999999999 0.0
247.5 5.3125 0.0
247.5 5.387499999999999 0.0
252.5 2.4625 0.0
252.5 2.5375 0.0
252.5 2.6125000000000003 0.0
252.5 2.6875 0.0
252.5 2.7625 0.0
252.5 2.8375 0.0
252.5 2.9125 0.0
252.5 2.9875000000000003 0.0
252.5 3.0625 0.0
252.5 3.1375 0.0
252.5 3.2125 0.0
252.5 3.2875 0.0
252.5 3.3625000000000003 0.0
252.5 3.4375 0.0
252.5 3.5125 0.0
252.5 3.5875 0.0
252.5 3.6625 0.0
252.5 3.7375000000000003 0.0
252.5 3.8125 0.0
252.5 3.8874999999999997 0.0
252.5 3.9625 0.0
252.5 4.0375 0.0
252.5 4.1125 0.0
252.5 4.1875 4.7604814141008863e-07
252.5 4.262499999999999 5.295361328454673e-05
252.5 4.3374999999999995 0.0017021643827925782
252.5 4.4125 0.004177135533961617
252.5 4.4875 0.000510452184494104
252.5 4.5625 1.9204998801023606e-06
252.5 4.637499999999999 0.0
252.5 4.7124999999999995 0.0
252.5 4.7875 0.0
252.5 4.862499999999999 0.0
252.5 4.9375 0.0
252.5 5.012499999999999 0.0
252.5 5.0874999999999995 0.0
252.5 5.1625 0.0
252.5 5.237499999999999 0.0
252.5 5.3125 0.0
252.5 5.387499999999999 0.0
257.5 2.4625 0.0
257.5 2.5375 0.0
257.5 2.6125000000000003 0.0
257.5 2.6875 0.0
257.5 2.7625 0.0
257.5 2.8375 0.0
257.5 2.9125 0.0
257.5 2.9875000000000003 0.0
257.5 3.0625 0.0
257.5 3.1375 0.0
257.5 3.2125 0.0
257.5 3.2875 0.0
257.5 3.3625000000000003 0.0
257.5 3.4375 0.0
257.5 3.5125 0.0
257.5 3.5875 0.0
257.5 3.6625 0.0
257.5 3.7375000000000003 0.0
257.5 3.8125 0.0
257.5 3.8874999999999997 0.0
257.5 3.9625 0.0
257.5 4.0375 0.0
257.5 4.1125 0.0
257.5 4.1875 2.82241981073175e-07
257.5 4.262499999999999 3.914947159245892e-05
257.5 4.3374999999999995 0.001423204562357083
257.5 4.4125 0.004060829885605385
257.5 4.4875 0.0005796271852375295
257.5 4.5625 2.6160695623471405e-06
257.5 4.637499999999999 0.0
257.5 4.7124999999999995 0.0
257.5 4.7875 0.0
257.5 4.862499999999999 0.0
257.5 4.9375 0.0
257.5 5.012499999999999 0.0
257.5 5.0874999999999995 0.0
257.5 5.1625 0.0
257.5 5.237499999999999 0.0
257.5 5.3125 0.0
257.5 5.387499999999999 0.0
262.5 2.4625 0.0
262.5 2.5375 0.0
262.5 2.6125000000000003 0.0
262.5 2.6875 0.0
262.5 2.7625 0.0
262.5 2.8375 0.0
262.5 2.9125 0.0
262.5 2.9875000000000003 0.0
262.5 3.0625 0.0
262.5 3.1375 0.0
262.5 3.2125 0.0
262.5 3.2875 0.0
262.5 3.3625000000000003 0.0
262.5 3.4375 0.0
262.5 3.5125 0.0
262.5 3.5875 0.0
262.5 3.6625 0.0
262.5 3.7375000000000003 0.0
262.5 3.8125 0.0
262.5 3.8874999999999997 0.0
262.5 3.9625 0.0
262.5 4.0375 0.0
262.5 4.1125 0.0
262.5 4.1875 1.6181873581528702e-07
262.5 4.262499999999999 2.8506440088390685e-05
262.5 4.3374999999999995 0.001186022199960039
262.5 4.4125 0.003927657456460221
262.5 4.4875 0.0006542751715961654
262.5 4.5625 3.4998005653073707e-06
262.5 4.637499999999999 7.526452828618002e-09
262.5 4.7124999999999995 0.0
262.5 4.7875 0.0
262.5 4.862499999999999 0.0
262.5 4.9375 0.0
262.5 5.012499999999999 0.0
262.5 5.0874999999999995 0.0
262.5 5.1625 0.0
262.5 5.237499999999999 0.0
262.5 5.3125 0.0
262.5 5.387499999999999 0.0
267.5 2.4625 0.0
267.5 2.5375 0.0
267.5 2.6125000000000003 0.0
267.5 2.6875 0.0
267.5 2.7625 0.0
267.5 2.8375 0.0
267.5 2.9125 0.0
267.5 2.9875000000000003 0.0
267.5 3.0625 0.0
267.5 3.1375 0.0
267.5 3.2125 0.0
267.5 3.2875 0.0
267.5 3.3625000000000003 0.0
267.5 3.4375 0.0
267.5 3.5125 0.0
267.5 3.5875 0.0
267.5 3.6625 0.0
267.5 3.7375000000000003 0.0
267.5 3.8125 0.0
267.5 3.8874999999999997 0.0
267.5 3.9625 0.0
267.5 4.0375 0.0
267.5 4.1125 0.0
267.5 4.1875 1.2418647167219705e-07
267.5 4.262499999999999 2.105337017485171e-05
267.5 4.3374999999999995 0.000979660661896186
267.5 4.4125 0.0037645165737647066
267.5 4.4875 0.0007265234739112768
267.5 4.5625 4.2160679928308505e-06
267.5 4.637499999999999 0.0
267.5 4.7124999999999995 0.0
267.5 4.7875 0.0
267.5 4.862499999999999 0.0
267.5 4.9375 0.0
267.5 5.012499999999999 0.0
267.5 5.0874999999999995 0.0
267.5 5.1625 0.0
267.5 5.237499999999999 0.0
267.5 5.3125 0.0
267.5 5.387499999999999 0.0
272.5 2.4625 0.0
272.5 2.5375 0.0
272.5 2.6125000000000003 0.0
272.5 2.6875 0.0
272.5 2.7625 0.0
272.5 2.8375 0.0
272.5 2.9125 0.0
272.5 2.9875000000000003 0.0
272.5 3.0625 0.0
272.5 3.1375 0.0
272.5 3.2125 0.0
272.5 3.2875 0.0
272.5 3.3625000000000003 0.0
272.5 3.4375 0.0
272.5 3.5125 0.0
272.5 3.5875 0.0
272.5 3.6625 0.0
272.5 3.7375000000000003 0.0
272.5 3.8125 0.0
272.5 3.8874999999999997 0.0
272.5 3.9625 0.0
272.5 4.0375 0.0
272.5 4.1125 0.0
272.5 4.1875 5.268516980032601e-08
272.5 4.262499999999999 1.542860109426452e-05
272.5 4.3374999999999995 0.0008028329247318298
272.5 4.4125 0.0035731935156568346
272.5 4.4875 0.000803258796521049
272.5 4.5625 5.6661645711445855e-06
272.5 4.637499999999999 0.0
272.5 4.7124999999999995 0.0
272.5 4.7875 0.0
272.5 4.862499999999999 0.0
272.5 4.9375 0.0
272.5 5.012499999999999 0.0
272.5 5.0874999999999995 0.0
272.5 5.1625 0.0
272.5 5.237499999999999 0.0
272.5 5.3125 0.0
272.5 5.387499999999999 0.0
277.5 2.4625 0.0
277.5 2.5375 0.0
277.5 2.6125000000000003 0.0
277.5 2.6875 0.0
277.5 2.7625 0.0
277.5 2.8375 0.0
277.5 2.9125 0.0
277.5 2.9875000000000003 0.0
277.5 3.0625 0.0
277.5 3.1375 0.0
277.5 3.2125 0.0
277.5 3.2875 0.0
277.5 3.3625000000000003 0.0
277.5 3.4375 0.0
277.5 3.5125 0.0
277.5 3.5875 0.0
277.5 3.6625 0.0
277.5 3.7375000000000003 0.0
277.5 3.8125 0.0
277.5 3.8874999999999997 0.0
277.5 3.9625 0.0
277.5 4.0375 0.0
277.5 4.1125 0.0
277.5 4.1875 7.27557106766407e-08
277.5 4.262499999999999 1.102060855430391e-05
277.5 4.3374999999999995 0.0006553125676777099
277.5 4.4125 0.00337054251883749
277.5 4.4875 0.0008718373258778068
277.5 4.5625 6.602580743905141e-06
277.5 4.637499999999999 2.508817609539334e-09
277.5 4.7124999999999995 0.0
277.5 4.7875 0.0
277.5 4.862499999999999 0.0
277.5 4.9375 0.0
277.5 5.012499999999999 0.0
277.5 5.0874999999999995 0.0
277.5 5.1625 0.0
277.5 5.237499999999999 0.0
277.5 5.3125 0.0
277.5 5.387499999999999 0.0
282.5 2.4625 0.0
282.5 2.5375 0.0
282.5 2.6125000000000003 0.0
282.5 2.6875 0.0
282.5 2.7625 0.0
282.5 2.8375 0.0
282.5 2.9125 0.0
282.5 2.9875000000000003 0.0
282.5 3.0625 0.0
282.5 3.1375 0.0
282.5 3.2125 0.0
282.5 3.2875 0.0
282.5 3.3625000000000003 0.0
282.5 3.4375 0.0
282.5 3.5125 0.0
282.5 3.5875 0.0
282.5 3.6625 0.0
282.5 3.7375000000000003 0.0
282.5 3.8125 0.0
282.5 3.8874999999999997 0.0
282.5 3.9625 0.0
282.5 4.0375 0.0
282.5 4.1125 0.0
282.5 4.1875 1.2544088047696671e-08
282.5 4.262499999999999 7.976158385127927e-06
282.5 4.3374999999999995 0.000530223548870481
282.5 4.4125 0.003162410382745705
282.5 4.4875 0.0009405450593414558
282.5 4.5625 8.318611988830048e-06
282.5 4.637499999999999 0.0
282.5 4.7124999999999995 0.0
282.5 4.7875 0.0
282.5 4.862499999999999 0.0
282.5 4.9375 0.0
282.5 5.012499999999999 0.0
282.5 5.0874999999999995 0.0
282.5 5.1625 0.0
282.5 5.237499999999999 0.0
282.5 5.3125 0.0
282.5 5.387499999999999 0.0
287.5 2.4625 0.0
287.5 2.5375 0.0
287.5 2.6125000000000003 0.0
287.5 2.6875 0.0
287.5 2.7625 0.0
287.5 2.8375 0.0
287.5 2.9125 0.0
287.5 2.9875000000000003 0.0
287.5 3.0625 0.0
287.5 3.1375 0.0
287.5 3.2125 0.0
287.5 3.2875 0.0
287.5 3.3625000000000003 0.0
287.5 3.4375 0.0
287.5 3.5125 0.0
287.5 3.5875 0.0
287.5 3.6625 0.0
287.5 3.7375000000000003 0.0
287.5 3.8125 0.0
287.5 3.8874999999999997 0.0
287.5 3.9625 0.0
287.5 4.0375 0.0
287.5 4.1125 0.0
287.5 4.1875 1.0662474840542169e-08
287.5 4.262499999999999 5.641703599451577e-06
287.5 4.3374999999999995 0.00042629954262172847
287.5 4.4125 0.0029470258821491435
287.5 4.4875 0.0010061280604724233
287.5 4.5625 1.0892031651815019e-05
287.5 4.637499999999999 0.0
287.5 4.7124999999999995 0.0
287.5 4.7875 0.0
287.5 4.862499999999999 0.0
287.5 4.9375 0.0
287.5 5.012499999999999 0.0
287.5 5.0874999999999995 0.0
287.5 5.1625 0.0
287.5 5.237499999999999 0.0
287.5 5.3125 0.0
287.5 5.387499999999999 0.0
292.5 2.4625 0.0
292.5 2.5375 0.0
292.5 2.6125000000000003 0.0
292.5 2.6875 0.0
292.5 2.7625 0.0
292.5 2.8375 0.0
292.5 2.9125 0.0
292.5 2.9875000000000003 0.0
292.5 3.0625 0.0
292.5 3.1375 0.0
292.5 3.2125 0.0
292.5 3.2875 0.0
292.5 3.3625000000000003 0.0
292.5 3.4375 0.0
292.5 3.5125 0.0
292.5 3.5875 0.0
292.5 3.6625 0.0
292.5 3.7375000000000003 0.0
292.5 3.8125 0.0
292.5 3.8874999999999997 0.0
292.5 3.9625 0.0
292.5 4.0375 0.0
292.5 4.1125 0.0
292.5 4.1875 1.3171292450081503e-08
292.5 4.262499999999999 4.174672502273452e-06
292.5 4.3374999999999995 0.00034105431068039854
292.5 4.4125 0.0027291520072795167
292.5 4.4875 0.0010677251776262356
292.5 4.5625 1.2599282035106536e-05
292.5 4.637499999999999 6.272044023848335e-09
292.5 4.7124999999999995 0.0
292.5 4.7875 0.0
292.5 4.862499999999999 0.0
292.5 4.9375 0.0
292.5 5.012499999999999 0.0
292.5 5.0874999999999995 0.0
292.5 5.1625 0.0
292.5 5.237499999999999 0.0
292.5 5.3125 0.0
292.5 5.387499999999999 0.0
297.5 2.4625 0.0
297.5 2.5375 0.0
297.5 2.6125000000000003 0.0
297.5 2.6875 0.0
297.5 2.7625 0.0
297.5 2.8375 0.0
297.5 2.9125 0.0
297.5 2.9875000000000003 0.0
297.5 3.0625 0.0
297.5 3.1375 0.0
297.5 3.2125 0.0
297.5 3.2875 0.0
297.5 3.3625000000000003 0.0
297.5 3.4375 0.0
297.5 3.5125 0.0
297.5 3.5875 0.0
297.5 3.6625 0.0
297.5 3.7375000000000003 0.0
297.5 3.8125 0.0
297.5 3.8874999999999997 0.0
297.5 3.9625 0.0
297.5 4.0375 0.0
297.5 4.1125 0.0
297.5 4.1875 1.5052905657236007e-08
297.5 4.262499999999999 3.029397263518746e-06
297.5 4.3374999999999995 0.0002725428921946961
297.5 4.4125 0.0025126322667146385
297.5 4.4875 0.001126311086444198
297.5 4.5625 1.5320721937054326e-05
297.5 4.637499999999999 3.1360220119241674e-09
297.5 4.7124999999999995 0.0
297.5 4.7875 0.0
297.5 4.862499999999999 0.0
297.5 4.9375 0.0
297.5 5.012499999999999 0.0
297.5 5.0874999999999995 0.0
297.5 5.1625 0.0
297.5 5.237499999999999 0.0
297.5 5.3125 0.0
297.5 5.387499999999999 0.0
302.5 2.4625 0.0
302.5 2.5375 0.0
302.5 2.6125000000000003 0.0
302.5 2.6875 0.0
302.5 2.7625 0.0
302.5 2.8375 0.0
302.5 2.9125 0.0
302.5 2.9875000000000003 0.0
302.5 3.0625 0.0
302.5 3.1375 0.0
302.5 3.2125 0.0
302.5 3.2875 0.0
302.5 3.3625000000000003 0.0
302.5 3.4375 0.0
302.5 3.5125 0.0
302.5 3.5875 0.0
302.5 3.6625 0.0
302.5 3.7375000000000003 0.0
302.5 3.8125 0.0
302.5 3.8874999999999997 0.0
302.5 3.9625 0.0
302.5 4.0375 0.0
302.5 4.1125 0.0
302.5 4.1875 1.254408804769667e-08
302.5 4.262499999999999 2.2422557385257795e-06
302.5 4.3374999999999995 0.00021807395307398754
302.5 4.4125 0.0022931439677132733
302.5 4.4875 0.001171885639934687
302.5 4.5625 1.876909174136614e-05
302.5 4.637499999999999 1.254408804769667e-09
302.5 4.7124999999999995 0.0
302.5 4.7875 0.0
302.5 4.862499999999999 0.0
302.5 4.9375 0.0
302.5 5.012499999999999 0.0
302.5 5.0874999999999995 0.0
302.5 5.1625 0.0
302.5 5.237499999999999 0.0
302.5 5.3125 0.0
302.5 5.387499999999999 0.0
307.5 2.4625 0.0
307.5 2.5375 0.0
307.5 2.6125000000000003 0.0
307.5 2.6875 0.0
307.5 2.7625 0.0
307.5 2.8375 0.0
307.5 2.9125 0.0
307.5 2.9875000000000003 0.0
307.5 3.0625 0.0
307.5 3.1375 0.0
307.5 3.2125 0.0
307.5 3.2875 0.0
307.5 3.3625000000000003 0.0
307.5 3.4375 0.0
307.5 3.5125 0.0
307.5 3.5875 0.0
307.5 3.6625 0.0
307.5 3.7375000000000003 0.0
307.5 3.8125 0.0
307.5 3.8874999999999997 0.0
307.5 3.9625 0.0
307.5 4.0375 0.0
307.5 4.1125 0.0
307.5 4.1875 0.0
307.5 4.262499999999999 1.4475877607041959e-06
307.5 4.3374999999999995 0.00017208544467792438
307.5 4.4125 0.0020850256301183402
307.5 4.4875 0.0012170255407743238
307.5 4.5625 2.2254466605418665e-05
307.5 4.637499999999999 7.526452828618002e-09
307.5 4.7124999999999995 0.0
307.5 4.7875 0.0
307.5 4.862499999999999 0.0
307.5 4.9375 0.0
307.5 5.012499999999999 0.0
307.5 5.0874999999999995 0.0
307.5 5.1625 0.0
307.5 5.237499999999999 0.0
307.5 5.3125 0.0
307.5 5.387499999999999 0.0
312.5 2.4625 0.0
312.5 2.5375 0.0
312.5 2.6125000000000003 0.0
312.5 2.6875 0.0
312.5 2.7625 0.0
312.5 2.8375 0.0
312.5 2.9125 0.0
312.5 2.9875000000000003 0.0
312.5 3.0625 0.0
312.5 3.1375 0.0
312.5 3.2125 0.0
312.5 3.2875 0.0
312.5 3.3625000000000003 0.0
312.5 3.4375 0.0
312.5 3.5125 0.0
312.5 3.5875 0.0
312.5 3.6625 0.0
312.5 3.7375000000000003 0.0
312.5 3.8125 0.0
312.5 3.8874999999999997 0.0
312.5 3.9625 0.0
312.5 4.0375 0.0
312.5 4.1125 0.0
312.5 4.1875 0.0
312.5 4.262499999999999 1.13022233309747e-06
312.5 4.3374999999999995 0.00013675878391800102
312.5 4.4125 0.0018826198702203282
312.5 4.4875 0.0012496144543178375
312.5 4.5625 2.6874454233385345e-05
312.5 4.637499999999999 7.526452828618002e-09
312.5 4.7124999999999995 0.0
312.5 4.7875 0.0
312.5 4.862499999999999 0.0
312.5 4.9375 0.0
312.5 5.012499999999999 0.0
312.5 5.0874999999999995 0.0
312.5 5.1625 0.0
312.5 5.237499999999999 0.0
312.5 5.3125 0.0
312.5 5.387499999999999 0.0
317.5 2.4625 0.0
317.5 2.5375 0.0
317.5 2.6125000000000003 0.0
317.5 2.6875 0.0
317.5 2.7625 0.0
317.5 2.8375 0.0
317.5 2.9125 0.0
317.5 2.9875000000000003 0.0
317.5 3.0625 0.0
317.5 3.1375 0.0
317.5 3.2125 0.0
317.5 3.2875 0.0
317.5 3.3625000000000003 0.0
317.5 3.4375 0.0
317.5 3.5125 0.0
317.5 3.5875 0.0
317.5 3.6625 0.0
317.5 3.7375000000000003 0.0
317.5 3.8125 0.0
317.5 3.8874999999999997 0.0
317.5 3.9625 0.0
317.5 4.0375 0.0
317.5 4.1125 0.0
317.5 4.1875 0.0
317.5 4.262499999999999 9.546051004297166e-07
317.5 4.3374999999999995 0.00010730902840842355
317.5 4.4125 0.0016802417073160211
317.5 4.4875 0.0012797014495002379
317.5 4.5625 3.059440354392979e-05
317.5 4.637499999999999 1.756172326677534e-08
317.5 4.7124999999999995 0.0
317.5 4.7875 0.0
317.5 4.862499999999999 0.0
317.5 4.9375 0.0
317.5 5.012499999999999 0.0
317.5 5.0874999999999995 0.0
317.5 5.1625 0.0
317.5 5.237499999999999 0.0
317.5 5.3125 0.0
317.5 5.387499999999999 0.0
322.5 2.4625 0.0
322.5 2.5375 0.0
322.5 2.6125000000000003 0.0
322.5 2.6875 0.0
322.5 2.7625 0.0
322.5 2.8375 0.0
322.5 2.9125 0.0
322.5 2.9875000000000003 0.0
322.5 3.0625 0.0
322.5 3.1375 0.0
322.5 3.2125 0.0
322.5 3.2875 0.0
322.5 3.3625000000000003 0.0
322.5 3.4375 0.0
322.5 3.5125 0.0
322.5 3.5875 0.0
322.5 3.6625 0.0
322.5 3.7375000000000003 0.0
322.5 3.8125 0.0
322.5 3.8874999999999997 0.0
322.5 3.9625 0.0
322.5 4.0375 0.0
322.5 4.1125 0.0
322.5 4.1875 0.0
322.5 4.262499999999999 7.237938803520978e-07
322.5 4.3374999999999995 8.365965921210101e-05
322.5 4.4125 0.00150710255924209
322.5 4.4875 0.0013011493312441896
322.5 4.5625 3.513222739518406e-05
322.5 4.637499999999999 2.007054087631467e-08
322.5 4.7124999999999995 0.0
322.5 4.7875 0.0
322.5 4.862499999999999 0.0
322.5 4.9375 0.0
322.5 5.012499999999999 0.0
322.5 5.0874999999999995 0.0
322.5 5.1625 0.0
322.5 5.237499999999999 0.0
322.5 5.3125 0.0
322.5 5.387499999999999 0.0
327.5 2.4625 0.0
327.5 2.5375 0.0
327.5 2.6125000000000003 0.0
327.5 2.6875 0.0
327.5 2.7625 0.0
327.5 2.8375 0.0
327.5 2.9125 0.0
327.5 2.9875000000000003 0.0
327.5 3.0625 0.0
327.5 3.1375 0.0
327.5 3.2125 0.0
327.5 3.2875 0.0
327.5 3.3625000000000003 0.0
327.5 3.4375 0.0
327.5 3.5125 0.0
327.5 3.5875 0.0
327.5 3.6625 0.0
327.5 3.7375000000000003 0.0
327.5 3.8125 0.0
327.5 3.8874999999999997 0.0
327.5 3.9625 0.0
327.5 4.0375 0.0
327.5 4.1125 0.0
327.5 4.1875 2.508817609539334e-09
327.5 4.262499999999999 4.559776005337739e-07
327.5 4.3374999999999995 6.506493029459785e-05
327.5 4.4125 0.0013373622318246824
327.5 4.4875 0.001305805069523092
327.5 4.5625 4.081846250720497e-05
327.5 4.637499999999999 1.1916883645311838e-08
327.5 4.7124999999999995 0.0
327.5 4.7875 0.0
327.5 4.862499999999999 0.0
327.5 4.9375 0.0
327.5 5.012499999999999 0.0
327.5 5.0874999999999995 0.0
327.5 5.1625 0.0
327.5 5.237499999999999 0.0
327.5 5.3125 0.0
327.5 5.387499999999999 0.0
332.5 2.4625 0.0
332.5 2.5375 0.0
332.5 2.6125000000000003 0.0
332.5 2.6875 0.0
332.5 2.7625 0.0
332.5 2.8375 0.0
332.5 2.9125 0.0
332.5 2.9875000000000003 0.0
332.5 3.0625 0.0
332.5 3.1375 0.0
332.5 3.2125 0.0
332.5 3.2875 0.0
332.5 3.3625000000000003 0.0
332.5 3.4375 0.0
332.5 3.5125 0.0
332.5 3.5875 0.0
332.5 3.6625 0.0
332.5 3.7375000000000003 0.0
332.5 3.8125 0.0
332.5 3.8874999999999997 0.0
332.5 3.9625 0.0
332.5 4.0375 0.0
332.5 4.1125 0.0
332.5 4.1875 0.0
332.5 4.262499999999999 3.361815596782707e-07
332.5 4.3374999999999995 5.0987954687472656e-05
332.5 4.4125 0.001173459295780271
332.5 4.4875 0.0013035402344260805
332.5 4.5625 4.702904049961958e-05
332.5 4.637499999999999 2.3833767290623673e-08
332.5 4.7124999999999995 0.0
332.5 4.7875 0.0
332.5 4.862499999999999 0.0
332.5 4.9375 0.0
332.5 5.012499999999999 0.0
332.5 5.0874999999999995 0.0
332.5 5.1625 0.0
332.5 5.237499999999999 0.0
332.5 5.3125 0.0
332.5 5.387499999999999 0.0
337.5 2.4625 0.0
337.5 2.5375 0.0
337.5 2.6125000000000003 0.0
337.5 2.6875 0.0
337.5 2.7625 0.0
337.5 2.8375 0.0
337.5 2.9125 0.0
337.5 2.9875000000000003 0.0
337.5 3.0625 0.0
337.5 3.1375 0.0
337.5 3.2125 0.0
337.5 3.2875 0.0
337.5 3.3625000000000003 0.0
337.5 3.4375 0.0
337.5 3.5125 0.0
337.5 3.5875 0.0
337.5 3.6625 0.0
337.5 3.7375000000000003 0.0
337.5 3.8125 0.0
337.5 3.8874999999999997 0.0
337.5 3.9625 0.0
337.5 4.0375 0.0
337.5 4.1125 0.0
337.5 4.1875 0.0
337.5 4.262499999999999 2.207759496394614e-07
337.5 4.3374999999999995 3.916201568050662e-05
337.5 4.4125 0.001035934695286958
337.5 4.4875 0.0012942839518556852
337.5 4.5625 5.2867059077017625e-05
337.5 4.637499999999999 4.076828615501418e-08
337.5 4.7124999999999995 0.0
337.5 4.7875 0.0
337.5 4.862499999999999 0.0
337.5 4.9375 0.0
337.5 5.012499999999999 0.0
337.5 5.0874999999999995 0.0
337.5 5.1625 0.0
337.5 5.237499999999999 0.0
337.5 5.3125 0.0
337.5 5.387499999999999 0.0
342.5 2.4625 0.0
342.5 2.5375 0.0
342.5 2.6125000000000003 0.0
342.5 2.6875 0.0
342.5 2.7625 0.0
342.5 2.8375 0.0
342.5 2.9125 0.0
342.5 2.9875000000000003 0.0
342.5 3.0625 0.0
342.5 3.1375 0.0
342.5 3.2125 0.0
342.5 3.2875 0.0
342.5 3.3625000000000003 0.0
342.5 3.4375 0.0
342.5 3.5125 0.0
342.5 3.5875 0.0
342.5 3.6625 0.0
342.5 3.7375000000000003 0.0
342.5 3.8125 0.0
342.5 3.8874999999999997 0.0
342.5 3.9625 0.0
342.5 4.0375 0.0
342.5 4.1125 0.0
342.5 4.1875 1.8816132071545005e-09
342.5 4.262499999999999 1.8502529870352587e-07
342.5 4.3374999999999995 3.049655965715776e-05
342.5 4.4125 0.0009034910776573646
342.5 4.4875 0.0012814425689212585
342.5 4.5625 5.8758390028618366e-05
342.5 4.637499999999999 5.833000942178952e-08
342.5 4.7124999999999995 0.0
342.5 4.7875 0.0
342.5 4.862499999999999 0.0
342.5 4.9375 0.0
342.5 5.012499999999999 0.0
342.5 5.0874999999999995 0.0
342.5 5.1625 0.0
342.5 5.237499999999999 0.0
342.5 5.3125 0.0
342.5 5.387499999999999 0.0
347.5 2.4625 0.0
347.5 2.5375 0.0
347.5 2.6125000000000003 0.0
347.5 2.6875 0.0
347.5 2.7625 0.0
347.5 2.8375 0.0
347.5 2.9125 0.0
347.5 2.9875000000000003 0.0
347.5 3.0625 0.0
347.5 3.1375 0.0
347.5 3.2125 0.0
347.5 3.2875 0.0
347.5 3.3625000000000003 0.0
347.5 3.4375 0.0
347.5 3.5125 0.0
347.5 3.5875 0.0
347.5 3.6625 0.0
347.5 3.7375000000000003 0.0
347.5 3.8125 0.0
347.5 3.8874999999999997 0.0
347.5 3.9625 0.0
347.5 4.0375 0.0
347.5 4.1125 0.0
347.5 4.1875 6.272044023848335e-10
347.5 4.262499999999999 1.1352399683165487e-07
347.5 4.3374999999999995 2.4338666834543465e-05
347.5 4.4125 0.0007854091864335791
347.5 4.4875 0.0012623078170133017
347.5 4.5625 6.709644535392234e-05
347.5 4.637499999999999 6.272044023848335e-08
347.5 4.7124999999999995 0.0
347.5 4.7875 0.0
347.5 4.862499999999999 0.0
347.5 4.9375 0.0
347.5 5.012499999999999 0.0
347.5 5.0874999999999995 0.0
347.5 5.1625 0.0
347.5 5.237499999999999 0.0
347.5 5.3125 0.0
347.5 5.387499999999999 0.0
352.5 2.4625 0.0
352.5 2.5375 0.0
352.5 2.6125000000000003 0.0
352.5 2.6875 0.0
352.5 2.7625 0.0
352.5 2.8375 0.0
352.5 2.9125 0.0
352.5 2.9875000000000003 0.0
352.5 3.0625 0.0
352.5 3.1375 0.0
352.5 3.2125 0.0
352.5 3.2875 0.0
352.5 3.3625000000000003 0.0
352.5 3.4375 0.0
352.5 3.5125 0.0
352.5 3.5875 0.0
352.5 3.6625 0.0
352.5 3.7375000000000003 0.0
352.5 3.8125 0.0
352.5 3.8874999999999997 0.0
352.5 3.9625 0.0
352.5 4.0375 0.0
352.5 4.1125 0.0
352.5 4.1875 0.0
352.5 4.262499999999999 9.031743394341602e-08
352.5 4.3374999999999995 1.83739529678637e-05
352.5 4.4125 0.0006830588360304101
352.5 4.4875 0.0012313295643751122
352.5 4.5625 7.337601583059928e-05
352.5 4.637499999999999 6.021162262894401e-08
352.5 4.7124999999999995 0.0
352.5 4.7875 0.0
352.5 4.862499999999999 0.0
352.5 4.9375 0.0
352.5 5.012499999999999 0.0
352.5 5.0874999999999995 0.0
352.5 5.1625 0.0
352.5 5.237499999999999 0.0
352.5 5.3125 0.0
352.5 5.387499999999999 0.0
357.5 2.4625 0.0
357.5 2.5375 0.0
357.5 2.6125000000000003 0.0
357.5 2.6875 0.0
357.5 2.7625 0.0
357.5 2.8375 0.0
357.5 2.9125 0.0
357.5 2.9875000000000003 0.0
357.5 3.0625 0.0
357.5 3.1375 0.0
357.5 3.2125 0.0
357.5 3.2875 0.0
357.5 3.3625000000000003 0.0
357.5 3.4375 0.0
357.5 3.5125 0.0
357.5 3.5875 0.0
357.5 3.6625 0.0
357.5 3.7375000000000003 0.0
357.5 3.8125 0.0
357.5 3.8874999999999997 0.0
357.5 3.9625 0.0
357.5 4.0375 0.0
357.5 4.1125 0.0
357.5 4.1875 0.0
357.5 4.262499999999999 9.219904715057052e-08
357.5 4.3374999999999995 1.4343537478138757e-05
357.5 4.4125 0.0005854771206985729
357.5 4.4875 0.0011949078047286251
357.5 4.5625 7.996040764683527e-05
357.5 4.637499999999999 1.085063616125762e-07
357.5 4.7124999999999995 0.0
357.5 4.7875 0.0
357.5 4.862499999999999 0.0
357.5 4.9375 0.0
357.5 5.012499999999999 0.0
357.5 5.0874999999999995 0.0
357.5 5.1625 0.0
357.5 5.237499999999999 0.0
357.5 5.3125 0.0
357.5 5.387499999999999 0.0
362.5 2.4625 0.0
362.5 2.5375 0.0
362.5 2.6125000000000003 0.0
362.5 2.6875 0.0
362.5 2.7625 0.0
362.5 2.8375 0.0
362.5 2.9125 0.0
362.5 2.9875000000000003 0.0
362.5 3.0625 0.0
362.5 3.1375 0.0
362.5 3.2125 0.0
362.5 3.2875 0.0
362.5 3.3625000000000003 0.0
362.5 3.4375 0.0
362.5 3.5125 0.0
362.5 3.5875 0.0
362.5 3.6625 0.0
362.5 3.7375000000000003 0.0
362.5 3.8125 0.0
362.5 3.8874999999999997 0.0
362.5 3.9625 0.0
362.5 4.0375 0.0
362.5 4.1125 0.0
362.5 4.1875 0.0
362.5 4.262499999999999 4.076828615501418e-08
362.5 4.3374999999999995 1.1104026739821092e-05
362.5 4.4125 0.0005049133424166435
362.5 4.4875 0.0011508379145994572
362.5 4.5625 8.758784038423722e-05
362.5 4.637499999999999 1.2293206286742737e-07
362.5 4.7124999999999995 0.0
362.5 4.7875 0.0
362.5 4.862499999999999 0.0
362.5 4.9375 0.0
362.5 5.012499999999999 0.0
362.5 5.0874999999999995 0.0
362.5 5.1625 0.0
362.5 5.237499999999999 0.0
362.5 5.3125 0.0
362.5 5.387499999999999 0.0
367.5 2.4625 0.0
367.5 2.5375 0.0
367.5 2.6125000000000003 0.0
367.5 2.6875 0.0
367.5 2.7625 0.0
367.5 2.8375 0.0
367.5 2.9125 0.0
367.5 2.9875000000000003 0.0
367.5 3.0625 0.0
367.5 3.1375 0.0
367.5 3.2125 0.0
367.5 3.2875 0.0
367.5 3.3625000000000003 0.0
367.5 3.4375 0.0
367.5 3.5125 0.0
367.5 3.5875 0.0
367.5 3.6625 0.0
367.5 3.7375000000000003 0.0
367.5 3.8125 0.0
367.5 3.8874999999999997 0.0
367.5 3.9625 0.0
367.5 4.0375 0.0
367.5 4.1125 0.0
367.5 4.1875 0.0
367.5 4.262499999999999 4.3277103764553505e-08
367.5 4.3374999999999995 8.168082932257687e-06
367.5 4.4125 0.000434209844544606
367.5 4.4875 0.0011142236032014377
367.5 4.5625 9.571327341713275e-05
367.5 4.637499999999999 1.4488421695089653e-07
367.5 4.7124999999999995 0.0
367.5 4.7875 0.0
367.5 4.862499999999999 0.0
367.5 4.9375 0.0
367.5 5.012499999999999 0.0
367.5 5.0874999999999995 0.0
367.5 5.1625 0.0
367.5 5.237499999999999 0.0
367.5 5.3125 0.0
367.5 5.387499999999999 0.0
372.5 2.4625 0.0
372.5 2.5375 0.0
372.5 2.6125000000000003 0.0
372.5 2.6875 0.0
372.5 2.7625 0.0
372.5 2.8375 0.0
372.5 2.9125 0.0
372.5 2.9875000000000003 0.0
372.5 3.0625 0.0
372.5 3.1375 0.0
372.5 3.2125 0.0
372.5 3.2875 0.0
372.5 3.3625000000000003 0.0
372.5 3.4375 0.0
372.5 3.5125 0.0
372.5 3.5875 0.0
372.5 3.6625 0.0
372.5 3.7375000000000003 0.0
372.5 3.8125 0.0
372.5 3.8874999999999997 0.0
372.5 3.9625 0.0
372.5 4.0375 0.0
372.5 4.1125 0.0
372.5 4.1875 0.0
372.5 4.262499999999999 1.3171292450081503e-08
372.5 4.3374999999999995 6.3742783414370624e-06
372.5 4.4125 0.0003660596957946771
372.5 4.4875 0.0010609933927754392
372.5 4.5625 0.00010430032889018351
372.5 4.637499999999999 1.5429228298666904e-07
372.5 4.7124999999999995 0.0
372.5 4.7875 0.0
372.5 4.862499999999999 0.0
372.5 4.9375 0.0
372.5 5.012499999999999 0.0
372.5 5.0874999999999995 0.0
372.5 5.1625 0.0
372.5 5.237499999999999 0.0
372.5 5.3125 0.0
372.5 5.387499999999999 0.0
377.5 2.4625 0.0
377.5 2.5375 0.0
377.5 2.6125000000000003 0.0
377.5 2.6875 0.0
377.5 2.7625 0.0
377.5 2.8375 0.0
377.5 2.9125 0.0
377.5 2.9875000000000003 0.0
377.5 3.0625 0.0
377.5 3.1375 0.0
377.5 3.2125 0.0
377.5 3.2875 0.0
377.5 3.3625000000000003 0.0
377.5 3.4375 0.0
377.5 3.5125 0.0
377.5 3.5875 0.0
377.5 3.6625 0.0
377.5 3.7375000000000003 0.0
377.5 3.8125 0.0
377.5 3.8874999999999997 0.0
377.5 3.9625 0.0
377.5 4.0375 0.0
377.5 4.1125 0.0
377.5 4.1875 0.0
377.5 4.262499999999999 7.526452828618002e-09
377.5 4.3374999999999995 4.902229609039858e-06
377.5 4.4125 0.0003121483413876887
377.5 4.4875 0.0010059141837712102
377.5 4.5625 0.00010977456891419833
377.5 4.637499999999999 2.1701272322515238e-07
377.5 4.7124999999999995 0.0
377.5 4.7875 0.0
377.5 4.862499999999999 0.0
377.5 4.9375 0.0
377.5 5.012499999999999 0.0
377.5 5.0874999999999995 0.0
377.5 5.1625 0.0
377.5 5.237499999999999 0.0
377.5 5.3125 0.0
377.5 5.387499999999999 0.0
382.5 2.4625 0.0
382.5 2.5375 0.0
382.5 2.6125000000000003 0.0
382.5 2.6875 0.0
382.5 2.7625 0.0
382.5 2.8375 0.0
382.5 2.9125 0.0
382.5 2.9875000000000003 0.0
382.5 3.0625 0.0
382.5 3.1375 0.0
382.5 3.2125 0.0
382.5 3.2875 0.0
382.5 3.3625000000000003 0.0
382.5 3.4375 0.0
382.5 3.5125 0.0
382.5 3.5875 0.0
382.5 3.6625 0.0
382.5 3.7375000000000003 0.0
382.5 3.8125 0.0
382.5 3.8874999999999997 0.0
382.5 3.9625 0.0
382.5 4.0375 0.0
382.5 4.1125 0.0
382.5 4.1875 0.0
382.5 4.262499999999999 1.0035270438157336e-08
382.5 4.3374999999999995 3.7713800715400037e-06
382.5 4.4125 0.0002624317300238501
382.5 4.4875 0.0009550824029799314
382.5 4.5625 0.0001181044705822713
382.5 4.637499999999999 2.7596993704932674e-07
382.5 4.7124999999999995 0.0
382.5 4.7875 0.0
382.5 4.862499999999999 0.0
382.5 4.9375 0.0
382.5 5.012499999999999 0.0
382.5 5.0874999999999995 0.0
382.5 5.1625 0.0
382.5 5.237499999999999 0.0
382.5 5.3125 0.0
382.5 5.387499999999999 0.0
387.5 2.4625 0.0
387.5 2.5375 0.0
387.5 2.6125000000000003 0.0
387.5 2.6875 0.0
387.5 2.7625 0.0
387.5 2.8375 0.0
387.5 2.9125 0.0
387.5 2.9875000000000003 0.0
387.5 3.0625 0.0
387.5 3.1375 0.0
387.5 3.2125 0.0
387.5 3.2875 0.0
387.5 3.3625000000000003 0.0
387.5 3.4375 0.0
387.5 3.5125 0.0
387.5 3.5875 0.0
387.5 3.6625 0.0
387.5 3.7375000000000003 0.0
387.5 3.8125 0.0
387.5 3.8874999999999997 0.0
387.5 3.9625 0.0
387.5 4.0375 0.0
387.5 4.1125 0.0
387.5 4.1875 0.0
387.5 4.262499999999999 1.8816132071545005e-09
387.5 4.3374999999999995 2.817402175512672e-06
387.5 4.4125 0.00021944314028439363
387.5 4.4875 0.0009038542290063454
387.5 4.5625 0.00012407106606215822
387.5 4.637499999999999 3.675417797975124e-07
387.5 4.7124999999999995 1.5052905657236004e-08
387.5 4.7875 0.0
387.5 4.862499999999999 0.0
387.5 4.9375 0.0
387.5 5.012499999999999 0.0
387.5 5.0874999999999995 0.0
387.5 5.1625 0.0
387.5 5.237499999999999 0.0
387.5 5.3125 0.0
387.5 5.387499999999999 0.0
392.5 2.4625 0.0
392.5 2.5375 0.0
392.5 2.6125000000000003 0.0
392.5 2.6875 0.0
392.5 2.7625 0.0
392.5 2.8375 0.0
392.5 2.9125 0.0
392.5 2.9875000000000003 0.0
392.5 3.0625 0.0
392.5 3.1375 0.0
392.5 3.2125 0.0
392.5 3.2875 0.0
392.5 3.3625000000000003 0.0
392.5 3.4375 0.0
392.5 3.5125 0.0
392.5 3.5875 0.0
392.5 3.6625 0.0
392.5 3.7375000000000003 0.0
392.5 3.8125 0.0
392.5 3.8874999999999997 0.0
392.5 3.9625 0.0
392.5 4.0375 0.0
392.5 4.1125 0.0
392.5 4.1875 0.0
392.5 4.262499999999999 4.390430816693835e-09
392.5 4.3374999999999995 2.3081122007761873e-06
392.5 4.4125 0.00018583251076939515
392.5 4.4875 0.0008470502078955582
392.5 4.5625 0.00013030108739104678
392.5 4.637499999999999 5.820456854131254e-07
392.5 4.7124999999999995 2.508817609539334e-09
392.5 4.7875 0.0
392.5 4.862499999999999 0.0
392.5 4.9375 0.0
392.5 5.012499999999999 0.0
392.5 5.0874999999999995 0.0
392.5 5.1625 0.0
392.5 5.237499999999999 0.0
392.5 5.3125 0.0
392.5 5.387499999999999 0.0
397.5 2.4625 0.0
397.5 2.5375 0.0
397.5 2.6125000000000003 0.0
397.5 2.6875 0.0
397.5 2.7625 0.0
397.5 2.8375 0.0
397.5 2.9125 0.0
397.5 2.9875000000000003 0.0
397.5 3.0625 0.0
397.5 3.1375 0.0
397.5 3.2125 0.0
397.5 3.2875 0.0
397.5 3.3625000000000003 0.0
397.5 3.4375 0.0
397.5 3.5125 0.0
397.5 3.5875 0.0
397.5 3.6625 0.0
397.5 3.7375000000000003 0.0
397.5 3.8125 0.0
397.5 3.8874999999999997 0.0
397.5 3.9625 0.0
397.5 4.0375 0.0
397.5 4.1125 0.0
397.5 4.1875 0.0
397.5 4.262499999999999 5.644839621463501e-09
397.5 4.3374999999999995 1.4406885122779624e-06
397.5 4.4125 0.00015359295007800995
397.5 4.4875 0.0007910308194921543
397.5 4.5625 0.00013674937585196525
397.5 4.637499999999999 6.127787011299824e-07
397.5 4.7124999999999995 1.0662474840542169e-08
397.5 4.7875 0.0
397.5 4.862499999999999 0.0
397.5 4.9375 0.0
397.5 5.012499999999999 0.0
397.5 5.0874999999999995 0.0
397.5 5.1625 0.0
397.5 5.237499999999999 0.0
397.5 5.3125 0.0
397.5 5.387499999999999 0.0
402.5 2.4625 0.0
402.5 2.5375 0.0
402.5 2.6125000000000003 0.0
402.5 2.6875 0.0
402.5 2.7625 0.0
402.5 2.8375 0.0
402.5 2.9125 0.0
402.5 2.9875000000000003 0.0
402.5 3.0625 0.0
402.5 3.1375 0.0
402.5 3.2125 0.0
402.5 3.2875 0.0
402.5 3.3625000000000003 0.0
402.5 3.4375 0.0
402.5 3.5125 0.0
402.5 3.5875 0.0
402.5 3.6625 0.0
402.5 3.7375000000000003 0.0
402.5 3.8125 0.0
402.5 3.8874999999999997 0.0
402.5 3.9625 0.0
402.5 4.0375 0.0
402.5 4.1125 0.0
402.5 4.1875 0.0
402.5 4.262499999999999 5.644839621463501e-09
402.5 4.3374999999999995 1.269461710426903e-06
402.5 4.4125 0.00012906235869633673
402.5 4.4875 0.0007331498884224724
402.5 4.5625 0.00014232898621558077
402.5 4.637499999999999 9.53350691624947e-07
402.5 4.7124999999999995 1.1289679242927004e-08
402.5 4.7875 0.0
402.5 4.862499999999999 0.0
402.5 4.9375 0.0
402.5 5.012499999999999 0.0
402.5 5.0874999999999995 0.0
402.5 5.1625 0.0
402.5 5.237499999999999 0.0
402.5 5.3125 0.0
402.5 5.387499999999999 0.0
407.5 2.4625 0.0
407.5 2.5375 0.0
407.5 2.6125000000000003 0.0
407.5 2.6875 0.0
407.5 2.7625 0.0
407.5 2.8375 0.0
407.5 2.9125 0.0
407.5 2.9875000000000003 0.0
407.5 3.0625 0.0
407.5 3.1375 0.0
407.5 3.2125 0.0
407.5 3.2875 0.0
407.5 3.3625000000000003 0.0
407.5 3.4375 0.0
407.5 3.5125 0.0
407.5 3.5875 0.0
407.5 3.6625 0.0
407.5 3.7375000000000003 0.0
407.5 3.8125 0.0
407.5 3.8874999999999997 0.0
407.5 3.9625 0.0
407.5 4.0375 0.0
407.5 4.1125 0.0
407.5 4.1875 0.0
407.5 4.262499999999999 7.526452828618002e-09
407.5 4.3374999999999995 1.0380232859468995e-06
407.5 4.4125 0.00010607155412251828
407.5 4.4875 0.0006811032127037742
407.5 4.5625 0.0001466278451895264
407.5 4.637499999999999 1.2286934242718887e-06
407.5 4.7124999999999995 1.3171292450081503e-08
407.5 4.7875 0.0
407.5 4.862499999999999 0.0
407.5 4.9375 0.0
407.5 5.012499999999999 0.0
407.5 5.0874999999999995 0.0
407.5 5.1625 0.0
407.5 5.237499999999999 0.0
407.5 5.3125 0.0
407.5 5.387499999999999 0.0
412.5 2.4625 0.0
412.5 2.5375 0.0
412.5 2.6125000000000003 0.0
412.5 2.6875 0.0
412.5 2.7625 0.0
412.5 2.8375 0.0
412.5 2.9125 0.0
412.5 2.9875000000000003 0.0
412.5 3.0625 0.0
412.5 3.1375 0.0
412.5 3.2125 0.0
412.5 3.2875 0.0
412.5 3.3625000000000003 0.0
412.5 3.4375 0.0
412.5 3.5125 0.0
412.5 3.5875 0.0
412.5 3.6625 0.0
412.5 3.7375000000000003 0.0
412.5 3.8125 0.0
412.5 3.8874999999999997 0.0
412.5 3.9625 0.0
412.5 4.0375 0.0
412.5 4.1125 0.0
412.5 4.1875 0.0
412.5 4.262499999999999 3.198742452162651e-08
412.5 4.3374999999999995 8.642876664863005e-07
412.5 4.4125 8.983699537118924e-05
412.5 4.4875 0.0006319768006825797
412.5 4.5625 0.00015190765184880186
412.5 4.637499999999999 1.8527618046447983e-06
412.5 4.7124999999999995 1.756172326677534e-08
412.5 4.7875 0.0
412.5 4.862499999999999 0.0
412.5 4.9375 0.0
412.5 5.012499999999999 0.0
412.5 5.0874999999999995 0.0
412.5 5.1625 0.0
412.5 5.237499999999999 0.0
412.5 5.3125 0.0
412.5 5.387499999999999 0.0
417.5 2.4625 0.0
417.5 2.5375 0.0
417.5 2.6125000000000003 0.0
417.5 2.6875 0.0
417.5 2.7625 0.0
417.5 2.8375 0.0
417.5 2.9125 0.0
417.5 2.9875000000000003 0.0
417.5 3.0625 0.0
417.5 3.1375 0.0
417.5 3.2125 0.0
417.5 3.2875 0.0
417.5 3.3625000000000003 0.0
417.5 3.4375 0.0
417.5 3.5125 0.0
417.5 3.5875 0.0
417.5 3.6625 0.0
417.5 3.7375000000000003 0.0
417.5 3.8125 0.0
417.5 3.8874999999999997 0.0
417.5 3.9625 0.0
417.5 4.0375 0.0
417.5 4.1125 0.0
417.5 4.1875 0.0
417.5 4.262499999999999 1.630731446200567e-08
417.5 4.3374999999999995 8.987839086174665e-07
417.5 4.4125 7.369902609782747e-05
417.5 4.4875 0.0005815627380232893
417.5 4.5625 0.0001548034545746127
417.5 4.637499999999999 2.5451954648776543e-06
417.5 4.7124999999999995 5.1430760995556345e-08
417.5 4.7875 0.0
417.5 4.862499999999999 0.0
417.5 4.9375 0.0
417.5 5.012499999999999 0.0
417.5 5.0874999999999995 0.0
417.5 5.1625 0.0
417.5 5.237499999999999 0.0
417.5 5.3125 0.0
417.5 5.387499999999999 0.0
422.5 2.4625 0.0
422.5 2.5375 0.0
422.5 2.6125000000000003 0.0
422.5 2.6875 0.0
422.5 2.7625 0.0
422.5 2.8375 0.0
422.5 2.9125 0.0
422.5 2.9875000000000003 0.0
422.5 3.0625 0.0
422.5 3.1375 0.0
422.5 3.2125 0.0
422.5 3.2875 0.0
422.5 3.3625000000000003 0.0
422.5 3.4375 0.0
422.5 3.5125 0.0
422.5 3.5875 0.0
422.5 3.6625 0.0
422.5 3.7375000000000003 0.0
422.5 3.8125 0.0
422.5 3.8874999999999997 0.0
422.5 3.9625 0.0
422.5 4.0375 0.0
422.5 4.1125 0.0
422.5 4.1875 6.272044023848335e-10
422.5 4.262499999999999 1.8188927669160172e-08
422.5 4.3374999999999995 8.141113142955138e-07
422.5 4.4125 6.347873036096662e-05
422.5 4.4875 0.0005286643187261523
422.5 4.5625 0.00015826499567137456
422.5 4.637499999999999 3.6277502633938766e-06
422.5 4.7124999999999995 5.205796539794118e-08
422.5 4.7875 0.0
422.5 4.862499999999999 0.0
422.5 4.9375 0.0
422.5 5.012499999999999 0.0
422.5 5.0874999999999995 0.0
422.5 5.1625 0.0
422.5 5.237499999999999 0.0
422.5 5.3125 0.0
422.5 5.387499999999999 0.0
427.5 2.4625 0.0
427.5 2.5375 0.0
427.5 2.6125000000000003 0.0
427.5 2.6875 0.0
427.5 2.7625 0.0
427.5 2.8375 0.0
427.5 2.9125 0.0
427.5 2.9875000000000003 0.0
427.5 3.0625 0.0
427.5 3.1375 0.0
427.5 3.2125 0.0
427.5 3.2875 0.0
427.5 3.3625000000000003 0.0
427.5 3.4375 0.0
427.5 3.5125 0.0
427.5 3.5875 0.0
427.5 3.6625 0.0
427.5 3.7375000000000003 0.0
427.5 3.8125 0.0
427.5 3.8874999999999997 0.0
427.5 3.9625 0.0
427.5 4.0375 0.0
427.5 4.1125 0.0
427.5 4.1875 1.8816132071545005e-09
427.5 4.262499999999999 1.6934518864390503e-08
427.5 4.3374999999999995 9.64640370867874e-07
427.5 4.4125 5.484526176213938e-05
427.5 4.4875 0.00048099803855370976
427.5 4.5625 0.0001591851045296731
427.5 4.637499999999999 5.0213984454929775e-06
427.5 4.7124999999999995 6.836527985994686e-08
427.5 4.7875 0.0
427.5 4.862499999999999 0.0
427.5 4.9375 0.0
427.5 5.012499999999999 0.0
427.5 5.0874999999999995 0.0
427.5 5.1625 0.0
427.5 5.237499999999999 0.0
427.5 5.3125 0.0
427.5 5.387499999999999 0.0
432.5 2.4625 0.0
432.5 2.5375 0.0
432.5 2.6125000000000003 0.0
432.5 2.6875 0.0
432.5 2.7625 0.0
432.5 2.8375 0.0
432.5 2.9125 0.0
432.5 2.9875000000000003 0.0
432.5 3.0625 0.0
432.5 3.1375 0.0
432.5 3.2125 0.0
432.5 3.2875 0.0
432.5 3.3625000000000003 0.0
432.5 3.4375 0.0
432.5 3.5125 0.0
432.5 3.5875 0.0
432.5 3.6625 0.0
432.5 3.7375000000000003 0.0
432.5 3.8125 0.0
432.5 3.8874999999999997 0.0
432.5 3.9625 0.0
432.5 4.0375 0.0
432.5 4.1125 0.0
432.5 4.1875 0.0
432.5 4.262499999999999 5.7075600617019846e-08
432.5 4.3374999999999995 1.0424137167635934e-06
432.5 4.4125 4.652727697771172e-05
432.5 4.4875 0.00043434908392193537
432.5 4.5625 0.00015955264630947063
432.5 4.637499999999999 6.541741916873812e-06
432.5 4.7124999999999995 1.0537033960065204e-07
432.5 4.7875 0.0
432.5 4.862499999999999 0.0
432.5 4.9375 0.0
432.5 5.012499999999999 0.0
432.5 5.0874999999999995 0.0
432.5 5.1625 0.0
432.5 5.237499999999999 0.0
432.5 5.3125 0.0
432.5 5.387499999999999 0.0
437.5 2.4625 0.0
437.5 2.5375 0.0
437.5 2.6125000000000003 0.0
437.5 2.6875 0.0
437.5 2.7625 0.0
437.5 2.8375 0.0
437.5 2.9125 0.0
437.5 2.9875000000000003 0.0
437.5 3.0625 0.0
437.5 3.1375 0.0
437.5 3.2125 0.0
437.5 3.2875 0.0
437.5 3.3625000000000003 0.0
437.5 3.4375 0.0
437.5 3.5125 0.0
437.5 3.5875 0.0
437.5 3.6625 0.0
437.5 3.7375000000000003 0.0
437.5 3.8125 0.0
437.5 3.8874999999999997 0.0
437.5 3.9625 0.0
437.5 4.0375 0.0
437.5 4.1125 0.0
437.5 4.1875 0.0
437.5 4.262499999999999 6.334764464086818e-08
437.5 4.3374999999999995 1.3353181726773106e-06
437.5 4.4125 4.241093448486006e-05
437.5 4.4875 0.0003927077292388015
437.5 4.5625 0.0001605586821708959
437.5 4.637499999999999 8.487957177473951e-06
437.5 4.7124999999999995 1.724812106558292e-07
437.5 4.7875 0.0
437.5 4.862499999999999 0.0
437.5 4.9375 0.0
437.5 5.012499999999999 0.0
437.5 5.0874999999999995 0.0
437.5 5.1625 0.0
437.5 5.237499999999999 0.0
437.5 5.3125 0.0
437.5 5.387499999999999 0.0
442.5 2.4625 0.0
442.5 2.5375 0.0
442.5 2.6125000000000003 0.0
442.5 2.6875 0.0
442.5 2.7625 0.0
442.5 2.8375 0.0
442.5 2.9125 0.0
442.5 2.9875000000000003 0.0
442.5 3.0625 0.0
442.5 3.1375 0.0
442.5 3.2125 0.0
442.5 3.2875 0.0
442.5 3.3625000000000003 0.0
442.5 3.4375 0.0
442.5 3.5125 0.0
442.5 3.5875 0.0
442.5 3.6625 0.0
442.5 3.7375000000000003 0.0
442.5 3.8125 0.0
442.5 3.8874999999999997 0.0
442.5 3.9625 0.0
442.5 4.0375 0.0
442.5 4.1125 0.0
442.5 4.1875 0.0
442.5 4.262499999999999 1.1101517922211552e-07
442.5 4.3374999999999995 1.5717742323763927e-06
442.5 4.4125 3.704833684446973e-05
442.5 4.4875 0.00034719526898414844
442.5 4.5625 0.00015993649540373017
442.5 4.637499999999999 1.0110534966443517e-05
442.5 4.7124999999999995 1.0850636161257618e-07
442.5 4.7875 0.0
442.5 4.862499999999999 0.0
442.5 4.9375 0.0
442.5 5.012499999999999 0.0
442.5 5.0874999999999995 0.0
442.5 5.1625 0.0
442.5 5.237499999999999 0.0
442.5 5.3125 0.0
442.5 5.387499999999999 0.0
447.5 2.4625 0.0
447.5 2.5375 0.0
447.5 2.6125000000000003 0.0
447.5 2.6875 0.0
447.5 2.7625 0.0
447.5 2.8375 0.0
447.5 2.9125 0.0
447.5 2.9875000000000003 0.0
447.5 3.0625 0.0
447.5 3.1375 0.0
447.5 3.2125 0.0
447.5 3.2875 0.0
447.5 3.3625000000000003 0.0
447.5 3.4375 0.0
447.5 3.5125 0.0
447.5 3.5875 0.0
447.5 3.6625 0.0
447.5 3.7375000000000003 0.0
447.5 3.8125 0.0
447.5 3.8874999999999997 0.0
447.5 3.9625 0.0
447.5 4.0375 0.0
447.5 4.1125 0.0
447.5 4.1875 1.254408804769667e-08
447.5 4.262499999999999 1.254408804769667e-07
447.5 4.3374999999999995 2.0277518329101666e-06
447.5 4.4125 3.502246662476672e-05
447.5 4.4875 0.00031137625276835294
447.5 4.5625 0.0001549602556752089
447.5 4.637499999999999 1.28696071325344e-05
447.5 4.7124999999999995 1.2857690248889086e-07
447.5 4.7875 0.0
447.5 4.862499999999999 0.0
447.5 4.9375 0.0
447.5 5.012499999999999 0.0
447.5 5.0874999999999995 0.0
447.5 5.1625 0.0
447.5 5.237499999999999 0.0
447.5 5.3125 0.0
447.5 5.387499999999999 0.0
452.5 2.4625 0.0
452.5 2.5375 0.0
452.5 2.6125000000000003 0.0
452.5 2.6875 0.0
452.5 2.7625 0.0
452.5 2.8375 0.0
452.5 2.9125 0.0
452.5 2.9875000000000003 0.0
452.5 3.0625 0.0
452.5 3.1375 0.0
452.5 3.2125 0.0
452.5 3.2875 0.0
452.5 3.3625000000000003 0.0
452.5 3.4375 0.0
452.5 3.5125 0.0
452.5 3.5875 0.0
452.5 3.6625 0.0
452.5 3.7375000000000003 0.0
452.5 3.8125 0.0
452.5 3.8874999999999997 0.0
452.5 3.9625 0.0
452.5 4.0375 0.0
452.5 4.1125 2.508817609539334e-09
452.5 4.1875 1.0662474840542169e-08
452.5 4.262499999999999 9.784388677203403e-08
452.5 4.3374999999999995 2.2177947668327715e-06
452.5 4.4125 3.301792135474479e-05
452.5 4.4875 0.0002758426145556426
452.5 4.5625 0.00015310812107496646
452.5 4.637499999999999 1.4416293188815396e-05
452.5 4.7124999999999995 2.822419810731751e-07
452.5 4.7875 0.0
452.5 4.862499999999999 0.0
452.5 4.9375 0.0
452.5 5.012499999999999 0.0
452.5 5.0874999999999995 0.0
452.5 5.1625 0.0
452.5 5.237499999999999 0.0
452.5 5.3125 0.0
452.5 5.387499999999999 0.0
457.5 2.4625 0.0
457.5 2.5375 0.0
457.5 2.6125000000000003 0.0
457.5 2.6875 0.0
457.5 2.7625 0.0
457.5 2.8375 0.0
457.5 2.9125 0.0
457.5 2.9875000000000003 0.0
457.5 3.0625 0.0
457.5 3.1375 0.0
457.5 3.2125 0.0
457.5 3.2875 0.0
457.5 3.3625000000000003 0.0
457.5 3.4375 0.0
457.5 3.5125 0.0
457.5 3.5875 0.0
457.5 3.6625 0.0
457.5 3.7375000000000003 0.0
457.5 3.8125 0.0
457.5 3.8874999999999997 0.0
457.5 3.9625 0.0
457.5 4.0375 0.0
457.5 4.1125 0.0
457.5 4.1875 1.5052905657236004e-08
457.5 4.262499999999999 1.5429228298666906e-07
457.5 4.3374999999999995 2.3488804869312016e-06
457.5 4.4125 3.228848263477123e-05
457.5 4.4875 0.00024268796264117795
457.5 4.5625 0.0001503114166447325
457.5 4.637499999999999 1.6306060053200903e-05
457.5 4.7124999999999995 2.8914122949940826e-07
457.5 4.7875 6.272044023848335e-10
457.5 4.862499999999999 0.0
457.5 4.9375 0.0
457.5 5.012499999999999 0.0
457.5 5.0874999999999995 0.0
457.5 5.1625 0.0
457.5 5.237499999999999 0.0
457.5 5.3125 0.0
457.5 5.387499999999999 0.0
462.5 2.4625 0.0
462.5 2.5375 0.0
462.5 2.6125000000000003 0.0
462.5 2.6875 0.0
462.5 2.7625 0.0
462.5 2.8375 0.0
462.5 2.9125 0.0
462.5 2.9875000000000003 0.0
462.5 3.0625 0.0
462.5 3.1375 0.0
462.5 3.2125 0.0
462.5 3.2875 0.0
462.5 3.3625000000000003 0.0
462.5 3.4375 0.0
462.5 3.5125 0.0
462.5 3.5875 0.0
462.5 3.6625 0.0
462.5 3.7375000000000003 0.0
462.5 3.8125 0.0
462.5 3.8874999999999997 0.0
462.5 3.9625 0.0
462.5 4.0375 0.0
462.5 4.1125 0.0
462.5 4.1875 2.508817609539334e-09
462.5 4.262499999999999 9.784388677203403e-08
462.5 4.3374999999999995 2.469930936591474e-06
462.5 4.4125 3.2110983788896324e-05
462.5 4.4875 0.00021353612922273327
462.5 4.5625 0.00014387128184104506
462.5 4.637499999999999 1.763322456864721e-05
462.5 4.7124999999999995 3.198742452162651e-07
462.5 4.7875 1.8816132071545005e-09
462.5 4.862499999999999 0.0
462.5 4.9375 0.0
462.5 5.012499999999999 0.0
462.5 5.0874999999999995 0.0
462.5 5.1625 0.0
462.5 5.237499999999999 0.0
462.5 5.3125 0.0
462.5 5.387499999999999 0.0
467.5 2.4625 0.0
467.5 2.5375 0.0
467.5 2.6125000000000003 0.0
467.5 2.6875 0.0
467.5 2.7625 0.0
467.5 2.8375 0.0
467.5 2.9125 0.0
467.5 2.9875000000000003 0.0
467.5 3.0625 0.0
467.5 3.1375 0.0
467.5 3.2125 0.0
467.5 3.2875 0.0
467.5 3.3625000000000003 0.0
467.5 3.4375 0.0
467.5 3.5125 0.0
467.5 3.5875 0.0
467.5 3.6625 0.0
467.5 3.7375000000000003 0.0
467.5 3.8125 0.0
467.5 3.8874999999999997 0.0
467.5 3.9625 0.0
467.5 4.0375 0.0
467.5 4.1125 0.0
467.5 4.1875 9.408066035772503e-09
467.5 4.262499999999999 1.4300260374374203e-07
467.5 4.3374999999999995 2.4937647038820985e-06
467.5 4.4125 2.991639558495179e-05
467.5 4.4875 0.0001857108331153325
467.5 4.5625 0.00013747316973231736
467.5 4.637499999999999 1.966285801476453e-05
467.5 4.7124999999999995 3.9137554708813616e-07
467.5 4.7875 0.0
467.5 4.862499999999999 0.0
467.5 4.9375 0.0
467.5 5.012499999999999 0.0
467.5 5.0874999999999995 0.0
467.5 5.1625 0.0
467.5 5.237499999999999 0.0
467.5 5.3125 0.0
467.5 5.387499999999999 0.0
472.5 2.4625 0.0
472.5 2.5375 0.0
472.5 2.6125000000000003 0.0
472.5 2.6875 0.0
472.5 2.7625 0.0
472.5 2.8375 0.0
472.5 2.9125 0.0
472.5 2.9875000000000003 0.0
472.5 3.0625 0.0
472.5 3.1375 0.0
472.5 3.2125 0.0
472.5 3.2875 0.0
472.5 3.3625000000000003 0.0
472.5 3.4375 0.0
472.5 3.5125 0.0
472.5 3.5875 0.0
472.5 3.6625 0.0
472.5 3.7375000000000003 0.0
472.5 3.8125 0.0
472.5 3.8874999999999997 0.0
472.5 3.9625 0.0
472.5 4.0375 0.0
472.5 4.1125 0.0
472.5 4.1875 7.526452828618002e-09
472.5 4.262499999999999 1.593099182057477e-07
472.5 4.3374999999999995 2.5872181598374385e-06
472.5 4.4125 2.9136153308385057e-05
472.5 4.4875 0.00016182375345050613
472.5 4.5625 0.00013008282025901686
472.5 4.637499999999999 2.0320795432866223e-05
472.5 4.7124999999999995 5.061539527245607e-07
472.5 4.7875 2.508817609539334e-09
472.5 4.862499999999999 0.0
472.5 4.9375 0.0
472.5 5.012499999999999 0.0
472.5 5.0874999999999995 0.0
472.5 5.1625 0.0
472.5 5.237499999999999 0.0
472.5 5.3125 0.0
472.5 5.387499999999999 0.0
477.5 2.4625 0.0
477.5 2.5375 0.0
477.5 2.6125000000000003 0.0
477.5 2.6875 0.0
477.5 2.7625 0.0
477.5 2.8375 0.0
477.5 2.9125 0.0
477.5 2.9875000000000003 0.0
477.5 3.0625 0.0
477.5 3.1375 0.0
477.5 3.2125 0.0
477.5 3.2875 0.0
477.5 3.3625000000000003 0.0
477.5 3.4375 0.0
477.5 3.5125 0.0
477.5 3.5875 0.0
477.5 3.6625 0.0
477.5 3.7375000000000003 0.0
477.5 3.8125 0.0
477.5 3.8874999999999997 0.0
477.5 3.9625 0.0
477.5 4.0375 0.0
477.5 4.1125 0.0
477.5 4.1875 1.8816132071545005e-09
477.5 4.262499999999999 1.367305597198937e-07
477.5 4.3374999999999995 2.3934119995005247e-06
477.5 4.4125 2.7760694053955115e-05
477.5 4.4875 0.00014099931288252487
477.5 4.5625 0.0001233892948767659
477.5 4.637499999999999 2.1262229240845854e-05
477.5 4.7124999999999995 4.6852168858147065e-07
477.5 4.7875 0.0
477.5 4.862499999999999 0.0
477.5 4.9375 0.0
477.5 5.012499999999999 0.0
477.5 5.0874999999999995 0.0
477.5 5.1625 0.0
477.5 5.237499999999999 0.0
477.5 5.3125 0.0
477.5 5.387499999999999 0.0
482.5 2.4625 0.0
482.5 2.5375 0.0
482.5 2.6125000000000003 0.0
482.5 2.6875 0.0
482.5 2.7625 0.0
482.5 2.8375 0.0
482.5 2.9125 0.0
482.5 2.9875000000000003 0.0
482.5 3.0625 0.0
482.5 3.1375 0.0
482.5 3.2125 0.0
482.5 3.2875 0.0
482.5 3.3625000000000003 0.0
482.5 3.4375 0.0
482.5 3.5125 0.0
482.5 3.5875 0.0
482.5 3.6625 0.0
482.5 3.7375000000000003 0.0
482.5 3.8125 0.0
482.5 3.8874999999999997 0.0
482.5 3.9625 0.0
482.5 4.0375 0.0
482.5 4.1125 0.0
482.5 4.1875 5.644839621463501e-09
482.5 4.262499999999999 1.285769024888909e-07
482.5 4.3374999999999995 2.5533491221086572e-06
482.5 4.4125 2.5292017526168414e-05
482.5 4.4875 0.00012574507461212336
482.5 4.5625 0.00011886840554437602
482.5 4.637499999999999 2.1918285045740388e-05
482.5 4.7124999999999995 5.105443835412545e-07
482.5 4.7875 0.0
482.5 4.862499999999999 0.0
482.5 4.9375 0.0
482.5 5.012499999999999 0.0
482.5 5.0874999999999995 0.0
482.5 5.1625 0.0
482.5 5.237499999999999 0.0
482.5 5.3125 0.0
482.5 5.387499999999999 0.0
487.5 2.4625 0.0
487.5 2.5375 0.0
487.5 2.6125000000000003 0.0
487.5 2.6875 0.0
487.5 2.7625 0.0
487.5 2.8375 0.0
487.5 2.9125 0.0
487.5 2.9875000000000003 0.0
487.5 3.0625 0.0
487.5 3.1375 0.0
487.5 3.2125 0.0
487.5 3.2875 0.0
487.5 3.3625000000000003 0.0
487.5 3.4375 0.0
487.5 3.5125 0.0
487.5 3.5875 0.0
487.5 3.6625 0.0
487.5 3.7375000000000003 0.0
487.5 3.8125 0.0
487.5 3.8874999999999997 0.0
487.5 3.9625 0.0
487.5 4.0375 0.0
487.5 4.1125 0.0
487.5 4.1875 2.508817609539334e-09
487.5 4.262499999999999 8.090936790764352e-08
487.5 4.3374999999999995 2.249154986952013e-06
487.5 4.4125 2.3309424410229952e-05
487.5 4.4875 0.00011052658699265775
487.5 4.5625 0.00010928660388914294
487.5 4.637499999999999 2.1624753385424292e-05
487.5 4.7124999999999995 5.75773641389277e-07
487.5 4.7875 0.0
487.5 4.862499999999999 0.0
487.5 4.9375 0.0
487.5 5.012499999999999 0.0
487.5 5.0874999999999995 0.0
487.5 5.1625 0.0
487.5 5.237499999999999 0.0
487.5 5.3125 0.0
487.5 5.387499999999999 0.0
492.5 2.4625 0.0
492.5 2.5375 0.0
492.5 2.6125000000000003 0.0
492.5 2.6875 0.0
492.5 2.7625 0.0
492.5 2.8375 0.0
492.5 2.9125 0.0
492.5 2.9875000000000003 0.0
492.5 3.0625 0.0
492.5 3.1375 0.0
492.5 3.2125 0.0
492.5 3.2875 0.0
492.5 3.3625000000000003 0.0
492.5 3.4375 0.0
492.5 3.5125 0.0
492.5 3.5875 0.0
492.5 3.6625 0.0
492.5 3.7375000000000003 0.0
492.5 3.8125 0.0
492.5 3.8874999999999997 0.0
492.5 3.9625 0.0
492.5 4.0375 0.0
492.5 4.1125 0.0
492.5 4.1875 1.0035270438157336e-08
492.5 4.262499999999999 1.3171292450081503e-07
492.5 4.3374999999999995 2.0283790373125518e-06
492.5 4.4125 2.145101776596369e-05
492.5 4.4875 9.791476086950351e-05
492.5 4.5625 0.00010436054051281244
492.5 4.637499999999999 2.183235804261367e-05
492.5 4.7124999999999995 4.384158772669987e-07
492.5 4.7875 2.508817609539334e-09
492.5 4.862499999999999 0.0
492.5 4.9375 0.0
492.5 5.012499999999999 0.0
492.5 5.0874999999999995 0.0
492.5 5.1625 0.0
492.5 5.237499999999999 0.0
492.5 5.3125 0.0
492.5 5.387499999999999 0.0
