time weight xerror yerror
0.8 764.0 0.8 27.640549922170507
2.4 1049.0 0.8 32.38826948140329
4.0 1359.0 0.8 36.864617182333525
5.6 1651.0 0.8 40.63249930782009
7.2 1741.0 0.8 41.72529209005013
8.8 1757.0 0.8 41.916583830269374
10.4 1792.0 0.8 42.33202097703345
12.0 1768.0 0.8 42.04759208325728
13.6 1695.0 0.8 41.1703777004778
15.2 1658.0 0.8 40.718546143004666
16.8 1632.0 0.8 40.39801975344831
18.4 1553.0 0.8 39.408120990476064
20.0 1491.0 0.8 38.61346915261564
21.6 1386.0 0.8 37.22902093797257
23.2 1468.0 0.8 38.31448812133603
24.8 1390.0 0.8 37.282703764614496
26.4 1277.0 0.8 35.73513677041127
28.0 1232.0 0.8 35.09985754956849
29.6 1119.0 0.8 33.45145736735546
31.2 1003.0 0.8 31.670175244226233
32.8 1093.0 0.8 33.06055050963308
34.4 1065.0 0.8 32.63433774416144
36.0 932.0 0.8 30.528675044947494
37.6 929.0 0.8 30.47950130825634
39.2 916.0 0.8 30.265491900843113
40.8 857.0 0.8 29.274562336608895
42.4 784.0 0.8 28.0
44.0 821.0 0.8 28.653097563788805
45.6 779.0 0.8 27.910571473905726
47.2 708.0 0.8 26.608269391300144
48.8 719.0 0.8 26.814175355583846
50.4 695.0 0.8 26.362852652928137
52.0 669.0 0.8 25.865034312755125
53.6 598.0 0.8 24.454038521274967
55.2 562.0 0.8 23.706539182259394
56.8 546.0 0.8 23.366642891095847
58.4 574.0 0.8 23.958297101421877
60.0 489.0 0.8 22.11334438749598
61.6 528.0 0.8 22.978250586152114
63.2 493.0 0.8 22.20360331117452
64.8 496.0 0.8 22.271057451320086
66.4 456.0 0.8 21.354156504062622
68.0 490.0 0.8 22.135943621178654
69.6 417.0 0.8 20.42057785666214
71.2 364.0 0.8 19.078784028338912
72.8 423.0 0.8 20.566963801203133
74.4 394.0 0.8 19.849433241279208
76.0 395.0 0.8 19.87460691435179
77.6 343.0 0.8 18.520259177452136
79.2 337.0 0.8 18.35755975068582
80.8 335.0 0.8 18.303005217723125
82.4 325.0 0.8 18.027756377319946
84.0 307.0 0.8 17.52141546793523
85.6 335.0 0.8 18.303005217723125
87.2 296.0 0.8 17.204650534085253
88.8 292.0 0.8 17.08800749063506
90.4 284.0 0.8 16.852299546352718
92.0 334.0 0.8 18.275666882497067
93.6 268.0 0.8 16.3707055437449
95.2 284.0 0.8 16.852299546352718
96.8 261.0 0.8 16.15549442140351
98.4 259.0 0.8 16.09347693943108
100.0 227.0 0.8 15.066519173319364
101.6 240.0 0.8 15.491933384829668
103.2 228.0 0.8 15.0996688705415
104.8 238.0 0.8 15.427248620541512
106.4 242.0 0.8 15.556349186104045
108.0 227.0 0.8 15.066519173319364
109.6 228.0 0.8 15.0996688705415
111.2 199.0 0.8 14.106735979665885
112.8 184.0 0.8 13.564659966250536
114.4 207.0 0.8 14.38749456993816
116.0 178.0 0.8 13.341664064126334
117.6 197.0 0.8 14.035668847618199
119.2 168.0 0.8 12.96148139681572
120.8 172.0 0.8 13.114877048604
122.4 215.0 0.8 14.66287829861518
124.0 170.0 0.8 13.038404810405298
125.6 135.0 0.8 11.61895003862225
127.2 133.0 0.8 11.532562594670797
128.8 144.0 0.8 12.0
130.4 143.0 0.8 11.958260743101398
132.0 159.0 0.8 12.609520212918492
133.6 137.0 0.8 11.704699910719626
135.2 158.0 0.8 12.569805089976535
136.8 151.0 0.8 12.288205727444508
138.4 128.0 0.8 11.313708498984761
140.0 142.0 0.8 11.916375287812984
141.6 153.0 0.8 12.369316876852983
143.2 120.0 0.8 10.954451150103322
144.8 158.0 0.8 12.569805089976535
146.4 116.0 0.8 10.770329614269007
148.0 116.0 0.8 10.770329614269007
149.6 118.0 0.8 10.862780491200215
151.2 121.0 0.8 11.0
152.8 114.0 0.8 10.677078252031311
154.4 113.0 0.8 10.63014581273465
156.0 103.0 0.8 10.14889156509222
157.6 127.0 0.8 11.269427669584644
159.2 108.0 0.8 10.392304845413264
160.8 102.0 0.8 10.099504938362077
162.4 102.0 0.8 10.099504938362077
164.0 117.0 0.8 10.816653826391967
165.6 118.0 0.8 10.862780491200215
167.2 118.0 0.8 10.862780491200215
168.8 88.0 0.8 9.38083151964686
170.4 118.0 0.8 10.862780491200215
172.0 93.0 0.8 9.643650760992955
173.6 89.0 0.8 9.433981132056605
175.2 84.0 0.8 9.16515138991168
176.8 97.0 0.8 9.848857801796104
178.4 92.0 0.8 9.591663046625438
180.0 91.0 0.8 9.539392014169456
181.6 104.0 0.8 10.198039027185569
183.2 85.0 0.8 9.219544457292887
184.8 87.0 0.8 9.327379053088816
186.4 97.0 0.8 9.848857801796104
188.0 86.0 0.8 9.273618495495704
189.6 79.0 0.8 8.888194417315589
191.2 67.0 0.8 8.18535277187245
192.8 78.0 0.8 8.831760866327848
194.4 88.0 0.8 9.38083151964686
196.0 67.0 0.8 8.18535277187245
197.6 78.0 0.8 8.831760866327848
199.2 84.0 0.8 9.16515138991168
200.8 68.0 0.8 8.246211251235321
202.4 60.0 0.8 7.745966692414833
204.0 65.0 0.8 8.06225774829855
205.6 51.0 0.8 7.14142842854285
207.2 74.0 0.8 8.602325267042627
208.8 68.0 0.8 8.246211251235321
210.4 80.0 0.8 8.94427190999916
212.0 65.0 0.8 8.06225774829855
213.6 67.0 0.8 8.18535277187245
215.2 56.0 0.8 7.483314773547883
216.8 63.0 0.8 7.937253933193771
218.4 57.0 0.8 7.549834435270749
220.0 73.0 0.8 8.54400374531753
221.6 47.0 0.8 6.855654600401044
223.2 74.0 0.8 8.602325267042627
224.8 70.0 0.8 8.366600265340756
226.4 62.0 0.8 7.874007874011811
228.0 51.0 0.8 7.14142842854285
229.6 56.0 0.8 7.483314773547883
231.2 77.0 0.8 8.774964387392123
232.8 53.0 0.8 7.280109889280518
234.4 44.0 0.8 6.6332495807108
236.0 47.0 0.8 6.855654600401044
237.6 49.0 0.8 7.0
239.2 54.0 0.8 7.3484692283495345
240.8 49.0 0.8 6.999999999999999
242.4 57.0 0.8 7.54983443527075
244.0 46.0 0.8 6.782329983125268
245.6 43.0 0.8 6.557438524302
247.2 56.0 0.8 7.483314773547883
248.8 43.0 0.8 6.557438524302
250.4 53.0 0.8 7.280109889280519
252.0 41.0 0.8 6.4031242374328485
253.6 54.0 0.8 7.3484692283495345
255.2 51.0 0.8 7.14142842854285
256.8 51.0 0.8 7.14142842854285
258.4 43.0 0.8 6.557438524302
260.0 41.0 0.8 6.4031242374328485
261.6 43.0 0.8 6.557438524302001
263.2 44.0 0.8 6.633249580710799
264.8 37.0 0.8 6.082762530298219
266.4 36.0 0.8 6.0
268.0 40.0 0.8 6.324555320336759
269.6 28.0 0.8 5.291502622129181
271.2 37.0 0.8 6.082762530298219
272.8 47.0 0.8 6.855654600401044
274.4 31.0 0.8 5.5677643628300215
276.0 37.0 0.8 6.082762530298219
277.6 52.0 0.8 7.211102550927978
279.2 44.0 0.8 6.6332495807108
280.8 31.0 0.8 5.5677643628300215
282.4 33.0 0.8 5.744562646538029
284.0 41.0 0.8 6.4031242374328485
285.6 47.0 0.8 6.855654600401044
287.2 36.0 0.8 6.0
288.8 37.0 0.8 6.082762530298219
290.4 33.0 0.8 5.744562646538029
292.0 34.0 0.8 5.830951894845301
293.6 33.0 0.8 5.744562646538029
295.2 31.0 0.8 5.567764362830022
296.8 45.0 0.8 6.708203932499369
298.4 28.0 0.8 5.291502622129181
300.0 29.0 0.8 5.385164807134505
301.6 39.0 0.8 6.244997998398399
303.2 31.0 0.8 5.5677643628300215
304.8 42.0 0.8 6.48074069840786
306.4 48.0 0.8 6.928203230275509
308.0 27.0 0.8 5.196152422706632
309.6 40.0 0.8 6.324555320336759
311.2 35.0 0.8 5.916079783099615
312.8 26.0 0.8 5.0990195135927845
314.4 32.0 0.8 5.656854249492381
316.0 30.0 0.8 5.477225575051661
317.6 27.0 0.8 5.196152422706632
319.2 31.0 0.8 5.5677643628300215
320.8 31.0 0.8 5.5677643628300215
322.4 22.0 0.8 4.69041575982343
324.0 38.0 0.8 6.164414002968977
325.6 23.0 0.8 4.795831523312719
327.2 29.0 0.8 5.385164807134504
328.8 20.0 0.8 4.47213595499958
330.4 28.0 0.8 5.291502622129181
332.0 25.0 0.8 5.0
333.6 38.0 0.8 6.164414002968976
335.2 19.0 0.8 4.358898943540673
336.8 21.0 0.8 4.58257569495584
338.4 19.0 0.8 4.358898943540674
340.0 25.0 0.8 5.0
341.6 31.0 0.8 5.5677643628300215
343.2 18.0 0.8 4.242640687119285
344.8 29.0 0.8 5.385164807134504
346.4 19.0 0.8 4.358898943540674
348.0 35.0 0.8 5.916079783099616
349.6 25.0 0.8 5.0
351.2 34.0 0.8 5.830951894845301
352.8 18.0 0.8 4.242640687119285
354.4 10.0 0.8 3.1622776601683795
356.0 16.0 0.8 4.0
357.6 32.0 0.8 5.656854249492381
359.2 17.0 0.8 4.123105625617661
360.8 13.0 0.8 3.605551275463989
362.4 24.0 0.8 4.898979485566356
364.0 18.0 0.8 4.242640687119286
365.6 19.0 0.8 4.358898943540674
367.2 26.0 0.8 5.0990195135927845
368.8 22.0 0.8 4.69041575982343
370.4 21.0 0.8 4.58257569495584
372.0 21.0 0.8 4.58257569495584
373.6 12.0 0.8 3.4641016151377544
375.2 16.0 0.8 4.0
376.8 22.0 0.8 4.69041575982343
378.4 20.0 0.8 4.47213595499958
380.0 24.0 0.8 4.898979485566356
381.6 23.0 0.8 4.795831523312719
383.2 17.0 0.8 4.123105625617661
384.8 22.0 0.8 4.69041575982343
386.4 13.0 0.8 3.605551275463989
388.0 16.0 0.8 4.0
389.6 29.0 0.8 5.385164807134505
391.2 24.0 0.8 4.898979485566356
392.8 21.0 0.8 4.58257569495584
394.4 12.0 0.8 3.464101615137755
396.0 15.0 0.8 3.872983346207417
397.6 19.0 0.8 4.358898943540674
399.2 15.0 0.8 3.872983346207417
400.8 12.0 0.8 3.464101615137755
402.4 13.0 0.8 3.605551275463989
404.0 12.0 0.8 3.4641016151377544
405.6 12.0 0.8 3.464101615137755
407.2 21.0 0.8 4.58257569495584
408.8 11.0 0.8 3.3166247903554
410.4 15.0 0.8 3.8729833462074175
412.0 15.0 0.8 3.8729833462074175
413.6 15.0 0.8 3.872983346207417
415.2 22.0 0.8 4.69041575982343
416.8 13.0 0.8 3.605551275463989
418.4 18.0 0.8 4.242640687119285
420.0 13.0 0.8 3.6055512754639896
421.6 18.0 0.8 4.242640687119286
423.2 13.0 0.8 3.605551275463989
424.8 20.0 0.8 4.47213595499958
426.4 17.0 0.8 4.123105625617661
428.0 19.0 0.8 4.358898943540674
429.6 16.0 0.8 3.9999999999999996
431.2 13.0 0.8 3.6055512754639896
432.8 13.0 0.8 3.605551275463989
434.4 19.0 0.8 4.358898943540674
436.0 19.0 0.8 4.358898943540674
437.6 18.0 0.8 4.242640687119285
439.2 13.0 0.8 3.6055512754639896
440.8 13.0 0.8 3.6055512754639896
442.4 12.0 0.8 3.464101615137755
444.0 18.0 0.8 4.242640687119286
445.6 23.0 0.8 4.795831523312719
447.2 13.0 0.8 3.6055512754639896
448.8 17.0 0.8 4.123105625617661
450.4 13.0 0.8 3.605551275463989
452.0 10.0 0.8 3.1622776601683795
453.6 5.0 0.8 2.23606797749979
455.2 11.0 0.8 3.3166247903554
456.8 9.0 0.8 3.0
458.4 9.0 0.8 3.0
460.0 8.0 0.8 2.8284271247461903
461.6 8.0 0.8 2.8284271247461903
463.2 8.0 0.8 2.8284271247461903
464.8 7.0 0.8 2.6457513110645907
466.4 5.0 0.8 2.23606797749979
468.0 11.0 0.8 3.3166247903554
469.6 8.0 0.8 2.8284271247461903
471.2 17.0 0.8 4.123105625617661
472.8 15.0 0.8 3.8729833462074175
474.4 7.0 0.8 2.6457513110645907
476.0 10.0 0.8 3.1622776601683795
477.6 7.0 0.8 2.6457513110645907
479.2 12.0 0.8 3.464101615137755
480.8 13.0 0.8 3.605551275463989
482.4 7.0 0.8 2.6457513110645907
484.0 8.0 0.8 2.8284271247461903
485.6 11.0 0.8 3.3166247903554
487.2 4.0 0.8 2.0
488.8 10.0 0.8 3.1622776601683795
490.4 7.0 0.8 2.6457513110645907
492.0 9.0 0.8 3.0
493.6 5.0 0.8 2.23606797749979
495.2 4.0 0.8 2.0
496.8 10.0 0.8 3.1622776601683795
498.4 7.0 0.8 2.6457513110645907
500.0 10.0 0.8 3.1622776601683795
501.6 11.0 0.8 3.3166247903554
503.2 6.0 0.8 2.449489742783178
504.8 10.0 0.8 3.1622776601683795
506.4 11.0 0.8 3.3166247903554
508.0 5.0 0.8 2.23606797749979
509.6 4.0 0.8 2.0
511.2 7.0 0.8 2.6457513110645907
512.8 4.0 0.8 2.0
514.4 7.0 0.8 2.6457513110645907
516.0 7.0 0.8 2.6457513110645907
517.6 13.0 0.8 3.6055512754639896
519.2 9.0 0.8 3.0000000000000004
520.8 6.0 0.8 2.4494897427831783
522.4 3.0 0.8 1.7320508075688774
524.0 11.0 0.8 3.3166247903554003
525.6 7.0 0.8 2.6457513110645907
527.2 18.0 0.8 4.242640687119285
528.8 11.0 0.8 3.3166247903554
530.4 8.0 0.8 2.8284271247461903
532.0 6.0 0.8 2.449489742783178
533.6 4.0 0.8 1.9999999999999998
535.2 6.0 0.8 2.449489742783178
536.8 13.0 0.8 3.6055512754639896
538.4 3.0 0.8 1.7320508075688774
540.0 5.0 0.8 2.23606797749979
541.6 9.0 0.8 3.0
543.2 7.0 0.8 2.6457513110645907
544.8 9.0 0.8 3.0000000000000004
546.4 4.0 0.8 1.9999999999999998
548.0 6.0 0.8 2.449489742783178
549.6 7.0 0.8 2.6457513110645907
551.2 7.0 0.8 2.6457513110645907
552.8 3.0 0.8 1.7320508075688774
554.4 5.0 0.8 2.23606797749979
556.0 8.0 0.8 2.8284271247461903
557.6 3.0 0.8 1.7320508075688774
559.2 3.0 0.8 1.7320508075688774
560.8 5.0 0.8 2.23606797749979
562.4 4.0 0.8 1.9999999999999998
564.0 4.0 0.8 2.0
565.6 4.0 0.8 2.0
567.2 7.0 0.8 2.6457513110645903
568.8 7.0 0.8 2.6457513110645907
570.4 4.0 0.8 2.0
572.0 7.0 0.8 2.6457513110645907
573.6 8.0 0.8 2.8284271247461903
575.2 1.0 0.8 1.0
576.8 3.0 0.8 1.7320508075688772
578.4 3.0 0.8 1.7320508075688774
580.0 7.0 0.8 2.6457513110645907
581.6 4.0 0.8 2.0
583.2 7.0 0.8 2.6457513110645907
584.8 5.0 0.8 2.23606797749979
586.4 4.0 0.8 2.0
588.0 1.0 0.8 1.0
589.6 5.0 0.8 2.23606797749979
591.2 11.0 0.8 3.3166247903554003
592.8 3.0 0.8 1.7320508075688772
594.4 2.0 0.8 1.4142135623730951
596.0 12.0 0.8 3.4641016151377544
597.6 4.0 0.8 2.0
599.2 8.0 0.8 2.8284271247461903
600.8 4.0 0.8 1.9999999999999998
602.4 4.0 0.8 1.9999999999999998
604.0 2.0 0.8 1.4142135623730951
605.6 3.0 0.8 1.7320508075688774
607.2 4.0 0.8 2.0
608.8 6.0 0.8 2.449489742783178
610.4 3.0 0.8 1.7320508075688774
612.0 4.0 0.8 2.0
613.6 1.0 0.8 1.0
615.2 4.0 0.8 1.9999999999999998
616.8 4.0 0.8 2.0
618.4 4.0 0.8 2.0
620.0 4.0 0.8 2.0
621.6 7.0 0.8 2.6457513110645907
623.2 3.0 0.8 1.7320508075688774
624.8 1.0 0.8 1.0
626.4 5.0 0.8 2.23606797749979
628.0 3.0 0.8 1.7320508075688772
629.6 4.0 0.8 2.0
631.2 3.0 0.8 1.7320508075688774
632.8 5.0 0.8 2.23606797749979
634.4 3.0 0.8 1.7320508075688772
636.0 4.0 0.8 2.0
637.6 3.0 0.8 1.7320508075688774
639.2 2.0 0.8 1.4142135623730951
640.8 8.0 0.8 2.8284271247461903
642.4 6.0 0.8 2.449489742783178
644.0 2.0 0.8 1.4142135623730951
645.6 4.0 0.8 2.0
647.2 3.0 0.8 1.7320508075688774
648.8 4.0 0.8 2.0
650.4 2.0 0.8 1.4142135623730951
652.0 4.0 0.8 1.9999999999999998
653.6 4.0 0.8 1.9999999999999998
655.2 3.0 0.8 1.7320508075688774
656.8 3.0 0.8 1.7320508075688774
658.4 3.0 0.8 1.7320508075688774
660.0 2.0 0.8 1.4142135623730951
661.6 0.0 0.8 0.0
663.2 3.0 0.8 1.7320508075688774
664.8 3.0 0.8 1.7320508075688772
666.4 8.0 0.8 2.8284271247461903
668.0 3.0 0.8 1.7320508075688772
669.6 4.0 0.8 2.0
671.2 6.0 0.8 2.4494897427831783
672.8 4.0 0.8 2.0
674.4 6.0 0.8 2.449489742783178
676.0 6.0 0.8 2.449489742783178
677.6 3.0 0.8 1.7320508075688774
679.2 0.0 0.8 0.0
680.8 4.0 0.8 2.0
682.4 4.0 0.8 2.0
684.0 1.0 0.8 1.0
685.6 4.0 0.8 1.9999999999999998
687.2 3.0 0.8 1.7320508075688774
688.8 4.0 0.8 2.0
690.4 4.0 0.8 2.0
692.0 1.0 0.8 1.0
693.6 8.0 0.8 2.8284271247461903
695.2 5.0 0.8 2.23606797749979
696.8 1.0 0.8 1.0
698.4 4.0 0.8 2.0
700.0 4.0 0.8 2.0
701.6 2.0 0.8 1.4142135623730951
703.2 2.0 0.8 1.4142135623730951
704.8 1.0 0.8 1.0
706.4 2.0 0.8 1.4142135623730951
708.0 2.0 0.8 1.4142135623730951
709.6 1.0 0.8 1.0
711.2 2.0 0.8 1.4142135623730951
712.8 0.0 0.8 0.0
714.4 2.0 0.8 1.4142135623730951
716.0 8.0 0.8 2.8284271247461903
717.6 2.0 0.8 1.4142135623730951
719.2 2.0 0.8 1.4142135623730951
720.8 1.0 0.8 1.0
722.4 3.0 0.8 1.7320508075688774
724.0 7.0 0.8 2.6457513110645907
725.6 1.0 0.8 1.0
727.2 2.0 0.8 1.4142135623730951
728.8 2.0 0.8 1.4142135623730951
730.4 5.0 0.8 2.23606797749979
732.0 2.0 0.8 1.4142135623730951
733.6 4.0 0.8 2.0
735.2 4.0 0.8 2.0
736.8 2.0 0.8 1.4142135623730951
738.4 4.0 0.8 2.0
740.0 3.0 0.8 1.7320508075688774
741.6 3.0 0.8 1.7320508075688774
743.2 3.0 0.8 1.7320508075688774
744.8 0.0 0.8 0.0
746.4 3.0 0.8 1.7320508075688774
748.0 1.0 0.8 1.0
749.6 4.0 0.8 2.0
751.2 5.0 0.8 2.23606797749979
752.8 0.0 0.8 0.0
754.4 1.0 0.8 1.0
756.0 1.0 0.8 1.0
757.6 2.0 0.8 1.4142135623730951
759.2 1.0 0.8 1.0
760.8 2.0 0.8 1.4142135623730951
762.4 2.0 0.8 1.4142135623730951
764.0 2.0 0.8 1.4142135623730951
765.6 3.0 0.8 1.7320508075688774
767.2 3.0 0.8 1.7320508075688774
768.8 4.0 0.8 2.0
770.4 2.0 0.8 1.4142135623730951
772.0 7.0 0.8 2.6457513110645907
773.6 2.0 0.8 1.4142135623730951
775.2 3.0 0.8 1.7320508075688774
776.8 3.0 0.8 1.7320508075688774
778.4 3.0 0.8 1.7320508075688774
780.0 1.0 0.8 1.0
781.6 1.0 0.8 1.0
783.2 1.0 0.8 1.0
784.8 2.0 0.8 1.4142135623730951
786.4 3.0 0.8 1.7320508075688774
788.0 1.0 0.8 1.0
789.6 1.0 0.8 1.0
791.2 6.0 0.8 2.449489742783178
792.8 1.0 0.8 1.0
794.4 3.0 0.8 1.7320508075688772
796.0 3.0 0.8 1.7320508075688774
797.6 1.0 0.8 1.0
799.2 2.0 0.8 1.4142135623730951
800.8 4.0 0.8 2.0
802.4 4.0 0.8 2.0
804.0 3.0 0.8 1.7320508075688774
805.6 0.0 0.8 0.0
807.2 4.0 0.8 2.0
808.8 4.0 0.8 2.0
810.4 5.0 0.8 2.23606797749979
812.0 2.0 0.8 1.4142135623730951
813.6 3.0 0.8 1.7320508075688774
815.2 1.0 0.8 1.0
816.8 1.0 0.8 1.0
818.4 4.0 0.8 2.0
820.0 2.0 0.8 1.4142135623730951
821.6 4.0 0.8 2.0
823.2 0.0 0.8 0.0
824.8 0.0 0.8 0.0
826.4 0.0 0.8 0.0
828.0 1.0 0.8 1.0
829.6 1.0 0.8 1.0
831.2 3.0 0.8 1.7320508075688774
832.8 4.0 0.8 1.9999999999999998
834.4 0.0 0.8 0.0
836.0 1.0 0.8 1.0
837.6 2.0 0.8 1.4142135623730951
839.2 1.0 0.8 1.0
840.8 2.0 0.8 1.4142135623730951
842.4 0.0 0.8 0.0
844.0 2.0 0.8 1.4142135623730951
845.6 8.0 0.8 2.8284271247461903
847.2 2.0 0.8 1.4142135623730951
848.8 1.0 0.8 1.0
850.4 3.0 0.8 1.7320508075688774
852.0 4.0 0.8 1.9999999999999998
853.6 1.0 0.8 1.0
855.2 2.0 0.8 1.4142135623730951
856.8 3.0 0.8 1.7320508075688774
858.4 3.0 0.8 1.7320508075688774
860.0 0.0 0.8 0.0
861.6 0.0 0.8 0.0
863.2 0.0 0.8 0.0
864.8 3.0 0.8 1.7320508075688774
866.4 2.0 0.8 1.4142135623730951
868.0 0.0 0.8 0.0
869.6 0.0 0.8 0.0
871.2 2.0 0.8 1.4142135623730951
872.8 0.0 0.8 0.0
874.4 1.0 0.8 1.0
876.0 2.0 0.8 1.4142135623730951
877.6 1.0 0.8 1.0
879.2 0.0 0.8 0.0
880.8 4.0 0.8 2.0
882.4 3.0 0.8 1.7320508075688774
884.0 1.0 0.8 1.0
885.6 1.0 0.8 1.0
887.2 3.0 0.8 1.7320508075688774
888.8 0.0 0.8 0.0
890.4 1.0 0.8 1.0
892.0 2.0 0.8 1.4142135623730951
893.6 4.0 0.8 2.0
895.2 0.0 0.8 0.0
896.8 2.0 0.8 1.4142135623730951
898.4 0.0 0.8 0.0
900.0 2.0 0.8 1.4142135623730951
901.6 1.0 0.8 1.0
903.2 3.0 0.8 1.7320508075688774
904.8 1.0 0.8 1.0
906.4 1.0 0.8 1.0
908.0 1.0 0.8 1.0
909.6 2.0 0.8 1.4142135623730951
911.2 0.0 0.8 0.0
912.8 1.0 0.8 1.0
914.4 0.0 0.8 0.0
916.0 2.0 0.8 1.4142135623730951
917.6 0.0 0.8 0.0
919.2 2.0 0.8 1.4142135623730951
920.8 0.0 0.8 0.0
922.4 2.0 0.8 1.4142135623730951
924.0 3.0 0.8 1.7320508075688774
925.6 1.0 0.8 1.0
927.2 3.0 0.8 1.7320508075688774
928.8 0.0 0.8 0.0
930.4 3.0 0.8 1.7320508075688774
932.0 1.0 0.8 1.0
933.6 4.0 0.8 2.0
935.2 3.0 0.8 1.7320508075688774
936.8 1.0 0.8 1.0
938.4 1.0 0.8 1.0
940.0 3.0 0.8 1.7320508075688774
941.6 0.0 0.8 0.0
943.2 2.0 0.8 1.4142135623730951
944.8 0.0 0.8 0.0
946.4 2.0 0.8 1.4142135623730951
948.0 3.0 0.8 1.7320508075688774
949.6 3.0 0.8 1.7320508075688774
951.2 3.0 0.8 1.7320508075688774
952.8 4.0 0.8 2.0
954.4 1.0 0.8 1.0
956.0 2.0 0.8 1.4142135623730951
957.6 2.0 0.8 1.4142135623730951
959.2 1.0 0.8 1.0
960.8 4.0 0.8 2.0
962.4 3.0 0.8 1.7320508075688774
964.0 5.0 0.8 2.23606797749979
965.6 1.0 0.8 1.0
967.2 2.0 0.8 1.4142135623730951
968.8 2.0 0.8 1.4142135623730951
970.4 2.0 0.8 1.4142135623730951
972.0 4.0 0.8 2.0
973.6 3.0 0.8 1.7320508075688774
975.2 1.0 0.8 1.0
976.8 2.0 0.8 1.4142135623730951
978.4 3.0 0.8 1.7320508075688774
980.0 3.0 0.8 1.7320508075688772
981.6 0.0 0.8 0.0
983.2 2.0 0.8 1.4142135623730951
984.8 2.0 0.8 1.4142135623730951
986.4 2.0 0.8 1.4142135623730951
988.0 4.0 0.8 2.0
989.6 1.0 0.8 1.0
991.2 1.0 0.8 1.0
992.8 0.0 0.8 0.0
994.4 1.0 0.8 1.0
996.0 0.0 0.8 0.0
997.6 1.0 0.8 1.0
999.2 2.0 0.8 1.4142135623730951
1000.8 1.0 0.8 1.0
1002.4 1.0 0.8 1.0
1004.0 0.0 0.8 0.0
1005.6 2.0 0.8 1.4142135623730951
1007.2 1.0 0.8 1.0
1008.8 1.0 0.8 1.0
1010.4 3.0 0.8 1.7320508075688774
1012.0 1.0 0.8 1.0
1013.6 0.0 0.8 0.0
1015.2 4.0 0.8 2.0
1016.8 2.0 0.8 1.4142135623730951
1018.4 2.0 0.8 1.4142135623730951
1020.0 3.0 0.8 1.7320508075688774
1021.6 0.0 0.8 0.0
1023.2 0.0 0.8 0.0
1024.8 1.0 0.8 1.0
1026.4 3.0 0.8 1.7320508075688774
1028.0 3.0 0.8 1.7320508075688772
1029.6 0.0 0.8 0.0
1031.2 1.0 0.8 1.0
1032.8 3.0 0.8 1.7320508075688774
1034.4 0.0 0.8 0.0
1036.0 2.0 0.8 1.4142135623730951
1037.6 1.0 0.8 1.0
1039.2 2.0 0.8 1.4142135623730951
1040.8 0.0 0.8 0.0
1042.4 1.0 0.8 1.0
1044.0 3.0 0.8 1.7320508075688774
1045.6 1.0 0.8 1.0
1047.2 2.0 0.8 1.4142135623730951
1048.8 4.0 0.8 2.0
1050.4 5.0 0.8 2.23606797749979
1052.0 2.0 0.8 1.4142135623730951
1053.6 1.0 0.8 1.0
1055.2 2.0 0.8 1.4142135623730951
1056.8 4.0 0.8 2.0
1058.4 0.0 0.8 0.0
1060.0 1.0 0.8 1.0
1061.6 0.0 0.8 0.0
1063.2 0.0 0.8 0.0
1064.8 2.0 0.8 1.4142135623730951
1066.4 1.0 0.8 1.0
1068.0 0.0 0.8 0.0
1069.6 2.0 0.8 1.4142135623730951
1071.2 0.0 0.8 0.0
1072.8 2.0 0.8 1.4142135623730951
1074.4 1.0 0.8 1.0
1076.0 1.0 0.8 1.0
1077.6 0.0 0.8 0.0
1079.2 1.0 0.8 1.0
1080.8 2.0 0.8 1.4142135623730951
1082.4 1.0 0.8 1.0
1084.0 2.0 0.8 1.4142135623730951
1085.6 1.0 0.8 1.0
1087.2 1.0 0.8 1.0
1088.8 2.0 0.8 1.4142135623730951
1090.4 1.0 0.8 1.0
1092.0 0.0 0.8 0.0
1093.6 0.0 0.8 0.0
1095.2 0.0 0.8 0.0
1096.8 2.0 0.8 1.4142135623730951
1098.4 0.0 0.8 0.0
1100.0 1.0 0.8 1.0
1101.6 1.0 0.8 1.0
1103.2 0.0 0.8 0.0
1104.8 2.0 0.8 1.4142135623730951
1106.4 1.0 0.8 1.0
1108.0 2.0 0.8 1.4142135623730951
1109.6 1.0 0.8 1.0
1111.2 2.0 0.8 1.4142135623730951
1112.8 1.0 0.8 1.0
1114.4 0.0 0.8 0.0
1116.0 0.0 0.8 0.0
1117.6 3.0 0.8 1.7320508075688774
1119.2 0.0 0.8 0.0
1120.8 1.0 0.8 1.0
1122.4 0.0 0.8 0.0
1124.0 0.0 0.8 0.0
1125.6 3.0 0.8 1.7320508075688774
1127.2 0.0 0.8 0.0
1128.8 2.0 0.8 1.4142135623730951
1130.4 2.0 0.8 1.4142135623730951
1132.0 0.0 0.8 0.0
1133.6 3.0 0.8 1.7320508075688774
1135.2 1.0 0.8 1.0
1136.8 0.0 0.8 0.0
1138.4 0.0 0.8 0.0
1140.0 2.0 0.8 1.4142135623730951
1141.6 1.0 0.8 1.0
1143.2 1.0 0.8 1.0
1144.8 0.0 0.8 0.0
1146.4 5.0 0.8 2.23606797749979
1148.0 1.0 0.8 1.0
1149.6 1.0 0.8 1.0
1151.2 1.0 0.8 1.0
1152.8 1.0 0.8 1.0
1154.4 1.0 0.8 1.0
1156.0 2.0 0.8 1.4142135623730951
1157.6 2.0 0.8 1.4142135623730951
1159.2 0.0 0.8 0.0
1160.8 1.0 0.8 1.0
1162.4 0.0 0.8 0.0
1164.0 1.0 0.8 1.0
1165.6 1.0 0.8 1.0
1167.2 0.0 0.8 0.0
1168.8 1.0 0.8 1.0
1170.4 1.0 0.8 1.0
1172.0 0.0 0.8 0.0
1173.6 0.0 0.8 0.0
1175.2 1.0 0.8 1.0
1176.8 0.0 0.8 0.0
1178.4 2.0 0.8 1.4142135623730951
1180.0 1.0 0.8 1.0
1181.6 2.0 0.8 1.4142135623730951
1183.2 1.0 0.8 1.0
1184.8 0.0 0.8 0.0
1186.4 2.0 0.8 1.4142135623730951
1188.0 1.0 0.8 1.0
1189.6 0.0 0.8 0.0
1191.2 0.0 0.8 0.0
1192.8 1.0 0.8 1.0
1194.4 1.0 0.8 1.0
1196.0 1.0 0.8 1.0
1197.6 1.0 0.8 1.0
1199.2 0.0 0.8 0.0
1200.8 0.0 0.8 0.0
1202.4 0.0 0.8 0.0
1204.0 7.0 0.8 2.6457513110645907
1205.6 0.0 0.8 0.0
1207.2 0.0 0.8 0.0
1208.8 0.0 0.8 0.0
1210.4 0.0 0.8 0.0
1212.0 1.0 0.8 1.0
1213.6 2.0 0.8 1.4142135623730951
1215.2 0.0 0.8 0.0
1216.8 2.0 0.8 1.4142135623730951
1218.4 0.0 0.8 0.0
1220.0 1.0 0.8 1.0
1221.6 0.0 0.8 0.0
1223.2 1.0 0.8 1.0
1224.8 0.0 0.8 0.0
1226.4 1.0 0.8 1.0
1228.0 1.0 0.8 1.0
1229.6 0.0 0.8 0.0
1231.2 2.0 0.8 1.4142135623730951
1232.8 0.0 0.8 0.0
1234.4 0.0 0.8 0.0
1236.0 5.0 0.8 2.23606797749979
1237.6 1.0 0.8 1.0
1239.2 0.0 0.8 0.0
1240.8 1.0 0.8 1.0
1242.4 0.0 0.8 0.0
1244.0 1.0 0.8 1.0
1245.6 0.0 0.8 0.0
1247.2 2.0 0.8 1.4142135623730951
1248.8 2.0 0.8 1.4142135623730951
1250.4 0.0 0.8 0.0
1252.0 0.0 0.8 0.0
1253.6 1.0 0.8 1.0
1255.2 0.0 0.8 0.0
1256.8 0.0 0.8 0.0
1258.4 0.0 0.8 0.0
1260.0 0.0 0.8 0.0
1261.6 1.0 0.8 1.0
1263.2 1.0 0.8 1.0
1264.8 0.0 0.8 0.0
1266.4 1.0 0.8 1.0
1268.0 1.0 0.8 1.0
1269.6 1.0 0.8 1.0
1271.2 1.0 0.8 1.0
1272.8 0.0 0.8 0.0
1274.4 0.0 0.8 0.0
1276.0 1.0 0.8 1.0
1277.6 1.0 0.8 1.0
1279.2 1.0 0.8 1.0
1280.8 0.0 0.8 0.0
1282.4 2.0 0.8 1.4142135623730951
1284.0 1.0 0.8 1.0
1285.6 2.0 0.8 1.4142135623730951
1287.2 0.0 0.8 0.0
1288.8 2.0 0.8 1.4142135623730951
1290.4 4.0 0.8 2.0
1292.0 3.0 0.8 1.7320508075688774
1293.6 1.0 0.8 1.0
1295.2 2.0 0.8 1.4142135623730951
1296.8 1.0 0.8 1.0
1298.4 2.0 0.8 1.4142135623730951
1300.0 0.0 0.8 0.0
1301.6 0.0 0.8 0.0
1303.2 1.0 0.8 1.0
1304.8 2.0 0.8 1.4142135623730951
1306.4 2.0 0.8 1.4142135623730951
1308.0 0.0 0.8 0.0
1309.6 2.0 0.8 1.4142135623730951
1311.2 0.0 0.8 0.0
1312.8 2.0 0.8 1.4142135623730951
1314.4 0.0 0.8 0.0
1316.0 0.0 0.8 0.0
1317.6 1.0 0.8 1.0
1319.2 1.0 0.8 1.0
1320.8 0.0 0.8 0.0
1322.4 2.0 0.8 1.4142135623730951
1324.0 2.0 0.8 1.4142135623730951
1325.6 0.0 0.8 0.0
1327.2 1.0 0.8 1.0
1328.8 0.0 0.8 0.0
1330.4 0.0 0.8 0.0
1332.0 0.0 0.8 0.0
1333.6 0.0 0.8 0.0
1335.2 1.0 0.8 1.0
1336.8 0.0 0.8 0.0
1338.4 0.0 0.8 0.0
1340.0 1.0 0.8 1.0
1341.6 1.0 0.8 1.0
1343.2 2.0 0.8 1.4142135623730951
1344.8 0.0 0.8 0.0
1346.4 1.0 0.8 1.0
1348.0 0.0 0.8 0.0
1349.6 1.0 0.8 1.0
1351.2 2.0 0.8 1.4142135623730951
1352.8 3.0 0.8 1.7320508075688772
1354.4 1.0 0.8 1.0
1356.0 0.0 0.8 0.0
1357.6 0.0 0.8 0.0
1359.2 0.0 0.8 0.0
1360.8 1.0 0.8 1.0
1362.4 1.0 0.8 1.0
1364.0 0.0 0.8 0.0
1365.6 0.0 0.8 0.0
1367.2 0.0 0.8 0.0
1368.8 1.0 0.8 1.0
1370.4 1.0 0.8 1.0
1372.0 2.0 0.8 1.4142135623730951
1373.6 0.0 0.8 0.0
1375.2 0.0 0.8 0.0
1376.8 2.0 0.8 1.4142135623730951
1378.4 1.0 0.8 1.0
1380.0 0.0 0.8 0.0
1381.6 0.0 0.8 0.0
1383.2 1.0 0.8 1.0
1384.8 1.0 0.8 1.0
1386.4 1.0 0.8 1.0
1388.0 1.0 0.8 1.0
1389.6 1.0 0.8 1.0
1391.2 1.0 0.8 1.0
1392.8 1.0 0.8 1.0
1394.4 0.0 0.8 0.0
1396.0 1.0 0.8 1.0
1397.6 2.0 0.8 1.4142135623730951
1399.2 1.0 0.8 1.0
1400.8 2.0 0.8 1.4142135623730951
1402.4 0.0 0.8 0.0
1404.0 0.0 0.8 0.0
1405.6 1.0 0.8 1.0
1407.2 2.0 0.8 1.4142135623730951
1408.8 0.0 0.8 0.0
1410.4 0.0 0.8 0.0
1412.0 1.0 0.8 1.0
1413.6 0.0 0.8 0.0
1415.2 1.0 0.8 1.0
1416.8 6.0 0.8 2.4494897427831783
1418.4 0.0 0.8 0.0
1420.0 1.0 0.8 1.0
1421.6 0.0 0.8 0.0
1423.2 0.0 0.8 0.0
1424.8 2.0 0.8 1.4142135623730951
1426.4 0.0 0.8 0.0
1428.0 0.0 0.8 0.0
1429.6 5.0 0.8 2.23606797749979
1431.2 0.0 0.8 0.0
1432.8 1.0 0.8 1.0
1434.4 1.0 0.8 1.0
1436.0 0.0 0.8 0.0
1437.6 2.0 0.8 1.4142135623730951
1439.2 0.0 0.8 0.0
1440.8 0.0 0.8 0.0
1442.4 0.0 0.8 0.0
1444.0 0.0 0.8 0.0
1445.6 0.0 0.8 0.0
1447.2 0.0 0.8 0.0
1448.8 1.0 0.8 1.0
1450.4 3.0 0.8 1.7320508075688774
1452.0 1.0 0.8 1.0
1453.6 0.0 0.8 0.0
1455.2 0.0 0.8 0.0
1456.8 0.0 0.8 0.0
1458.4 2.0 0.8 1.4142135623730951
1460.0 2.0 0.8 1.4142135623730951
1461.6 1.0 0.8 1.0
1463.2 2.0 0.8 1.4142135623730951
1464.8 1.0 0.8 1.0
1466.4 1.0 0.8 1.0
1468.0 2.0 0.8 1.4142135623730951
1469.6 2.0 0.8 1.4142135623730951
1471.2 1.0 0.8 1.0
1472.8 2.0 0.8 1.4142135623730951
1474.4 0.0 0.8 0.0
1476.0 3.0 0.8 1.7320508075688774
1477.6 0.0 0.8 0.0
1479.2 1.0 0.8 1.0
1480.8 1.0 0.8 1.0
1482.4 0.0 0.8 0.0
1484.0 0.0 0.8 0.0
1485.6 0.0 0.8 0.0
1487.2 1.0 0.8 1.0
1488.8 0.0 0.8 0.0
1490.4 3.0 0.8 1.7320508075688774
1492.0 0.0 0.8 0.0
1493.6 0.0 0.8 0.0
1495.2 0.0 0.8 0.0
1496.8 0.0 0.8 0.0
1498.4 1.0 0.8 1.0
1500.0 1.0 0.8 1.0
1501.6 1.0 0.8 1.0
1503.2 0.0 0.8 0.0
1504.8 0.0 0.8 0.0
1506.4 0.0 0.8 0.0
1508.0 0.0 0.8 0.0
1509.6 0.0 0.8 0.0
1511.2 0.0 0.8 0.0
1512.8 0.0 0.8 0.0
1514.4 2.0 0.8 1.4142135623730951
1516.0 1.0 0.8 1.0
1517.6 1.0 0.8 1.0
1519.2 0.0 0.8 0.0
1520.8 0.0 0.8 0.0
1522.4 2.0 0.8 1.4142135623730951
1524.0 0.0 0.8 0.0
1525.6 0.0 0.8 0.0
1527.2 0.0 0.8 0.0
1528.8 0.0 0.8 0.0
1530.4 0.0 0.8 0.0
1532.0 0.0 0.8 0.0
1533.6 0.0 0.8 0.0
1535.2 1.0 0.8 1.0
1536.8 0.0 0.8 0.0
1538.4 0.0 0.8 0.0
1540.0 0.0 0.8 0.0
1541.6 1.0 0.8 1.0
1543.2 1.0 0.8 1.0
1544.8 0.0 0.8 0.0
1546.4 0.0 0.8 0.0
1548.0 0.0 0.8 0.0
1549.6 0.0 0.8 0.0
1551.2 0.0 0.8 0.0
1552.8 0.0 0.8 0.0
1554.4 1.0 0.8 1.0
1556.0 0.0 0.8 0.0
1557.6 0.0 0.8 0.0
1559.2 0.0 0.8 0.0
1560.8 0.0 0.8 0.0
1562.4 0.0 0.8 0.0
1564.0 0.0 0.8 0.0
1565.6 2.0 0.8 1.4142135623730951
1567.2 0.0 0.8 0.0
1568.8 0.0 0.8 0.0
1570.4 0.0 0.8 0.0
1572.0 0.0 0.8 0.0
1573.6 1.0 0.8 1.0
1575.2 0.0 0.8 0.0
1576.8 0.0 0.8 0.0
1578.4 1.0 0.8 1.0
1580.0 0.0 0.8 0.0
1581.6 1.0 0.8 1.0
1583.2 0.0 0.8 0.0
1584.8 0.0 0.8 0.0
1586.4 0.0 0.8 0.0
1588.0 0.0 0.8 0.0
1589.6 0.0 0.8 0.0
1591.2 0.0 0.8 0.0
1592.8 1.0 0.8 1.0
1594.4 0.0 0.8 0.0
1596.0 0.0 0.8 0.0
1597.6 0.0 0.8 0.0
1599.2 1.0 0.8 1.0
1600.8 0.0 0.8 0.0
1602.4 0.0 0.8 0.0
1604.0 1.0 0.8 1.0
1605.6 0.0 0.8 0.0
1607.2 0.0 0.8 0.0
1608.8 0.0 0.8 0.0
1610.4 0.0 0.8 0.0
1612.0 0.0 0.8 0.0
1613.6 0.0 0.8 0.0
1615.2 0.0 0.8 0.0
1616.8 1.0 0.8 1.0
1618.4 0.0 0.8 0.0
1620.0 0.0 0.8 0.0
1621.6 0.0 0.8 0.0
1623.2 0.0 0.8 0.0
1624.8 0.0 0.8 0.0
1626.4 0.0 0.8 0.0
1628.0 0.0 0.8 0.0
1629.6 0.0 0.8 0.0
1631.2 0.0 0.8 0.0
1632.8 0.0 0.8 0.0
1634.4 0.0 0.8 0.0
1636.0 1.0 0.8 1.0
1637.6 0.0 0.8 0.0
1639.2 0.0 0.8 0.0
1640.8 0.0 0.8 0.0
1642.4 2.0 0.8 1.4142135623730951
1644.0 0.0 0.8 0.0
1645.6 0.0 0.8 0.0
1647.2 0.0 0.8 0.0
1648.8 0.0 0.8 0.0
1650.4 1.0 0.8 1.0
1652.0 1.0 0.8 1.0
1653.6 0.0 0.8 0.0
1655.2 1.0 0.8 1.0
1656.8 0.0 0.8 0.0
1658.4 0.0 0.8 0.0
1660.0 0.0 0.8 0.0
1661.6 0.0 0.8 0.0
1663.2 1.0 0.8 1.0
1664.8 0.0 0.8 0.0
1666.4 0.0 0.8 0.0
1668.0 0.0 0.8 0.0
1669.6 0.0 0.8 0.0
1671.2 0.0 0.8 0.0
1672.8 0.0 0.8 0.0
1674.4 0.0 0.8 0.0
1676.0 0.0 0.8 0.0
1677.6 0.0 0.8 0.0
1679.2 0.0 0.8 0.0
1680.8 1.0 0.8 1.0
1682.4 0.0 0.8 0.0
1684.0 0.0 0.8 0.0
1685.6 0.0 0.8 0.0
1687.2 0.0 0.8 0.0
1688.8 0.0 0.8 0.0
1690.4 1.0 0.8 1.0
1692.0 0.0 0.8 0.0
1693.6 0.0 0.8 0.0
1695.2 0.0 0.8 0.0
1696.8 0.0 0.8 0.0
1698.4 2.0 0.8 1.4142135623730951
1700.0 0.0 0.8 0.0
1701.6 1.0 0.8 1.0
1703.2 0.0 0.8 0.0
1704.8 1.0 0.8 1.0
1706.4 0.0 0.8 0.0
1708.0 0.0 0.8 0.0
1709.6 0.0 0.8 0.0
1711.2 0.0 0.8 0.0
1712.8 0.0 0.8 0.0
1714.4 0.0 0.8 0.0
1716.0 2.0 0.8 1.4142135623730951
1717.6 0.0 0.8 0.0
1719.2 1.0 0.8 1.0
1720.8 2.0 0.8 1.4142135623730951
1722.4 0.0 0.8 0.0
1724.0 0.0 0.8 0.0
1725.6 0.0 0.8 0.0
1727.2 0.0 0.8 0.0
1728.8 0.0 0.8 0.0
1730.4 1.0 0.8 1.0
1732.0 0.0 0.8 0.0
1733.6 0.0 0.8 0.0
1735.2 0.0 0.8 0.0
1736.8 0.0 0.8 0.0
1738.4 0.0 0.8 0.0
1740.0 1.0 0.8 1.0
1741.6 0.0 0.8 0.0
1743.2 1.0 0.8 1.0
1744.8 0.0 0.8 0.0
1746.4 0.0 0.8 0.0
1748.0 1.0 0.8 1.0
1749.6 0.0 0.8 0.0
1751.2 0.0 0.8 0.0
1752.8 0.0 0.8 0.0
1754.4 0.0 0.8 0.0
1756.0 0.0 0.8 0.0
1757.6 0.0 0.8 0.0
1759.2 0.0 0.8 0.0
1760.8 0.0 0.8 0.0
1762.4 1.0 0.8 1.0
1764.0 0.0 0.8 0.0
1765.6 0.0 0.8 0.0
1767.2 0.0 0.8 0.0
1768.8 0.0 0.8 0.0
1770.4 1.0 0.8 1.0
1772.0 0.0 0.8 0.0
1773.6 1.0 0.8 1.0
1775.2 0.0 0.8 0.0
1776.8 0.0 0.8 0.0
1778.4 1.0 0.8 1.0
1780.0 1.0 0.8 1.0
1781.6 0.0 0.8 0.0
1783.2 0.0 0.8 0.0
1784.8 0.0 0.8 0.0
1786.4 1.0 0.8 1.0
1788.0 0.0 0.8 0.0
1789.6 0.0 0.8 0.0
1791.2 1.0 0.8 1.0
1792.8 0.0 0.8 0.0
1794.4 0.0 0.8 0.0
1796.0 0.0 0.8 0.0
1797.6 0.0 0.8 0.0
1799.2 0.0 0.8 0.0
1800.8 0.0 0.8 0.0
1802.4 0.0 0.8 0.0
1804.0 0.0 0.8 0.0
1805.6 1.0 0.8 1.0
1807.2 0.0 0.8 0.0
1808.8 0.0 0.8 0.0
1810.4 0.0 0.8 0.0
1812.0 0.0 0.8 0.0
1813.6 0.0 0.8 0.0
1815.2 1.0 0.8 1.0
1816.8 0.0 0.8 0.0
1818.4 3.0 0.8 1.7320508075688774
1820.0 0.0 0.8 0.0
1821.6 1.0 0.8 1.0
1823.2 0.0 0.8 0.0
1824.8 0.0 0.8 0.0
1826.4 0.0 0.8 0.0
1828.0 2.0 0.8 1.4142135623730951
1829.6 0.0 0.8 0.0
1831.2 1.0 0.8 1.0
1832.8 0.0 0.8 0.0
1834.4 0.0 0.8 0.0
1836.0 0.0 0.8 0.0
1837.6 0.0 0.8 0.0
1839.2 0.0 0.8 0.0
1840.8 0.0 0.8 0.0
1842.4 0.0 0.8 0.0
1844.0 0.0 0.8 0.0
1845.6 0.0 0.8 0.0
1847.2 0.0 0.8 0.0
1848.8 3.0 0.8 1.7320508075688774
1850.4 0.0 0.8 0.0
1852.0 0.0 0.8 0.0
1853.6 0.0 0.8 0.0
1855.2 1.0 0.8 1.0
1856.8 0.0 0.8 0.0
1858.4 2.0 0.8 1.4142135623730951
1860.0 1.0 0.8 1.0
1861.6 1.0 0.8 1.0
1863.2 0.0 0.8 0.0
1864.8 0.0 0.8 0.0
1866.4 0.0 0.8 0.0
1868.0 0.0 0.8 0.0
1869.6 0.0 0.8 0.0
1871.2 0.0 0.8 0.0
1872.8 0.0 0.8 0.0
1874.4 0.0 0.8 0.0
1876.0 0.0 0.8 0.0
1877.6 2.0 0.8 1.4142135623730951
1879.2 0.0 0.8 0.0
1880.8 0.0 0.8 0.0
1882.4 0.0 0.8 0.0
1884.0 2.0 0.8 1.4142135623730951
1885.6 1.0 0.8 1.0
1887.2 0.0 0.8 0.0
1888.8 1.0 0.8 1.0
1890.4 3.0 0.8 1.7320508075688774
1892.0 0.0 0.8 0.0
1893.6 0.0 0.8 0.0
1895.2 1.0 0.8 1.0
1896.8 0.0 0.8 0.0
1898.4 1.0 0.8 1.0
1900.0 1.0 0.8 1.0
1901.6 0.0 0.8 0.0
1903.2 0.0 0.8 0.0
1904.8 0.0 0.8 0.0
1906.4 0.0 0.8 0.0
1908.0 0.0 0.8 0.0
1909.6 0.0 0.8 0.0
1911.2 0.0 0.8 0.0
1912.8 0.0 0.8 0.0
1914.4 0.0 0.8 0.0
1916.0 0.0 0.8 0.0
1917.6 0.0 0.8 0.0
1919.2 0.0 0.8 0.0
1920.8 0.0 0.8 0.0
1922.4 0.0 0.8 0.0
1924.0 0.0 0.8 0.0
1925.6 0.0 0.8 0.0
1927.2 0.0 0.8 0.0
1928.8 0.0 0.8 0.0
1930.4 0.0 0.8 0.0
1932.0 0.0 0.8 0.0
1933.6 0.0 0.8 0.0
1935.2 0.0 0.8 0.0
1936.8 0.0 0.8 0.0
1938.4 0.0 0.8 0.0
1940.0 4.0 0.8 2.0
1941.6 0.0 0.8 0.0
1943.2 0.0 0.8 0.0
1944.8 1.0 0.8 1.0
1946.4 1.0 0.8 1.0
1948.0 0.0 0.8 0.0
1949.6 0.0 0.8 0.0
1951.2 0.0 0.8 0.0
1952.8 0.0 0.8 0.0
1954.4 0.0 0.8 0.0
1956.0 0.0 0.8 0.0
1957.6 0.0 0.8 0.0
1959.2 1.0 0.8 1.0
1960.8 0.0 0.8 0.0
1962.4 0.0 0.8 0.0
1964.0 0.0 0.8 0.0
1965.6 0.0 0.8 0.0
1967.2 0.0 0.8 0.0
1968.8 0.0 0.8 0.0
1970.4 0.0 0.8 0.0
1972.0 0.0 0.8 0.0
1973.6 0.0 0.8 0.0
1975.2 0.0 0.8 0.0
1976.8 0.0 0.8 0.0
1978.4 0.0 0.8 0.0
1980.0 0.0 0.8 0.0
1981.6 2.0 0.8 1.4142135623730951
1983.2 0.0 0.8 0.0
1984.8 0.0 0.8 0.0
1986.4 2.0 0.8 1.4142135623730951
1988.0 1.0 0.8 1.0
1989.6 0.0 0.8 0.0
1991.2 0.0 0.8 0.0
1992.8 0.0 0.8 0.0
1994.4 0.0 0.8 0.0
1996.0 1.0 0.8 1.0
1997.6 0.0 0.8 0.0
1999.2 0.0 0.8 0.0
2000.8 0.0 0.8 0.0
