pulsearea weight xerror yerror
5.0 0.0 5.0 0.0
15.0 0.0 5.0 0.0
25.0 0.0 5.0 0.0
35.0 0.0 5.0 0.0
45.0 0.0 5.0 0.0
55.0 2574.0 5.0 50.73460357586329
65.0 2470.0 5.0 49.69909455915671
75.0 2318.0 5.0 48.14561246884289
85.0 2195.0 5.0 46.850827100489916
95.0 2128.0 5.0 46.130250378683186
105.0 1943.0 5.0 44.07947368106838
115.0 1781.0 5.0 42.20189569201838
125.0 1633.0 5.0 40.4103947023535
135.0 1415.0 5.0 37.61648574760805
145.0 1440.0 5.0 37.94733192202055
155.0 1421.0 5.0 37.69615364994153
165.0 1356.0 5.0 36.823905279043935
175.0 1310.0 5.0 36.193922141707716
185.0 1232.0 5.0 35.09985754956849
195.0 1316.0 5.0 36.27671429443411
205.0 1255.0 5.0 35.4259791678367
215.0 1145.0 5.0 33.83784863137726
225.0 1183.0 5.0 34.39476704383968
235.0 1204.0 5.0 34.698703145794944
245.0 1136.0 5.0 33.704599092705436
255.0 1005.0 5.0 31.701734968294716
265.0 1030.0 5.0 32.09361307176243
275.0 1045.0 5.0 32.32645975048923
285.0 967.0 5.0 31.096623610932426
295.0 848.0 5.0 29.120439557122072
305.0 855.0 5.0 29.24038303442689
315.0 832.0 5.0 28.844410203711913
325.0 773.0 5.0 27.80287754891569
335.0 699.0 5.0 26.43860813280457
345.0 790.0 5.0 28.106938645110393
355.0 733.0 5.0 27.073972741361768
365.0 705.0 5.0 26.551836094703507
375.0 693.0 5.0 26.324893162176366
385.0 631.0 5.0 25.11971337416094
395.0 737.0 5.0 27.147743920996454
405.0 672.0 5.0 25.92296279363144
415.0 604.0 5.0 24.576411454889016
425.0 615.0 5.0 24.79919353527449
435.0 646.0 5.0 25.41653005427767
445.0 619.0 5.0 24.879710609249457
455.0 570.0 5.0 23.874672772626646
465.0 549.0 5.0 23.430749027719962
475.0 524.0 5.0 22.891046284519195
485.0 576.0 5.0 24.0
495.0 571.0 5.0 23.895606290697042
505.0 529.0 5.0 23.0
515.0 513.0 5.0 22.64950330581225
525.0 572.0 5.0 23.916521486202797
535.0 485.0 5.0 22.02271554554524
545.0 513.0 5.0 22.64950330581225
555.0 479.0 5.0 21.88606862823929
565.0 496.0 5.0 22.271057451320086
575.0 476.0 5.0 21.817424229271428
585.0 459.0 5.0 21.42428528562855
595.0 428.0 5.0 20.688160865577203
605.0 461.0 5.0 21.470910553583888
615.0 470.0 5.0 21.6794833886788
625.0 426.0 5.0 20.639767440550294
635.0 396.0 5.0 19.8997487421324
645.0 356.0 5.0 18.867962264113206
655.0 375.0 5.0 19.364916731037084
665.0 359.0 5.0 18.947295321496416
675.0 379.0 5.0 19.467922333931785
685.0 331.0 5.0 18.193405398660254
695.0 375.0 5.0 19.364916731037084
705.0 353.0 5.0 18.788294228055936
715.0 316.0 5.0 17.776388834631177
725.0 325.0 5.0 18.027756377319946
735.0 327.0 5.0 18.083141320025124
745.0 277.0 5.0 16.64331697709324
755.0 289.0 5.0 17.0
765.0 299.0 5.0 17.291616465790582
775.0 280.0 5.0 16.73320053068151
785.0 267.0 5.0 16.34013463836819
795.0 266.0 5.0 16.30950643030009
805.0 283.0 5.0 16.822603841260722
815.0 253.0 5.0 15.905973720586866
825.0 257.0 5.0 16.0312195418814
835.0 243.0 5.0 15.588457268119896
845.0 263.0 5.0 16.217274740226856
855.0 264.0 5.0 16.24807680927192
865.0 222.0 5.0 14.89966442575134
875.0 233.0 5.0 15.264337522473747
885.0 243.0 5.0 15.588457268119896
895.0 221.0 5.0 14.866068747318506
905.0 237.0 5.0 15.394804318340652
915.0 187.0 5.0 13.674794331177344
925.0 196.0 5.0 14.0
935.0 202.0 5.0 14.212670403551895
945.0 193.0 5.0 13.892443989449804
955.0 174.0 5.0 13.19090595827292
965.0 202.0 5.0 14.212670403551895
975.0 197.0 5.0 14.035668847618199
985.0 187.0 5.0 13.674794331177344
995.0 181.0 5.0 13.45362404707371
1005.0 160.0 5.0 12.649110640673518
1015.0 186.0 5.0 13.638181696985855
1025.0 157.0 5.0 12.529964086141668
1035.0 151.0 5.0 12.288205727444508
1045.0 155.0 5.0 12.449899597988733
1055.0 152.0 5.0 12.328828005937952
1065.0 156.0 5.0 12.489995996796797
1075.0 135.0 5.0 11.61895003862225
1085.0 133.0 5.0 11.532562594670797
1095.0 120.0 5.0 10.954451150103322
1105.0 115.0 5.0 10.723805294763608
1115.0 106.0 5.0 10.295630140987
1125.0 117.0 5.0 10.816653826391969
1135.0 126.0 5.0 11.224972160321824
1145.0 127.0 5.0 11.269427669584644
1155.0 108.0 5.0 10.392304845413264
1165.0 100.0 5.0 10.0
1175.0 106.0 5.0 10.295630140987
1185.0 93.0 5.0 9.643650760992955
1195.0 124.0 5.0 11.135528725660043
1205.0 105.0 5.0 10.246950765959598
1215.0 91.0 5.0 9.539392014169456
1225.0 84.0 5.0 9.16515138991168
1235.0 92.0 5.0 9.591663046625438
1245.0 93.0 5.0 9.643650760992955
1255.0 85.0 5.0 9.219544457292887
1265.0 77.0 5.0 8.774964387392123
1275.0 100.0 5.0 10.0
1285.0 91.0 5.0 9.539392014169456
1295.0 65.0 5.0 8.06225774829855
1305.0 86.0 5.0 9.273618495495704
1315.0 83.0 5.0 9.1104335791443
1325.0 78.0 5.0 8.831760866327848
1335.0 90.0 5.0 9.486832980505138
1345.0 78.0 5.0 8.831760866327848
1355.0 77.0 5.0 8.774964387392123
1365.0 62.0 5.0 7.874007874011811
1375.0 63.0 5.0 7.937253933193772
1385.0 58.0 5.0 7.615773105863909
1395.0 57.0 5.0 7.54983443527075
1405.0 49.0 5.0 7.0
1415.0 43.0 5.0 6.557438524302
1425.0 54.0 5.0 7.3484692283495345
1435.0 50.0 5.0 7.0710678118654755
1445.0 37.0 5.0 6.082762530298219
1455.0 46.0 5.0 6.782329983125268
1465.0 45.0 5.0 6.708203932499369
1475.0 37.0 5.0 6.082762530298219
1485.0 35.0 5.0 5.916079783099617
1495.0 29.0 5.0 5.385164807134504
1505.0 25.0 5.0 5.0
1515.0 21.0 5.0 4.58257569495584
1525.0 17.0 5.0 4.123105625617661
1535.0 24.0 5.0 4.898979485566356
1545.0 16.0 5.0 4.0
1555.0 29.0 5.0 5.385164807134504
1565.0 29.0 5.0 5.385164807134504
1575.0 25.0 5.0 5.0
1585.0 24.0 5.0 4.898979485566356
1595.0 19.0 5.0 4.358898943540674
1605.0 20.0 5.0 4.47213595499958
1615.0 26.0 5.0 5.099019513592785
1625.0 16.0 5.0 4.0
1635.0 13.0 5.0 3.605551275463989
1645.0 16.0 5.0 4.0
1655.0 6.0 5.0 2.449489742783178
1665.0 7.0 5.0 2.6457513110645907
1675.0 16.0 5.0 4.0
1685.0 8.0 5.0 2.8284271247461903
1695.0 12.0 5.0 3.4641016151377544
1705.0 13.0 5.0 3.605551275463989
1715.0 4.0 5.0 2.0
1725.0 7.0 5.0 2.6457513110645907
1735.0 11.0 5.0 3.3166247903554
1745.0 10.0 5.0 3.1622776601683795
1755.0 12.0 5.0 3.4641016151377544
1765.0 8.0 5.0 2.8284271247461903
1775.0 8.0 5.0 2.8284271247461903
1785.0 7.0 5.0 2.6457513110645907
1795.0 6.0 5.0 2.449489742783178
1805.0 11.0 5.0 3.3166247903554
1815.0 8.0 5.0 2.8284271247461903
1825.0 11.0 5.0 3.3166247903554003
1835.0 5.0 5.0 2.23606797749979
1845.0 10.0 5.0 3.1622776601683795
1855.0 9.0 5.0 3.0
1865.0 5.0 5.0 2.23606797749979
1875.0 3.0 5.0 1.7320508075688774
1885.0 5.0 5.0 2.23606797749979
1895.0 4.0 5.0 2.0
1905.0 2.0 5.0 1.4142135623730951
1915.0 5.0 5.0 2.23606797749979
1925.0 6.0 5.0 2.4494897427831783
1935.0 4.0 5.0 2.0
1945.0 5.0 5.0 2.23606797749979
1955.0 5.0 5.0 2.23606797749979
1965.0 2.0 5.0 1.4142135623730951
1975.0 6.0 5.0 2.4494897427831783
1985.0 6.0 5.0 2.449489742783178
1995.0 4.0 5.0 2.0
2005.0 6.0 5.0 2.449489742783178
2015.0 8.0 5.0 2.8284271247461903
2025.0 6.0 5.0 2.449489742783178
2035.0 3.0 5.0 1.7320508075688772
2045.0 1.0 5.0 1.0
2055.0 7.0 5.0 2.6457513110645907
2065.0 3.0 5.0 1.7320508075688774
2075.0 2.0 5.0 1.4142135623730951
2085.0 0.0 5.0 0.0
2095.0 4.0 5.0 2.0
2105.0 3.0 5.0 1.7320508075688772
2115.0 2.0 5.0 1.4142135623730951
2125.0 1.0 5.0 1.0
2135.0 3.0 5.0 1.7320508075688774
2145.0 3.0 5.0 1.7320508075688774
2155.0 1.0 5.0 1.0
2165.0 4.0 5.0 2.0
2175.0 3.0 5.0 1.7320508075688772
2185.0 3.0 5.0 1.7320508075688774
2195.0 1.0 5.0 1.0
2205.0 2.0 5.0 1.4142135623730951
2215.0 1.0 5.0 1.0
2225.0 5.0 5.0 2.23606797749979
2235.0 0.0 5.0 0.0
2245.0 1.0 5.0 1.0
2255.0 0.0 5.0 0.0
2265.0 3.0 5.0 1.7320508075688772
2275.0 2.0 5.0 1.4142135623730951
2285.0 3.0 5.0 1.7320508075688772
2295.0 3.0 5.0 1.7320508075688774
2305.0 2.0 5.0 1.4142135623730951
2315.0 1.0 5.0 1.0
2325.0 0.0 5.0 0.0
2335.0 2.0 5.0 1.4142135623730951
2345.0 2.0 5.0 1.4142135623730951
2355.0 0.0 5.0 0.0
2365.0 1.0 5.0 1.0
2375.0 0.0 5.0 0.0
2385.0 2.0 5.0 1.4142135623730951
2395.0 2.0 5.0 1.4142135623730951
2405.0 3.0 5.0 1.7320508075688772
2415.0 3.0 5.0 1.7320508075688772
2425.0 0.0 5.0 0.0
2435.0 1.0 5.0 1.0
2445.0 2.0 5.0 1.4142135623730951
2455.0 1.0 5.0 1.0
2465.0 0.0 5.0 0.0
2475.0 1.0 5.0 1.0
2485.0 0.0 5.0 0.0
2495.0 2.0 5.0 1.4142135623730951
2505.0 2.0 5.0 1.4142135623730951
2515.0 2.0 5.0 1.4142135623730951
2525.0 1.0 5.0 1.0
2535.0 1.0 5.0 1.0
2545.0 2.0 5.0 1.4142135623730951
2555.0 1.0 5.0 1.0
2565.0 2.0 5.0 1.4142135623730951
2575.0 0.0 5.0 0.0
2585.0 0.0 5.0 0.0
2595.0 1.0 5.0 1.0
2605.0 1.0 5.0 1.0
2615.0 0.0 5.0 0.0
2625.0 0.0 5.0 0.0
2635.0 0.0 5.0 0.0
2645.0 0.0 5.0 0.0
2655.0 2.0 5.0 1.4142135623730951
2665.0 1.0 5.0 1.0
2675.0 0.0 5.0 0.0
2685.0 1.0 5.0 1.0
2695.0 0.0 5.0 0.0
2705.0 1.0 5.0 1.0
2715.0 0.0 5.0 0.0
2725.0 0.0 5.0 0.0
2735.0 0.0 5.0 0.0
2745.0 0.0 5.0 0.0
2755.0 0.0 5.0 0.0
2765.0 0.0 5.0 0.0
2775.0 1.0 5.0 1.0
2785.0 0.0 5.0 0.0
2795.0 0.0 5.0 0.0
2805.0 2.0 5.0 1.4142135623730951
2815.0 1.0 5.0 1.0
2825.0 1.0 5.0 1.0
2835.0 0.0 5.0 0.0
2845.0 0.0 5.0 0.0
2855.0 0.0 5.0 0.0
2865.0 0.0 5.0 0.0
2875.0 0.0 5.0 0.0
2885.0 0.0 5.0 0.0
2895.0 0.0 5.0 0.0
2905.0 0.0 5.0 0.0
2915.0 0.0 5.0 0.0
2925.0 0.0 5.0 0.0
2935.0 0.0 5.0 0.0
2945.0 1.0 5.0 1.0
2955.0 0.0 5.0 0.0
2965.0 0.0 5.0 0.0
2975.0 0.0 5.0 0.0
2985.0 0.0 5.0 0.0
2995.0 1.0 5.0 1.0
3005.0 0.0 5.0 0.0
3015.0 0.0 5.0 0.0
3025.0 1.0 5.0 1.0
3035.0 0.0 5.0 0.0
3045.0 0.0 5.0 0.0
3055.0 0.0 5.0 0.0
3065.0 0.0 5.0 0.0
3075.0 0.0 5.0 0.0
3085.0 0.0 5.0 0.0
3095.0 1.0 5.0 1.0
3105.0 0.0 5.0 0.0
3115.0 1.0 5.0 1.0
3125.0 0.0 5.0 0.0
3135.0 0.0 5.0 0.0
3145.0 0.0 5.0 0.0
3155.0 0.0 5.0 0.0
3165.0 0.0 5.0 0.0
3175.0 0.0 5.0 0.0
3185.0 0.0 5.0 0.0
3195.0 0.0 5.0 0.0
3205.0 0.0 5.0 0.0
3215.0 0.0 5.0 0.0
3225.0 0.0 5.0 0.0
3235.0 0.0 5.0 0.0
3245.0 0.0 5.0 0.0
3255.0 0.0 5.0 0.0
3265.0 0.0 5.0 0.0
3275.0 0.0 5.0 0.0
3285.0 0.0 5.0 0.0
3295.0 0.0 5.0 0.0
3305.0 0.0 5.0 0.0
3315.0 0.0 5.0 0.0
3325.0 0.0 5.0 0.0
3335.0 0.0 5.0 0.0
3345.0 0.0 5.0 0.0
3355.0 0.0 5.0 0.0
3365.0 0.0 5.0 0.0
3375.0 0.0 5.0 0.0
3385.0 0.0 5.0 0.0
3395.0 0.0 5.0 0.0
3405.0 0.0 5.0 0.0
3415.0 0.0 5.0 0.0
3425.0 0.0 5.0 0.0
3435.0 0.0 5.0 0.0
3445.0 1.0 5.0 1.0
3455.0 0.0 5.0 0.0
3465.0 0.0 5.0 0.0
3475.0 0.0 5.0 0.0
3485.0 0.0 5.0 0.0
3495.0 0.0 5.0 0.0
3505.0 0.0 5.0 0.0
3515.0 0.0 5.0 0.0
3525.0 0.0 5.0 0.0
3535.0 0.0 5.0 0.0
3545.0 0.0 5.0 0.0
3555.0 0.0 5.0 0.0
3565.0 0.0 5.0 0.0
3575.0 0.0 5.0 0.0
3585.0 0.0 5.0 0.0
3595.0 0.0 5.0 0.0
3605.0 0.0 5.0 0.0
3615.0 0.0 5.0 0.0
3625.0 0.0 5.0 0.0
3635.0 0.0 5.0 0.0
3645.0 0.0 5.0 0.0
3655.0 0.0 5.0 0.0
3665.0 0.0 5.0 0.0
3675.0 0.0 5.0 0.0
3685.0 0.0 5.0 0.0
3695.0 0.0 5.0 0.0
3705.0 0.0 5.0 0.0
3715.0 0.0 5.0 0.0
3725.0 0.0 5.0 0.0
3735.0 0.0 5.0 0.0
3745.0 0.0 5.0 0.0
3755.0 0.0 5.0 0.0
3765.0 0.0 5.0 0.0
3775.0 0.0 5.0 0.0
3785.0 0.0 5.0 0.0
3795.0 0.0 5.0 0.0
3805.0 0.0 5.0 0.0
3815.0 0.0 5.0 0.0
3825.0 0.0 5.0 0.0
3835.0 0.0 5.0 0.0
3845.0 0.0 5.0 0.0
3855.0 0.0 5.0 0.0
3865.0 0.0 5.0 0.0
3875.0 0.0 5.0 0.0
3885.0 0.0 5.0 0.0
3895.0 0.0 5.0 0.0
3905.0 0.0 5.0 0.0
3915.0 0.0 5.0 0.0
3925.0 0.0 5.0 0.0
3935.0 0.0 5.0 0.0
3945.0 0.0 5.0 0.0
3955.0 0.0 5.0 0.0
3965.0 0.0 5.0 0.0
3975.0 0.0 5.0 0.0
3985.0 0.0 5.0 0.0
3995.0 0.0 5.0 0.0
4005.0 0.0 5.0 0.0
