5.0 5.0 0.0
5.0 15.0 0.0
5.0 25.0 0.0
5.0 35.0 0.0
5.0 45.0 0.0
5.0 55.0 0.0
5.0 65.0 0.0
5.0 75.0 0.0
5.0 85.0 0.0
5.0 95.0 0.0
5.0 105.0 0.0
5.0 115.0 0.0
5.0 125.0 0.0
5.0 135.0 0.0
5.0 145.0 0.0
5.0 155.0 0.0
5.0 165.0 0.0
5.0 175.0 0.0
5.0 185.0 0.0
5.0 195.0 0.0
5.0 205.0 0.0
5.0 215.0 0.0
5.0 225.0 0.0
5.0 235.0 0.0
5.0 245.0 0.0
5.0 255.0 0.0
5.0 265.0 0.0
5.0 275.0 0.0
5.0 285.0 0.0
5.0 295.0 0.0
5.0 305.0 0.0
5.0 315.0 0.0
5.0 325.0 0.0
5.0 335.0 0.0
5.0 345.0 0.0
5.0 355.0 0.0
5.0 365.0 0.0
5.0 375.0 0.0
5.0 385.0 0.0
5.0 395.0 0.0
15.0 5.0 0.0
15.0 15.0 0.0
15.0 25.0 0.0
15.0 35.0 0.0
15.0 45.0 0.0
15.0 55.0 0.0
15.0 65.0 0.0
15.0 75.0 0.0
15.0 85.0 0.0
15.0 95.0 0.0
15.0 105.0 0.0
15.0 115.0 0.0
15.0 125.0 0.0
15.0 135.0 0.0
15.0 145.0 0.0
15.0 155.0 0.0
15.0 165.0 0.0
15.0 175.0 0.0
15.0 185.0 0.0
15.0 195.0 0.0
15.0 205.0 0.0
15.0 215.0 0.0
15.0 225.0 0.0
15.0 235.0 0.0
15.0 245.0 0.0
15.0 255.0 0.0
15.0 265.0 0.0
15.0 275.0 0.0
15.0 285.0 0.0
15.0 295.0 0.0
15.0 305.0 0.0
15.0 315.0 0.0
15.0 325.0 0.0
15.0 335.0 0.0
15.0 345.0 0.0
15.0 355.0 0.0
15.0 365.0 0.0
15.0 375.0 0.0
15.0 385.0 0.0
15.0 395.0 0.0
25.0 5.0 0.0
25.0 15.0 0.0
25.0 25.0 0.0
25.0 35.0 0.0
25.0 45.0 0.0
25.0 55.0 0.0
25.0 65.0 0.0
25.0 75.0 0.0
25.0 85.0 0.0
25.0 95.0 0.0
25.0 105.0 0.0
25.0 115.0 0.0
25.0 125.0 0.0
25.0 135.0 0.0
25.0 145.0 0.0
25.0 155.0 0.0
25.0 165.0 0.0
25.0 175.0 0.0
25.0 185.0 0.0
25.0 195.0 0.0
25.0 205.0 0.0
25.0 215.0 0.0
25.0 225.0 0.0
25.0 235.0 0.0
25.0 245.0 0.0
25.0 255.0 0.0
25.0 265.0 0.0
25.0 275.0 0.0
25.0 285.0 0.0
25.0 295.0 0.0
25.0 305.0 0.0
25.0 315.0 0.0
25.0 325.0 0.0
25.0 335.0 0.0
25.0 345.0 0.0
25.0 355.0 0.0
25.0 365.0 0.0
25.0 375.0 0.0
25.0 385.0 0.0
25.0 395.0 0.0
35.0 5.0 0.0
35.0 15.0 0.0
35.0 25.0 0.0
35.0 35.0 1.7098795069614425e-05
35.0 45.0 4.559678927762434e-05
35.0 55.0 2.279839463881217e-05
35.0 65.0 1.7098795069614425e-05
35.0 75.0 5.699598659703042e-06
35.0 85.0 0.0
35.0 95.0 0.0
35.0 105.0 0.0
35.0 115.0 0.0
35.0 125.0 0.0
35.0 135.0 0.0
35.0 145.0 0.0
35.0 155.0 0.0
35.0 165.0 0.0
35.0 175.0 0.0
35.0 185.0 5.699598659703042e-06
35.0 195.0 0.0
35.0 205.0 0.0
35.0 215.0 1.7098795069614425e-05
35.0 225.0 0.0
35.0 235.0 0.0
35.0 245.0 1.1399197319406085e-05
35.0 255.0 0.0
35.0 265.0 1.1399197319406085e-05
35.0 275.0 0.0
35.0 285.0 0.0
35.0 295.0 0.0
35.0 305.0 0.0
35.0 315.0 0.0
35.0 325.0 0.0
35.0 335.0 0.0
35.0 345.0 0.0
35.0 355.0 0.0
35.0 365.0 0.0
35.0 375.0 0.0
35.0 385.0 0.0
35.0 395.0 0.0
45.0 5.0 0.0
45.0 15.0 0.0
45.0 25.0 0.0
45.0 35.0 2.8497994208009914e-05
45.0 45.0 0.00011969156912527978
45.0 55.0 9.119357855524868e-05
45.0 65.0 2.279839463881217e-05
45.0 75.0 2.279839463881217e-05
45.0 85.0 1.1399197319406085e-05
45.0 95.0 0.0
45.0 105.0 0.0
45.0 115.0 1.1399197319406085e-05
45.0 125.0 0.0
45.0 135.0 0.0
45.0 145.0 0.0
45.0 155.0 0.0
45.0 165.0 1.1399197319406085e-05
45.0 175.0 0.0
45.0 185.0 0.0
45.0 195.0 1.7098795069614425e-05
45.0 205.0 1.1399197319406085e-05
45.0 215.0 5.699598659703042e-06
45.0 225.0 2.279839463881217e-05
45.0 235.0 4.559678927762434e-05
45.0 245.0 2.8497994208009914e-05
45.0 255.0 1.7098795069614425e-05
45.0 265.0 1.1399197319406085e-05
45.0 275.0 0.0
45.0 285.0 0.0
45.0 295.0 0.0
45.0 305.0 0.0
45.0 315.0 0.0
45.0 325.0 0.0
45.0 335.0 0.0
45.0 345.0 0.0
45.0 355.0 0.0
45.0 365.0 0.0
45.0 375.0 0.0
45.0 385.0 0.0
45.0 395.0 0.0
55.0 5.0 0.0
55.0 15.0 0.0
55.0 25.0 0.0
55.0 35.0 1.1399197319406085e-05
55.0 45.0 7.409477984765545e-05
55.0 55.0 2.279839463881217e-05
55.0 65.0 2.279839463881217e-05
55.0 75.0 1.1399197319406085e-05
55.0 85.0 1.1399197319406085e-05
55.0 95.0 0.0
55.0 105.0 1.1399197319406085e-05
55.0 115.0 5.699598659703042e-06
55.0 125.0 0.0
55.0 135.0 0.0
55.0 145.0 0.0
55.0 155.0 0.0
55.0 165.0 0.0
55.0 175.0 1.1399197319406085e-05
55.0 185.0 1.7098795069614425e-05
55.0 195.0 1.7098795069614425e-05
55.0 205.0 2.279839463881217e-05
55.0 215.0 1.7098795069614425e-05
55.0 225.0 3.419759013922885e-05
55.0 235.0 3.9897189708426595e-05
55.0 245.0 5.129638884682208e-05
55.0 255.0 2.8497994208009914e-05
55.0 265.0 1.7098795069614425e-05
55.0 275.0 0.0
55.0 285.0 1.7098795069614425e-05
55.0 295.0 5.699598659703042e-06
55.0 305.0 0.0
55.0 315.0 0.0
55.0 325.0 0.0
55.0 335.0 0.0
55.0 345.0 0.0
55.0 355.0 0.0
55.0 365.0 0.0
55.0 375.0 0.0
55.0 385.0 0.0
55.0 395.0 0.0
65.0 5.0 0.0
65.0 15.0 0.0
65.0 25.0 0.0
65.0 35.0 0.0
65.0 45.0 2.279839463881217e-05
65.0 55.0 2.279839463881217e-05
65.0 65.0 1.1399197319406085e-05
65.0 75.0 2.279839463881217e-05
65.0 85.0 5.699598659703042e-06
65.0 95.0 0.0
65.0 105.0 0.0
65.0 115.0 0.0
65.0 125.0 0.0
65.0 135.0 0.0
65.0 145.0 0.0
65.0 155.0 5.699598659703042e-06
65.0 165.0 5.699598659703042e-06
65.0 175.0 5.699598659703042e-06
65.0 185.0 1.1399197319406085e-05
65.0 195.0 1.1399197319406085e-05
65.0 205.0 2.279839463881217e-05
65.0 215.0 2.279839463881217e-05
65.0 225.0 2.8497994208009914e-05
65.0 235.0 3.419759013922885e-05
65.0 245.0 3.9897189708426595e-05
65.0 255.0 2.279839463881217e-05
65.0 265.0 5.699598659703042e-06
65.0 275.0 5.699598659703042e-06
65.0 285.0 5.699598659703042e-06
65.0 295.0 0.0
65.0 305.0 0.0
65.0 315.0 0.0
65.0 325.0 0.0
65.0 335.0 0.0
65.0 345.0 0.0
65.0 355.0 0.0
65.0 365.0 0.0
65.0 375.0 0.0
65.0 385.0 0.0
65.0 395.0 0.0
75.0 5.0 0.0
75.0 15.0 0.0
75.0 25.0 0.0
75.0 35.0 5.699598659703042e-06
75.0 45.0 5.699598659703042e-06
75.0 55.0 5.699598659703042e-06
75.0 65.0 1.1399197319406085e-05
75.0 75.0 5.699598659703042e-06
75.0 85.0 0.0
75.0 95.0 0.0
75.0 105.0 0.0
75.0 115.0 5.699598659703042e-06
75.0 125.0 0.0
75.0 135.0 0.0
75.0 145.0 0.0
75.0 155.0 0.0
75.0 165.0 0.0
75.0 175.0 0.0
75.0 185.0 1.1399197319406085e-05
75.0 195.0 1.7098795069614425e-05
75.0 205.0 5.699598659703042e-06
75.0 215.0 1.1399197319406085e-05
75.0 225.0 2.279839463881217e-05
75.0 235.0 3.9897189708426595e-05
75.0 245.0 4.559678927762434e-05
75.0 255.0 1.7098795069614425e-05
75.0 265.0 2.279839463881217e-05
75.0 275.0 5.699598659703042e-06
75.0 285.0 0.0
75.0 295.0 5.699598659703042e-06
75.0 305.0 0.0
75.0 315.0 0.0
75.0 325.0 0.0
75.0 335.0 0.0
75.0 345.0 0.0
75.0 355.0 0.0
75.0 365.0 0.0
75.0 375.0 0.0
75.0 385.0 0.0
75.0 395.0 0.0
85.0 5.0 0.0
85.0 15.0 0.0
85.0 25.0 0.0
85.0 35.0 0.0
85.0 45.0 1.1399197319406085e-05
85.0 55.0 5.699598659703042e-06
85.0 65.0 0.0
85.0 75.0 5.699598659703042e-06
85.0 85.0 0.0
85.0 95.0 0.0
85.0 105.0 0.0
85.0 115.0 5.699598659703042e-06
85.0 125.0 0.0
85.0 135.0 5.699598659703042e-06
85.0 145.0 0.0
85.0 155.0 0.0
85.0 165.0 5.699598659703042e-06
85.0 175.0 1.1399197319406085e-05
85.0 185.0 0.0
85.0 195.0 1.7098795069614425e-05
85.0 205.0 1.7098795069614425e-05
85.0 215.0 5.1296385208843276e-05
85.0 225.0 6.269558798521757e-05
85.0 235.0 3.9897189708426595e-05
85.0 245.0 5.699598841601983e-05
85.0 255.0 3.9897189708426595e-05
85.0 265.0 5.699598659703042e-06
85.0 275.0 1.1399197319406085e-05
85.0 285.0 1.1399197319406085e-05
85.0 295.0 0.0
85.0 305.0 0.0
85.0 315.0 0.0
85.0 325.0 0.0
85.0 335.0 0.0
85.0 345.0 0.0
85.0 355.0 0.0
85.0 365.0 0.0
85.0 375.0 0.0
85.0 385.0 0.0
85.0 395.0 0.0
95.0 5.0 0.0
95.0 15.0 0.0
95.0 25.0 0.0
95.0 35.0 0.0
95.0 45.0 5.699598659703042e-06
95.0 55.0 5.699598659703042e-06
95.0 65.0 5.699598659703042e-06
95.0 75.0 5.699598659703042e-06
95.0 85.0 0.0
95.0 95.0 5.699598659703042e-06
95.0 105.0 0.0
95.0 115.0 0.0
95.0 125.0 0.0
95.0 135.0 0.0
95.0 145.0 0.0
95.0 155.0 0.0
95.0 165.0 0.0
95.0 175.0 5.699598659703042e-06
95.0 185.0 5.699598659703042e-06
95.0 195.0 5.699598659703042e-06
95.0 205.0 3.419759013922885e-05
95.0 215.0 5.129638884682208e-05
95.0 225.0 6.83951802784577e-05
95.0 235.0 5.129638884682208e-05
95.0 245.0 5.699598841601983e-05
95.0 255.0 2.279839463881217e-05
95.0 265.0 5.699598659703042e-06
95.0 275.0 5.699598659703042e-06
95.0 285.0 0.0
95.0 295.0 0.0
95.0 305.0 0.0
95.0 315.0 0.0
95.0 325.0 0.0
95.0 335.0 0.0
95.0 345.0 0.0
95.0 355.0 0.0
95.0 365.0 0.0
95.0 375.0 0.0
95.0 385.0 0.0
95.0 395.0 0.0
105.0 5.0 0.0
105.0 15.0 0.0
105.0 25.0 0.0
105.0 35.0 0.0
105.0 45.0 0.0
105.0 55.0 5.699598659703042e-06
105.0 65.0 0.0
105.0 75.0 0.0
105.0 85.0 5.699598659703042e-06
105.0 95.0 0.0
105.0 105.0 0.0
105.0 115.0 0.0
105.0 125.0 5.699598659703042e-06
105.0 135.0 0.0
105.0 145.0 5.699598659703042e-06
105.0 155.0 5.699598659703042e-06
105.0 165.0 0.0
105.0 175.0 1.1399197319406085e-05
105.0 185.0 1.7098795069614425e-05
105.0 195.0 1.1399197319406085e-05
105.0 205.0 1.1399197319406085e-05
105.0 215.0 7.409477984765545e-05
105.0 225.0 6.269558798521757e-05
105.0 235.0 4.559678927762434e-05
105.0 245.0 1.7098795069614425e-05
105.0 255.0 3.419759013922885e-05
105.0 265.0 2.8497994208009914e-05
105.0 275.0 0.0
105.0 285.0 0.0
105.0 295.0 0.0
105.0 305.0 0.0
105.0 315.0 0.0
105.0 325.0 5.699598659703042e-06
105.0 335.0 0.0
105.0 345.0 0.0
105.0 355.0 0.0
105.0 365.0 0.0
105.0 375.0 0.0
105.0 385.0 0.0
105.0 395.0 0.0
115.0 5.0 0.0
115.0 15.0 0.0
115.0 25.0 0.0
115.0 35.0 0.0
115.0 45.0 0.0
115.0 55.0 0.0
115.0 65.0 0.0
115.0 75.0 0.0
115.0 85.0 0.0
115.0 95.0 0.0
115.0 105.0 0.0
115.0 115.0 5.699598659703042e-06
115.0 125.0 0.0
115.0 135.0 0.0
115.0 145.0 0.0
115.0 155.0 0.0
115.0 165.0 0.0
115.0 175.0 5.699598659703042e-06
115.0 185.0 5.699598659703042e-06
115.0 195.0 3.419759013922885e-05
115.0 205.0 4.559678927762434e-05
115.0 215.0 3.419759013922885e-05
115.0 225.0 3.419759013922885e-05
115.0 235.0 9.119357855524868e-05
115.0 245.0 6.269558798521757e-05
115.0 255.0 2.279839463881217e-05
115.0 265.0 2.8497994208009914e-05
115.0 275.0 2.279839463881217e-05
115.0 285.0 5.699598659703042e-06
115.0 295.0 0.0
115.0 305.0 0.0
115.0 315.0 0.0
115.0 325.0 0.0
115.0 335.0 0.0
115.0 345.0 0.0
115.0 355.0 0.0
115.0 365.0 0.0
115.0 375.0 0.0
115.0 385.0 0.0
115.0 395.0 0.0
125.0 5.0 0.0
125.0 15.0 0.0
125.0 25.0 0.0
125.0 35.0 0.0
125.0 45.0 5.699598659703042e-06
125.0 55.0 5.699598659703042e-06
125.0 65.0 0.0
125.0 75.0 0.0
125.0 85.0 0.0
125.0 95.0 0.0
125.0 105.0 0.0
125.0 115.0 0.0
125.0 125.0 0.0
125.0 135.0 0.0
125.0 145.0 0.0
125.0 155.0 5.699598659703042e-06
125.0 165.0 0.0
125.0 175.0 5.699598659703042e-06
125.0 185.0 0.0
125.0 195.0 2.279839463881217e-05
125.0 205.0 1.1399197319406085e-05
125.0 215.0 3.9897189708426595e-05
125.0 225.0 1.1399197319406085e-05
125.0 235.0 6.269558798521757e-05
125.0 245.0 5.129638884682208e-05
125.0 255.0 5.699598477804102e-05
125.0 265.0 1.1399197319406085e-05
125.0 275.0 2.279839463881217e-05
125.0 285.0 0.0
125.0 295.0 0.0
125.0 305.0 0.0
125.0 315.0 5.699598659703042e-06
125.0 325.0 0.0
125.0 335.0 0.0
125.0 345.0 0.0
125.0 355.0 0.0
125.0 365.0 0.0
125.0 375.0 0.0
125.0 385.0 0.0
125.0 395.0 0.0
135.0 5.0 0.0
135.0 15.0 0.0
135.0 25.0 0.0
135.0 35.0 0.0
135.0 45.0 0.0
135.0 55.0 0.0
135.0 65.0 0.0
135.0 75.0 0.0
135.0 85.0 0.0
135.0 95.0 0.0
135.0 105.0 0.0
135.0 115.0 0.0
135.0 125.0 5.699598659703042e-06
135.0 135.0 0.0
135.0 145.0 0.0
135.0 155.0 0.0
135.0 165.0 0.0
135.0 175.0 0.0
135.0 185.0 5.699598659703042e-06
135.0 195.0 0.0
135.0 205.0 1.7098795069614425e-05
135.0 215.0 3.9897189708426595e-05
135.0 225.0 5.699598841601983e-05
135.0 235.0 4.559678927762434e-05
135.0 245.0 3.9897189708426595e-05
135.0 255.0 2.279839463881217e-05
135.0 265.0 4.559678927762434e-05
135.0 275.0 2.8497994208009914e-05
135.0 285.0 1.7098795069614425e-05
135.0 295.0 5.699598659703042e-06
135.0 305.0 0.0
135.0 315.0 0.0
135.0 325.0 5.699598659703042e-06
135.0 335.0 0.0
135.0 345.0 0.0
135.0 355.0 0.0
135.0 365.0 0.0
135.0 375.0 0.0
135.0 385.0 0.0
135.0 395.0 0.0
145.0 5.0 0.0
145.0 15.0 0.0
145.0 25.0 0.0
145.0 35.0 0.0
145.0 45.0 0.0
145.0 55.0 0.0
145.0 65.0 0.0
145.0 75.0 0.0
145.0 85.0 0.0
145.0 95.0 0.0
145.0 105.0 5.699598659703042e-06
145.0 115.0 0.0
145.0 125.0 5.699598659703042e-06
145.0 135.0 5.699598659703042e-06
145.0 145.0 0.0
145.0 155.0 0.0
145.0 165.0 0.0
145.0 175.0 1.1399197319406085e-05
145.0 185.0 1.1399197319406085e-05
145.0 195.0 5.699598659703042e-06
145.0 205.0 5.699598659703042e-06
145.0 215.0 4.559678927762434e-05
145.0 225.0 1.7098795069614425e-05
145.0 235.0 5.699598841601983e-05
145.0 245.0 3.419759013922885e-05
145.0 255.0 6.83951802784577e-05
145.0 265.0 1.1399197319406085e-05
145.0 275.0 2.279839463881217e-05
145.0 285.0 1.7098795069614425e-05
145.0 295.0 1.1399197319406085e-05
145.0 305.0 5.699598659703042e-06
145.0 315.0 5.699598659703042e-06
145.0 325.0 0.0
145.0 335.0 5.699598659703042e-06
145.0 345.0 0.0
145.0 355.0 0.0
145.0 365.0 0.0
145.0 375.0 0.0
145.0 385.0 0.0
145.0 395.0 0.0
155.0 5.0 0.0
155.0 15.0 0.0
155.0 25.0 0.0
155.0 35.0 0.0
155.0 45.0 0.0
155.0 55.0 5.699598659703042e-06
155.0 65.0 0.0
155.0 75.0 0.0
155.0 85.0 0.0
155.0 95.0 5.699598659703042e-06
155.0 105.0 0.0
155.0 115.0 0.0
155.0 125.0 0.0
155.0 135.0 0.0
155.0 145.0 0.0
155.0 155.0 0.0
155.0 165.0 0.0
155.0 175.0 0.0
155.0 185.0 5.699598659703042e-06
155.0 195.0 1.1399197319406085e-05
155.0 205.0 1.1399197319406085e-05
155.0 215.0 5.699598659703042e-06
155.0 225.0 1.1399197319406085e-05
155.0 235.0 3.9897189708426595e-05
155.0 245.0 2.8497994208009914e-05
155.0 255.0 5.129638884682208e-05
155.0 265.0 3.419759013922885e-05
155.0 275.0 1.7098795069614425e-05
155.0 285.0 2.8497994208009914e-05
155.0 295.0 0.0
155.0 305.0 0.0
155.0 315.0 0.0
155.0 325.0 5.699598659703042e-06
155.0 335.0 0.0
155.0 345.0 0.0
155.0 355.0 0.0
155.0 365.0 5.699598659703042e-06
155.0 375.0 0.0
155.0 385.0 0.0
155.0 395.0 0.0
165.0 5.0 0.0
165.0 15.0 0.0
165.0 25.0 0.0
165.0 35.0 0.0
165.0 45.0 1.1399197319406085e-05
165.0 55.0 0.0
165.0 65.0 0.0
165.0 75.0 0.0
165.0 85.0 5.699598659703042e-06
165.0 95.0 0.0
165.0 105.0 1.1399197319406085e-05
165.0 115.0 0.0
165.0 125.0 0.0
165.0 135.0 0.0
165.0 145.0 0.0
165.0 155.0 0.0
165.0 165.0 5.699598659703042e-06
165.0 175.0 5.699598659703042e-06
165.0 185.0 0.0
165.0 195.0 0.0
165.0 205.0 1.7098795069614425e-05
165.0 215.0 1.1399197319406085e-05
165.0 225.0 4.559678927762434e-05
165.0 235.0 1.1399197319406085e-05
165.0 245.0 4.559678927762434e-05
165.0 255.0 2.279839463881217e-05
165.0 265.0 1.7098795069614425e-05
165.0 275.0 2.279839463881217e-05
165.0 285.0 2.279839463881217e-05
165.0 295.0 1.7098795069614425e-05
165.0 305.0 0.0
165.0 315.0 1.1399197319406085e-05
165.0 325.0 5.699598659703042e-06
165.0 335.0 0.0
165.0 345.0 0.0
165.0 355.0 0.0
165.0 365.0 0.0
165.0 375.0 0.0
165.0 385.0 0.0
165.0 395.0 5.699598659703042e-06
175.0 5.0 0.0
175.0 15.0 0.0
175.0 25.0 0.0
175.0 35.0 0.0
175.0 45.0 0.0
175.0 55.0 0.0
175.0 65.0 0.0
175.0 75.0 0.0
175.0 85.0 0.0
175.0 95.0 0.0
175.0 105.0 5.699598659703042e-06
175.0 115.0 0.0
175.0 125.0 0.0
175.0 135.0 5.699598659703042e-06
175.0 145.0 0.0
175.0 155.0 0.0
175.0 165.0 0.0
175.0 175.0 5.699598659703042e-06
175.0 185.0 1.1399197319406085e-05
175.0 195.0 5.699598659703042e-06
175.0 205.0 1.7098795069614425e-05
175.0 215.0 1.7098795069614425e-05
175.0 225.0 1.1399197319406085e-05
175.0 235.0 1.7098795069614425e-05
175.0 245.0 2.849799238902051e-05
175.0 255.0 1.1399197319406085e-05
175.0 265.0 0.0
175.0 275.0 5.699598659703042e-06
175.0 285.0 2.8497994208009914e-05
175.0 295.0 5.699598659703042e-06
175.0 305.0 0.0
175.0 315.0 0.0
175.0 325.0 0.0
175.0 335.0 5.699598659703042e-06
175.0 345.0 0.0
175.0 355.0 0.0
175.0 365.0 5.699598659703042e-06
175.0 375.0 0.0
175.0 385.0 0.0
175.0 395.0 0.0
185.0 5.0 0.0
185.0 15.0 0.0
185.0 25.0 0.0
185.0 35.0 0.0
185.0 45.0 0.0
185.0 55.0 0.0
185.0 65.0 0.0
185.0 75.0 0.0
185.0 85.0 0.0
185.0 95.0 0.0
185.0 105.0 0.0
185.0 115.0 0.0
185.0 125.0 0.0
185.0 135.0 0.0
185.0 145.0 0.0
185.0 155.0 0.0
185.0 165.0 0.0
185.0 175.0 5.699598659703042e-06
185.0 185.0 0.0
185.0 195.0 2.279839463881217e-05
185.0 205.0 5.699598659703042e-06
185.0 215.0 2.279839463881217e-05
185.0 225.0 0.0
185.0 235.0 1.1399197319406085e-05
185.0 245.0 3.419759013922885e-05
185.0 255.0 2.279839463881217e-05
185.0 265.0 2.849799238902051e-05
185.0 275.0 2.8497994208009914e-05
185.0 285.0 1.1399197319406085e-05
185.0 295.0 5.699598659703042e-06
185.0 305.0 5.699598659703042e-06
185.0 315.0 5.699598659703042e-06
185.0 325.0 5.699598659703042e-06
185.0 335.0 0.0
185.0 345.0 0.0
185.0 355.0 0.0
185.0 365.0 0.0
185.0 375.0 0.0
185.0 385.0 0.0
185.0 395.0 5.699598659703042e-06
195.0 5.0 0.0
195.0 15.0 0.0
195.0 25.0 0.0
195.0 35.0 0.0
195.0 45.0 5.699598659703042e-06
195.0 55.0 0.0
195.0 65.0 0.0
195.0 75.0 0.0
195.0 85.0 0.0
195.0 95.0 0.0
195.0 105.0 0.0
195.0 115.0 0.0
195.0 125.0 0.0
195.0 135.0 0.0
195.0 145.0 5.699598659703042e-06
195.0 155.0 0.0
195.0 165.0 0.0
195.0 175.0 1.1399197319406085e-05
195.0 185.0 0.0
195.0 195.0 0.0
195.0 205.0 5.699598659703042e-06
195.0 215.0 5.699598659703042e-06
195.0 225.0 1.7098795069614425e-05
195.0 235.0 2.279839463881217e-05
195.0 245.0 5.699598659703042e-06
195.0 255.0 2.279839463881217e-05
195.0 265.0 5.699598659703042e-06
195.0 275.0 5.699598659703042e-06
195.0 285.0 1.1399197319406085e-05
195.0 295.0 5.699598659703042e-06
195.0 305.0 5.699598659703042e-06
195.0 315.0 0.0
195.0 325.0 0.0
195.0 335.0 0.0
195.0 345.0 0.0
195.0 355.0 0.0
195.0 365.0 0.0
195.0 375.0 0.0
195.0 385.0 0.0
195.0 395.0 0.0
205.0 5.0 0.0
205.0 15.0 0.0
205.0 25.0 0.0
205.0 35.0 0.0
205.0 45.0 0.0
205.0 55.0 0.0
205.0 65.0 0.0
205.0 75.0 0.0
205.0 85.0 0.0
205.0 95.0 0.0
205.0 105.0 0.0
205.0 115.0 0.0
205.0 125.0 0.0
205.0 135.0 0.0
205.0 145.0 0.0
205.0 155.0 0.0
205.0 165.0 0.0
205.0 175.0 5.699598659703042e-06
205.0 185.0 5.699598659703042e-06
205.0 195.0 1.7098795069614425e-05
205.0 205.0 5.699598659703042e-06
205.0 215.0 1.1399197319406085e-05
205.0 225.0 1.1399197319406085e-05
205.0 235.0 2.279839463881217e-05
205.0 245.0 3.419759013922885e-05
205.0 255.0 2.279839463881217e-05
205.0 265.0 5.699598659703042e-06
205.0 275.0 5.699598659703042e-06
205.0 285.0 1.1399197319406085e-05
205.0 295.0 0.0
205.0 305.0 0.0
205.0 315.0 0.0
205.0 325.0 1.1399197319406085e-05
205.0 335.0 0.0
205.0 345.0 0.0
205.0 355.0 0.0
205.0 365.0 0.0
205.0 375.0 0.0
205.0 385.0 0.0
205.0 395.0 0.0
215.0 5.0 0.0
215.0 15.0 0.0
215.0 25.0 0.0
215.0 35.0 0.0
215.0 45.0 0.0
215.0 55.0 0.0
215.0 65.0 0.0
215.0 75.0 0.0
215.0 85.0 5.699598659703042e-06
215.0 95.0 0.0
215.0 105.0 5.699598659703042e-06
215.0 115.0 0.0
215.0 125.0 0.0
215.0 135.0 0.0
215.0 145.0 0.0
215.0 155.0 0.0
215.0 165.0 0.0
215.0 175.0 0.0
215.0 185.0 0.0
215.0 195.0 0.0
215.0 205.0 3.9897189708426595e-05
215.0 215.0 2.279839463881217e-05
215.0 225.0 1.1399197319406085e-05
215.0 235.0 1.7098795069614425e-05
215.0 245.0 5.699598659703042e-06
215.0 255.0 2.279839463881217e-05
215.0 265.0 1.1399197319406085e-05
215.0 275.0 0.0
215.0 285.0 5.699598659703042e-06
215.0 295.0 0.0
215.0 305.0 5.699598659703042e-06
215.0 315.0 0.0
215.0 325.0 0.0
215.0 335.0 0.0
215.0 345.0 0.0
215.0 355.0 0.0
215.0 365.0 0.0
215.0 375.0 0.0
215.0 385.0 0.0
215.0 395.0 0.0
225.0 5.0 0.0
225.0 15.0 0.0
225.0 25.0 0.0
225.0 35.0 0.0
225.0 45.0 0.0
225.0 55.0 0.0
225.0 65.0 0.0
225.0 75.0 0.0
225.0 85.0 0.0
225.0 95.0 0.0
225.0 105.0 0.0
225.0 115.0 0.0
225.0 125.0 0.0
225.0 135.0 0.0
225.0 145.0 0.0
225.0 155.0 5.699598659703042e-06
225.0 165.0 0.0
225.0 175.0 1.1399197319406085e-05
225.0 185.0 0.0
225.0 195.0 5.699598659703042e-06
225.0 205.0 5.699598659703042e-06
225.0 215.0 1.7098795069614425e-05
225.0 225.0 2.279839463881217e-05
225.0 235.0 2.279839463881217e-05
225.0 245.0 2.279839463881217e-05
225.0 255.0 1.1399197319406085e-05
225.0 265.0 1.1399197319406085e-05
225.0 275.0 5.699598659703042e-06
225.0 285.0 5.699598659703042e-06
225.0 295.0 5.699598659703042e-06
225.0 305.0 5.699598659703042e-06
225.0 315.0 5.699598659703042e-06
225.0 325.0 0.0
225.0 335.0 0.0
225.0 345.0 5.699598659703042e-06
225.0 355.0 0.0
225.0 365.0 0.0
225.0 375.0 0.0
225.0 385.0 0.0
225.0 395.0 0.0
235.0 5.0 0.0
235.0 15.0 0.0
235.0 25.0 0.0
235.0 35.0 0.0
235.0 45.0 0.0
235.0 55.0 0.0
235.0 65.0 0.0
235.0 75.0 0.0
235.0 85.0 0.0
235.0 95.0 0.0
235.0 105.0 0.0
235.0 115.0 0.0
235.0 125.0 0.0
235.0 135.0 0.0
235.0 145.0 0.0
235.0 155.0 0.0
235.0 165.0 5.699598659703042e-06
235.0 175.0 5.699598659703042e-06
235.0 185.0 0.0
235.0 195.0 1.1399197319406085e-05
235.0 205.0 1.1399197319406085e-05
235.0 215.0 0.0
235.0 225.0 1.7098795069614425e-05
235.0 235.0 4.559678927762434e-05
235.0 245.0 1.7098795069614425e-05
235.0 255.0 5.699598659703042e-06
235.0 265.0 0.0
235.0 275.0 0.0
235.0 285.0 5.699598659703042e-06
235.0 295.0 1.1399197319406085e-05
235.0 305.0 1.1399197319406085e-05
235.0 315.0 1.1399197319406085e-05
235.0 325.0 0.0
235.0 335.0 5.699598659703042e-06
235.0 345.0 0.0
235.0 355.0 0.0
235.0 365.0 0.0
235.0 375.0 0.0
235.0 385.0 0.0
235.0 395.0 0.0
245.0 5.0 0.0
245.0 15.0 0.0
245.0 25.0 0.0
245.0 35.0 0.0
245.0 45.0 0.0
245.0 55.0 0.0
245.0 65.0 0.0
245.0 75.0 0.0
245.0 85.0 0.0
245.0 95.0 0.0
245.0 105.0 0.0
245.0 115.0 0.0
245.0 125.0 0.0
245.0 135.0 0.0
245.0 145.0 0.0
245.0 155.0 0.0
245.0 165.0 0.0
245.0 175.0 5.699598659703042e-06
245.0 185.0 0.0
245.0 195.0 5.699598659703042e-06
245.0 205.0 1.1399197319406085e-05
245.0 215.0 3.419759013922885e-05
245.0 225.0 5.699598659703042e-06
245.0 235.0 2.279839463881217e-05
245.0 245.0 2.279839463881217e-05
245.0 255.0 5.699598659703042e-06
245.0 265.0 2.279839463881217e-05
245.0 275.0 5.699598659703042e-06
245.0 285.0 5.699598659703042e-06
245.0 295.0 0.0
245.0 305.0 5.699598659703042e-06
245.0 315.0 5.699598659703042e-06
245.0 325.0 5.699598659703042e-06
245.0 335.0 0.0
245.0 345.0 5.699598659703042e-06
245.0 355.0 0.0
245.0 365.0 0.0
245.0 375.0 0.0
245.0 385.0 0.0
245.0 395.0 0.0
255.0 5.0 0.0
255.0 15.0 0.0
255.0 25.0 0.0
255.0 35.0 5.699598659703042e-06
255.0 45.0 0.0
255.0 55.0 0.0
255.0 65.0 0.0
255.0 75.0 0.0
255.0 85.0 0.0
255.0 95.0 0.0
255.0 105.0 0.0
255.0 115.0 0.0
255.0 125.0 0.0
255.0 135.0 0.0
255.0 145.0 5.699598659703042e-06
255.0 155.0 0.0
255.0 165.0 0.0
255.0 175.0 0.0
255.0 185.0 0.0
255.0 195.0 0.0
255.0 205.0 5.699598659703042e-06
255.0 215.0 5.699598659703042e-06
255.0 225.0 3.419759013922885e-05
255.0 235.0 2.279839463881217e-05
255.0 245.0 1.7098795069614425e-05
255.0 255.0 1.1399197319406085e-05
255.0 265.0 1.1399197319406085e-05
255.0 275.0 0.0
255.0 285.0 5.699598659703042e-06
255.0 295.0 5.699598659703042e-06
255.0 305.0 5.699598659703042e-06
255.0 315.0 0.0
255.0 325.0 5.699598659703042e-06
255.0 335.0 5.699598659703042e-06
255.0 345.0 5.699598659703042e-06
255.0 355.0 0.0
255.0 365.0 0.0
255.0 375.0 0.0
255.0 385.0 0.0
255.0 395.0 0.0
265.0 5.0 0.0
265.0 15.0 0.0
265.0 25.0 0.0
265.0 35.0 0.0
265.0 45.0 0.0
265.0 55.0 0.0
265.0 65.0 5.699598659703042e-06
265.0 75.0 0.0
265.0 85.0 0.0
265.0 95.0 0.0
265.0 105.0 0.0
265.0 115.0 0.0
265.0 125.0 0.0
265.0 135.0 0.0
265.0 145.0 0.0
265.0 155.0 0.0
265.0 165.0 0.0
265.0 175.0 0.0
265.0 185.0 0.0
265.0 195.0 5.699598659703042e-06
265.0 205.0 0.0
265.0 215.0 1.7098795069614425e-05
265.0 225.0 1.7098795069614425e-05
265.0 235.0 1.7098795069614425e-05
265.0 245.0 3.419759013922885e-05
265.0 255.0 2.279839463881217e-05
265.0 265.0 0.0
265.0 275.0 5.699598659703042e-06
265.0 285.0 0.0
265.0 295.0 5.699598659703042e-06
265.0 305.0 0.0
265.0 315.0 0.0
265.0 325.0 0.0
265.0 335.0 0.0
265.0 345.0 0.0
265.0 355.0 0.0
265.0 365.0 5.699598659703042e-06
265.0 375.0 0.0
265.0 385.0 0.0
265.0 395.0 0.0
275.0 5.0 0.0
275.0 15.0 0.0
275.0 25.0 0.0
275.0 35.0 0.0
275.0 45.0 0.0
275.0 55.0 0.0
275.0 65.0 0.0
275.0 75.0 0.0
275.0 85.0 0.0
275.0 95.0 0.0
275.0 105.0 0.0
275.0 115.0 0.0
275.0 125.0 0.0
275.0 135.0 0.0
275.0 145.0 0.0
275.0 155.0 0.0
275.0 165.0 0.0
275.0 175.0 5.699598659703042e-06
275.0 185.0 1.1399197319406085e-05
275.0 195.0 1.1399197319406085e-05
275.0 205.0 1.7098795069614425e-05
275.0 215.0 1.1399197319406085e-05
275.0 225.0 5.699598659703042e-06
275.0 235.0 5.699598659703042e-06
275.0 245.0 1.1399197319406085e-05
275.0 255.0 0.0
275.0 265.0 5.699598659703042e-06
275.0 275.0 0.0
275.0 285.0 5.699598659703042e-06
275.0 295.0 5.699598659703042e-06
275.0 305.0 5.699598659703042e-06
275.0 315.0 0.0
275.0 325.0 1.1399197319406085e-05
275.0 335.0 0.0
275.0 345.0 0.0
275.0 355.0 0.0
275.0 365.0 0.0
275.0 375.0 0.0
275.0 385.0 0.0
275.0 395.0 0.0
285.0 5.0 0.0
285.0 15.0 0.0
285.0 25.0 0.0
285.0 35.0 0.0
285.0 45.0 0.0
285.0 55.0 5.699598659703042e-06
285.0 65.0 0.0
285.0 75.0 0.0
285.0 85.0 0.0
285.0 95.0 0.0
285.0 105.0 0.0
285.0 115.0 0.0
285.0 125.0 0.0
285.0 135.0 0.0
285.0 145.0 0.0
285.0 155.0 0.0
285.0 165.0 0.0
285.0 175.0 0.0
285.0 185.0 0.0
285.0 195.0 0.0
285.0 205.0 5.699598659703042e-06
285.0 215.0 1.7098795069614425e-05
285.0 225.0 1.1399197319406085e-05
285.0 235.0 5.699598659703042e-06
285.0 245.0 1.7098795069614425e-05
285.0 255.0 5.699598659703042e-06
285.0 265.0 0.0
285.0 275.0 1.7098795069614425e-05
285.0 285.0 0.0
285.0 295.0 0.0
285.0 305.0 1.1399197319406085e-05
285.0 315.0 5.699598659703042e-06
285.0 325.0 0.0
285.0 335.0 0.0
285.0 345.0 0.0
285.0 355.0 0.0
285.0 365.0 0.0
285.0 375.0 0.0
285.0 385.0 0.0
285.0 395.0 0.0
295.0 5.0 0.0
295.0 15.0 0.0
295.0 25.0 0.0
295.0 35.0 0.0
295.0 45.0 0.0
295.0 55.0 0.0
295.0 65.0 0.0
295.0 75.0 0.0
295.0 85.0 0.0
295.0 95.0 0.0
295.0 105.0 0.0
295.0 115.0 0.0
295.0 125.0 0.0
295.0 135.0 0.0
295.0 145.0 0.0
295.0 155.0 0.0
295.0 165.0 0.0
295.0 175.0 5.699598659703042e-06
295.0 185.0 0.0
295.0 195.0 0.0
295.0 205.0 1.1399197319406085e-05
295.0 215.0 2.8497994208009914e-05
295.0 225.0 5.699598659703042e-06
295.0 235.0 1.7098795069614425e-05
295.0 245.0 2.279839463881217e-05
295.0 255.0 2.279839463881217e-05
295.0 265.0 1.1399197319406085e-05
295.0 275.0 1.1399197319406085e-05
295.0 285.0 0.0
295.0 295.0 0.0
295.0 305.0 0.0
295.0 315.0 0.0
295.0 325.0 5.699598659703042e-06
295.0 335.0 5.699598659703042e-06
295.0 345.0 0.0
295.0 355.0 0.0
295.0 365.0 0.0
295.0 375.0 5.699598659703042e-06
295.0 385.0 0.0
295.0 395.0 0.0
305.0 5.0 0.0
305.0 15.0 0.0
305.0 25.0 0.0
305.0 35.0 0.0
305.0 45.0 0.0
305.0 55.0 0.0
305.0 65.0 0.0
305.0 75.0 0.0
305.0 85.0 0.0
305.0 95.0 0.0
305.0 105.0 0.0
305.0 115.0 0.0
305.0 125.0 0.0
305.0 135.0 0.0
305.0 145.0 0.0
305.0 155.0 0.0
305.0 165.0 0.0
305.0 175.0 0.0
305.0 185.0 5.699598659703042e-06
305.0 195.0 0.0
305.0 205.0 1.7098795069614425e-05
305.0 215.0 2.8497994208009914e-05
305.0 225.0 1.1399197319406085e-05
305.0 235.0 2.8497994208009914e-05
305.0 245.0 2.8497994208009914e-05
305.0 255.0 2.279839463881217e-05
305.0 265.0 1.7098795069614425e-05
305.0 275.0 1.1399197319406085e-05
305.0 285.0 5.699598659703042e-06
305.0 295.0 5.699598659703042e-06
305.0 305.0 0.0
305.0 315.0 0.0
305.0 325.0 0.0
305.0 335.0 0.0
305.0 345.0 0.0
305.0 355.0 0.0
305.0 365.0 0.0
305.0 375.0 0.0
305.0 385.0 0.0
305.0 395.0 0.0
315.0 5.0 0.0
315.0 15.0 0.0
315.0 25.0 0.0
315.0 35.0 0.0
315.0 45.0 0.0
315.0 55.0 0.0
315.0 65.0 0.0
315.0 75.0 0.0
315.0 85.0 0.0
315.0 95.0 0.0
315.0 105.0 0.0
315.0 115.0 0.0
315.0 125.0 0.0
315.0 135.0 0.0
315.0 145.0 0.0
315.0 155.0 0.0
315.0 165.0 0.0
315.0 175.0 0.0
315.0 185.0 0.0
315.0 195.0 0.0
315.0 205.0 1.7098795069614425e-05
315.0 215.0 1.1399197319406085e-05
315.0 225.0 3.9897189708426595e-05
315.0 235.0 2.279839463881217e-05
315.0 245.0 2.8497994208009914e-05
315.0 255.0 2.279839463881217e-05
315.0 265.0 2.8497994208009914e-05
315.0 275.0 1.1399197319406085e-05
315.0 285.0 5.699598659703042e-06
315.0 295.0 5.699598659703042e-06
315.0 305.0 0.0
315.0 315.0 0.0
315.0 325.0 0.0
315.0 335.0 0.0
315.0 345.0 5.699598659703042e-06
315.0 355.0 0.0
315.0 365.0 0.0
315.0 375.0 0.0
315.0 385.0 0.0
315.0 395.0 0.0
325.0 5.0 0.0
325.0 15.0 0.0
325.0 25.0 0.0
325.0 35.0 0.0
325.0 45.0 0.0
325.0 55.0 0.0
325.0 65.0 0.0
325.0 75.0 0.0
325.0 85.0 0.0
325.0 95.0 0.0
325.0 105.0 0.0
325.0 115.0 0.0
325.0 125.0 0.0
325.0 135.0 0.0
325.0 145.0 0.0
325.0 155.0 0.0
325.0 165.0 0.0
325.0 175.0 0.0
325.0 185.0 0.0
325.0 195.0 0.0
325.0 205.0 5.699598659703042e-06
325.0 215.0 1.1399197319406085e-05
325.0 225.0 1.1399197319406085e-05
325.0 235.0 3.419759013922885e-05
325.0 245.0 2.279839463881217e-05
325.0 255.0 2.849799238902051e-05
325.0 265.0 5.699598659703042e-06
325.0 275.0 5.699598659703042e-06
325.0 285.0 5.699598659703042e-06
325.0 295.0 0.0
325.0 305.0 0.0
325.0 315.0 0.0
325.0 325.0 0.0
325.0 335.0 0.0
325.0 345.0 0.0
325.0 355.0 0.0
325.0 365.0 0.0
325.0 375.0 0.0
325.0 385.0 0.0
325.0 395.0 0.0
335.0 5.0 0.0
335.0 15.0 0.0
335.0 25.0 0.0
335.0 35.0 0.0
335.0 45.0 0.0
335.0 55.0 0.0
335.0 65.0 0.0
335.0 75.0 0.0
335.0 85.0 0.0
335.0 95.0 0.0
335.0 105.0 0.0
335.0 115.0 0.0
335.0 125.0 0.0
335.0 135.0 0.0
335.0 145.0 0.0
335.0 155.0 0.0
335.0 165.0 0.0
335.0 175.0 0.0
335.0 185.0 0.0
335.0 195.0 5.699598659703042e-06
335.0 205.0 0.0
335.0 215.0 1.7098795069614425e-05
335.0 225.0 1.1399197319406085e-05
335.0 235.0 5.699598659703042e-06
335.0 245.0 5.699598659703042e-06
335.0 255.0 5.699598659703042e-06
335.0 265.0 5.699598659703042e-06
335.0 275.0 5.699598659703042e-06
335.0 285.0 5.699598659703042e-06
335.0 295.0 0.0
335.0 305.0 0.0
335.0 315.0 0.0
335.0 325.0 0.0
335.0 335.0 0.0
335.0 345.0 0.0
335.0 355.0 0.0
335.0 365.0 0.0
335.0 375.0 0.0
335.0 385.0 0.0
335.0 395.0 0.0
345.0 5.0 0.0
345.0 15.0 0.0
345.0 25.0 0.0
345.0 35.0 0.0
345.0 45.0 0.0
345.0 55.0 0.0
345.0 65.0 5.699598659703042e-06
345.0 75.0 0.0
345.0 85.0 0.0
345.0 95.0 0.0
345.0 105.0 0.0
345.0 115.0 0.0
345.0 125.0 0.0
345.0 135.0 0.0
345.0 145.0 0.0
345.0 155.0 0.0
345.0 165.0 0.0
345.0 175.0 0.0
345.0 185.0 0.0
345.0 195.0 0.0
345.0 205.0 0.0
345.0 215.0 0.0
345.0 225.0 2.279839463881217e-05
345.0 235.0 2.279839463881217e-05
345.0 245.0 3.9897189708426595e-05
345.0 255.0 1.7098795069614425e-05
345.0 265.0 1.7098795069614425e-05
345.0 275.0 0.0
345.0 285.0 0.0
345.0 295.0 0.0
345.0 305.0 0.0
345.0 315.0 0.0
345.0 325.0 0.0
345.0 335.0 0.0
345.0 345.0 0.0
345.0 355.0 0.0
345.0 365.0 0.0
345.0 375.0 0.0
345.0 385.0 0.0
345.0 395.0 0.0
355.0 5.0 0.0
355.0 15.0 0.0
355.0 25.0 0.0
355.0 35.0 0.0
355.0 45.0 0.0
355.0 55.0 0.0
355.0 65.0 0.0
355.0 75.0 0.0
355.0 85.0 0.0
355.0 95.0 0.0
355.0 105.0 0.0
355.0 115.0 0.0
355.0 125.0 0.0
355.0 135.0 0.0
355.0 145.0 0.0
355.0 155.0 0.0
355.0 165.0 0.0
355.0 175.0 0.0
355.0 185.0 0.0
355.0 195.0 5.699598659703042e-06
355.0 205.0 0.0
355.0 215.0 1.1399197319406085e-05
355.0 225.0 5.699598659703042e-06
355.0 235.0 1.7098795069614425e-05
355.0 245.0 1.1399197319406085e-05
355.0 255.0 1.1399197319406085e-05
355.0 265.0 1.1399197319406085e-05
355.0 275.0 5.699598659703042e-06
355.0 285.0 5.699598659703042e-06
355.0 295.0 5.699598659703042e-06
355.0 305.0 5.699598659703042e-06
355.0 315.0 0.0
355.0 325.0 0.0
355.0 335.0 0.0
355.0 345.0 0.0
355.0 355.0 0.0
355.0 365.0 0.0
355.0 375.0 0.0
355.0 385.0 0.0
355.0 395.0 0.0
365.0 5.0 0.0
365.0 15.0 0.0
365.0 25.0 0.0
365.0 35.0 0.0
365.0 45.0 5.699598659703042e-06
365.0 55.0 0.0
365.0 65.0 0.0
365.0 75.0 0.0
365.0 85.0 0.0
365.0 95.0 0.0
365.0 105.0 0.0
365.0 115.0 0.0
365.0 125.0 0.0
365.0 135.0 0.0
365.0 145.0 0.0
365.0 155.0 0.0
365.0 165.0 0.0
365.0 175.0 0.0
365.0 185.0 0.0
365.0 195.0 0.0
365.0 205.0 5.699598659703042e-06
365.0 215.0 1.7098795069614425e-05
365.0 225.0 1.1399197319406085e-05
365.0 235.0 1.7098795069614425e-05
365.0 245.0 5.699598659703042e-06
365.0 255.0 1.7098795069614425e-05
365.0 265.0 1.1399197319406085e-05
365.0 275.0 5.699598659703042e-06
365.0 285.0 0.0
365.0 295.0 0.0
365.0 305.0 0.0
365.0 315.0 0.0
365.0 325.0 0.0
365.0 335.0 0.0
365.0 345.0 0.0
365.0 355.0 0.0
365.0 365.0 0.0
365.0 375.0 0.0
365.0 385.0 0.0
365.0 395.0 0.0
375.0 5.0 0.0
375.0 15.0 0.0
375.0 25.0 0.0
375.0 35.0 0.0
375.0 45.0 0.0
375.0 55.0 0.0
375.0 65.0 0.0
375.0 75.0 0.0
375.0 85.0 0.0
375.0 95.0 0.0
375.0 105.0 0.0
375.0 115.0 0.0
375.0 125.0 0.0
375.0 135.0 0.0
375.0 145.0 0.0
375.0 155.0 0.0
375.0 165.0 0.0
375.0 175.0 0.0
375.0 185.0 0.0
375.0 195.0 0.0
375.0 205.0 5.699598659703042e-06
375.0 215.0 0.0
375.0 225.0 0.0
375.0 235.0 1.1399197319406085e-05
375.0 245.0 5.699598659703042e-06
375.0 255.0 0.0
375.0 265.0 5.699598659703042e-06
375.0 275.0 0.0
375.0 285.0 0.0
375.0 295.0 0.0
375.0 305.0 0.0
375.0 315.0 0.0
375.0 325.0 0.0
375.0 335.0 0.0
375.0 345.0 0.0
375.0 355.0 0.0
375.0 365.0 0.0
375.0 375.0 0.0
375.0 385.0 0.0
375.0 395.0 0.0
385.0 5.0 0.0
385.0 15.0 0.0
385.0 25.0 0.0
385.0 35.0 0.0
385.0 45.0 0.0
385.0 55.0 0.0
385.0 65.0 0.0
385.0 75.0 0.0
385.0 85.0 0.0
385.0 95.0 0.0
385.0 105.0 0.0
385.0 115.0 0.0
385.0 125.0 0.0
385.0 135.0 0.0
385.0 145.0 0.0
385.0 155.0 0.0
385.0 165.0 0.0
385.0 175.0 0.0
385.0 185.0 0.0
385.0 195.0 0.0
385.0 205.0 0.0
385.0 215.0 1.7098795069614425e-05
385.0 225.0 0.0
385.0 235.0 5.699598659703042e-06
385.0 245.0 5.699598659703042e-06
385.0 255.0 5.699598659703042e-06
385.0 265.0 0.0
385.0 275.0 5.699598659703042e-06
385.0 285.0 0.0
385.0 295.0 0.0
385.0 305.0 0.0
385.0 315.0 0.0
385.0 325.0 0.0
385.0 335.0 0.0
385.0 345.0 0.0
385.0 355.0 0.0
385.0 365.0 0.0
385.0 375.0 0.0
385.0 385.0 0.0
385.0 395.0 0.0
395.0 5.0 0.0
395.0 15.0 0.0
395.0 25.0 0.0
395.0 35.0 0.0
395.0 45.0 0.0
395.0 55.0 0.0
395.0 65.0 0.0
395.0 75.0 0.0
395.0 85.0 0.0
395.0 95.0 0.0
395.0 105.0 0.0
395.0 115.0 0.0
395.0 125.0 0.0
395.0 135.0 0.0
395.0 145.0 0.0
395.0 155.0 0.0
395.0 165.0 0.0
395.0 175.0 0.0
395.0 185.0 0.0
395.0 195.0 0.0
395.0 205.0 0.0
395.0 215.0 5.699598659703042e-06
395.0 225.0 0.0
395.0 235.0 5.699598659703042e-06
395.0 245.0 1.1399197319406085e-05
395.0 255.0 0.0
395.0 265.0 0.0
395.0 275.0 5.699598659703042e-06
395.0 285.0 0.0
395.0 295.0 0.0
395.0 305.0 0.0
395.0 315.0 0.0
395.0 325.0 0.0
395.0 335.0 0.0
395.0 345.0 0.0
395.0 355.0 0.0
395.0 365.0 0.0
395.0 375.0 0.0
395.0 385.0 0.0
395.0 395.0 0.0
