energy rate negative_error possitive_error
0.0 0.0 0.0 0.0
0.02 0.12419736385345459 0.0008474526662956341 0.0008474526662956341
0.04 0.11195573210716248 0.0008046044383355714 0.0008046044383355714
0.06 0.05452355742454529 0.0005615020540053106 0.0005615020540053106
0.08 0.0535116121172905 0.0005562669774319531 0.0005562669774319531
0.1 0.04781581088900566 0.0005258295971014947 0.0005258295971014947
0.12 0.03145122528076172 0.00042645976259856493 0.00042645976259856493
0.14 0.01580945961177349 0.0003023554397577717 0.0003023554397577717
0.16 0.0075635602697730064 0.00020913292101216947 0.00020913292101216947
0.18 0.0046838559210300446 0.0001645739302637548 0.0001645739302637548
0.2 0.004013081546872854 0.00015233449831221084 0.00015233449831221084
0.22 0.003550478722900152 0.00014328565620832162 0.00014328565620832162
0.24 0.003342307172715664 0.00013902165381553591 0.00013902165381553591
0.26 0.003272916655987501 0.00013757095338209723 0.00013757095338209723
0.28 0.0032671340741217136 0.0001374493705449278 0.0001374493705449278
0.3 0.0028912692796438932 0.00012930149121780332 0.00012930149121780332
0.32 0.0030127023346722126 0.00013198889501642126 0.00013198889501642126
0.34 0.002648402703925967 0.00012375172757635047 0.00012375172757635047
0.36 0.0026310551911592484 0.00012334576127433152 0.00012334576127433152
0.38 0.002636837540194392 0.0001234812316735085 0.0001234812316735085
0.4 0.0025963596999645233 0.00012252979358821515 0.00012252979358821515
0.42 0.0030647453386336565 0.0001331240330256582 0.0001331240330256582
0.44 0.003030050080269575 0.00013236835596713725 0.00013236835596713725
0.46 0.002573229605332017 0.00012198278284955394 0.00012198278284955394
0.48 0.002775618340820074 0.00012668907058583138 0.00012668907058583138
0.5 0.002665750216692686 0.0001241563664574562 0.0001241563664574562
0.52 0.00234771054238081 0.00011651492184476592 0.00011651492184476592
0.54 0.0022262772545218468 0.00011346159806729196 0.00011346159806729196
0.56 0.0024171010591089725 0.00011822427850335757 0.00011822427850335757
0.58 0.002313015516847372 0.00011565076958204012 0.00011565076958204012
0.6 0.0026888803113251925 0.00012469384241800929 0.00012469384241800929
0.62 0.0030589629895985126 0.00013299838501934616 0.00013299838501934616
0.64 0.0037239547818899155 0.0001467443757454377 0.0001467443757454377
0.66 0.004423642065376043 0.00015993711175226323 0.00015993711175226323
0.68 0.005053938366472721 0.00017095202427361346 0.00017095202427361346
0.7000000000000001 0.005643757525831461 0.0001806522771292968 0.0001806522771292968
0.72 0.005609062500298023 0.00018009613745004771 0.00018009613745004771
0.74 0.005476064048707485 0.00017794816786186277 0.00017794816786186277
0.76 0.005013461224734783 0.00017026605752295455 0.00017026605752295455
0.78 0.0045739877969026566 0.00016263228845612304 0.00016263228845612304
0.8 0.0038049104623496532 0.00014833084753546828 0.00014833084753546828
0.8200000000000001 0.0032497865613549948 0.00013708397502775437 0.00013708397502775437
0.84 0.0024749264121055603 0.00011963008626705244 0.00011963008626705244
0.86 0.0022320598363876343 0.0001136088552325302 0.0001136088552325302
0.88 0.0019718455150723457 0.00010678142713244993 0.00010678142713244993
0.9 0.0019487155368551612 0.00010615329564075499 0.00010615329564075499
0.92 0.0016595885390415788 9.796241428363616e-05 9.796241428363616e-05
0.9400000000000001 0.0015265902038663626 9.395512936101983e-05 9.395512936101983e-05
0.96 0.001295288559049368 8.65451112585463e-05 8.65451112585463e-05
0.98 0.0014629822690039873 9.197690508687886e-05 9.197690508687886e-05
1.0 0.0012895060935989022 8.63517141201717e-05 8.63517141201717e-05
1.02 0.0010408569360151887 7.7580894730682e-05 7.7580894730682e-05
1.04 0.0010524219833314419 7.801070907085611e-05 7.801070907085611e-05
1.06 0.0009252061136066914 7.314396900611325e-05 7.314396900611325e-05
1.08 0.0009252061718143523 7.314396900611325e-05 7.314396900611325e-05
1.1 0.0007748601492494345 6.693772231819347e-05 6.693772231819347e-05
1.12 0.0007459474727511406 6.567701205776721e-05 6.567701205776721e-05
1.1400000000000001 0.0008037728257477283 6.817512321557661e-05 6.817512321557661e-05
1.16 0.0007690776255913079 6.668748696633635e-05 6.668748696633635e-05
1.18 0.0007864251965656877 6.743540740347141e-05 6.743540740347141e-05
1.2 0.0007112522143870592 6.413145410219798e-05 6.413145410219798e-05
1.22 0.0006939045852050185 6.334453529291569e-05 6.334453529291569e-05
1.24 0.0007343824254348874 6.516589913683006e-05 6.516589913683006e-05
1.26 0.0007285998435690999 6.490883344390972e-05 6.490883344390972e-05
1.28 0.0008905109134502709 7.175941537104022e-05 7.175941537104022e-05
1.3 0.0006707744905725121 6.227984542712241e-05 6.227984542712241e-05
1.32 0.0006881221197545528 6.308004756032724e-05 6.308004756032724e-05
1.34 0.0006302966503426433 6.037147412139439e-05 6.037147412139439e-05
1.36 0.0005724712973460555 5.753553141292117e-05 5.753553141292117e-05
1.3800000000000001 0.0005609062500298023 5.695139921408997e-05 5.695139921408997e-05
1.4000000000000001 0.0005204284097999334 5.4857976754584935e-05 5.4857976754584935e-05
1.42 0.0004683856386691332 5.204284631191806e-05 5.204284631191806e-05
1.44 0.0006534268613904715 6.146922720060317e-05 6.146922720060317e-05
1.46 0.0005262109916657209 5.516190138917327e-05 5.516190138917327e-05
1.48 0.00039899518014863133 4.803337211875072e-05 4.803337211875072e-05
1.5 0.00037586502730846405 4.6620315657974664e-05 4.6620315657974664e-05
1.52 0.0004336903803050518 5.007825221263368e-05 5.007825221263368e-05
1.54 0.00039899518014863133 4.803337211875072e-05 4.803337211875072e-05
1.56 0.000323822139762342 4.327255562927315e-05 4.327255562927315e-05
1.58 0.0003180396161042154 4.288445312028875e-05 4.288445312028875e-05
1.6 0.00026599675766192377 3.921908410538912e-05 3.921908410538912e-05
1.62 0.00028912691050209105 4.0888721710451735e-05 4.0888721710451735e-05
1.6400000000000001 0.00024286660482175648 3.7475132461625865e-05 3.7475132461625865e-05
1.6600000000000001 0.00023130152840167284 3.6571984503056626e-05 3.6571984503056626e-05
1.68 0.00024864915758371353 3.791864059112219e-05 3.791864059112219e-05
1.7 0.000161911069881171 3.059831752473115e-05 3.059831752473115e-05
1.72 0.00019082377548329532 3.321815454921821e-05 3.321815454921821e-05
1.74 0.00020817139011342078 3.469523087461204e-05 3.469523087461204e-05
1.76 0.0001561285462230444 3.0046951327580212e-05 3.0046951327580212e-05
1.78 0.00011565076420083642 2.5860298243560666e-05 2.5860298243560666e-05
1.8 0.0001387809170410037 2.8328537383618806e-05 2.8328537383618806e-05
1.82 8.095554221654311e-05 2.1636277814636575e-05 2.1636277814636575e-05
1.84 9.252061136066914e-05 2.3130153916408024e-05 2.3130153916408024e-05
1.86 0.00013299837883096188 2.773208032284619e-05 2.773208032284619e-05
1.8800000000000001 7.517299673054367e-05 2.0849238988745836e-05 2.0849238988745836e-05
1.9000000000000001 0.00012143330241087824 2.6498920289479764e-05 2.6498920289479764e-05
1.92 8.09555349405855e-05 2.1636277814636575e-05 2.1636277814636575e-05
1.94 6.360792758641765e-05 1.9178510470973724e-05 1.9178510470973724e-05
1.96 8.673808042658493e-05 2.2395675228365637e-05 2.2395675228365637e-05
1.98 0.0001098682259907946 2.520550086754103e-05 2.520550086754103e-05
2.0 6.939046579645947e-05 2.0031300885053474e-05 2.0031300885053474e-05
2.02 8.095554221654311e-05 2.1636277814636575e-05 2.1636277814636575e-05
2.04 9.830315684666857e-05 2.3842016933536072e-05 2.3842016933536072e-05
2.06 8.673807315062732e-05 2.2395675228365637e-05 2.2395675228365637e-05
2.08 6.939045852050185e-05 2.0031300885053474e-05 2.0031300885053474e-05
2.1 9.252061863662675e-05 2.3130153916408024e-05 2.3130153916408024e-05
2.12 7.517300400650129e-05 2.0849238988745836e-05 2.0849238988745836e-05
2.14 6.360792758641765e-05 1.9178510470973724e-05 1.9178510470973724e-05
2.16 7.517300400650129e-05 2.0849238988745836e-05 2.0849238988745836e-05
2.18 5.204284389037639e-05 1.734761543730602e-05 1.734761543730602e-05
2.2 5.782538573839702e-05 1.8285992251528313e-05 1.8285992251528313e-05
2.22 4.6260309318313375e-05 1.6355488684180695e-05 1.6355488684180695e-05
2.24 2.891269286919851e-05 1.2930149121780333e-05 1.2930149121780333e-05
2.2600000000000002 4.6260309318313375e-05 1.6355488684180695e-05 1.6355488684180695e-05
2.2800000000000002 5.2042847528355196e-05 1.734761543730602e-05 1.734761543730602e-05
2.3000000000000003 6.939045852050185e-05 2.0031300885053474e-05 2.0031300885053474e-05
2.32 2.3130154659156688e-05 1.1565076958204012e-05 1.1565076958204012e-05
2.34 5.782538573839702e-05 1.8285992251528313e-05 1.8285992251528313e-05
2.36 4.626030568033457e-05 1.6355488684180695e-05 1.6355488684180695e-05
2.38 1.7347616449114867e-05 1.0015650442526737e-05 1.0015650442526737e-05
2.4 4.0477771108271554e-05 1.5299158762365576e-05 1.5299158762365576e-05
2.42 2.3130152840167284e-05 1.1565076958204012e-05 1.1565076958204012e-05
2.44 3.469523289822973e-05 1.4164268691809403e-05 1.4164268691809403e-05
2.46 3.469523289822973e-05 1.4164268691809403e-05 1.4164268691809403e-05
2.48 1.7347616449114867e-05 1.0015650442526737e-05 1.0015650442526737e-05
2.5 2.3130152840167284e-05 1.1565076958204012e-05 1.1565076958204012e-05
2.52 1.7347614630125463e-05 1.0015650442526737e-05 1.0015650442526737e-05
2.54 5.782538664789172e-06 5.782538479102006e-06 5.782538479102006e-06
2.56 1.7347616449114867e-05 1.0015650442526737e-05 1.0015650442526737e-05
2.58 2.891269286919851e-05 1.2930149121780333e-05 1.2930149121780333e-05
2.6 5.782538664789172e-06 5.782538479102006e-06 5.782538479102006e-06
2.62 0.0 0.0 0.0
2.64 0.0 0.0 0.0
2.66 1.7347616449114867e-05 1.0015650442526737e-05 1.0015650442526737e-05
2.68 1.7347614630125463e-05 1.0015650442526737e-05 1.0015650442526737e-05
2.7 1.1565077329578344e-05 8.177744342090348e-06 8.177744342090348e-06
2.72 1.1565077329578344e-05 8.177744342090348e-06 8.177744342090348e-06
2.74 5.782538664789172e-06 5.782538479102006e-06 5.782538479102006e-06
2.7600000000000002 0.0 0.0 0.0
2.7800000000000002 0.0 0.0 0.0
2.8000000000000003 1.1565077329578344e-05 8.177744342090348e-06 8.177744342090348e-06
2.82 0.0 0.0 0.0
2.84 1.1565077329578344e-05 8.177744342090348e-06 8.177744342090348e-06
2.86 0.0 0.0 0.0
2.88 0.0 0.0 0.0
2.9 0.0 0.0 0.0
2.92 0.0 0.0 0.0
2.94 0.0 0.0 0.0
2.96 0.0 0.0 0.0
2.98 0.0 0.0 0.0
3.0 0.0 0.0 0.0
3.02 5.782538664789172e-06 5.782538479102006e-06 5.782538479102006e-06
3.04 0.0 0.0 0.0
3.06 0.0 0.0 0.0
3.08 0.0 0.0 0.0
3.1 0.0 0.0 0.0
3.12 0.0 0.0 0.0
3.14 0.0 0.0 0.0
3.16 0.0 0.0 0.0
3.18 0.0 0.0 0.0
3.2 0.0 0.0 0.0
3.22 0.0 0.0 0.0
3.24 0.0 0.0 0.0
3.2600000000000002 0.0 0.0 0.0
3.2800000000000002 0.0 0.0 0.0
3.3000000000000003 0.0 0.0 0.0
3.3200000000000003 0.0 0.0 0.0
3.34 0.0 0.0 0.0
3.36 0.0 0.0 0.0
3.38 0.0 0.0 0.0
3.4 5.782538664789172e-06 5.782538479102006e-06 5.782538479102006e-06
3.42 0.0 0.0 0.0
3.44 0.0 0.0 0.0
3.46 0.0 0.0 0.0
3.48 0.0 0.0 0.0
3.5 0.0 0.0 0.0
3.52 0.0 0.0 0.0
3.54 0.0 0.0 0.0
3.56 0.0 0.0 0.0
3.58 0.0 0.0 0.0
3.6 0.0 0.0 0.0
3.62 0.0 0.0 0.0
3.64 0.0 0.0 0.0
3.66 0.0 0.0 0.0
3.68 5.782538664789172e-06 5.782538479102006e-06 5.782538479102006e-06
3.7 0.0 0.0 0.0
3.72 0.0 0.0 0.0
3.74 0.0 0.0 0.0
3.7600000000000002 0.0 0.0 0.0
3.7800000000000002 1.1565077329578344e-05 8.177744342090348e-06 8.177744342090348e-06
3.8000000000000003 0.0 0.0 0.0
3.8200000000000003 0.0 0.0 0.0
3.84 0.0 0.0 0.0
3.86 0.0 0.0 0.0
3.88 0.0 0.0 0.0
3.9 0.0 0.0 0.0
3.92 0.0 0.0 0.0
3.94 0.0 0.0 0.0
3.96 0.0 0.0 0.0
3.98 0.0 0.0 0.0
4.0 0.0 0.0 0.0
4.0200000000000005 0.0 0.0 0.0
4.04 0.0 0.0 0.0
4.0600000000000005 0.0 0.0 0.0
4.08 0.0 0.0 0.0
4.1 0.0 0.0 0.0
4.12 0.0 0.0 0.0
4.14 0.0 0.0 0.0
4.16 0.0 0.0 0.0
4.18 0.0 0.0 0.0
4.2 0.0 0.0 0.0
4.22 0.0 0.0 0.0
4.24 0.0 0.0 0.0
4.26 0.0 0.0 0.0
4.28 0.0 0.0 0.0
4.3 0.0 0.0 0.0
4.32 0.0 0.0 0.0
4.34 0.0 0.0 0.0
4.36 0.0 0.0 0.0
4.38 0.0 0.0 0.0
4.4 0.0 0.0 0.0
4.42 0.0 0.0 0.0
4.44 0.0 0.0 0.0
4.46 0.0 0.0 0.0
4.48 0.0 0.0 0.0
4.5 0.0 0.0 0.0
4.5200000000000005 0.0 0.0 0.0
4.54 0.0 0.0 0.0
4.5600000000000005 0.0 0.0 0.0
4.58 0.0 0.0 0.0
4.6000000000000005 0.0 0.0 0.0
4.62 0.0 0.0 0.0
4.64 0.0 0.0 0.0
4.66 0.0 0.0 0.0
4.68 0.0 0.0 0.0
4.7 0.0 0.0 0.0
4.72 0.0 0.0 0.0
4.74 0.0 0.0 0.0
4.76 0.0 0.0 0.0
4.78 0.0 0.0 0.0
4.8 0.0 0.0 0.0
4.82 0.0 0.0 0.0
4.84 0.0 0.0 0.0
4.86 0.0 0.0 0.0
4.88 0.0 0.0 0.0
4.9 0.0 0.0 0.0
4.92 0.0 0.0 0.0
4.94 0.0 0.0 0.0
4.96 0.0 0.0 0.0
4.98 0.0 0.0 0.0
5.0 0.0 0.0 0.0
5.0200000000000005 0.0 0.0 0.0
5.04 0.0 0.0 0.0
5.0600000000000005 0.0 0.0 0.0
5.08 0.0 0.0 0.0
5.1000000000000005 0.0 0.0 0.0
5.12 0.0 0.0 0.0
5.14 0.0 0.0 0.0
5.16 0.0 0.0 0.0
5.18 0.0 0.0 0.0
5.2 0.0 0.0 0.0
5.22 0.0 0.0 0.0
5.24 0.0 0.0 0.0
5.26 0.0 0.0 0.0
5.28 0.0 0.0 0.0
5.3 0.0 0.0 0.0
5.32 0.0 0.0 0.0
5.34 0.0 0.0 0.0
5.36 0.0 0.0 0.0
5.38 0.0 0.0 0.0
5.4 0.0 0.0 0.0
5.42 0.0 0.0 0.0
5.44 0.0 0.0 0.0
5.46 0.0 0.0 0.0
5.48 0.0 0.0 0.0
5.5 0.0 0.0 0.0
5.5200000000000005 0.0 0.0 0.0
5.54 0.0 0.0 0.0
5.5600000000000005 0.0 0.0 0.0
5.58 0.0 0.0 0.0
5.6000000000000005 0.0 0.0 0.0
5.62 0.0 0.0 0.0
5.64 0.0 0.0 0.0
5.66 0.0 0.0 0.0
5.68 0.0 0.0 0.0
5.7 0.0 0.0 0.0
5.72 0.0 0.0 0.0
5.74 0.0 0.0 0.0
5.76 0.0 0.0 0.0
5.78 0.0 0.0 0.0
5.8 0.0 0.0 0.0
5.82 0.0 0.0 0.0
5.84 0.0 0.0 0.0
5.86 0.0 0.0 0.0
5.88 0.0 0.0 0.0
5.9 0.0 0.0 0.0
5.92 0.0 0.0 0.0
5.94 0.0 0.0 0.0
5.96 0.0 0.0 0.0
5.98 0.0 0.0 0.0
6.0 0.0 0.0 0.0
6.0200000000000005 0.0 0.0 0.0
6.04 0.0 0.0 0.0
6.0600000000000005 0.0 0.0 0.0
6.08 0.0 0.0 0.0
6.1000000000000005 0.0 0.0 0.0
6.12 0.0 0.0 0.0
6.140000000000001 0.0 0.0 0.0
6.16 0.0 0.0 0.0
6.18 0.0 0.0 0.0
6.2 0.0 0.0 0.0
6.22 0.0 0.0 0.0
6.24 0.0 0.0 0.0
6.26 0.0 0.0 0.0
6.28 0.0 0.0 0.0
6.3 0.0 0.0 0.0
6.32 0.0 0.0 0.0
6.34 0.0 0.0 0.0
6.36 0.0 0.0 0.0
6.38 0.0 0.0 0.0
6.4 0.0 0.0 0.0
6.42 0.0 0.0 0.0
6.44 0.0 0.0 0.0
6.46 0.0 0.0 0.0
6.48 0.0 0.0 0.0
6.5 0.0 0.0 0.0
6.5200000000000005 0.0 0.0 0.0
6.54 0.0 0.0 0.0
6.5600000000000005 0.0 0.0 0.0
6.58 0.0 0.0 0.0
6.6000000000000005 0.0 0.0 0.0
6.62 0.0 0.0 0.0
6.640000000000001 0.0 0.0 0.0
6.66 0.0 0.0 0.0
6.68 0.0 0.0 0.0
6.7 0.0 0.0 0.0
6.72 0.0 0.0 0.0
6.74 0.0 0.0 0.0
6.76 0.0 0.0 0.0
6.78 0.0 0.0 0.0
6.8 0.0 0.0 0.0
6.82 0.0 0.0 0.0
6.84 0.0 0.0 0.0
6.86 0.0 0.0 0.0
6.88 0.0 0.0 0.0
6.9 0.0 0.0 0.0
6.92 0.0 0.0 0.0
6.94 0.0 0.0 0.0
6.96 0.0 0.0 0.0
6.98 0.0 0.0 0.0
7.0 0.0 0.0 0.0
7.0200000000000005 0.0 0.0 0.0
7.04 0.0 0.0 0.0
7.0600000000000005 0.0 0.0 0.0
7.08 0.0 0.0 0.0
7.1000000000000005 0.0 0.0 0.0
7.12 0.0 0.0 0.0
7.140000000000001 0.0 0.0 0.0
7.16 0.0 0.0 0.0
7.18 0.0 0.0 0.0
7.2 0.0 0.0 0.0
7.22 0.0 0.0 0.0
7.24 0.0 0.0 0.0
7.26 0.0 0.0 0.0
7.28 0.0 0.0 0.0
7.3 0.0 0.0 0.0
7.32 0.0 0.0 0.0
7.34 0.0 0.0 0.0
7.36 0.0 0.0 0.0
7.38 0.0 0.0 0.0
7.4 0.0 0.0 0.0
7.42 0.0 0.0 0.0
7.44 0.0 0.0 0.0
7.46 0.0 0.0 0.0
7.48 0.0 0.0 0.0
7.5 0.0 0.0 0.0
7.5200000000000005 0.0 0.0 0.0
7.54 0.0 0.0 0.0
7.5600000000000005 0.0 0.0 0.0
7.58 0.0 0.0 0.0
7.6000000000000005 0.0 0.0 0.0
7.62 0.0 0.0 0.0
7.640000000000001 0.0 0.0 0.0
7.66 0.0 0.0 0.0
7.68 0.0 0.0 0.0
7.7 0.0 0.0 0.0
7.72 0.0 0.0 0.0
7.74 0.0 0.0 0.0
7.76 0.0 0.0 0.0
7.78 0.0 0.0 0.0
7.8 0.0 0.0 0.0
7.82 0.0 0.0 0.0
7.84 0.0 0.0 0.0
7.86 0.0 0.0 0.0
7.88 0.0 0.0 0.0
7.9 0.0 0.0 0.0
7.92 0.0 0.0 0.0
7.94 0.0 0.0 0.0
7.96 0.0 0.0 0.0
7.98 0.0 0.0 0.0
8.0 0.0 0.0 0.0
8.02 0.0 0.0 0.0
8.040000000000001 0.0 0.0 0.0
8.06 0.0 0.0 0.0
8.08 0.0 0.0 0.0
8.1 0.0 0.0 0.0
8.120000000000001 0.0 0.0 0.0
8.14 0.0 0.0 0.0
8.16 0.0 0.0 0.0
8.18 0.0 0.0 0.0
8.2 0.0 0.0 0.0
8.22 0.0 0.0 0.0
8.24 0.0 0.0 0.0
8.26 0.0 0.0 0.0
8.28 0.0 0.0 0.0
8.3 0.0 0.0 0.0
8.32 0.0 0.0 0.0
8.34 0.0 0.0 0.0
8.36 0.0 0.0 0.0
8.38 0.0 0.0 0.0
8.4 0.0 0.0 0.0
8.42 0.0 0.0 0.0
8.44 0.0 0.0 0.0
8.46 0.0 0.0 0.0
8.48 0.0 0.0 0.0
8.5 0.0 0.0 0.0
8.52 0.0 0.0 0.0
8.540000000000001 0.0 0.0 0.0
8.56 0.0 0.0 0.0
8.58 0.0 0.0 0.0
8.6 0.0 0.0 0.0
8.620000000000001 0.0 0.0 0.0
8.64 0.0 0.0 0.0
8.66 0.0 0.0 0.0
8.68 0.0 0.0 0.0
8.700000000000001 0.0 0.0 0.0
8.72 0.0 0.0 0.0
8.74 0.0 0.0 0.0
8.76 0.0 0.0 0.0
8.78 0.0 0.0 0.0
8.8 0.0 0.0 0.0
8.82 0.0 0.0 0.0
8.84 0.0 0.0 0.0
8.86 0.0 0.0 0.0
8.88 0.0 0.0 0.0
8.9 0.0 0.0 0.0
8.92 0.0 0.0 0.0
8.94 0.0 0.0 0.0
8.96 0.0 0.0 0.0
8.98 0.0 0.0 0.0
9.0 0.0 0.0 0.0
9.02 0.0 0.0 0.0
9.040000000000001 0.0 0.0 0.0
9.06 0.0 0.0 0.0
9.08 0.0 0.0 0.0
9.1 0.0 0.0 0.0
9.120000000000001 0.0 0.0 0.0
9.14 0.0 0.0 0.0
9.16 0.0 0.0 0.0
9.18 0.0 0.0 0.0
9.200000000000001 0.0 0.0 0.0
9.22 0.0 0.0 0.0
9.24 0.0 0.0 0.0
9.26 0.0 0.0 0.0
9.28 0.0 0.0 0.0
9.3 0.0 0.0 0.0
9.32 0.0 0.0 0.0
9.34 0.0 0.0 0.0
9.36 0.0 0.0 0.0
9.38 0.0 0.0 0.0
9.4 0.0 0.0 0.0
9.42 0.0 0.0 0.0
9.44 0.0 0.0 0.0
9.46 0.0 0.0 0.0
9.48 0.0 0.0 0.0
9.5 0.0 0.0 0.0
9.52 0.0 0.0 0.0
9.540000000000001 0.0 0.0 0.0
9.56 0.0 0.0 0.0
9.58 0.0 0.0 0.0
9.6 0.0 0.0 0.0
9.620000000000001 0.0 0.0 0.0
9.64 0.0 0.0 0.0
9.66 0.0 0.0 0.0
9.68 0.0 0.0 0.0
9.700000000000001 0.0 0.0 0.0
9.72 0.0 0.0 0.0
9.74 0.0 0.0 0.0
9.76 0.0 0.0 0.0
9.78 0.0 0.0 0.0
9.8 0.0 0.0 0.0
9.82 0.0 0.0 0.0
9.84 0.0 0.0 0.0
9.86 0.0 0.0 0.0
9.88 0.0 0.0 0.0
9.9 0.0 0.0 0.0
9.92 0.0 0.0 0.0
9.94 0.0 0.0 0.0
9.96 0.0 0.0 0.0
9.98 0.0 0.0 0.0
10.0 0.0 0.0 0.0
