pulsearea weight xerror yerror
2.5 0.0 2.5 0.0
7.5 113.73651885986328 2.5 0.09736741356941696
12.5 38.43885803222656 2.5 0.056604234112010085
17.5 34.64299392700195 2.5 0.05373674797574345
22.5 24.522714614868164 2.5 0.04521139810507978
27.5 10.6580810546875 2.5 0.029805964690473162
32.5 4.267233371734619 2.5 0.018859790892648148
37.5 2.5896472930908203 2.5 0.014692103847530263
42.5 2.158956527709961 2.5 0.013414843395278197
47.5 1.9253979921340942 2.5 0.012668463094242528
52.5 1.7562724351882935 2.5 0.012099282276677005
57.5 1.625072956085205 2.5 0.011638582762828748
62.5 1.530882716178894 2.5 0.011296258735618459
67.5 1.4556972980499268 2.5 0.011015372867671444
72.5 1.3902642726898193 2.5 0.010764958142418513
77.5 1.3564224243164062 2.5 0.010633130729589187
82.5 1.3718429803848267 2.5 0.010693401420354187
87.5 1.3776777982711792 2.5 0.010716118149529512
92.5 1.4126864671707153 2.5 0.010851419895190362
97.5 1.3783445358276367 2.5 0.010718711281606074
102.5 1.298658013343811 2.5 0.010404256915315444
107.5 1.155288815498352 2.5 0.009813161725605693
112.5 1.0176711082458496 2.5 0.009210164520016427
117.5 0.8933899998664856 2.5 0.008629471872236205
122.5 0.7887805104255676 2.5 0.008108523154211853
127.5 0.71542888879776 2.5 0.007722304055753546
132.5 0.6773359775543213 2.5 0.007513905869625364
137.5 0.6405768394470215 2.5 0.007307171107424563
142.5 0.610819399356842 2.5 0.007135428710188446
147.5 0.5874801874160767 2.5 0.006997780065621524
152.5 0.5685588121414185 2.5 0.006884166504944893
157.5 0.5511378049850464 2.5 0.006777878252981952
162.5 0.52213054895401 2.5 0.006597102254700134
167.5 0.5180462002754211 2.5 0.006571248753355755
172.5 0.4848712086677551 2.5 0.006357360995471649
177.5 0.47253480553627014 2.5 0.006275965819481893
182.5 0.4561973810195923 2.5 0.006166518875779505
187.5 0.45202967524528503 2.5 0.006138286336338972
192.5 0.427940309047699 2.5 0.005972487827847914
197.5 0.4104359447956085 2.5 0.005849063863582173
202.5 0.39193132519721985 2.5 0.005715689835103365
207.5 0.39209800958633423 2.5 0.0057169052928172865
212.5 0.3616737425327301 2.5 0.005490629842585464
217.5 0.3679253160953522 2.5 0.005537879550511992
222.5 0.364507794380188 2.5 0.0055120998974295034
227.5 0.34025174379348755 2.5 0.005325542333904572
232.5 0.3384179472923279 2.5 0.00531117190033308
237.5 0.33800116181373596 2.5 0.0053079004667610135
242.5 0.3204134404659271 2.5 0.005167958656330749
247.5 0.3311661183834076 2.5 0.005253958326021314
252.5 0.3160790205001831 2.5 0.005132884660612037
257.5 0.3139951825141907 2.5 0.00511593657016159
262.5 0.2972409725189209 2.5 0.004977577269928687
267.5 0.3009919226169586 2.5 0.0050088852838454994
272.5 0.2906560003757477 2.5 0.004922132663647454
277.5 0.28073686361312866 2.5 0.004837415396698143
282.5 0.2799032926559448 2.5 0.0048302286219723
287.5 0.2700675129890442 2.5 0.004744602640912797
292.5 0.2643160820007324 2.5 0.004693809527482233
297.5 0.255563884973526 2.5 0.004615443260784238
302.5 0.23080770671367645 2.5 0.004386203923288445
307.5 0.22188881039619446 2.5 0.004300622935572037
312.5 0.2110527604818344 2.5 0.004194297116082062
317.5 0.2033008337020874 2.5 0.004116548545424938
322.5 0.1944652795791626 2.5 0.004026101417265423
327.5 0.17979493737220764 2.5 0.003871260655074809
332.5 0.16804200410842896 2.5 0.0037425930350326996
337.5 0.16462448239326477 2.5 0.003704340425654576
342.5 0.1622072160243988 2.5 0.0036770434275423484
347.5 0.14978744089603424 2.5 0.0035334697664793934
352.5 0.1433691680431366 2.5 0.0034569377933362875
357.5 0.1399516463279724 2.5 0.0034154874132779657
362.5 0.129949152469635 2.5 0.0032911706297240363
367.5 0.12119697034358978 2.5 0.003178407262638596
372.5 0.11619571596384048 2.5 0.0031121371513869248
377.5 0.11186130344867706 2.5 0.003053539898977111
382.5 0.09752438217401505 2.5 0.0028511513505854913
387.5 0.09802450239658356 2.5 0.0028584526464086432
392.5 0.09352338314056396 2.5 0.0027920537175034135
397.5 0.0850212574005127 2.5 0.002662118766803586
402.5 0.08252062648534775 2.5 0.0026226777898728467
407.5 0.07860298454761505 2.5 0.0025596653384652975
412.5 0.08068683743476868 2.5 0.0025933732076525873
417.5 0.0788530483841896 2.5 0.0025637336832924395
422.5 0.0794365257024765 2.5 0.002573201473773965
427.5 0.07451862841844559 2.5 0.002492275800237735
432.5 0.07268483936786652 2.5 0.002461419198171776
437.5 0.0744352787733078 2.5 0.0024908815199606456
442.5 0.06993415206670761 2.5 0.0024143949917413087
447.5 0.0716845914721489 2.5 0.0024444241558081487
452.5 0.06659997999668121 2.5 0.002356138038693435
457.5 0.06476619094610214 2.5 0.0023234741793392273
462.5 0.06935067474842072 2.5 0.0024043019257907737
467.5 0.0671834647655487 2.5 0.002366436536897289
472.5 0.06451612710952759 2.5 0.0023189843699664174
477.5 0.05893139913678169 2.5 0.002216343385897863
482.5 0.05951488018035889 2.5 0.002227288358070749
487.5 0.05759773403406143 2.5 0.002191121018270387
492.5 0.05718096345663071 2.5 0.002183179270435741
497.5 0.05151287838816643 2.5 0.0020721518537394432
502.5 0.05518046021461487 2.5 0.0021446495507657926
507.5 0.04984579607844353 2.5 0.0020383461299720734
512.5 0.04976243898272514 2.5 0.002036641114090292
517.5 0.04467783495783806 2.5 0.001929788597614441
522.5 0.046261563897132874 2.5 0.001963694088420396
527.5 0.040426772087812424 2.5 0.001835685216766295
532.5 0.03825956583023071 2.5 0.0017858035580252188
537.5 0.03300825133919716 2.5 0.0016587270769469367
542.5 0.03242477402091026 2.5 0.0016440012439206484
547.5 0.02950737625360489 2.5 0.0015682993850318228
552.5 0.02383929304778576 2.5 0.0014096469555128586
557.5 0.026756688952445984 2.5 0.0014934127587871064
562.5 0.02317246049642563 2.5 0.0013897917813230863
567.5 0.018254563212394714 2.5 0.0012335290978535251
572.5 0.016920896247029305 2.5 0.0011876141409331506
577.5 0.013670084066689014 2.5 0.001067454236464591
582.5 0.012419771403074265 2.5 0.0010174673348115114
587.5 0.010169208981096745 2.5 0.0009206769206624373
592.5 0.0095857298001647 2.5 0.0008938739097077277
597.5 0.00825206283479929 2.5 0.0008293635384734684
602.5 0.007638770621269941 2.5 3.43614989101577e-05
607.5 0.006883085705339909 2.5 3.2617596330957165e-05
612.5 0.006307009141892195 2.5 3.122281811937721e-05
617.5 0.005830629263073206 2.5 3.0020511325661514e-05
622.5 0.005309424828737974 2.5 2.8647326671546457e-05
627.5 0.004914038814604282 2.5 2.7560028010304305e-05
632.5 0.004528236109763384 2.5 2.6456043331414407e-05
637.5 0.004167628008872271 2.5 2.5380772457179514e-05
642.5 0.0037949634715914726 2.5 2.421944391792153e-05
647.5 0.0034267816226929426 2.5 2.301460769251138e-05
652.5 0.003129701130092144 2.5 2.1994383629554332e-05
657.5 0.0028191732708364725 2.5 2.087474800130317e-05
662.5 0.002543577691540122 2.5 1.982818074486653e-05
667.5 0.0022817389108240604 2.5 1.877990237191816e-05
672.5 0.002029174007475376 2.5 1.771005923435382e-05
677.5 0.0018200429622083902 2.5 1.6772630810505578e-05
682.5 0.0016112211160361767 2.5 1.578112395589479e-05
687.5 0.0014119824627414346 2.5 1.4773214566896732e-05
692.5 0.0012204721570014954 2.5 1.3734861979019252e-05
697.5 0.0010920257773250341 2.5 1.2992023960234703e-05
702.5 0.0009700712980702519 2.5 1.2245096082122851e-05
707.5 0.0008646556525491178 2.5 1.1560642218898696e-05
712.5 0.000758003443479538 2.5 1.0824203796490712e-05
717.5 0.0006780916010029614 2.5 1.0237750632343438e-05
722.5 0.0005943155265413225 2.5 9.584487643306255e-06
727.5 0.0005249142996035516 2.5 9.007506216651703e-06
732.5 0.0004763798206113279 2.5 8.580983105771652e-06
737.5 0.0004255268140695989 2.5 8.11005567154704e-06
742.5 0.0003751375188585371 2.5 7.614749444764367e-06
747.5 0.0003522614133544266 2.5 7.378921536815413e-06
752.5 0.0003201111685484648 2.5 7.034136297268835e-06
757.5 0.00028656981885433197 2.5 6.655421949054178e-06
762.5 0.0002640028251335025 2.5 6.387996402980094e-06
767.5 0.00024174498685169965 2.5 6.1127847625788815e-06
772.5 0.00020789451082237065 2.5 5.668679091324392e-06
777.5 0.00021376810036599636 2.5 5.74819933089757e-06
782.5 0.00018625493976287544 2.5 5.365550085381656e-06
787.5 0.00017450773157179356 2.5 5.193590463649712e-06
792.5 0.00017126179591286927 2.5 5.145061969098268e-06
797.5 0.0001626059674890712 2.5 5.013356629763102e-06
802.5 0.00014668541552964598 2.5 4.76161015734443e-06
807.5 0.00013787501666229218 2.5 4.616397072345082e-06
812.5 0.00014189380453899503 2.5 4.683193155241056e-06
817.5 0.0001344745105598122 2.5 4.559112994761882e-06
822.5 0.00012133619748055935 2.5 4.3306746534115675e-06
827.5 0.00011824483226519078 2.5 4.2751508871321985e-06
832.5 0.00011608087515924126 2.5 4.235851226799556e-06
837.5 0.00011268036905676126 2.5 4.173346976352399e-06
842.5 0.00010402454063296318 2.5 4.009851246163381e-06
847.5 0.00010170601308345795 2.5 3.964913130434561e-06
852.5 9.289561421610415e-05 2.5 3.7892910644239227e-06
857.5 8.903139678295702e-05 2.5 3.7096417567576878e-06
862.5 8.748572145123035e-05 2.5 3.677299014290676e-06
867.5 8.856770000420511e-05 2.5 3.699968619676002e-06
872.5 7.913902663858607e-05 2.5 3.4974837893015174e-06
877.5 7.867532258387655e-05 2.5 3.4872222010554152e-06
882.5 6.507329817395657e-05 2.5 3.1714785443599337e-06
887.5 6.600070628337562e-05 2.5 3.1939982014900466e-06
892.5 6.151822162792087e-05 2.5 3.083630025552369e-06
897.5 6.5382439061068e-05 2.5 3.179002821944457e-06
902.5 5.5490058002760634e-05 2.5 2.9286532459267787e-06
907.5 5.4871787142474204e-05 2.5 2.9122919265909145e-06
912.5 5.889056410524063e-05 2.5 3.0170549324510237e-06
917.5 5.394437175709754e-05 2.5 2.8875761309271776e-06
922.5 5.208955190028064e-05 2.5 2.8374987584715986e-06
927.5 4.853447899222374e-05 2.5 2.7389591419881676e-06
932.5 4.389742753119208e-05 2.5 2.604833087272445e-06
937.5 4.2351744923507795e-05 2.5 2.558562387273801e-06
942.5 3.72509857697878e-05 2.5 2.399546945518637e-06
947.5 3.8332964322762564e-05 2.5 2.434145700206087e-06
952.5 3.72509857697878e-05 2.5 2.3995469455186366e-06
957.5 3.678728171507828e-05 2.5 2.384565236443468e-06
962.5 3.292307155788876e-05 2.5 2.255851626196185e-06
967.5 3.8023827073629946e-05 2.5 2.4243107278639764e-06
972.5 3.3386775612598285e-05 2.5 2.2716823581445313e-06
977.5 2.9522565455408767e-05 2.5 2.1361778785631075e-06
982.5 3.153195575578138e-05 2.5 2.2076784251182492e-06
987.5 2.782231240416877e-05 2.5 2.0737527850704826e-06
992.5 2.8749724151566625e-05 2.5 2.1080320128911312e-06
997.5 2.689490247576032e-05 2.5 2.0388973146780417e-06
1002.5 2.8131449653301388e-05 2.5 2.0852418080843763e-06
1007.5 2.6276629796484485e-05 2.5 2.015325455257908e-06
1012.5 2.534921804908663e-05 2.5 1.9794414204073436e-06
1017.5 2.318526094313711e-05 2.5 1.8930686317871096e-06
1022.5 2.4112672690534964e-05 2.5 1.9305587788105732e-06
1027.5 2.333982956770342e-05 2.5 1.8993683784232135e-06
1032.5 2.5194651243509725e-05 2.5 1.9733973103575807e-06
1037.5 2.0248460714356042e-05 2.5 1.7691162740192777e-06
1042.5 2.287612369400449e-05 2.5 1.8804058232362772e-06
1047.5 2.7667745598591864e-05 2.5 2.067984337776733e-06
1052.5 2.6122061171918176e-05 2.5 2.009389284910414e-06
1057.5 1.9939325284212828e-05 2.5 1.7555596276983684e-06
1062.5 2.411267087154556e-05 2.5 1.9305587788105732e-06
1067.5 2.318526094313711e-05 2.5 1.8930686317871096e-06
1072.5 2.3494398192269728e-05 2.5 1.905647299279627e-06
1077.5 2.3494398192269728e-05 2.5 1.905647299279627e-06
1082.5 2.782231240416877e-05 2.5 2.0737527850704826e-06
1087.5 2.2566988263861276e-05 2.5 1.8676571621862197e-06
1092.5 2.395810224697925e-05 2.5 1.9243611423391562e-06
1097.5 2.534921804908663e-05 2.5 1.9794414204073436e-06
1102.5 2.3803535441402346e-05 2.5 1.918143481037629e-06
1107.5 2.333982956770342e-05 2.5 1.8993683784232135e-06
1112.5 2.426723949611187e-05 2.5 1.9367365826927213e-06
1117.5 2.163957651646342e-05 2.5 1.8288780499746917e-06
1122.5 1.963018803508021e-05 2.5 1.7418974774104866e-06
1127.5 2.287612369400449e-05 2.5 1.880405823236277e-06
1132.5 2.2412419639294967e-05 2.5 1.861250086143121e-06
1137.5 2.5812923922785558e-05 2.5 1.9974640206315027e-06
1142.5 2.4730945369810797e-05 2.5 1.955152875770436e-06
1147.5 2.1021303837187588e-05 2.5 1.8025618858969573e-06
1152.5 2.3494398192269728e-05 2.5 1.905647299279627e-06
1157.5 2.333982956770342e-05 2.5 1.8993683784232135e-06
1162.5 2.3648966816836037e-05 2.5 1.9119055995392254e-06
1167.5 2.2566988263861276e-05 2.5 1.8676571621862197e-06
1172.5 2.2566988263861276e-05 2.5 1.8676571621862197e-06
1177.5 2.2257851014728658e-05 2.5 1.8548208783788439e-06
1182.5 2.395810224697925e-05 2.5 1.9243611423391567e-06
1187.5 2.5040082618943416e-05 2.5 1.9673346314821038e-06
1192.5 2.333982956770342e-05 2.5 1.8993683784232133e-06
1197.5 2.442180812067818e-05 2.5 1.942894743170095e-06
1202.5 1.932105078594759e-05 2.5 1.7281273208920687e-06
1207.5 2.2412419639294967e-05 2.5 1.861250086143121e-06
1212.5 2.0248462533345446e-05 2.5 1.7691162740192777e-06
1217.5 2.086673521262128e-05 2.5 1.7959225930397688e-06
1222.5 2.194871376559604e-05 2.5 1.8418951398694358e-06
1227.5 2.2412419639294967e-05 2.5 1.861250086143121e-06
1232.5 2.3958104065968655e-05 2.5 1.9243611423391562e-06
1237.5 1.9939325284212828e-05 2.5 1.7555596276983684e-06
1242.5 2.395810224697925e-05 2.5 1.9243611423391567e-06
1247.5 1.823907223297283e-05 2.5 1.679042671027046e-06
1252.5 2.1175872461753897e-05 2.5 1.809176814130146e-06
1257.5 2.040302933892235e-05 2.5 1.775855788992327e-06
1262.5 2.30306923185708e-05 2.5 1.8867478507629497e-06
1267.5 1.9939325284212828e-05 2.5 1.7555596276983684e-06
1272.5 2.2257851014728658e-05 2.5 1.8548208783788439e-06
1277.5 2.071216658805497e-05 2.5 1.7892586643336335e-06
1282.5 1.6693387806299143e-05 2.5 1.6063220001458455e-06
1287.5 1.854820948210545e-05 2.5 1.6932120586993983e-06
1292.5 1.932105078594759e-05 2.5 1.7281273208920687e-06
1297.5 1.854820948210545e-05 2.5 1.6932120586993983e-06
1302.5 2.3030694137560204e-05 2.5 1.8867478507629497e-06
1307.5 1.963018803508021e-05 2.5 1.7418974774104864e-06
1312.5 1.607511512702331e-05 2.5 1.5762946421788392e-06
1317.5 2.040302933892235e-05 2.5 1.775855788992327e-06
1322.5 1.9011913536814973e-05 2.5 1.7142465553759124e-06
1327.5 1.854820948210545e-05 2.5 1.6932120586993983e-06
1332.5 1.9939325284212828e-05 2.5 1.7555596276983684e-06
1337.5 2.086673521262128e-05 2.5 1.7959225930397688e-06
1342.5 1.6693387806299143e-05 2.5 1.6063220001458455e-06
1347.5 1.7929934983840212e-05 2.5 1.6647526862973431e-06
1352.5 1.978475665964652e-05 2.5 1.7487418946507585e-06
1357.5 1.854820948210545e-05 2.5 1.6932120586993983e-06
1362.5 1.715709367999807e-05 2.5 1.6284792123468068e-06
1367.5 1.7620797734707594e-05 2.5 1.650338971829364e-06
1372.5 1.576597787789069e-05 2.5 1.5610643850803517e-06
1377.5 1.5302272004191764e-05 2.5 1.537936226725013e-06
1382.5 1.978475665964652e-05 2.5 1.7487418946507587e-06
1387.5 1.715709367999807e-05 2.5 1.6284792123468068e-06
1392.5 1.5611409253324382e-05 2.5 1.5533932605971317e-06
1397.5 1.6538819181732833e-05 2.5 1.5988680295305302e-06
1402.5 1.823907223297283e-05 2.5 1.679042671027046e-06
1407.5 1.8702778106671758e-05 2.5 1.7002524718472734e-06
1412.5 2.055759796348866e-05 2.5 1.782569823483857e-06
1417.5 2.1639578335452825e-05 2.5 1.8288780499746917e-06
1422.5 1.8702778106671758e-05 2.5 1.7002524718472734e-06
1427.5 2.0248462533345446e-05 2.5 1.7691162740192777e-06
1432.5 1.7929934983840212e-05 2.5 1.664752686297343e-06
1437.5 2.1175872461753897e-05 2.5 1.809176814130146e-06
1442.5 2.1330441086320207e-05 2.5 1.8157676440238198e-06
1447.5 2.055759796348866e-05 2.5 1.782569823483857e-06
1452.5 1.6384252376155928e-05 2.5 1.5913791451307675e-06
1457.5 2.2412419639294967e-05 2.5 1.861250086143121e-06
1462.5 2.055759796348866e-05 2.5 1.782569823483857e-06
1467.5 2.163957651646342e-05 2.5 1.8288780499746917e-06
1472.5 1.963018803508021e-05 2.5 1.7418974774104866e-06
1477.5 2.055759796348866e-05 2.5 1.7825698234838572e-06
1482.5 2.055759796348866e-05 2.5 1.782569823483857e-06
1487.5 2.194871376559604e-05 2.5 1.8418951398694356e-06
1492.5 2.1485007891897112e-05 2.5 1.8223346370470824e-06
1497.5 2.1175872461753897e-05 2.5 1.809176814130146e-06
1502.5 2.1485007891897112e-05 2.5 1.8223346370470826e-06
1507.5 1.9939325284212828e-05 2.5 1.7555596276983684e-06
1512.5 1.7775366359273903e-05 2.5 1.6575614963664276e-06
1517.5 2.5812923922785558e-05 2.5 1.9974640206315027e-06
1522.5 1.823907223297283e-05 2.5 1.6790426710270462e-06
1527.5 2.055759796348866e-05 2.5 1.782569823483857e-06
1532.5 2.1330441086320207e-05 2.5 1.8157676440238198e-06
1537.5 1.746623092913069e-05 2.5 1.6430846994726394e-06
1542.5 1.8857346731238067e-05 2.5 1.7072638519925598e-06
1547.5 1.839364085753914e-05 2.5 1.6861422488708792e-06
1552.5 1.854820948210545e-05 2.5 1.6932120586993983e-06
1557.5 1.6384250557166524e-05 2.5 1.5913791451307675e-06
1562.5 1.8857346731238067e-05 2.5 1.7072638519925596e-06
1567.5 1.7775366359273903e-05 2.5 1.6575614963664276e-06
1572.5 1.731166230456438e-05 2.5 1.6357982569202673e-06
1577.5 1.684795643086545e-05 2.5 1.6137415407834858e-06
1582.5 1.607511512702331e-05 2.5 1.576294642178839e-06
1587.5 1.6538819181732833e-05 2.5 1.5988680295305304e-06
1592.5 1.684795643086545e-05 2.5 1.6137415407834856e-06
1597.5 1.6693387806299143e-05 2.5 1.6063220001458455e-06
1602.5 1.4838567039987538e-05 2.5 1.5144549054296876e-06
1607.5 1.3911157111579087e-05 2.5 1.4663646568278273e-06
1612.5 1.2520041309471708e-05 2.5 1.3911156587841329e-06
1617.5 9.73780970525695e-06 2.5 1.2268486926902004e-06
1622.5 1.3911157111579087e-05 2.5 1.466364656827827e-06
1627.5 1.2983746273675933e-05 2.5 1.4166428459592553e-06
1632.5 1.2674609934038017e-05 2.5 1.3996764513315644e-06
1637.5 1.3138314898242243e-05 2.5 1.425050295710733e-06
1642.5 1.2520041309471708e-05 2.5 1.3911156587841329e-06
1647.5 8.964967491920106e-06 2.5 1.1771579134793724e-06
1652.5 1.221090406033909e-05 2.5 1.3738340480272697e-06
1657.5 8.50126252771588e-06 2.5 1.1463099826722193e-06
1662.5 8.810398867353797e-06 2.5 1.166965878236978e-06
1667.5 7.882988938945346e-06 2.5 1.1038392125591246e-06
1672.5 8.50126252771588e-06 2.5 1.1463099826722193e-06
1677.5 6.182736342452699e-06 2.5 9.77576437885218e-07
1682.5 9.274104741052724e-06 2.5 1.1972817286931791e-06
1687.5 8.50126252771588e-06 2.5 1.1463099826722193e-06
1692.5 8.037557563511655e-06 2.5 1.1146086306326795e-06
1697.5 7.110146725608502e-06 2.5 1.0483339380629649e-06
1702.5 5.873599548067432e-06 2.5 9.528236496398135e-07
1707.5 6.646441761404276e-06 2.5 1.0135728236300923e-06
1712.5 6.955578555789543e-06 2.5 1.0368763925352413e-06
1717.5 6.028168172633741e-06 2.5 9.652793894052866e-07
1722.5 8.65583115228219e-06 2.5 1.1566840401214552e-06
1727.5 7.110146725608502e-06 2.5 1.0483339380629649e-06
1732.5 6.646441761404276e-06 2.5 1.0135728236300923e-06
1737.5 6.028168172633741e-06 2.5 9.652793894052866e-07
1742.5 5.5644627536821645e-06 2.5 9.274104391894219e-07
1747.5 5.409894129115855e-06 2.5 9.144390249873458e-07
1752.5 5.409894129115855e-06 2.5 9.144390249873458e-07
1757.5 4.94618916491163e-06 2.5 8.743709473253794e-07
1762.5 4.018778781755827e-06 2.5 7.881473210894195e-07
1767.5 5.409894129115855e-06 2.5 9.144390249873457e-07
1772.5 4.018778781755827e-06 2.5 7.881473210894195e-07
1777.5 7.419283519993769e-06 2.5 1.0708813334305635e-06
1782.5 4.637052370526362e-06 2.5 8.466060293496992e-07
1787.5 6.028168172633741e-06 2.5 9.652793894052866e-07
1792.5 5.719030923501123e-06 2.5 9.402029116181385e-07
1797.5 5.5644627536821645e-06 2.5 9.274104391894219e-07
1802.5 6.182736342452699e-06 2.5 9.77576437885218e-07
1807.5 4.327915576141095e-06 2.5 8.178991284601337e-07
1812.5 3.0913681712263497e-06 2.5 6.912509283568275e-07
1817.5 5.255325959296897e-06 2.5 9.012809429484787e-07
1822.5 5.100757334730588e-06 2.5 8.879278944961635e-07
1827.5 4.94618916491163e-06 2.5 8.743709473253794e-07
1832.5 5.409894583863206e-06 2.5 9.144390249873458e-07
1837.5 2.936799774033716e-06 2.5 6.737480639352272e-07
1842.5 3.0913681712263497e-06 2.5 6.912509283568275e-07
1847.5 4.637052370526362e-06 2.5 8.466060293496992e-07
1852.5 5.873599548067432e-06 2.5 9.528236496398135e-07
1857.5 4.018778781755827e-06 2.5 7.881473210894196e-07
1862.5 4.7916205403453205e-06 2.5 8.606004655059004e-07
1867.5 3.864210157189518e-06 2.5 7.728420326578516e-07
1872.5 4.173346951574786e-06 2.5 8.031610000729227e-07
1877.5 4.018778781755827e-06 2.5 7.881473210894195e-07
1882.5 3.400504965611617e-06 2.5 7.249900899664721e-07
1887.5 5.873599548067432e-06 2.5 9.528236496398135e-07
1892.5 3.7096417599968845e-06 2.5 7.572274527148438e-07
1897.5 3.555073362804251e-06 2.5 7.412840365523207e-07
1902.5 4.482483745960053e-06 2.5 8.323763431486714e-07
1907.5 3.555073362804251e-06 2.5 7.412840365523207e-07
1912.5 4.018778781755827e-06 2.5 7.881473210894195e-07
1917.5 4.637052370526362e-06 2.5 8.466060293496992e-07
1922.5 2.318526185263181e-06 2.5 5.986408643465897e-07
1927.5 2.936799774033716e-06 2.5 6.737480639352273e-07
1932.5 4.018778781755827e-06 2.5 7.881473210894195e-07
1937.5 4.327915576141095e-06 2.5 8.178991284601335e-07
1942.5 2.936799774033716e-06 2.5 6.737480639352273e-07
1947.5 2.936799774033716e-06 2.5 6.737480639352273e-07
1952.5 4.327915576141095e-06 2.5 8.178991284601337e-07
1957.5 2.1639577880705474e-06 2.5 5.783420200607276e-07
1962.5 1.7002524828058085e-06 2.5 5.126454089083376e-07
1967.5 2.473094582455815e-06 2.5 6.182736261262813e-07
1972.5 2.318526185263181e-06 2.5 5.986408643465896e-07
1977.5 4.327915576141095e-06 2.5 8.178991284601337e-07
1982.5 2.318526185263181e-06 2.5 5.986408643465896e-07
1987.5 3.2459365684189834e-06 2.5 7.083214229796276e-07
1992.5 1.0819788940352737e-06 2.5 4.089495642300668e-07
1997.5 1.0819788940352737e-06 2.5 4.0894956423006683e-07
2002.5 2.7822313768410822e-06 2.5 6.557782104940346e-07
2007.5 1.5456840856131748e-06 2.5 4.88788218942609e-07
2012.5 1.8548208799984423e-06 2.5 5.354406667152818e-07
2017.5 2.473094582455815e-06 2.5 6.182736261262813e-07
2022.5 2.6276629796484485e-06 2.5 6.373018665130751e-07
2027.5 2.7822313768410822e-06 2.5 6.557782104940345e-07
2032.5 1.3911156884205411e-06 2.5 4.637052195947109e-07
2037.5 1.2365472912279074e-06 2.5 4.371854736626897e-07
2042.5 1.0819788940352737e-06 2.5 4.0894956423006683e-07
2047.5 1.2365472912279074e-06 2.5 4.371854736626897e-07
2052.5 1.5456840856131748e-06 2.5 4.88788218942609e-07
2057.5 1.3911156884205411e-06 2.5 4.637052195947109e-07
2062.5 1.5456840856131748e-06 2.5 4.887882189426091e-07
2067.5 1.0819788940352737e-06 2.5 4.0894956423006683e-07
2072.5 9.2741049684264e-07 2.5 3.786137263574219e-07
2077.5 2.473094582455815e-06 2.5 6.182736261262813e-07
2082.5 1.3911156884205411e-06 2.5 4.637052195947109e-07
2087.5 9.274104399992211e-07 2.5 3.786137263574219e-07
2092.5 1.3911156884205411e-06 2.5 4.637052195947109e-07
2097.5 9.2741049684264e-07 2.5 3.786137263574219e-07
2102.5 1.0819788940352737e-06 2.5 4.0894956423006683e-07
2107.5 2.0093893908779137e-06 2.5 5.573043153163398e-07
2112.5 1.2365472912279074e-06 2.5 4.371854736626897e-07
2117.5 1.5456840856131748e-06 2.5 4.88788218942609e-07
2122.5 1.3911156884205411e-06 2.5 4.637052195947109e-07
2127.5 9.2741049684264e-07 2.5 3.786137263574219e-07
2132.5 1.2365472912279074e-06 2.5 4.371854736626897e-07
2137.5 1.3911156884205411e-06 2.5 4.637052195947109e-07
2142.5 1.5456840856131748e-06 2.5 4.88788218942609e-07
2147.5 1.7002524828058085e-06 2.5 5.126454089083376e-07
2152.5 1.5456840856131748e-06 2.5 4.88788218942609e-07
2157.5 4.6370524842132e-07 2.5 2.677203333576409e-07
2162.5 1.2365472912279074e-06 2.5 4.371854736626896e-07
2167.5 1.0819788940352737e-06 2.5 4.089495642300668e-07
2172.5 1.2365472912279074e-06 2.5 4.371854736626897e-07
2177.5 9.2741049684264e-07 2.5 3.786137263574219e-07
2182.5 9.2741049684264e-07 2.5 3.786137263574219e-07
2187.5 1.0819788940352737e-06 2.5 4.089495642300668e-07
2192.5 1.3911156884205411e-06 2.5 4.637052195947109e-07
2197.5 6.182736456139537e-07 2.5 3.0913681306314065e-07
2202.5 9.274104399992211e-07 2.5 3.786137263574219e-07
2207.5 1.5456840856131748e-06 2.5 4.88788218942609e-07
2212.5 2.6276629796484485e-06 2.5 6.373018665130752e-07
2217.5 1.5456840856131748e-06 2.5 4.88788218942609e-07
2222.5 7.728420428065874e-07 2.5 3.4562546417841374e-07
2227.5 1.0819788940352737e-06 2.5 4.089495642300668e-07
2232.5 7.728420428065874e-07 2.5 3.4562546417841374e-07
2237.5 1.2365472912279074e-06 2.5 4.371854736626897e-07
2242.5 1.3911156884205411e-06 2.5 4.6370521959471097e-07
2247.5 9.2741049684264e-07 2.5 3.786137263574219e-07
2252.5 4.6370524842132e-07 2.5 2.677203333576409e-07
2257.5 1.3911156884205411e-06 2.5 4.6370521959471097e-07
2262.5 1.0819788940352737e-06 2.5 4.0894956423006683e-07
2267.5 1.5456840856131748e-06 2.5 4.88788218942609e-07
2272.5 1.3911156884205411e-06 2.5 4.637052195947109e-07
2277.5 9.2741049684264e-07 2.5 3.786137263574219e-07
2282.5 1.2365472912279074e-06 2.5 4.371854736626897e-07
2287.5 1.0819788940352737e-06 2.5 4.0894956423006683e-07
2292.5 1.5456840856131748e-06 2.5 4.88788218942609e-07
2297.5 1.0819788940352737e-06 2.5 4.0894956423006683e-07
2302.5 7.728420428065874e-07 2.5 3.4562546417841374e-07
2307.5 1.7002524828058085e-06 2.5 5.126454089083376e-07
2312.5 1.0819788940352737e-06 2.5 4.089495642300668e-07
2317.5 7.728420428065874e-07 2.5 3.4562546417841374e-07
2322.5 1.3911156884205411e-06 2.5 4.6370521959471097e-07
2327.5 4.6370524842132e-07 2.5 2.677203333576409e-07
2332.5 1.0819788940352737e-06 2.5 4.089495642300668e-07
2337.5 1.0819788940352737e-06 2.5 4.0894956423006683e-07
2342.5 1.0819788940352737e-06 2.5 4.0894956423006683e-07
2347.5 7.728420428065874e-07 2.5 3.4562546417841374e-07
2352.5 4.6370524842132e-07 2.5 2.677203333576409e-07
2357.5 9.2741049684264e-07 2.5 3.786137263574219e-07
2362.5 6.182736456139537e-07 2.5 3.0913681306314065e-07
2367.5 1.0819788940352737e-06 2.5 4.0894956423006683e-07
2372.5 1.8548208799984423e-06 2.5 5.354406667152818e-07
2377.5 9.2741049684264e-07 2.5 3.786137263574219e-07
2382.5 9.2741049684264e-07 2.5 3.786137263574219e-07
2387.5 1.2365472912279074e-06 2.5 4.371854736626896e-07
2392.5 6.182736456139537e-07 2.5 3.0913681306314065e-07
2397.5 3.0913682280697685e-07 2.5 2.1859273683134484e-07
2402.5 6.182736456139537e-07 2.5 3.0913681306314065e-07
2407.5 7.728420428065874e-07 2.5 3.4562546417841374e-07
2412.5 9.274104399992211e-07 2.5 3.786137263574219e-07
2417.5 1.3911156884205411e-06 2.5 4.637052195947109e-07
2422.5 1.0819788940352737e-06 2.5 4.0894956423006683e-07
2427.5 9.274104399992211e-07 2.5 3.786137263574219e-07
2432.5 6.182736456139537e-07 2.5 3.0913681306314065e-07
2437.5 7.728420428065874e-07 2.5 3.4562546417841374e-07
2442.5 9.2741049684264e-07 2.5 3.786137263574219e-07
2447.5 1.3911156884205411e-06 2.5 4.637052195947109e-07
2452.5 1.5456840856131748e-06 2.5 4.887882189426091e-07
2457.5 1.3911156884205411e-06 2.5 4.637052195947109e-07
2462.5 7.728420428065874e-07 2.5 3.4562546417841374e-07
2467.5 9.2741049684264e-07 2.5 3.786137263574219e-07
2472.5 7.728420428065874e-07 2.5 3.4562546417841374e-07
2477.5 7.728420428065874e-07 2.5 3.4562546417841374e-07
2482.5 7.728420428065874e-07 2.5 3.4562546417841374e-07
2487.5 3.0913682280697685e-07 2.5 2.1859273683134484e-07
2492.5 1.5456841140348843e-07 2.5 1.5456840653157032e-07
2497.5 9.2741049684264e-07 2.5 3.786137263574219e-07
2502.5 1.7002524828058085e-06 2.5 5.126454089083376e-07
2507.5 1.2365472912279074e-06 2.5 4.371854736626897e-07
2512.5 1.3911156884205411e-06 2.5 4.6370521959471097e-07
2517.5 1.0819788940352737e-06 2.5 4.089495642300668e-07
2522.5 1.3911156884205411e-06 2.5 4.637052195947109e-07
2527.5 6.182736456139537e-07 2.5 3.0913681306314065e-07
2532.5 1.7002524828058085e-06 2.5 5.126454089083376e-07
2537.5 1.0819788940352737e-06 2.5 4.0894956423006683e-07
2542.5 9.2741049684264e-07 2.5 3.786137263574219e-07
2547.5 4.6370524842132e-07 2.5 2.677203333576409e-07
2552.5 1.0819788940352737e-06 2.5 4.0894956423006683e-07
2557.5 9.274104399992211e-07 2.5 3.786137263574219e-07
2562.5 9.274104399992211e-07 2.5 3.786137263574219e-07
2567.5 4.6370524842132e-07 2.5 2.677203333576409e-07
2572.5 1.2365472912279074e-06 2.5 4.371854736626897e-07
2577.5 1.2365472912279074e-06 2.5 4.371854736626897e-07
2582.5 1.5456840856131748e-06 2.5 4.887882189426091e-07
2587.5 6.182736456139537e-07 2.5 3.0913681306314065e-07
2592.5 1.7002524828058085e-06 2.5 5.126454089083376e-07
2597.5 1.0819788940352737e-06 2.5 4.089495642300668e-07
2602.5 1.0819788940352737e-06 2.5 4.0894956423006683e-07
2607.5 4.6370524842132e-07 2.5 2.677203333576409e-07
2612.5 1.2365472912279074e-06 2.5 4.371854736626897e-07
2617.5 9.2741049684264e-07 2.5 3.786137263574219e-07
2622.5 6.182736456139537e-07 2.5 3.0913681306314065e-07
2627.5 7.728420428065874e-07 2.5 3.4562546417841374e-07
2632.5 9.274104399992211e-07 2.5 3.786137263574219e-07
2637.5 6.182736456139537e-07 2.5 3.0913681306314065e-07
2642.5 9.274104399992211e-07 2.5 3.7861372635742185e-07
2647.5 9.2741049684264e-07 2.5 3.786137263574219e-07
2652.5 7.728420428065874e-07 2.5 3.4562546417841374e-07
2657.5 7.728420428065874e-07 2.5 3.4562546417841374e-07
2662.5 1.3911156884205411e-06 2.5 4.6370521959471097e-07
2667.5 1.2365472912279074e-06 2.5 4.371854736626897e-07
2672.5 1.3911156884205411e-06 2.5 4.6370521959471097e-07
2677.5 7.728420428065874e-07 2.5 3.4562546417841374e-07
2682.5 4.6370524842132e-07 2.5 2.677203333576409e-07
2687.5 4.6370524842132e-07 2.5 2.677203333576409e-07
2692.5 1.5456840856131748e-06 2.5 4.88788218942609e-07
2697.5 6.182736456139537e-07 2.5 3.0913681306314065e-07
2702.5 1.0819788940352737e-06 2.5 4.089495642300668e-07
2707.5 4.6370524842132e-07 2.5 2.677203333576409e-07
2712.5 4.6370524842132e-07 2.5 2.677203333576409e-07
2717.5 7.728420428065874e-07 2.5 3.4562546417841374e-07
2722.5 3.0913682280697685e-07 2.5 2.1859273683134484e-07
2727.5 1.5456840856131748e-06 2.5 4.88788218942609e-07
2732.5 1.3911156884205411e-06 2.5 4.6370521959471097e-07
2737.5 9.2741049684264e-07 2.5 3.786137263574219e-07
2742.5 1.0819788940352737e-06 2.5 4.0894956423006683e-07
2747.5 4.6370524842132e-07 2.5 2.677203333576409e-07
2752.5 1.0819788940352737e-06 2.5 4.089495642300668e-07
2757.5 6.182736456139537e-07 2.5 3.0913681306314065e-07
2762.5 9.274104399992211e-07 2.5 3.786137263574219e-07
2767.5 6.182736456139537e-07 2.5 3.0913681306314065e-07
2772.5 6.182736456139537e-07 2.5 3.0913681306314065e-07
2777.5 7.728420428065874e-07 2.5 3.4562546417841374e-07
2782.5 1.3911156884205411e-06 2.5 4.6370521959471097e-07
2787.5 7.728420428065874e-07 2.5 3.4562546417841374e-07
2792.5 1.0819788940352737e-06 2.5 4.0894956423006683e-07
2797.5 7.728420428065874e-07 2.5 3.4562546417841374e-07
2802.5 1.3911156884205411e-06 2.5 4.637052195947109e-07
2807.5 6.182736456139537e-07 2.5 3.0913681306314065e-07
2812.5 7.728420428065874e-07 2.5 3.4562546417841374e-07
2817.5 7.728420428065874e-07 2.5 3.4562546417841374e-07
2822.5 1.0819788940352737e-06 2.5 4.0894956423006683e-07
2827.5 9.2741049684264e-07 2.5 3.786137263574219e-07
2832.5 1.0819788940352737e-06 2.5 4.089495642300668e-07
2837.5 1.2365472912279074e-06 2.5 4.371854736626897e-07
2842.5 1.5456840856131748e-06 2.5 4.88788218942609e-07
2847.5 1.0819788940352737e-06 2.5 4.0894956423006683e-07
2852.5 9.274104399992211e-07 2.5 3.7861372635742185e-07
2857.5 9.274104399992211e-07 2.5 3.786137263574219e-07
2862.5 3.0913682280697685e-07 2.5 2.1859273683134484e-07
2867.5 1.3911156884205411e-06 2.5 4.6370521959471097e-07
2872.5 1.2365472912279074e-06 2.5 4.371854736626896e-07
2877.5 6.182736456139537e-07 2.5 3.0913681306314065e-07
2882.5 9.274104399992211e-07 2.5 3.786137263574219e-07
2887.5 9.274104399992211e-07 2.5 3.786137263574219e-07
2892.5 9.2741049684264e-07 2.5 3.786137263574219e-07
2897.5 1.0819788940352737e-06 2.5 4.0894956423006683e-07
2902.5 7.728420428065874e-07 2.5 3.4562546417841374e-07
2907.5 3.0913682280697685e-07 2.5 2.1859273683134484e-07
2912.5 7.728420428065874e-07 2.5 3.4562546417841374e-07
2917.5 1.2365472912279074e-06 2.5 4.371854736626897e-07
2922.5 9.274104399992211e-07 2.5 3.7861372635742185e-07
2927.5 7.728420428065874e-07 2.5 3.4562546417841374e-07
2932.5 9.274104399992211e-07 2.5 3.786137263574219e-07
2937.5 7.728420428065874e-07 2.5 3.4562546417841374e-07
2942.5 6.182736456139537e-07 2.5 3.091368130631406e-07
2947.5 9.274104399992211e-07 2.5 3.786137263574219e-07
2952.5 2.0093893908779137e-06 2.5 5.573043153163398e-07
2957.5 1.3911156884205411e-06 2.5 4.6370521959471097e-07
2962.5 7.728420428065874e-07 2.5 3.4562546417841374e-07
2967.5 1.0819788940352737e-06 2.5 4.0894956423006683e-07
2972.5 7.728420428065874e-07 2.5 3.4562546417841374e-07
2977.5 3.0913682280697685e-07 2.5 2.1859273683134484e-07
2982.5 1.5456841140348843e-07 2.5 1.5456840653157032e-07
2987.5 9.2741049684264e-07 2.5 3.786137263574219e-07
2992.5 7.728420428065874e-07 2.5 3.4562546417841374e-07
2997.5 9.274104399992211e-07 2.5 3.786137263574219e-07
3002.5 1.2365472912279074e-06 2.5 4.371854736626897e-07
3007.5 7.728420428065874e-07 2.5 3.4562546417841374e-07
3012.5 1.2365472912279074e-06 2.5 4.371854736626897e-07
3017.5 9.274104399992211e-07 2.5 3.7861372635742185e-07
3022.5 1.0819788940352737e-06 2.5 4.0894956423006683e-07
3027.5 1.2365472912279074e-06 2.5 4.371854736626897e-07
3032.5 3.0913682280697685e-07 2.5 2.1859273683134484e-07
3037.5 3.0913682280697685e-07 2.5 2.1859273683134484e-07
3042.5 7.728420428065874e-07 2.5 3.4562546417841374e-07
3047.5 9.274104399992211e-07 2.5 3.786137263574219e-07
3052.5 9.2741049684264e-07 2.5 3.786137263574219e-07
3057.5 1.2365472912279074e-06 2.5 4.371854736626897e-07
3062.5 2.0093893908779137e-06 2.5 5.573043153163398e-07
3067.5 1.2365472912279074e-06 2.5 4.371854736626897e-07
3072.5 9.274104399992211e-07 2.5 3.7861372635742185e-07
3077.5 1.0819788940352737e-06 2.5 4.089495642300668e-07
3082.5 1.2365472912279074e-06 2.5 4.371854736626897e-07
3087.5 1.0819788940352737e-06 2.5 4.089495642300668e-07
3092.5 1.3911156884205411e-06 2.5 4.637052195947109e-07
3097.5 1.3911156884205411e-06 2.5 4.637052195947109e-07
3102.5 1.0819788940352737e-06 2.5 4.0894956423006683e-07
3107.5 9.274104399992211e-07 2.5 3.786137263574219e-07
3112.5 7.728420428065874e-07 2.5 3.4562546417841374e-07
3117.5 1.0819788940352737e-06 2.5 4.089495642300668e-07
3122.5 6.182736456139537e-07 2.5 3.0913681306314065e-07
3127.5 1.7002524828058085e-06 2.5 5.126454089083376e-07
3132.5 1.0819788940352737e-06 2.5 4.0894956423006683e-07
3137.5 4.6370524842132e-07 2.5 2.677203333576409e-07
3142.5 1.5456840856131748e-06 2.5 4.88788218942609e-07
3147.5 6.182736456139537e-07 2.5 3.0913681306314065e-07
3152.5 9.2741049684264e-07 2.5 3.786137263574219e-07
3157.5 7.728420428065874e-07 2.5 3.4562546417841374e-07
3162.5 7.728420428065874e-07 2.5 3.4562546417841374e-07
3167.5 7.728420428065874e-07 2.5 3.4562546417841374e-07
3172.5 1.3911156884205411e-06 2.5 4.6370521959471097e-07
3177.5 7.728420428065874e-07 2.5 3.4562546417841374e-07
3182.5 7.728420428065874e-07 2.5 3.4562546417841374e-07
3187.5 1.0819788940352737e-06 2.5 4.089495642300668e-07
3192.5 1.2365472912279074e-06 2.5 4.371854736626897e-07
3197.5 1.2365472912279074e-06 2.5 4.371854736626897e-07
3202.5 9.2741049684264e-07 2.5 3.786137263574219e-07
3207.5 1.0819788940352737e-06 2.5 4.089495642300668e-07
3212.5 9.274104399992211e-07 2.5 3.7861372635742185e-07
3217.5 1.2365472912279074e-06 2.5 4.371854736626897e-07
3222.5 1.2365472912279074e-06 2.5 4.371854736626897e-07
3227.5 7.728420428065874e-07 2.5 3.4562546417841374e-07
3232.5 9.2741049684264e-07 2.5 3.786137263574219e-07
3237.5 1.5456840856131748e-06 2.5 4.88788218942609e-07
3242.5 1.3911156884205411e-06 2.5 4.6370521959471097e-07
3247.5 1.5456840856131748e-06 2.5 4.887882189426091e-07
3252.5 7.728420428065874e-07 2.5 3.4562546417841374e-07
3257.5 6.182736456139537e-07 2.5 3.0913681306314065e-07
3262.5 1.7002524828058085e-06 2.5 5.126454089083376e-07
3267.5 1.3911156884205411e-06 2.5 4.637052195947109e-07
3272.5 1.5456840856131748e-06 2.5 4.88788218942609e-07
3277.5 1.0819788940352737e-06 2.5 4.089495642300668e-07
3282.5 1.7002524828058085e-06 2.5 5.126454089083376e-07
3287.5 1.3911156884205411e-06 2.5 4.6370521959471097e-07
3292.5 1.2365472912279074e-06 2.5 4.371854736626896e-07
3297.5 9.274104399992211e-07 2.5 3.786137263574219e-07
3302.5 6.182736456139537e-07 2.5 3.0913681306314065e-07
3307.5 1.2365472912279074e-06 2.5 4.371854736626897e-07
3312.5 9.274104399992211e-07 2.5 3.786137263574219e-07
3317.5 2.1639577880705474e-06 2.5 5.783420200607276e-07
3322.5 1.3911156884205411e-06 2.5 4.6370521959471097e-07
3327.5 1.2365472912279074e-06 2.5 4.371854736626897e-07
3332.5 1.5456840856131748e-06 2.5 4.88788218942609e-07
3337.5 1.0819788940352737e-06 2.5 4.089495642300668e-07
3342.5 1.0819788940352737e-06 2.5 4.0894956423006683e-07
3347.5 1.2365472912279074e-06 2.5 4.371854736626897e-07
3352.5 1.2365472912279074e-06 2.5 4.371854736626897e-07
3357.5 1.3911156884205411e-06 2.5 4.6370521959471097e-07
3362.5 1.5456840856131748e-06 2.5 4.88788218942609e-07
3367.5 1.2365472912279074e-06 2.5 4.371854736626897e-07
3372.5 2.0093893908779137e-06 2.5 5.573043153163397e-07
3377.5 9.274104399992211e-07 2.5 3.786137263574219e-07
3382.5 9.274104399992211e-07 2.5 3.786137263574219e-07
3387.5 9.2741049684264e-07 2.5 3.786137263574219e-07
3392.5 9.2741049684264e-07 2.5 3.786137263574219e-07
3397.5 6.182736456139537e-07 2.5 3.0913681306314065e-07
3402.5 1.2365472912279074e-06 2.5 4.371854736626897e-07
3407.5 6.182736456139537e-07 2.5 3.0913681306314065e-07
3412.5 1.7002524828058085e-06 2.5 5.126454089083376e-07
3417.5 9.274104399992211e-07 2.5 3.786137263574219e-07
3422.5 1.3911156884205411e-06 2.5 4.6370521959471097e-07
3427.5 1.5456840856131748e-06 2.5 4.88788218942609e-07
3432.5 1.0819788940352737e-06 2.5 4.0894956423006683e-07
3437.5 7.728420428065874e-07 2.5 3.4562546417841374e-07
3442.5 9.274104399992211e-07 2.5 3.786137263574219e-07
3447.5 6.182736456139537e-07 2.5 3.0913681306314065e-07
3452.5 1.8548208799984423e-06 2.5 5.354406667152818e-07
3457.5 1.7002524828058085e-06 2.5 5.126454089083376e-07
3462.5 1.0819788940352737e-06 2.5 4.0894956423006683e-07
3467.5 9.274104399992211e-07 2.5 3.786137263574219e-07
3472.5 9.2741049684264e-07 2.5 3.786137263574219e-07
3477.5 1.8548208799984423e-06 2.5 5.354406667152818e-07
3482.5 1.2365472912279074e-06 2.5 4.371854736626897e-07
3487.5 3.0913682280697685e-07 2.5 2.1859273683134484e-07
3492.5 1.2365472912279074e-06 2.5 4.371854736626897e-07
3497.5 1.2365472912279074e-06 2.5 4.371854736626897e-07
3502.5 7.728420428065874e-07 2.5 3.4562546417841374e-07
3507.5 6.182736456139537e-07 2.5 3.0913681306314065e-07
3512.5 1.0819788940352737e-06 2.5 4.0894956423006683e-07
3517.5 1.0819788940352737e-06 2.5 4.089495642300668e-07
3522.5 1.0819788940352737e-06 2.5 4.0894956423006683e-07
3527.5 1.5456840856131748e-06 2.5 4.88788218942609e-07
3532.5 6.182736456139537e-07 2.5 3.091368130631406e-07
3537.5 9.2741049684264e-07 2.5 3.786137263574219e-07
3542.5 1.7002524828058085e-06 2.5 5.126454089083376e-07
3547.5 1.5456840856131748e-06 2.5 4.88788218942609e-07
3552.5 9.274104399992211e-07 2.5 3.786137263574219e-07
3557.5 9.2741049684264e-07 2.5 3.786137263574219e-07
3562.5 9.2741049684264e-07 2.5 3.786137263574219e-07
3567.5 1.7002524828058085e-06 2.5 5.126454089083376e-07
3572.5 1.2365472912279074e-06 2.5 4.371854736626896e-07
3577.5 7.728420428065874e-07 2.5 3.4562546417841374e-07
3582.5 1.3911156884205411e-06 2.5 4.637052195947109e-07
3587.5 1.0819788940352737e-06 2.5 4.089495642300668e-07
3592.5 6.182736456139537e-07 2.5 3.0913681306314065e-07
3597.5 1.5456840856131748e-06 2.5 4.88788218942609e-07
3602.5 1.5456840856131748e-06 2.5 4.88788218942609e-07
3607.5 1.0819788940352737e-06 2.5 4.0894956423006683e-07
3612.5 4.6370524842132e-07 2.5 2.677203333576409e-07
3617.5 7.728420428065874e-07 2.5 3.4562546417841374e-07
3622.5 1.3911156884205411e-06 2.5 4.637052195947109e-07
3627.5 1.0819788940352737e-06 2.5 4.089495642300668e-07
3632.5 1.7002524828058085e-06 2.5 5.126454089083376e-07
3637.5 1.2365472912279074e-06 2.5 4.371854736626897e-07
3642.5 6.182736456139537e-07 2.5 3.0913681306314065e-07
3647.5 1.3911156884205411e-06 2.5 4.6370521959471097e-07
3652.5 1.0819788940352737e-06 2.5 4.0894956423006683e-07
3657.5 6.182736456139537e-07 2.5 3.0913681306314065e-07
3662.5 7.728420428065874e-07 2.5 3.4562546417841374e-07
3667.5 6.182736456139537e-07 2.5 3.091368130631406e-07
3672.5 7.728420428065874e-07 2.5 3.4562546417841374e-07
3677.5 1.5456840856131748e-06 2.5 4.887882189426091e-07
3682.5 6.182736456139537e-07 2.5 3.0913681306314065e-07
3687.5 1.3911156884205411e-06 2.5 4.6370521959471097e-07
3692.5 4.6370524842132e-07 2.5 2.677203333576409e-07
3697.5 6.182736456139537e-07 2.5 3.0913681306314065e-07
3702.5 1.0819788940352737e-06 2.5 4.089495642300668e-07
3707.5 6.182736456139537e-07 2.5 3.0913681306314065e-07
3712.5 1.8548208799984423e-06 2.5 5.354406667152818e-07
3717.5 7.728420428065874e-07 2.5 3.4562546417841374e-07
3722.5 1.0819788940352737e-06 2.5 4.089495642300668e-07
3727.5 1.2365472912279074e-06 2.5 4.371854736626896e-07
3732.5 9.2741049684264e-07 2.5 3.786137263574219e-07
3737.5 6.182736456139537e-07 2.5 3.0913681306314065e-07
3742.5 1.2365472912279074e-06 2.5 4.371854736626897e-07
3747.5 7.728420428065874e-07 2.5 3.4562546417841374e-07
3752.5 1.3911156884205411e-06 2.5 4.6370521959471097e-07
3757.5 1.0819788940352737e-06 2.5 4.0894956423006683e-07
3762.5 1.0819788940352737e-06 2.5 4.089495642300668e-07
3767.5 4.6370524842132e-07 2.5 2.677203333576409e-07
3772.5 9.274104399992211e-07 2.5 3.786137263574219e-07
3777.5 3.0913682280697685e-07 2.5 2.1859273683134484e-07
3782.5 1.2365472912279074e-06 2.5 4.371854736626897e-07
3787.5 9.2741049684264e-07 2.5 3.786137263574219e-07
3792.5 1.5456840856131748e-06 2.5 4.88788218942609e-07
3797.5 4.6370524842132e-07 2.5 2.677203333576409e-07
3802.5 4.6370524842132e-07 2.5 2.677203333576409e-07
3807.5 3.0913682280697685e-07 2.5 2.1859273683134484e-07
3812.5 9.2741049684264e-07 2.5 3.786137263574219e-07
3817.5 1.5456841140348843e-07 2.5 1.5456840653157032e-07
3822.5 7.728420428065874e-07 2.5 3.4562546417841374e-07
3827.5 6.182736456139537e-07 2.5 3.0913681306314065e-07
3832.5 1.2365472912279074e-06 2.5 4.371854736626897e-07
3837.5 1.0819788940352737e-06 2.5 4.0894956423006683e-07
3842.5 1.0819788940352737e-06 2.5 4.089495642300668e-07
3847.5 6.182736456139537e-07 2.5 3.0913681306314065e-07
3852.5 6.182736456139537e-07 2.5 3.0913681306314065e-07
3857.5 3.0913682280697685e-07 2.5 2.1859273683134484e-07
3862.5 1.2365472912279074e-06 2.5 4.371854736626896e-07
3867.5 1.3911156884205411e-06 2.5 4.637052195947109e-07
3872.5 3.0913682280697685e-07 2.5 2.1859273683134484e-07
3877.5 7.728420428065874e-07 2.5 3.4562546417841374e-07
3882.5 6.182736456139537e-07 2.5 3.0913681306314065e-07
3887.5 4.6370524842132e-07 2.5 2.677203333576409e-07
3892.5 7.728420428065874e-07 2.5 3.4562546417841374e-07
3897.5 9.2741049684264e-07 2.5 3.786137263574219e-07
3902.5 1.5456841140348843e-07 2.5 1.5456840653157032e-07
3907.5 1.0819788940352737e-06 2.5 4.0894956423006683e-07
3912.5 9.2741049684264e-07 2.5 3.786137263574219e-07
3917.5 4.6370524842132e-07 2.5 2.677203333576409e-07
3922.5 9.2741049684264e-07 2.5 3.786137263574219e-07
3927.5 7.728420428065874e-07 2.5 3.4562546417841374e-07
3932.5 9.274104399992211e-07 2.5 3.786137263574219e-07
3937.5 4.6370524842132e-07 2.5 2.677203333576409e-07
3942.5 1.2365472912279074e-06 2.5 4.371854736626897e-07
3947.5 4.6370524842132e-07 2.5 2.677203333576409e-07
3952.5 1.5456841140348843e-07 2.5 1.5456840653157032e-07
3957.5 4.6370524842132e-07 2.5 2.677203333576409e-07
3962.5 1.2365472912279074e-06 2.5 4.371854736626897e-07
3967.5 4.6370524842132e-07 2.5 2.677203333576409e-07
3972.5 4.6370524842132e-07 2.5 2.677203333576409e-07
3977.5 7.728420428065874e-07 2.5 3.4562546417841374e-07
3982.5 1.5456841140348843e-07 2.5 1.5456840653157032e-07
3987.5 3.0913682280697685e-07 2.5 2.1859273683134484e-07
3992.5 4.6370524842132e-07 2.5 2.677203333576409e-07
3997.5 0.0 2.5 0.0
4002.5 0.0005978706176392734 2.5 9.613111120107664e-06
