x	low_nr	mid_nr	high_nr	low_er	mid_er	high_er
0.0	2.3063665867503174	2.618255511757838	2.9157470315670824	2.963347463429491	3.1008084587443356	3.241449234861737
0.3010033444816054	2.3397342365423484	2.643323122345335	2.9327393676337397	2.9736863131002997	3.110082550547914	3.2496990661262184
0.6020066889632107	2.3713550250783793	2.667158636731211	2.9489936119959874	2.9837648957805443	3.119175371324135	3.2578308278856385
0.9030100334448161	2.4013635416485455	2.6898513203122767	2.964557183663281	2.9935939580152304	3.1280925319974977	3.2658469911263435
1.2040133779264215	2.4298808955847937	2.711482018781315	2.979473524869552	3.0031836627420527	3.136839414289022	3.2737499583611793
1.5050167224080269	2.457016362664022	2.7321241279635373	2.9937825094004418	3.012543628377824	3.145421182301493	3.2815420659850094
1.8060200668896322	2.4828687959607967	2.751844432617238	3.00752080162147	3.021682964805106	3.153842793409041	3.2892255865336573
2.1070234113712374	2.5075278395508085	2.770703834398913	3.0207221730142564	3.0306103065421004	3.1621090084993067	3.2968027308508745
2.408026755852843	2.531074976474245	2.788757985710895	3.033417781974512	3.039333843349709	3.170224401612651	3.3042756501676482
2.7090301003344486	2.553584436776693	2.806057843328398	3.045636421752013	3.0478613485038393	3.178193369019426	3.311646438097987
3.0100334448160537	2.5751239869490297	2.8226501534062534	3.057404740685694	3.056200204938131	3.1860201377731583	3.318917132555053
3.311036789297659	2.5957556184537767	2.8385778775873076	3.068747438279527	3.0643574294419236	3.1937087737746035	3.32608971759133
3.6120401337792645	2.6155361500736194	2.8538805683915327	3.079687440155583	3.0723396950801836	3.201263189379006	3.3331661251663247
3.91304347826087	2.634517756408922	2.8685947007920936	3.0902460544922166	3.0801533519859676	3.208687150576462	3.3401482368450925
4.214046822742475	2.652748432876289	2.882753965830382	3.100443112193701	3.087804446661603	3.2159842837730825	3.3470378854307503
4.51505016722408	2.670272405934397	2.8963895312454464	3.1102970927314817	3.0952987399118963	3.2231580821986094	3.3538368565339223
4.816053511705686	2.6871304959192073	2.909530273361681	3.119825237337208	3.1026417235211605	3.230211911964266	3.360546890081965
5.117056856187292	2.703360438755075	2.9222029838658843	3.129043651006249	3.1098386357755414	3.2371490177929285	3.3671696817706422
5.418060200668897	2.7189971718788226	2.934432554589821	3.1379673945812474	3.1168944759228445	3.2439725284421015	3.3737068844607867
5.719063545150502	2.734073088936672	2.946242142980177	3.1466105680232856	3.123814017653765	3.250685461838745	3.380160109522381
6.0200668896321075	2.7486182671617696	2.9576533205704623	3.154986385839108	3.1306018216809166	3.2572907299436618	3.3865309281283373
6.321070234113713	2.7626606707910133	2.968686206457737	3.1631072455131113	3.137262247485329	3.26379114336191	3.392820872500173
6.622073578595318	2.7762263334160866	2.9793595875217807	3.1709847896894487	3.143799464293993	3.2701894157145865	3.3990314371076407
6.923076923076923	2.7893395217706893	2.9896910268979644	3.178629962760205	3.1502174613465486	3.2764881677862623	3.405164079824298
7.224080267558529	2.802022883121996	2.999696962021353	3.1860530624380634	3.1565200575042454	3.2826899314613875	3.4112202230408926
7.5250836120401345	2.814297578149743	3.009392793393333	3.1932637868245513	3.162710910249813	3.2887971534620917	3.4172012547383397
7.82608695652174	2.826183400953096	3.0187929650790686	3.200271277426258	3.1687935241228224	3.294812198898969	3.4231085295219996
8.127090301003346	2.83769888761696	3.0279110378207545	3.2070841585202468	3.1747712586314085	3.3007373546456744	3.428943369618877
8.42809364548495	2.848861414590266	3.036759755545032	3.2137105732251046	3.1806473356779024	3.3065748325474504	3.434707065839273
8.729096989966555	2.8596872879744555	3.0453511059505542	3.2201582165948435	3.186424846532849	3.312326772473036	3.440400878504371
9.03010033444816	2.870191824687149	3.0536963757814624	3.2264343660184456	3.1921067583891447	3.3179952452188104	3.4460260383411474
9.331103678929766	2.8803894263506526	3.0618062013227147	3.232545909177544	3.1976959205254865	3.323582255273447	3.451583747345947
9.632107023411372	2.890293646654901	3.0696906145923206	3.23849936978805	3.20319507010604	3.329089743450835	3.4570751796179953
9.933110367892978	2.8999172528574477	3.0773590856522945	3.2443009313279916	3.2086068376411307	3.3345195893985324	3.4625014821640576
10.234113712374583	2.909272282007332	3.084820561413565	3.249956458932985	3.213933752131848	3.339873613988564	3.46786377567541
10.535117056856189	2.9183700924134444	3.0920835012691543	3.2554715196223376	3.2191782459197067	3.3451535815969473	3.4731631552782223
10.836120401337794	2.927221410820149	3.0991559098540202	3.2608514010024052	3.224342659260907	3.350361202277948	3.4784006912584093
11.137123745819398	2.9358363757021335	3.1060453671982864	3.2661011285792942	3.2294292446432644	3.35549813383869	3.483577429761961
11.438127090301004	2.944224577045909	3.1127590565126577	3.271225481800066	3.234440170862545	3.360565983819407	3.488694393471711
11.73913043478261	2.952395092946138	3.1193037898201506	3.2762290089300716	3.239377526873705	3.3655663113843084	3.4937525822614623
12.040133779264215	2.960356523310399	3.1256860316264046	3.2811160408637625	3.244243325431401	3.370500629127726	3.4987529738283554
12.34113712374582	2.9681170209354857	3.1319119208014836	3.2858907039571155	3.2490395065331112	3.375370404799943	3.503696524304307
12.642140468227426	2.9756843201912995	3.1379872908288666	3.2905569319615995	3.253767940677226	3.3801770629568364	3.5085841688473374
12.943143812709032	2.983065763524499	3.143917688562027	3.295118477132224	3.2584304319476227	3.3849219865372326	3.5134168222135407
13.244147157190636	2.9902683259728255	3.149708391615372	3.2995789205755903	3.263028720935395	3.389606518371642	3.518195379310443
13.545150501672241	2.997298637862151	3.155364424504154	3.303941681897934	3.267564487507696	3.39423196262583	3.522920715732445
13.846153846153847	3.0041630058415008	3.1608905736371002	3.3082100282077826	3.272039353432932	3.3987995861824865	3.5275936882790244
14.147157190635452	3.0108674323963314	3.1662914012557946	3.3123870825230415	3.2764548848709363	3.403310619964067	3.532215135456346
14.448160535117058	3.0174176339669634	3.1715712584061326	3.3164758316279728	3.2808125947361537	3.4077662601997107	3.5367858779628865
14.749163879598663	3.023819057787126	3.1767342970193715	3.3204791334216113	3.28511394494133	3.412167669638965	3.5413067191596745
15.050167224080269	3.0300768975468717	3.1817844811732656	3.3243997237956084	3.2893603485286893	3.4165159787149166	3.545778445525709
15.351170568561875	3.0361961079745083	3.1867255975974955	3.328240223076294	3.293553171695137	3.4208122866591655	3.550201827099096
15.65217391304348	3.042181418423605	3.191561265481888	3.3320031420628258	3.297693735717576	3.425057662570949	3.55457761790442
15.953177257525084	3.0480373455433805	3.1962949456408296	3.3356908876906757	3.301783318784047	3.4292531464426093	3.5589065563668645
16.25418060200669	3.0537682051038084	3.2009299490826377	3.3393057683472875	3.3058231577360155	3.433399750143463	3.5631893657135345
16.555183946488295	3.0593781230405135	3.205469445028482	3.3428499988645854	3.3098144497267965	3.43749845836403	3.5674267543624607
16.8561872909699	3.0648710457788564	3.2099164684216723	3.346325705211017	3.313758353800796	3.441550229522478	3.5716194162997157
17.157190635451506	3.070250749891506	3.214273926964705	3.349734928904018	3.3176559923979347	3.445555996635022	3.5757680314450617
17.45819397993311	3.0755208511391565	3.2185446077183486	3.353079631162145	3.3215084527873637	3.449516668151956	3.5798732660065387
17.759197324414718	3.080684812939879	3.222731183294256	3.3563616968146226	3.325316788434319	3.453433128760878	3.5839357728243817
18.06020066889632	3.085745954308796	3.2268362176699994	3.359582937984674	3.32908202030372	3.4573062401586037	3.587956191704635
18.36120401337793	3.0907074573063205	3.230862171653135	3.3627450975617674	3.332805138103907	3.4611368417931874	3.5919351497428305
18.662207357859533	3.095572374030096	3.2348114080187447	3.3658498524767544	3.3364871014736948	3.4649257515773866	3.59587326163806
18.96321070234114	3.1003436331829115	3.238686196343013	3.3688988167928318	3.3401288411157384	3.4686737665748475	3.5997711299977895
19.264214046822744	3.1050240462462972	3.242488717553605	3.3718935446242972	3.343731259879019	3.472381663660219	3.603629345633717
19.565217391304348	3.1096163132871437	3.2462210682160197	3.374835532894194	3.3472952337930972	3.4760502001543463	3.607448487848988
19.866220735785955	3.1141230284225485	3.2498852645736194	3.377726223941117	3.3508216130566204	3.479680114435628	3.6112291247170605
20.16722408026756	3.1185466849661267	3.2534832463576935	3.380567007984726	3.354311222982432	3.4832721265285875	3.6149718133524997
20.468227424749166	3.122889680277242	3.257016880382685	3.3833592254588183	3.357764864901482	3.486826938670623	3.618677100173972
20.76923076923077	3.1271543203329735	3.2604879639405837	3.386104169220185	3.361183317027626	3.490345235857895	3.6223455211597066
21.070234113712377	3.1313428240411416	3.263898228007445	3.388803086640906	3.3645673352852716	3.4938276863712288	3.6259776020956656
21.37123745819398	3.135457327311337	3.267249340274069	3.3914571815911843	3.367917654101713	3.497274942282883	3.6295738588166686
21.67224080267559	3.139499886899654	3.2705429080119734	3.3940676163193575	3.3712349871659137	3.5006876399449935	3.633134797440711
21.973244147157192	3.143472484041664	3.2737804807850224	3.396635513235245	3.3745200281553696	3.5040664004604625	3.636660914596681
22.274247491638796	3.1473770278871167	3.276963553016311	3.3991619566025797	3.377773451432616	3.507411830137017	3.640152697645715
22.575250836120404	3.1512153587488725	3.280093566419249	3.401647994145892	3.3809959127128453	3.5107245209251445	3.6436106248963753
22.876254180602007	3.154989251177694	3.2831719123011474	3.4040946385768445	3.3841880497040204	3.514005050840561	3.647035165813865
23.177257525083615	3.158700416873679	3.2861999337470427	3.4065028690446884	3.387350482720805	3.51725398437185	3.6504267812234676
23.47826086956522	3.1623505074443807	3.289178927690961	3.40887363251521	3.3904838152735435	3.520471872873877	3.653785923508395
23.779264214046826	3.165941117018943	3.292110146881332	3.411207845082242	3.3935886346334665	3.523659254947549	3.6571130368022247
24.08026755852843	3.169473784726953	3.294994801746811	3.413506393215563	3.3966655123752436	3.5268166568064783	3.660408557176094
24.381270903010034	3.172949997050104	3.2978340621683464	3.415770134948747	3.3997150048979194	3.529944592631063	3.6636729128208243
24.68227424749164	3.176371190054217	3.3006290591629464	3.4179999010103153	3.402737653925247	3.5330435649104968	3.6669065242241285
24.983277591973245	3.1797387515086677	3.30338088648423	3.420196495901316	3.405733986986351	3.536114064773176	3.6701098043430567
25.284280936454852	3.183054022899786	3.306090602144528	3.4223606989222777	3.408704517877626	3.5391565723059673	3.6732831587718326
25.585284280936456	3.186318301344363	3.308759229862979	3.424493265152279	3.411649747106712	3.5421715568627654	3.67642698590522
25.886287625418063	3.1895328414090067	3.311387760443786	3.426594926382728	3.4145701623193587	3.5451594773627653	3.679541677097558
26.187290969899667	3.1926988568407033	3.313977153088531	3.4286663920082723	3.4174662387099364	3.54812078257884	3.682627616817599
26.48829431438127	3.1958175222135954	3.3165283366462024	3.4307083498771185	3.4203384394163296	3.5510559114164058	3.6856851827992814
26.78929765886288	3.198889974496682	3.3190422108043522	3.4327214671029083	3.423187215899893	3.5539652931831447	3.688714746188553
27.090301003344482	3.201917314546822	3.3215196472245987	3.434706390840151	3.4260130083111284	3.5568493478499237	3.691716671686374
27.39130434782609	3.2049006085311733	3.3239614906254764	3.436663749025125	3.4288162458417073	3.55970848630325	3.6946913176880085
27.692307692307693	3.2078408892829207	3.326368559815471	3.4385941510840072	3.4315973470634242	3.56254311058958	3.697639036418721
27.9933110367893	3.210739157593912	3.328741648678879	3.4404981886099333	3.43435672025465	3.565353614151782	3.7005601740659824
28.294314381270905	3.213596383447613	3.331081527117002	3.4423764360105444	3.437094763714814	3.568140382058055	3.7034550709082925
28.595317725752512	3.2164135071955586	3.3333889419470033	3.4442294511275287	3.439811866067431	3.5709037912235737	3.706324061440716
28.896321070234116	3.2191914406803046	3.335664617760644	3.4460577758295474	3.442508406552146	3.57364421062513	3.7091674744972334
29.19732441471572	3.2219310683076987	3.3379092577449665	3.4478619365798813	3.4451847553062707	3.5763620015090316	3.7119856333700003
29.498327759197327	3.2246332480711133	3.3401235444668806	3.4496424449800354	3.447841273636241	3.5790575175925006	3.714778855925601
29.79933110367893	3.2272988125301394	3.342308140623488	3.45139979829049	3.4504783142794193	3.581731105258808	3.7175474547183893
30.100334448160538	3.2299285697460802	3.3444636897598814	3.4531344799297066	3.453096221656636	3.5843831037463696	3.720291737101001
30.401337792642142	3.232523304176457	3.346590816956051	3.454846959952441	3.4556953321158543	3.5870138453320237	3.7230120053321194
30.70234113712375	3.2350837775306056	3.3486901294844373	3.4565376955083607	3.4582759741673152	3.589623655508693	3.725708556681568
31.003344481605353	3.237610729588324	3.3507622174395815	3.458207131281902	3.460838468710515	3.5922128531576365	3.72838168353282
31.30434782608696	3.2401048789834195	3.35280765434125	3.459855699914261	3.463383129253337	3.5947817507154753	3.7310316734829825
31.605351170568564	3.2425669239538975	3.354826997712324	3.4614838224083546	3.465910262123654	3.5973306543361865	3.733658809440342
31.906354515050168	3.2449975430604407	3.356820789632677	3.4630919085175518	3.4684201666737096	3.5998598640482284	3.736263369719529
32.207357859531776	3.247397395874727	3.358789557270199	3.464680357118927	3.4709131354775504	3.602369673906979	3.7388456281343787
32.50836120401338	3.249767123639056	3.3607338133900595	3.466249556571748	3.473389454521796	3.604860372142643	3.741405854088544
32.80936454849498	3.2521073498986683	3.362654056843239	3.4677998850618827	3.475849403389996	3.6073322413037823	3.743944312663933
33.11036789297659	3.254418681108069	3.3645507730353112	3.469331710932756	3.4782932554408372	3.609785558396631	3.74646126470702
33.4113712374582	3.2567017072125912	3.366424434376401	3.470845393003472	3.480721277980427	3.612220595020323	3.7489569669131044
33.7123745819398	3.258957002206374	3.368275500713189	3.4723412808746765	3.4831337324288887	3.614637617498184	3.7514316719085588
34.013377926421406	3.261185124667862	3.3701044197438015	3.47381971522271	3.4855308744814817	3.6170368870052156	3.753885628331135
34.31438127090301	3.2633866182738758	3.3719116274163623	3.4752810280825646	3.4879129542644627	3.619418659691901	3.7563190809083706
34.61538461538462	3.2655620122932456	3.3736975483119616	3.4767255431201467	3.4902802164858766	3.6217831868044543	3.758732270534157
34.91638795986622	3.2677118220609565	3.375462596012737	3.4781535758943085	3.49263290058148	3.624130714801632	3.7611254343435148
35.21739130434783	3.269836549433683	3.3772071734557514	3.4795654341090967	3.4949712408559694	3.6264614854682247	3.7634988057856233
35.518394648829435	3.271936683227581	3.378931673273288	3.4809614178566393	3.497295466619697	3.6287757360253305	3.765852614695156
35.81939799331104	3.274012699639112	3.3806364781201794	3.482341819851078	3.499605802321036	3.6310736992375285	3.768187087361965
36.12040133779264	3.276065062649688	3.3823219609887367	3.483706925653924	3.5019024676745607	3.633355603517037	3.770502446599163
36.42140468227425	3.278094224414837	3.383988485511826	3.485057013891203	3.5041856777851894	3.6356216730249726	3.772798911809633
36.72240802675586	3.28010062563859	3.3856364062546036	3.4863923564627433	3.5064556432684464	3.6378721277697883	3.7750766990510285
37.02341137123746	3.2820846959337295	3.387266068995415	3.4877132187439197	3.5087125703669715	3.6401071837029946	3.777336021099285
37.324414715719065	3.28404685416853	3.388877810996309	3.4890198597801914	3.5109566610634264	3.642327052812242	3.7795770875106913
37.62541806020067	3.2859875088005643	3.3904719612636227	3.490312532474712	3.5131881131899156	3.6445319432118524	3.7818001046825596
37.92642140468228	3.2879070581981473	3.3920488407990543	3.491591483769311	3.5154071205340567	3.64672205923088	3.7840052759125276
38.22742474916388	3.2898058909499404	3.393608762841631	3.4928569548191106	3.517613872941809	3.6488976014987866	3.7861928014565267
38.52842809364549	3.291684386163225	3.3951520331009526	3.4941091811610425	3.5198085564171855	3.6510587670287884	3.788362878585461
38.829431438127095	3.2935429137513257	3.396678949982071	3.4953483928765103	3.5219913532189513	3.653205749298973	3.790515701640617
39.130434782608695	3.295381834710642	3.3981898048023638	3.496574814748429	3.524162441954415	3.655338738331233	3.792651462087845
39.4314381270903	3.297201501387719	3.399684882000722	3.4977886664128772	3.526321997670418	3.657457920768099	3.794770348570548
39.73244147157191	3.2990022577367837	3.4011644593393755	3.498990162505566	3.5284701919416137	3.65956347994753	3.7968725469614943
40.03344481605352	3.3007844395681256	3.402628808098653	3.5001795128033333	3.5306071929561367	3.661655595975727	3.7989582404134987
40.33444816053512	3.302548374787715	3.4040781932649615	3.501356922360866	3.532733165598743	3.66373444579803	3.8010276094089948
40.635451505016725	3.3042943836284064	3.405512873712266	3.5025225916428253	3.5348482715315193	3.6658002032679553	3.803080831808527
40.93645484949833	3.306022778873077	3.4069331023773217	3.503676716651565	3.53695266927223	3.667853039214433	3.8051180828981854
41.23745819397993	3.3077338660700195	3.408339126428916	3.5048194890506066	3.539046514270396	3.6698931215072985	3.8071395354360202
41.53846153846154	3.3094279437409084	3.409731187431351	3.5059510962840363	3.5411299589811733	3.6719206151210853	3.809145359697456
41.83946488294315	3.311105303581631	3.411109521502399	3.5070717216919833	3.5432031529371035	3.673935682197177	3.811135723519721
42.140468227424755	3.3127662306562717	3.4124743594659446	3.5081815446223246	3.545266242817817	3.6759384821043692	3.81311079234534
42.441471571906355	3.3144110035845173	3.4138259269995235	3.5092807405387614	3.5473193725177476	3.677929171497876	3.8150707292646873
42.74247491638796	3.3160398947227416	3.415164444776951	3.510369481125403	3.5493626832119256	3.6799079043768437	3.8170156950576413
43.04347826086957	3.3176531703390206	3.4164901286062404	3.5114479343879905	3.5513963134199193	3.681874832140403	3.818945848234358
43.34448160535118	3.319251090782309	3.4178031895629735	3.5125162647518846	3.5534203990679774	3.68383010364231	3.820861345075179
43.64548494983278	3.32083391064601	3.4191038341193205	3.513574633156936	3.5554350735494356	3.6857738652442156	3.822762339669706
43.946488294314385	3.322401878926148	3.4203922642688527	3.5146231971493567	3.557440467783442	3.6877062608676	3.824648983955053
44.24749163879599	3.323955239174355	3.421668677647319	3.515662110970702	3.559436710272057	3.689627432044415	3.8265214277532995
44.54849498327759	3.325494229645866	3.422933267649538	3.516691525644063	3.5614239271557784	3.691537517966474	3.8283798188081692
44.8494983277592	3.3270190834427127	3.424186223542543	3.5177115890575816	3.5634022422675433	3.6934366555336147	3.830224302820941
45.15050167224081	3.328530028652298	3.4254277305751266	3.5187224460453708	3.565371777185255	3.6953249794006826	3.8320550234856228
45.451505016722415	3.330027288481522	3.4266579700839146	3.5197242384659493	3.567332651282881	3.6972026220233634	3.833872122523401
45.752508361204015	3.331511081386624	3.4278771195960958	3.520717105278264	3.569284981780168	3.6990697137028934	3.835675739716379
46.05351170568562	3.332981621198904	3.429085352928936	3.5217011826154008	3.571228883791019	3.7009263826296888	3.8374660129406295
46.35451505016723	3.3344391172464714	3.430282840286183	3.522676603856051	3.5731644703705694	3.7027727549259137	3.8392430781985727
46.65551839464883	3.335883774472168	3.4314697483514833	3.5236434996938253	3.5750918525610067	3.704608954687026	3.8410070696506944
46.95652173913044	3.3373157935478064	3.4326462403789204	3.5246019982044814	3.5770111394361765	3.7064351040223222	3.8427581196466236
47.257525083612045	3.3387353709848506	3.4338124762807625	3.525552224911145	3.5789224381449984	3.7082513230945198	3.8444963587555834
47.55852842809365	3.3401426992416794	3.4349686127125416	3.5264943028475875	3.5808258539537485	3.710057730158386	3.846221915796228
47.85953177257525	3.341537966827543	3.436114803155536	3.5274283526196335	3.5827214902872218	3.7118544415984607	3.847934917865883
48.16053511705686	3.3429213584033404	3.4372511979967686	3.5283544924647576	3.5846094487688296	3.7136415719658813	3.8496354903692005
48.46153846153847	3.34429305487932	3.438377944606588	3.5292728383099337	3.586489829259644	3.7154192340143437	3.851323757046246
48.76254180602007	3.3456532335098284	3.4394951874139355	3.5301835038278	3.5883627298964385	3.7171875387352196	3.852999840000023
49.063545150501675	3.3470020679851906	3.440603067979364	3.5310866004911903	3.590228247128744	3.7189465953918526	3.854663859723459
49.36454849498328	3.3483397285208434	3.441701725065897	3.531982237626092	3.5920864757549547	3.720696511553059	3.856315935125857
49.66555183946489	3.3496663819437975	3.4427912947077925	3.5328705224630803	3.5939375089575094	3.72243739312585	3.8579561835588243
49.96655518394649	3.3509821917765388	3.4438719102772923	3.533751560187281	3.595781438337177	3.724169344387398	3.8595847208416982
50.2675585284281	3.3522873183184445	3.4449437025494203	3.5346254539869135	3.5976183539464754	3.725892468016272	3.861201661286474
50.568561872909704	3.353581918724805	3.446006799764898	3.535492305100451	3.5994483443222447	3.7276068651229517	3.8628071177222454
50.869565217391305	3.3548661470835315	3.4470613276912374	3.536352212862458	3.6012714965174	3.7293126352796504	3.8644012015191738
51.17056856187291	3.3561401544896317	3.448107409682078	3.5372052747481355	3.603087896131893	3.7310098765494546	3.8659840226119946
51.47157190635452	3.3574040891175208	3.449145166734822	3.538051586416625	3.604897627342897	3.7326986855148108	3.867555689523065
51.77257525083613	3.358658096291253	3.450174717546627	3.5388912417531047	3.6067007729342477	3.7343791573053613	3.869116309384978
52.07357859531773	3.359902318552728	3.451196178568809	3.539724332909722	3.608497414325151	3.7360513856251614	3.870665987962735
52.374581939799334	3.361136895727957	3.4522096640597075	3.540550950345398	3.6102876315981884	3.7377154627792826	3.8722048296755
52.67558528428094	3.3623619649914347	3.453215286136066	3.5413711828645384	3.6120715035266318	3.739371479699824	3.8737329376179375
52.97658862876254	3.3635776609286974	3.4542131548229755	3.5421851176546886	3.6138491076010935	3.7410195259713457	3.8752504135811505
53.27759197324415	3.364784115597112	3.455203378102423	3.5429928403231656	3.615620520055526	3.7426596898557367	3.8767573580732138
53.57859531772576	3.365981458584964	3.4561860619604996	3.5437944349326953	3.6173858158925953	3.744292058316539	3.8782538703393286
53.879598662207364	3.3671698170688935	3.457161310433299	3.544589984036095	3.6191450689084377	3.74591671704273	3.879740048381594
54.180602006688964	3.368349315869737	3.458129225651561	3.545379568710019	3.620898351716824	3.7475337504719906	3.88121598897841
54.48160535117057	3.3695200775068246	3.4590899078840915	3.5461632685878093	3.622645735772747	3.749143241813462	3.8826817877035182
54.78260869565218	3.370682222250782	3.460043455580001	3.54694116189147	3.6243872913954407	3.750745273070007	3.884137538944686
55.08361204013379	3.371835868174885	3.460989965409797	3.547713325462793	3.62612308779086	3.7523399250599923	3.8855833359220475
55.38461538461539	3.372981131205012	3.461929532305372	3.548479834793671	3.6278531930736246	3.7539272774385966	3.8870192707061006
55.685618729096994	3.3741181251682444	3.4628622494989107	3.549240764055606	3.6295776742884454	3.755507408718663	3.8884454342353783
55.9866220735786	3.3752469618401486	3.463788208560765	3.549996186128454	3.6312965974310503	3.757080396291104	3.8898619163337886
56.2876254180602	3.3763677509907852	3.4647074994363147	3.5507461726284184	3.6330100274686195	3.75864631644487	3.8912688057276412
56.58862876254181	3.3774806004294917	3.4656202104818528	3.551490793935321	3.634718028359746	3.760205244386493	3.8926661900623616
56.88963210702342	3.3785856160484604	3.4665264284995265	3.552230119219166	3.636420663073931	3.761757254259215	3.8940541559188997
57.190635451505024	3.3796829018651704	3.4674262387713575	3.552964216466027	3.6381179936106314	3.7633024191617155	3.895432788829842
57.491638795986624	3.380772560063688	3.468319725092373	3.5536931525032687	3.639810081017865	3.7648408111664415	3.8968021732952303
57.79264214046823	3.381854691034887	3.469206969802875	3.5544169930241267	3.641496985410396	3.766372501337552	3.898162392798098
58.09364548494984	3.3829293934156097	3.470088053819874	3.555135802611667	3.643178765987496	3.7678975597484903	3.899513529819723
58.39464882943144	3.38399676412681	3.4709630566677054	3.555849644762135	3.644855481050309	3.7694160554991885	3.900855665854607
58.69565217391305	3.3850568984107046	3.4718320565078677	3.5565585819077263	3.6465271880188177	3.770928056732915	3.902188881425192
58.996655518394654	3.386109889866959	3.4726951301680886	3.557262675438779	3.648193943448428	3.7724336306527726	3.903513256096307
59.29765886287626	3.387155830487949	3.4735523531706565	3.557961985725416	3.64985580304618	3.773932843537857	3.904828868489364
59.59866220735786	3.38819481069311	3.474403799760029	3.558656572138654	3.6515128216865986	3.7754257607590853	3.9061357962962977
59.89966555183947	3.389226919362416	3.475249542929745	3.5593464930709824	3.6531650534271844	3.776912446794694	3.907434116293261
60.200668896321076	3.390252243869001	3.476089654448661	3.560031805956444	3.654812551523565	3.7783929652454287	3.90872390435408
60.50167224080268	3.3912708701109593	3.476924204886526	3.5607125672902162	3.656455368444308	3.779867378849419	3.910005235463468
60.802675585284284	3.3922828825423417	3.477753263638923	3.5613888326477205	3.658093555885408	3.7813357494967534	3.911278183730015
61.10367892976589	3.393288364203371	3.4785768989515864	3.5620606567032604	3.659727164784452	3.782798138243761	3.912542822398944
61.4046822742475	3.3942873967499088	3.47939517794412	3.5627280932482144	3.6613562453344786	3.784254605327004	3.913799223864647
61.7056856187291	3.39528006048218	3.48020816663313	3.563391195208786	3.662980846997532	3.7857052101769884	3.915047459683004
62.006688963210706	3.3962664343727904	3.4810159299547885	3.5640500146633287	3.66460101851792	3.787150011431605	3.9162876005834897
62.307692307692314	3.397246596094053	3.4818185317868466	3.5647046028592535	3.6662168079351853	3.7885890669492963	3.9175197164810664
62.60869565217392	3.398220622044638	3.4826160349701136	3.5653550102295397	3.6678282625968	3.7900224338219664	3.9187438764878775
62.90969899665552	3.399188587375571	3.4834085013294103	3.5660012864088473	3.66943542917058	3.7914501683876316	3.919960148924736
63.21070234113713	3.400150566015601	3.4841959916940204	3.566643480249251	3.671038353656838	3.792872326242826	3.921168601332421
63.511705685618736	3.4011066306959483	3.484978565917648	3.5672816398356035	3.672637081400275	3.794288962254758	3.9223693004827744
63.812709030100336	3.402056852974453	3.485756282897899	3.5679158125005386	3.674231657101621	3.79570013057323	3.9235623123896146
64.11371237458195	3.4030013032591424	3.486529200595294	3.568546044839123	3.675822124829023	3.797105884642328	3.924747702319464
64.41471571906355	3.403940050831236	3.487297376051831	3.569172382723166	3.677408528029197	3.7985062772118785	3.925925534802091
64.71571906354515	3.404873163867595	3.488060865409111	3.5697948713152003	3.678990909538345	3.799901360348687	3.9270958736408788
65.01672240802677	3.40580070946264	3.4888197239260323	3.5704135550821365	3.6805693115928384	3.801291185447557	3.9282587819230166
65.31772575250837	3.4067227536497477	3.489574005996071	3.5710284778086043	3.6821437758396827	3.8026758032420944	3.9294143220295212
65.61872909698997	3.407639361422145	3.4903237651641565	3.5716396826099905	3.6837143433467614	3.804055263815311	3.9305625556450887
65.91973244147158	3.408550596753307	3.4910690541431566	3.5722472119451747	3.6852810546128665	3.8054296166100157	3.9317035437677856
66.22073578595318	3.40945652261688	3.4918099248299725	3.5728511076289786	3.6868439495775216	3.8067989104390136	3.932837346718573
66.52173913043478	3.410357201006136	3.492546428321271	3.5734514108443314	3.6884030676306057	3.8081631934951075	3.9339640241506797
66.8227424749164	3.4112526929529814	3.493278614928846	3.574048162154162	3.6899584476217724	3.809522513360911	3.9350836350588123
67.123745819398	3.4121430585465147	3.4940065341946345	3.574641401513022	3.691510127869682	3.810876917018476	3.9361962377882196
67.4247491638796	3.4130283569511666	3.494730234905382	3.5752311682784486	3.693058146171041	3.8122264508587373	3.9373018900436043
67.72575250836121	3.4139086464244164	3.4954497651069794	3.575817501222075	3.6946025398094604	3.8135711606907794	3.93840064889789
68.02675585284281	3.4147839843341035	3.4961651721184723	3.5764004385404924	3.696143345564133	3.814911091750931	3.9394925708008426
68.32775919732443	3.4156544271753457	3.4968765025457555	3.5769800178658704	3.697680599718333	3.8162462887116875	3.9405777115875535
68.62876254180603	3.416520030587073	3.497583802294955	3.5775562762763458	3.6992143380677494	3.8175767956904716	3.9416561264867815
68.92976588628763	3.417380849368183	3.4982871165855136	3.578129250306181	3.7007445959286462	3.8189026562582233	3.9427278701291635
69.23076923076924	3.4182369374933375	3.4989864899629826	3.578698975955697	3.702271408145865	3.8202239134478386	3.9437929965552883
69.53177257525084	3.4190883481283993	3.4996819663115293	3.5792654887009956	3.703794809100662	3.8215406097624482	3.94485155922364
69.83277591973244	3.4199351336455273	3.500373588866165	3.5798288235034654	3.705314832718393	3.822852787183544	3.9459036110184176
70.13377926421406	3.42077734563793	3.5010614002247054	3.5803890148190813	3.706831512476046	3.824160487178958	3.946949204257223
70.43478260869566	3.421615034934296	3.501745442359465	3.5809460966075073	3.708344881409623	3.8254637507106954	3.9479883906986313
70.73578595317726	3.422448251612903	3.5024257566286985	3.581500102340998	3.7098549721213776	3.82676261824262	3.9490212215496365
71.03678929765887	3.4232770450154133	3.5031023837877853	3.5820510650131143	3.7113618167869116	3.8280571297480095	3.9500477474729787
71.33779264214047	3.4241014637603695	3.5037753640001785	3.582599017147248	3.7128654471621285	3.8293473247169616	3.9510680185943574
71.63879598662209	3.4249215557563932	3.5044447368481113	3.58314399080497	3.714365894590058	3.8306332421636773	3.952082084509528
71.93979933110369	3.4257373682150947	3.5051105413430723	3.583686017594194	3.715863190007542	3.831914920633606	3.9530899942912865
72.24080267558529	3.426548947663703	3.5057728159360564	3.584225128677177	3.7173573639517934	3.833192398210465	3.954091796496344
72.5418060200669	3.427356339957423	3.5064315985275933	3.584761354778343	3.7188484465668297	3.834465712523133	3.9550875391720943
72.8428093645485	3.428159590291525	3.507086926477565	3.585294726191947	3.7203364676097785	3.835734900752419	3.9560772698632736
73.1438127090301	3.428958743213171	3.507738836614812	3.5858252727895747	3.7218214564570684	3.8369999996377127	3.9570610356185165
73.44481605351172	3.4297538426329965	3.5083873652465316	3.5863530240274932	3.7233034421104936	3.838261045483516	3.9580388829968114
73.74581939799332	3.4305449318364327	3.509032548167487	3.5868780089538386	3.724782453203169	3.8395180741658588	3.9590108580738503
74.04682274247492	3.431332053494799	3.50967442066901	3.5874002562156635	3.726258518005372	3.8407711211385998	3.9599770064482875
74.34782608695653	3.432115249676153	3.510313017547824	3.5879197940658347	3.7277316644302676	3.842020221439621	3.960937373247896
74.64882943143813	3.4328945618559144	3.5109483731146796	3.5884366503697893	3.7292019200395323	3.843265409696909	3.961892003135628
74.94983277591973	3.4336700309272636	3.5115805212028057	3.5889508526121547	3.7306693120488688	3.8445067201345315	3.9628409403155866
75.25083612040135	3.4344416972113248	3.5122094951761897	3.5894624279032303	3.7321338673334172	3.8457441865785094	3.9637842285389033
75.55183946488295	3.435209600467132	3.512835327937686	3.5899714029853387	3.733595612433066	3.846977842462588	3.9647219111095238
75.85284280936456	3.435973779901391	3.5134580519369516	3.5904778042390477	3.7350545735576617	3.8482077208339063	3.9656540308899073
76.15384615384616	3.4367342741780376	3.5140776991782268	3.5909816576892686	3.7365107765921266	3.849433854358568	3.96658063030664
76.45484949832776	3.4374911214275965	3.514694301227948	3.5914829890112263	3.737964247101475	3.850656275327121	3.967501751355959
76.75585284280938	3.4382443592563496	3.5153078892222087	3.591981823536317	3.7394150103357418	3.8518750156599335	3.9684174356091977
77.05685618729098	3.4389940247553135	3.51591849387407	3.59247818625784	3.7408630912348184	3.8530901069124885	3.969327724218143
77.35785953177258	3.439740154509035	3.5165261454807206	3.592972101836624	3.7423085144331996	3.8543015802805805	3.970232657920318
77.65886287625419	3.440482784604207	3.5171308739304887	3.5934635946065336	3.7437513042646446	3.855509466605425	3.971132277044179
77.95986622073579	3.4412219506381074	3.5177327087097203	3.593952688579871	3.7451914847667513	3.8567137963786844	3.972026621514239
78.26086956521739	3.4419576877268683	3.518331678909511	3.5944394074526733	3.7466290796854484	3.8579145997474047	3.9729157308561107
78.561872909699	3.4426900305135777	3.5189278132323087	3.594923774609897	3.7480641124794074	3.859111906518871	3.9737996442014794
78.8628762541806	3.443419013176219	3.519521139998382	3.595405813130511	3.749496606324371	3.860305746165379	3.9746784002929942
79.16387959866222	3.4441446694354476	3.520111687152158	3.595885545792481	3.7509265841174066	3.8614961478289307	3.975552037489094
79.46488294314382	3.44486703256222	3.5206994822684403	3.5963629950776634	3.752354068481083	3.8626831403258457	3.976420593768756
79.76588628762542	3.4455861353852595	3.5212845525584964	3.596838183176602	3.7537790817675716	3.863866752151299	3.977284106736178
80.06688963210703	3.4463020102983823	3.5218669248760315	3.5973111319932274	3.755201646062673	3.8650470114837825	3.97814261362539
80.36789297658864	3.447014689267676	3.522446625723041	3.597781863149474	3.756621783189774	3.866223946189493	3.9789961513047962
80.66889632107024	3.447724203838536	3.523023681255549	3.5982503979898004	3.7580395147137335	3.867397583826646	3.979844756281654
80.96989966555185	3.4484305851425607	3.5235981172892394	3.598716757585628	3.7594548619446995	3.8685679516497173	3.980688464706484
81.27090301003345	3.449133863904319	3.5241699593049685	3.5991809627396916	3.7608678459418585	3.869735076613618	3.981527312377417
81.57190635451505	3.449834070447977	3.524739232454179	3.5996430339903096	3.7622784875171185	3.8708989853777984	3.982361334744477
81.87290969899666	3.4505312347038006	3.525305961564204	3.6001029916155702	3.7636868072387286	3.8720597043102867	3.9831905669138035
82.17391304347827	3.4512253862145315	3.525870171143475	3.600560855637443	3.765092825434834	3.8732172594916565	3.9840150436518096
82.47491638795987	3.451916554141637	3.5264318853866206	3.601016645825806	3.7664965621969695	3.874371676718937	3.984834799389283
82.77591973244148	3.4526047672714424	3.5269911281794757	3.601470381702404	3.7678980373834925	3.8755229815094543	3.9856498682254253
83.07692307692308	3.453290054021144	3.527547923103992	3.6019220825447262	3.7692972706229555	3.876671199104612	3.986460283931834
83.3779264214047	3.453972442444706	3.528102293443056	3.6023717673898177	3.7706942813174193	3.8778163544736106	3.9872660799564295
83.6789297658863	3.454651960238647	3.5286542621852126	3.602819455038014	3.772089088645714	3.878958472317108	3.988067289427319
83.9799331103679	3.4553286347477137	3.529203852029304	3.6032651640566105	3.773481711566637	3.880097577070818	3.9888639451566155
84.28093645484951	3.4560024929704483	3.529751085389017	3.603708912783461	3.7748721688221005	3.8812336929090545	3.989656079644192
84.58193979933111	3.45667356156465	3.5302959843973496	3.6041507193305113	3.7762604789402245	3.882366843748218	3.990443725081389
84.88294314381271	3.4573418668527354	3.5308385709109884	3.604590601587267	3.777646660238376	3.883497053250225	3.9912269133546667
85.18394648829432	3.458007434826993	3.531378866514608	3.605028577224199	3.7790307308261566	3.8846243448258835	3.9920056760492053
85.48494983277592	3.458670291154745	3.5319168925250906	3.605464663696084	3.7804127086083423	3.8857487416382166	3.9927800444524544
85.78595317725753	3.45933046118341	3.532452669995664	3.605898878245286	3.781792611287768	3.8868702666057313	3.993550049557636
86.08695652173914	3.4599879699454705	3.5329862197199673	3.606331237904979	3.7831704563681683	3.887988942405637	3.9943157220671903
86.38795986622074	3.4606428421633493	3.5335175622360375	3.6067617595023074	3.784546261156969	3.889104791477012	3.9950770923961825
86.68896321070235	3.4612951022541947	3.5340467178302277	3.6071904596614943	3.7859200427680304	3.8902178360239206	3.9958341906756534
86.98996655518395	3.4619447743345786	3.534573706541048	3.607617354806889	3.787291818124346	3.8913280980184846	3.9965870467559297
87.29096989966555	3.462591882225109	3.535098548162939	3.6080424611659634	3.788661603960696	3.8924355992039	3.9973356902098844
87.59197324414717	3.4632364494549526	3.5356212622499794	3.6084657947722523	3.790029416826257	3.893540361097415	3.998080150336153
87.89297658862877	3.463878499266282	3.53614186811952	3.608887371468242	3.7913952730871694	3.894642404993253	3.998820456162306
88.19397993311037	3.4645180546186354	3.536660384855757	3.609307206908208	3.792759188929056	3.895741751965498	3.999556636447973
88.49498327759198	3.465155138193202	3.5371768313132383	3.609725316561001	3.7941211803595114	3.89683842287093	4.000288719687933
88.79598662207358	3.465789772397025	3.537691226120309	3.610141715712785	3.7954812632105357	3.897932438351821	4.00101673411515
89.09698996655518	3.4664219793671345	3.53820358768249	3.6105564194697246	3.79683945314094	3.8990238188386828	4.001740707703777
89.3979933110368	3.4670517809745984	3.5387139341858043	3.6109694427606294	3.7981957656387086	3.900112584552977	4.002460668172116
89.6989966555184	3.4676791988285083	3.5392222836000355	3.6113808003395462	3.799550216023318	3.9011987555097827	4.00317664298553
90.0	3.4683042542798876	3.5397286536819355	3.611790506788312	3.800902819448026	3.9022823515204204	4.00388865935933
