s1c 	 mean 	 psig1 	 nsig1
4.080244399185336 	 3.6159582484725035 	 3.7090003834876986 	 3.5229161134573084 
5.951778656126482 	 3.6558577075098806 	 3.744009573581927 	 3.567705841437834 
8.010682004930157 	 3.6994474116680363 	 3.7859776208611065 	 3.612917202474966 
9.999186330349877 	 3.7372030105777045 	 3.823859401129643 	 3.650546620025766 
11.96936634494335 	 3.767292278640367 	 3.8553385702499985 	 3.6792459870307357 
14.020356234096692 	 3.797582697201019 	 3.886762136428038 	 3.708403257974 
15.9890756302521 	 3.8228823529411797 	 3.911741135388214 	 3.7340235704941453 
17.95702259636686 	 3.846879707576431 	 3.9381357282882847 	 3.7556236868645776 
20.03442109968708 	 3.872549172999553 	 3.9610570053308316 	 3.7840413406682747 
22.000431965442765 	 3.8928261339092862 	 3.9794409655366936 	 3.806211302281879 
23.992167101827675 	 3.9130983463881623 	 4.002401816531806 	 3.8237948762445195 
25.988015978695074 	 3.9331280514869063 	 4.022562672307411 	 3.8436934306664017 
27.992760180995475 	 3.9473212669683266 	 4.036757673254762 	 3.8578848606818914 
30.018783542039355 	 3.9616413237924863 	 4.052176903090485 	 3.8711057444944874 
32.0039352864014 	 3.9792358985570626 	 4.06821325054075 	 3.890258546573375 
33.993423936869796 	 3.992763042525209 	 4.080358652403821 	 3.9051674326465973 
36.006576063130204 	 4.006342612889084 	 4.094395231812455 	 3.918289993965714 
38.023394300297745 	 4.0250457252233085 	 4.115170618089526 	 3.9349208323570903 
39.95391304347826 	 4.041749999999999 	 4.131278550826282 	 3.952221449173715 
41.99588100686499 	 4.0533032036613275 	 4.1438337158005 	 3.9627726915221553 
43.990723562152134 	 4.065243506493507 	 4.156314991492397 	 3.974172021494618 
46.02153000458085 	 4.079304855703161 	 4.1661643203064385 	 3.992445391099884 
48.027898866608545 	 4.09077593722755 	 4.178896031263256 	 4.002655843191843 
50.00253807106599 	 4.101960659898477 	 4.191801978323539 	 4.012119341473415 
51.944790739091715 	 4.113007569011577 	 4.200959610533577 	 4.025055527489577 
54.025711662075295 	 4.125844811753905 	 4.2135362474820655 	 4.038153376025744 
55.992786293958524 	 4.13616321009919 	 4.223228532367647 	 4.049097887830734 
58.009892086330936 	 4.145377697841729 	 4.232124540541725 	 4.058630855141733 
60.00882612533098 	 4.154483671668139 	 4.242130681939204 	 4.0668366613970734 
61.986252771618624 	 4.165868070953437 	 4.254387663035174 	 4.077348478871699 
63.97511520737327 	 4.174951612903226 	 4.261845815801902 	 4.08805741000455 
66.01855287569573 	 4.182175324675326 	 4.268359164959877 	 4.095991484390774 
68.02616407982262 	 4.192471175166298 	 4.278169876800632 	 4.106772473531963 
69.98061674008811 	 4.203559471365638 	 4.289520934330941 	 4.117598008400336 
71.99819981998199 	 4.2149054905490555 	 4.301052951813794 	 4.128758029284317 
74.02161446846053 	 4.224965813850905 	 4.311278854206377 	 4.138652773495433 
75.95298372513562 	 4.231946202531645 	 4.318694384678818 	 4.1451980203844725 
78.01770736253495 	 4.237996272134205 	 4.322508182736309 	 4.153484361532101 
80.00907441016334 	 4.247999092558985 	 4.330962992056672 	 4.165035193061297 
82.00492170022372 	 4.256851230425058 	 4.341019112315167 	 4.172683348534949 
83.97629899726527 	 4.265186873290793 	 4.349439001422855 	 4.180934745158732 
86.00879222582138 	 4.2725694123091165 	 4.3544655824742335 	 4.190673242143999 
87.98368298368298 	 4.280064102564104 	 4.363115038814428 	 4.197013166313781 
90.02269569245021 	 4.289725567392312 	 4.374077938078188 	 4.205373196706435 
92.0058532192706 	 4.293533318325078 	 4.3770138672069905 	 4.210052769443166 
94.01759014951627 	 4.296389621811785 	 4.380554439215547 	 4.212224804408023 
95.98106560986349 	 4.304118229854691 	 4.389699692241201 	 4.218536767468181 
98.01153504880213 	 4.3118167701863355 	 4.396657682498635 	 4.226975857874036 
99.98214285714286 	 4.321546875000001 	 4.404588361184485 	 4.238505388815517 
101.99543378995433 	 4.3313789954337905 	 4.414109572438873 	 4.248648418428708 
104.01357466063348 	 4.337325791855204 	 4.420006713535427 	 4.254644870174982 
106.00841080123949 	 4.3433565737051785 	 4.42339258134408 	 4.263320566066277 
108.00567437800088 	 4.348850938454824 	 4.430461322861936 	 4.267240554047712 
109.98769771528998 	 4.354846221441124 	 4.437461032582955 	 4.272231410299294 
112.00133274100399 	 4.36248667258996 	 4.443874019954552 	 4.281099325225369 
113.974988631196 	 4.369507730786722 	 4.449811018069444 	 4.289204443504 
116.01561065197428 	 4.3751354453627185 	 4.455970227217951 	 4.294300663507486 
118.01732563305198 	 4.379201466015105 	 4.461376430194984 	 4.297026501835226 
119.97767857142857 	 4.383609375000001 	 4.465789268599957 	 4.301429481400044 
122.0227576974565 	 4.39196006247211 	 4.473560510110031 	 4.31035961483419 
124.0039113428944 	 4.399362233811387 	 4.480574381957883 	 4.318150085664891 
125.99346405228758 	 4.404297385620914 	 4.4848710661178375 	 4.323723705123991 
127.98621609604268 	 4.4104257447754565 	 4.488462597464844 	 4.332388892086069 
129.9909008189263 	 4.414649681528663 	 4.493434722564239 	 4.335864640493086 
132.02463054187191 	 4.418173981191223 	 4.500522542570664 	 4.335825419811782 
133.98850574712642 	 4.424040671971707 	 4.505476466163663 	 4.342604877779752 
135.99505617977528 	 4.431111235955056 	 4.511488600757829 	 4.350733871152283 
138.0212201591512 	 4.438059239610964 	 4.51825122730498 	 4.3578672519169475 
139.97787610619469 	 4.441292035398232 	 4.521413768710403 	 4.361170302086061 
142.020390070922 	 4.44540115248227 	 4.526590469583911 	 4.364211835380629 
144.00043421623968 	 4.449810030395137 	 4.529758615258037 	 4.369861445532238 
146.0077519379845 	 4.457874677002584 	 4.538324060918976 	 4.377425293086192 
147.97950283471434 	 4.46545682511993 	 4.545842405745296 	 4.385071244494564 
149.9837104072398 	 4.471497737556563 	 4.551358631855995 	 4.391636843257131 
152.02511210762333 	 4.474376681614352 	 4.554591418882921 	 4.394161944345783 
153.9907284768212 	 4.47691280353201 	 4.556056033092657 	 4.397769573971363 
155.98782138024356 	 4.482172981506541 	 4.559745645686988 	 4.404600317326095 
157.9818688981869 	 4.487848675034867 	 4.5645786485751865 	 4.411118701494547 
160.0253807106599 	 4.4972531149054 	 4.575478538209899 	 4.4190276916009 
162.00179694519318 	 4.499025157232704 	 4.580021028288751 	 4.418029286176656 
164.0316977854972 	 4.50218085106383 	 4.58238275224118 	 4.42197894988648 
165.97806451612902 	 4.509308602150537 	 4.588406934386818 	 4.430210269914257 
167.97475202885482 	 4.512815599639313 	 4.591884741861238 	 4.433746457417389 
170.03525211958947 	 4.515483043284247 	 4.5946472498427084 	 4.4363188367257855 
172.0325271059216 	 4.520498331943285 	 4.598958789287741 	 4.44203787459883 
173.9674728940784 	 4.525752710592161 	 4.605796951011197 	 4.445708470173125 
175.97117516629712 	 4.530550997782705 	 4.610346910228941 	 4.4507550853364695 
178.00949796472185 	 4.536371551334238 	 4.6153122985704425 	 4.457430804098033 
180.00312639571237 	 4.5383709245198744 	 4.618145063305158 	 4.458596785734591 
182.00970017636683 	 4.540910493827161 	 4.620332720796668 	 4.461488266857653 
184.00261324041813 	 4.546356707317072 	 4.626507028460597 	 4.466206386173547 
186.00432525951558 	 4.551799307958476 	 4.632865449092023 	 4.47073316682493 
188.003861003861 	 4.557725225225225 	 4.638833503946972 	 4.476616946503477 
189.98260869565217 	 4.56139347826087 	 4.640240906335507 	 4.482546050186233 
192.00396650506832 	 4.567383208461876 	 4.6456101557932765 	 4.489156261130475 
194.00175284837863 	 4.57228527607362 	 4.652202506440909 	 4.492368045706331 
195.9978079789566 	 4.574797238053485 	 4.654751774873974 	 4.4948427012329955 
197.99912049252418 	 4.579514072119612 	 4.658289119928529 	 4.500739024310695 
199.99156679982246 	 4.58330781180648 	 4.661527799825809 	 4.505087823787152 
202.01455668284075 	 4.584846713718571 	 4.6623277769969 	 4.507365650440242 
203.99912967798085 	 4.589917319408181 	 4.667597867378286 	 4.512236771438075 
206.0120481927711 	 4.598177710843372 	 4.676213123623578 	 4.520142298063167 
207.98269896193773 	 4.599924307958476 	 4.6780579126857855 	 4.521790703231167 
210.006558810669 	 4.603634674245736 	 4.682279682950134 	 4.524989665541338 
211.99035087719298 	 4.609732456140351 	 4.68949660078661 	 4.529968311494093 
213.99420935412027 	 4.6108429844098 	 4.6911724449336685 	 4.530513523885931 
216.03543647363873 	 4.616456352636129 	 4.697604404404429 	 4.535308300867828 
217.96321938554738 	 4.621210514928604 	 4.702899621019033 	 4.5395214088381755 
220.03844492440604 	 4.624061555075595 	 4.705724164929265 	 4.542398945221924 
221.9966611018364 	 4.629755843071788 	 4.709887808957219 	 4.549623877186357 
223.9991617770327 	 4.631802179379717 	 4.711580300884561 	 4.552024057874872 
225.97813973424775 	 4.632022074582083 	 4.712374497295402 	 4.551669651868764 
228.0239520958084 	 4.636377245508983 	 4.715269348873224 	 4.557485142144743 
230.0107438016529 	 4.6400764462809905 	 4.720872360120494 	 4.559280532441487 
231.97442348008386 	 4.643416142557651 	 4.724740410607251 	 4.562091874508051 
233.9935036812473 	 4.64989281074058 	 4.729413366060236 	 4.570372255420923 
236.02631578947367 	 4.653896434634976 	 4.734502968476665 	 4.573289900793286 
238.0082034454471 	 4.657883511074653 	 4.740058533918951 	 4.5757084882303545 
239.9855550969872 	 4.663391456871647 	 4.744447539353399 	 4.582335374389895 
242.00624219725344 	 4.666060133166875 	 4.746517156019636 	 4.585603110314113 
243.96622488242838 	 4.669049807610089 	 4.74955538977094 	 4.588544225449239 
246.0403397027601 	 4.672311040339703 	 4.752592765389997 	 4.592029315289409 
247.96449704142012 	 4.67639053254438 	 4.7579019386090255 	 4.594879126479734 
250.0439882697947 	 4.680417888563049 	 4.760483325526387 	 4.600352451599711 
251.9882257409663 	 4.684302679658953 	 4.763328534348563 	 4.6052768249693425 
253.97602019352124 	 4.689016617585191 	 4.769664388377671 	 4.60836884679271 
256.01402464938377 	 4.690891415214621 	 4.772075770190213 	 4.609707060239028 
257.9991610738255 	 4.695515939597317 	 4.777726294973948 	 4.613305584220686 
260.01161825726143 	 4.702487551867219 	 4.786331532706979 	 4.61864357102746 
262.0165389269867 	 4.7068707139975805 	 4.78985755985184 	 4.623883868143321 
263.9801699716714 	 4.711069405099151 	 4.793534137874868 	 4.6286046723234335 
266.0122349102773 	 4.7137928221859715 	 4.796331067198484 	 4.6312545771734595 
267.9718309859155 	 4.714018227009115 	 4.79724317621207 	 4.63079327780616 
270.02937525858505 	 4.7178371948696745 	 4.8024599190965995 	 4.633214470642749 
271.99555914412593 	 4.72141199031086 	 4.806712150953662 	 4.6361118296680575 
273.990171990172 	 4.726699426699425 	 4.813037499702062 	 4.640361353696788 
275.9995862639636 	 4.731564956557717 	 4.8169234495259285 	 4.646206463589506 
277.99958592132504 	 4.736427536231886 	 4.820488473210931 	 4.652366599252842 
280.02582728006456 	 4.743446327683618 	 4.827951500530677 	 4.658941154836558 
281.98966613672496 	 4.744924483306837 	 4.829706328700452 	 4.660142637913223 
284.004 	 4.746005999999999 	 4.830678179398066 	 4.661333820601931 
286.00515259611575 	 4.751853943717796 	 4.836793354471086 	 4.666914532964506 
287.996835443038 	 4.756544699367088 	 4.843341644196536 	 4.66974775453764 
289.9952153110048 	 4.758225677830941 	 4.844216430797946 	 4.672234924863936 
292.0012004801921 	 4.7603711484593845 	 4.846183824271557 	 4.674558472647212 
293.9979975971165 	 4.764788746495795 	 4.8528851203758485 	 4.676692372615742 
295.9967793880837 	 4.772041062801933 	 4.858195664905342 	 4.685886460698525 
298.0251968503937 	 4.775303149606299 	 4.861323980206677 	 4.689282319005921 
300.0053475935829 	 4.774064171122995 	 4.862203887020178 	 4.685924455225812 
301.99656881433475 	 4.779703583682807 	 4.8680339544401665 	 4.691373212925447 
303.9903437620703 	 4.786713982232523 	 4.873742245898118 	 4.699685718566927 
305.9988285825849 	 4.7895890277235456 	 4.876647948248578 	 4.7025301071985135 
307.99804151978066 	 4.793418527222876 	 4.879984019374838 	 4.706853035070914 
310.0222563315426 	 4.794205679201843 	 4.881955964278634 	 4.706455394125052 
311.98048220436283 	 4.798407003444317 	 4.887844695746742 	 4.7089693111418915 
314.00388802488334 	 4.80286936236392 	 4.8928205308726245 	 4.712918193855215 
316.0061585835258 	 4.806079676674364 	 4.895312267990257 	 4.716847085358471 
318.03256846780164 	 4.813458549222797 	 4.902228137104155 	 4.724688961341439 
319.96321070234114 	 4.815157004830918 	 4.905047628354695 	 4.725266381307141 
322.03893214682984 	 4.816118835743419 	 4.906105198495377 	 4.726132472991461 
323.99497847919656 	 4.819804519368724 	 4.908568890086847 	 4.7310401486506 
325.97335307179867 	 4.824896373056996 	 4.914050549856086 	 4.735742196257906 
328.03557022368904 	 4.830041254125414 	 4.920668047412454 	 4.739414460838374 
329.9590858827866 	 4.831615370438629 	 4.921796980399693 	 4.741433760477566 
332.0083841463415 	 4.836436737804879 	 4.927995964726444 	 4.744877510883315 
334.015625 	 4.839635416666668 	 4.930630336372785 	 4.748640496960551 
335.9922480620155 	 4.840807493540053 	 4.929547109277358 	 4.752067877802748 
338.0257339615803 	 4.845450344327657 	 4.937005975295111 	 4.753894713360202 
339.9809146561037 	 4.851484515664388 	 4.944104691973137 	 4.758864339355639 
341.9981610886355 	 4.858187752850312 	 4.949359105173551 	 4.767016400527073 
344.0 	 4.859920781134856 	 4.951426839315963 	 4.768414722953749 
346.02724014336917 	 4.862700716845879 	 4.955097685714549 	 4.770303747977209 
348.0027835768963 	 4.86804105775922 	 4.962300585731247 	 4.773781529787193 
349.9743772241993 	 4.869836298932383 	 4.962966975114332 	 4.776705622750434 
351.99078510873574 	 4.873220604496866 	 4.9648598839817435 	 4.781581325011988 
354.00701884004434 	 4.877381787957147 	 4.970539982816006 	 4.784223593098289 
356.02503576537913 	 4.876970672389126 	 4.970630591620249 	 4.783310753158003 
358.0 	 4.882149337055128 	 4.975517577140922 	 4.788781096969334 
359.9764285714286 	 4.8893499999999985 	 4.982723323278183 	 4.795976676721814 
362.004732435384 	 4.8910529668729525 	 4.9849877494199655 	 4.79711818432594 
364.0223166843783 	 4.894586432872829 	 4.989981672942716 	 4.799191192802941 
365.99547511312215 	 4.8973903585102665 	 4.9930357844250715 	 4.8017449325954615 
368.00209351011864 	 4.901627704117236 	 4.996657668283452 	 4.8065977399510205 
369.99755671902267 	 4.909081151832461 	 5.004446962423822 	 4.8137153412411 
372.0076388888889 	 4.912034722222222 	 5.007279247669618 	 4.816790196774826 
374.00068870523415 	 4.912095385674931 	 5.005851100979459 	 4.818339670370403 
376.0006877579092 	 4.915998968363136 	 5.008955845922583 	 4.82304209080369 
377.9913344887348 	 4.922685441941074 	 5.018147695569346 	 4.827223188312803 
379.9975464423414 	 4.927077637574482 	 5.024157623555041 	 4.8299976515939225 
382.0055904961565 	 4.9300052410901465 	 5.026134171627736 	 4.833876310552557 
384.0133699005828 	 4.934323791566678 	 5.031170275709723 	 4.837477307423633 
386.0169604256734 	 4.93779597605587 	 5.035365349840846 	 4.840226602270895 
388.00939423388405 	 4.938883219954649 	 5.034854283193521 	 4.8429121567157765 
389.9719564500165 	 4.941553117782911 	 5.037801590711428 	 4.845304644854394 
392.02932454695224 	 4.9451738056013195 	 5.042592680849003 	 4.847754930353636 
393.95936042638243 	 4.94885742838108 	 5.04853285680965 	 4.849181999952511 
396.018070235254 	 4.9538245823389015 	 5.055356874447455 	 4.8522922902303485 
398.0238640078457 	 4.958678489702517 	 5.059811861979514 	 4.857545117425519 
399.9707525468288 	 4.962795760762407 	 5.0619735899677565 	 4.863617931557057 
402.01729873586163 	 4.966603459747173 	 5.06416583010136 	 4.869041089392986 
404.014502094747 	 4.968018852723171 	 5.065266281513975 	 4.870771423932367 
405.9769255768606 	 4.9704915502112454 	 5.067693780493083 	 4.873289319929408 
408.01860920666013 	 4.975841495266079 	 5.075030213510432 	 4.876652777021725 
409.9692765113974 	 4.979409481334653 	 5.079888534071844 	 4.878930428597463 
412.01078894133514 	 4.984150370869858 	 5.08599908861507 	 4.882301653124646 
414.0381777350016 	 4.985005614372794 	 5.085902269988645 	 4.884108958756943 
415.970737913486 	 4.986803435114504 	 5.086206191249068 	 4.887400678979939 
418.0217948717949 	 4.990866987179487 	 5.0902900098443125 	 4.891443964514662 
419.9843899330997 	 4.996501274291177 	 5.096285038582189 	 4.8967175100001645 
421.9895356442119 	 5.002099411379987 	 5.103272928349369 	 4.900925894410605 
424.02355598580186 	 4.999552274927395 	 5.100908912438571 	 4.898195637416219 
425.9569220651102 	 5.00282226241368 	 5.1030139303958855 	 4.902630594431475 
428.04055390702274 	 5.011962578305309 	 5.1105575110645045 	 4.9133676455461135 
430.01498127340824 	 5.017367353308366 	 5.117263630079419 	 4.917471076537312 
431.9897483690587 	 5.019831469400437 	 5.121524160046735 	 4.918138778754138 
433.99779804970115 	 5.019532085561497 	 5.120538849600656 	 4.918525321522338 
435.9965200885796 	 5.023936254349889 	 5.125833053792105 	 4.922039454907672 
437.9851804123711 	 5.0268894974226805 	 5.129216432184951 	 4.92456256266041 
440.0195575504969 	 5.028219781981406 	 5.129411556731874 	 4.927028007230938 
442.0230414746544 	 5.0355860215053765 	 5.136821895965593 	 4.93435014704516 
443.97412199630315 	 5.041349353049908 	 5.144912159490704 	 4.937786546609112 
446.0044080604534 	 5.039483627204031 	 5.142738592668807 	 4.936228661739254 
448.01573588398645 	 5.043515118790498 	 5.145480395713451 	 4.941549841867544 
450.0018192844148 	 5.050648878107945 	 5.153058482527026 	 4.9482392736888645 
451.98275862068965 	 5.051250000000002 	 5.152907863053826 	 4.949592136946179 
453.9949622166247 	 5.0537988035264485 	 5.154309961590116 	 4.953287645462781 
456.0062893081761 	 5.056364779874215 	 5.1539925414419345 	 4.958737018306496 
458.0003124023743 	 5.0625281162136835 	 5.160634121829505 	 4.964422110597862 
460.01233806292413 	 5.067469154842691 	 5.1696366681524575 	 4.965301641532924 
461.99201474201476 	 5.067200552825554 	 5.170211628180934 	 4.964189477470174 
463.9978281104561 	 5.071175147378219 	 5.173421242669252 	 4.968929052087186 
466.0147058823529 	 5.076639093137256 	 5.179348603508634 	 4.973929582765878 
468.00331026181163 	 5.079851790550707 	 5.182735133088678 	 4.9769684480127365 
470.0011983223487 	 5.082104553624926 	 5.184246206827655 	 4.979962900422196 
471.9773561811505 	 5.083252753977969 	 5.184014537573788 	 4.98249097038215 
474.0335854765507 	 5.086309379727685 	 5.186937347359308 	 4.985681412096062 
475.97999402806806 	 5.094007912809795 	 5.196068988325179 	 4.991946837294411 
478.0249554367201 	 5.095552584670233 	 5.198354261201882 	 4.992750908138584 
479.98975109809663 	 5.094145680819914 	 5.195846374621345 	 4.992444987018484 
482.00879765395894 	 5.099329912023461 	 5.2005855644112 	 4.998074259635723 
484.00116144018585 	 5.099786585365855 	 5.201335089850788 	 4.998238080880922 
485.99033674963397 	 5.103338945827234 	 5.207558377895095 	 4.999119513759373 
487.9886363636364 	 5.11089114832536 	 5.214434233886772 	 5.007348062763947 
490.01724137931035 	 5.114117122473247 	 5.215732790611691 	 5.012501454334803 
492.008115942029 	 5.117472463768117 	 5.22124607799577 	 5.0136988495404635 
494.0238563008701 	 5.119661100196465 	 5.222732525159805 	 5.016589675233125 
495.9772918418839 	 5.123964816372303 	 5.225536115060676 	 5.0223935176839305 
498.00627137970355 	 5.124730615735462 	 5.227173233140752 	 5.022287998330173 
499.9768115942029 	 5.124726086956522 	 5.227677607350135 	 5.021774566562908 
502.01404330017556 	 5.130355471035692 	 5.233228734373422 	 5.027482207697962 
504.01169090390647 	 5.134985029940119 	 5.237582835258508 	 5.03238722462173 
505.97486275642876 	 5.137868390638546 	 5.2413820799653195 	 5.034354701311772 
508.01718613457615 	 5.141174628604721 	 5.24474793930967 	 5.037601317899771 
509.9930795847751 	 5.145396482122262 	 5.248075251083829 	 5.042717713160695 
512.0221465076661 	 5.146981828506531 	 5.250007642654004 	 5.0439560143590585 
513.989898989899 	 5.150611672278341 	 5.252472228072523 	 5.048751116484159 
515.969023962595 	 5.152687025131505 	 5.254439036132709 	 5.050935014130301 
518.0323898453457 	 5.154173475342865 	 5.258038423820724 	 5.050308526865005 
519.9923098832242 	 5.156775135289091 	 5.261760086563634 	 5.051790184014547 
522.0005737234653 	 5.16285140562249 	 5.265506553205744 	 5.060196258039237 
524.0079635949943 	 5.169994311717863 	 5.271006995348791 	 5.068981628086935 
526.0128133704735 	 5.167438718662955 	 5.271247972330876 	 5.063629464995033 
527.9880322849986 	 5.169073893682161 	 5.27336323277583 	 5.064784554588492 
529.988892053546 	 5.171947450868701 	 5.27391922202044 	 5.069975679716962 
532.0096976611524 	 5.173546776953795 	 5.276029656200341 	 5.071063897707249 
533.9903023388476 	 5.178468339988591 	 5.281547900261643 	 5.075388779715539 
535.9962416883492 	 5.18166883492339 	 5.2847763557734435 	 5.078561314073337 
538.004909038406 	 5.185191308114352 	 5.28796916658515 	 5.082413449643555 
540.0169491525423 	 5.190728813559324 	 5.291875131276943 	 5.089582495841705 
541.9983305509182 	 5.192993878686701 	 5.293953724538881 	 5.092034032834521 
543.9991631799163 	 5.1935990237099015 	 5.295633994397124 	 5.091564053022679 
545.9988820570151 	 5.196516210173283 	 5.298098489588863 	 5.094933930757703 
547.9938063063063 	 5.200744650900902 	 5.302522872630546 	 5.098966429171258 
550.015616285555 	 5.204535694366983 	 5.306321463715734 	 5.102749925018233 
551.9977985690699 	 5.205681067694002 	 5.30842898506092 	 5.102933150327083 
553.9977888336098 	 5.207479270315092 	 5.3124091917097624 	 5.102549348920422 
555.9949888641426 	 5.210044543429846 	 5.315129476828708 	 5.104959610030984 
557.9955030916245 	 5.212657391793143 	 5.315020644410421 	 5.110294139175865 
559.988577955454 	 5.216467732724158 	 5.317539789386011 	 5.115395676062306 
561.9938971229294 	 5.219314879395525 	 5.320809151187947 	 5.117820607603103 
564.012987012987 	 5.2221262626262615 	 5.3245593485315315 	 5.1196931767209914 
566.0062287655719 	 5.2268587202717995 	 5.330292165017321 	 5.123425275526278 
568.012503473187 	 5.229752014448458 	 5.33175375296518 	 5.127750275931736 
570.0016438356164 	 5.230767123287672 	 5.332478930167932 	 5.1290553164074115 
571.9833147942157 	 5.2327739154616255 	 5.33290551017898 	 5.132642320744271 
574.0312328767124 	 5.234554794520548 	 5.33501815803441 	 5.134091431006686 
575.9938519112537 	 5.23733025928896 	 5.338813073688496 	 5.135847444889424 
578.0127456186935 	 5.2428903345724915 	 5.34488045755205 	 5.140900211592933 
579.9853684490556 	 5.245954376163874 	 5.347806106244065 	 5.144102646083682 
581.9874248223073 	 5.247557408419901 	 5.349390441533964 	 5.145724375305838 
584.0011061946902 	 5.250064988938054 	 5.35279418004571 	 5.147335797830398 
586.0313085362591 	 5.2523421193470705 	 5.354018471100387 	 5.150665767593754 
587.9801534797565 	 5.25615969833289 	 5.357433128151527 	 5.154886268514254 
589.9978354978355 	 5.256382575757576 	 5.357083628982657 	 5.155681522532495 
592.007267833109 	 5.257957604306866 	 5.3587619362768075 	 5.157153272336925 
593.9870059556036 	 5.2633324309691405 	 5.365309257846706 	 5.161355604091575 
596.0024623803009 	 5.265368673050616 	 5.365272452973994 	 5.165464893127237 
598.0097297297298 	 5.268481081081081 	 5.368166584751836 	 5.168795577410326 
599.9951586874664 	 5.271081226465844 	 5.371659825536696 	 5.170502627394992 
602.023489047242 	 5.272348244919506 	 5.371773736000945 	 5.172922753838067 
603.9721706864564 	 5.275440630797775 	 5.37765238759974 	 5.173228873995809 
606.0179384203481 	 5.27828313253012 	 5.381815373190044 	 5.174750891870197 
608.0047120418848 	 5.280924083769633 	 5.383167074011005 	 5.178681093528261 
609.986265187533 	 5.283285789751716 	 5.385302223171429 	 5.1812693563320025 
612.0055925432756 	 5.286023302263648 	 5.387527156442066 	 5.18451944808523 
613.9917222963952 	 5.288658878504671 	 5.3890597711482755 	 5.188257985861066 
615.9964874358282 	 5.290661307754661 	 5.39226292751479 	 5.189059687994532 
618.0120546477364 	 5.293104071792126 	 5.395802610105867 	 5.190405533478384 
619.9898395721925 	 5.2951991978609625 	 5.397875453776182 	 5.192522941945743 
621.9923788786065 	 5.298151878062057 	 5.398899983066402 	 5.197403773057712 
624.0198924731183 	 5.301147849462366 	 5.401857693887795 	 5.200438005036936 
626.0112066718791 	 5.301318087047174 	 5.401705809504143 	 5.200930364590206 
627.9903721051262 	 5.3037841530054655 	 5.403090670749921 	 5.20447763526101 
629.9968371112283 	 5.308357933579335 	 5.408903273729973 	 5.207812593428696 
632.0063058328955 	 5.3088189700472945 	 5.410076731237994 	 5.207561208856595 
634.0113577697471 	 5.307851058337636 	 5.407653357179178 	 5.208048759496095 
635.9889032258064 	 5.310725806451614 	 5.4106248876826095 	 5.210826725220618 
637.9640443363071 	 5.3171782914301176 	 5.4176503687735105 	 5.216706214086725 
640.0041887740855 	 5.3214583915107525 	 5.421092621763796 	 5.221824161257709 
642.0441254651781 	 5.3224867091972365 	 5.423354685155934 	 5.221618733238539 
643.9917864476386 	 5.326860882956877 	 5.428311233695291 	 5.225410532218464 
645.9876866649201 	 5.330007204610951 	 5.430473703682333 	 5.229540705539568 
648.0052770448549 	 5.3273535620052765 	 5.426928971605619 	 5.227778152404934 
650.006518904824 	 5.32986636245111 	 5.42861617506716 	 5.23111654983506 
651.9976629446896 	 5.33309594910413 	 5.432909079224243 	 5.233282818984017 
653.9981747066493 	 5.335825945241198 	 5.436167932262867 	 5.235483958219529 
656.016443987667 	 5.339010791366905 	 5.437143363340346 	 5.240878219393465 
657.9926152279094 	 5.341127450980392 	 5.440152944531389 	 5.242101957429394 
659.9958784131891 	 5.342663575476558 	 5.442224915177879 	 5.243102235775237 
661.9882229782779 	 5.343184375817849 	 5.442102080050939 	 5.244266671584758 
664.0018503832937 	 5.346375231297909 	 5.445180530793351 	 5.247569931802467 
665.9869018978883 	 5.349290964982624 	 5.448678020633615 	 5.249903909331634 
668.0125702059374 	 5.353202059374164 	 5.453085760259934 	 5.253318358488394 
670.0247295208655 	 5.356566202988149 	 5.45679127168938 	 5.2563411342869175 
671.9629822732013 	 5.357144160583941 	 5.456697960836604 	 5.257590360331277 
674.0444904293844 	 5.359670201758925 	 5.456378562234296 	 5.262961841283553 
675.9735638027453 	 5.361948398576511 	 5.459065463017491 	 5.264831334135532 
678.0179487179487 	 5.361599999999999 	 5.461082946612381 	 5.262117053387618 
679.991617983236 	 5.364137033274068 	 5.464266076658371 	 5.264007989889766 
681.9865005192108 	 5.369563862928349 	 5.4691040731455525 	 5.270023652711145 
684.0122173121913 	 5.371587600727839 	 5.4702504143267765 	 5.272924787128901 
686.0053639846743 	 5.371577905491699 	 5.469799864939213 	 5.273355946044185 
687.9984732824428 	 5.3735801526717575 	 5.4696822900153075 	 5.2774780153282075 
690.0010183299389 	 5.37555117107943 	 5.471401299545358 	 5.279701042613503 
691.9808190772421 	 5.379670813893208 	 5.477575567114876 	 5.28176606067154 
694.0189266269122 	 5.383407441016335 	 5.482499016102968 	 5.284315865929702 
695.999745482311 	 5.383803130567573 	 5.4828565892356105 	 5.284749671899536 
697.9797402597403 	 5.386272727272727 	 5.484428879220956 	 5.288116575324499 
700.0194957109436 	 5.389956459578892 	 5.4880872700031205 	 5.291825649154664 
702.0027968471904 	 5.390668065090261 	 5.4883450311816135 	 5.292991098998908 
703.9933639612048 	 5.392413221031139 	 5.488557455157663 	 5.2962689869046145 
706.0048580925594 	 5.397889925850166 	 5.4940119722517355 	 5.301767879448596 
707.9894574440731 	 5.398200694265877 	 5.495166246051147 	 5.301235142480607 
710.0221092757306 	 5.397381829733162 	 5.493166385274676 	 5.301597274191649 
711.9891932646393 	 5.399497989444583 	 5.494808181278941 	 5.304187797610226 
713.983995869902 	 5.402822663913265 	 5.49954848533791 	 5.30609684248862 
716.0248145305704 	 5.409203760552571 	 5.50728734532663 	 5.311120175778512 
717.9876168814759 	 5.4113728834976005 	 5.507791993095061 	 5.31495377390014 
720.016855345912 	 5.409283647798741 	 5.505526074846628 	 5.313041220750854 
722.0179786200194 	 5.412185374149659 	 5.509018448085524 	 5.315352300213793 
723.9844886088221 	 5.414840038778477 	 5.51241426686572 	 5.317265810691234 
725.9760524325687 	 5.414991807411144 	 5.513825111781918 	 5.31615850304037 
727.9916666666667 	 5.417678385416669 	 5.514559571786222 	 5.3207971990471155 
730.0312897481557 	 5.422108242177563 	 5.518512425945308 	 5.325704058409818 
732.0193517174649 	 5.425937348814706 	 5.523882251616517 	 5.327992446012895 
733.9618132544962 	 5.426069844789356 	 5.523979284709549 	 5.328160404869163 
735.9891248058001 	 5.426270067322629 	 5.523514810563621 	 5.329025324081637 
738.009592947887 	 5.428135208711432 	 5.525341443312434 	 5.330928974110431 
740.0151745068285 	 5.427271117855335 	 5.524101014047549 	 5.33044122166312 
742.0019890601691 	 5.427251367478865 	 5.524008715662513 	 5.330494019295218 
744.0064102564103 	 5.43101701183432 	 5.527829123764139 	 5.334204899904501 
746.0029311187103 	 5.433938690766977 	 5.53186806687179 	 5.3360093146621645 
747.9628694114675 	 5.438634124778986 	 5.536635957037157 	 5.340632292520815 
750.0354251012146 	 5.441133603238868 	 5.537239950712105 	 5.345027255765632 
751.9866270430906 	 5.439852649826648 	 5.53644253644934 	 5.343262763203955 
754.0138613861386 	 5.442486386138614 	 5.538854626165876 	 5.346118146111352 
756.0002440810349 	 5.446402855748109 	 5.541347945201804 	 5.351457766294414 
757.9831265508685 	 5.4483635235731995 	 5.542251484016163 	 5.354475563130236 
759.9969620253164 	 5.449162025316454 	 5.542042258261169 	 5.356281792371739 
762.0237977193852 	 5.45185176003966 	 5.5467815149484165 	 5.356922005130904 
764.0004840271055 	 5.453671345595351 	 5.550032638209577 	 5.357310052981126 
765.9944052541961 	 5.454945876915593 	 5.551100894093785 	 5.358790859737401 
767.9931034482759 	 5.457905172413793 	 5.552760595835761 	 5.363049748991824 
770.0044444444444 	 5.46112098765432 	 5.555424180347469 	 5.366817794961172 
771.9948109710897 	 5.464453298739809 	 5.55959755758371 	 5.369309039895907 
773.9929964982491 	 5.464836168084042 	 5.559055174436784 	 5.3706171617313 
776.0190264393378 	 5.464833827526562 	 5.559195483221526 	 5.370472171831599 
777.9687421855464 	 5.467398724681171 	 5.560859637534749 	 5.373937811827593 
780.0227043390514 	 5.468369071644804 	 5.56159021677367 	 5.375147926515938 
782.0145843461352 	 5.470065629557609 	 5.563875687008545 	 5.376255572106673 
783.9861549672091 	 5.473678042263784 	 5.567796991514055 	 5.379559093013513 
786.0109622411693 	 5.477118757612668 	 5.572710992447391 	 5.3815265227779445 
788.0069394592008 	 5.476687604690118 	 5.572567388683852 	 5.380807820696384 
789.9872442839952 	 5.47711010830325 	 5.572287336585575 	 5.3819328800209245 
791.9960841899168 	 5.480370778267254 	 5.574429314642445 	 5.386312241892063 
793.983770287141 	 5.4816548064918855 	 5.575645288677928 	 5.387664324305843 
796.0030364372469 	 5.485804655870444 	 5.58033630448438 	 5.391273007256508 
798.0040201005025 	 5.487126884422109 	 5.581713157454204 	 5.392540611390014 
799.9974912192674 	 5.487257902659305 	 5.581147204753425 	 5.393368600565185 
802.0141333994545 	 5.489575378130424 	 5.584127225513538 	 5.39502353074731 
804.0060753341434 	 5.492295868772786 	 5.586485871582667 	 5.398105865962904 
805.9872798434442 	 5.496087328767125 	 5.589172846472898 	 5.403001811061352 
808.0034567901234 	 5.493753086419755 	 5.5883159737009445 	 5.399190199138565 
810.0 	 5.494928641732284 	 5.58900965749056 	 5.400847625974008 
811.9860279441118 	 5.498604041916167 	 5.592283459277521 	 5.404924624554813 
814.0142180094787 	 5.500086679970067 	 5.593988248895857 	 5.406185111044278 
816.0085345037795 	 5.501819678127285 	 5.59507065884088 	 5.40856869741369 
817.9941634241245 	 5.5021607490272375 	 5.5950314330224495 	 5.4092900650320255 
820.0161251504212 	 5.503644404332129 	 5.597313668301817 	 5.409975140362441 
822.0065882352941 	 5.508517647058824 	 5.601728380695327 	 5.41530691342232 
823.9826397146254 	 5.512767538644469 	 5.60471841735111 	 5.420816659937827 
826.0064919451792 	 5.513934238999758 	 5.606015931934405 	 5.42185254606511 
827.9951992318771 	 5.513696591454634 	 5.604633347042978 	 5.42275983586629 
829.9924665856622 	 5.51338942891859 	 5.604380855871428 	 5.422398001965751 
832.0113773904624 	 5.515604575163399 	 5.607194539539001 	 5.424014610787798 
834.017634610863 	 5.517690453797321 	 5.6088764319306925 	 5.426504475663949 
835.9792452830188 	 5.518840801886793 	 5.610686271138138 	 5.426995332635449 
837.9801031687546 	 5.521077745025792 	 5.6138850431337355 	 5.428270446917849 
840.0189328743545 	 5.524152323580033 	 5.6174709786060255 	 5.43083366855404 
842.001205109665 	 5.524783682815134 	 5.618588769762954 	 5.430978595867315 
843.9808635917566 	 5.527740431795877 	 5.619093208587294 	 5.436387655004459 
846.0064612326044 	 5.530900844930417 	 5.6203943035432005 	 5.441407386317634 
848.0141187925998 	 5.5308057448880215 	 5.621611008538598 	 5.440000481237445 
849.9826617826618 	 5.53103846153846 	 5.622895609873339 	 5.43918131320358 
852.0163774138352 	 5.5347635052554365 	 5.626878168612768 	 5.442648841898105 
853.9902865468674 	 5.53763963088878 	 5.631443214846784 	 5.443836046930776 
856.0041514041515 	 5.5377820512820515 	 5.630555357028094 	 5.4450087455360086 
858.0174432497013 	 5.539509557945042 	 5.630372209315248 	 5.448646906574836 
859.9912343046672 	 5.539896351575456 	 5.63138543575499 	 5.448407267395921 
862.0085308056872 	 5.5415331753554495 	 5.632367780213304 	 5.450698570497595 
864.0018761726079 	 5.544450046904315 	 5.637031092936529 	 5.451869000872102 
865.9735703988467 	 5.546757568476694 	 5.639745835740764 	 5.453769301212623 
868.0131514856308 	 5.548580126643935 	 5.639164411022193 	 5.457995842265676 
869.9973487587371 	 5.549087129428778 	 5.6394905046229376 	 5.4586837542346185 
871.9970916141541 	 5.550310227823558 	 5.639854491106363 	 5.4607659645407525 
873.9943779027133 	 5.55247311170863 	 5.641968556413309 	 5.462977667003951 
876.0075628202001 	 5.555412905586728 	 5.646489548280876 	 5.46433626289258 
877.991452991453 	 5.55732905982906 	 5.648986475735075 	 5.465671643923045 
880.0214509520366 	 5.557354181730537 	 5.647959237649609 	 5.466749125811466 
882.0070290534208 	 5.557374648547327 	 5.645769633521441 	 5.468979663573213 
883.9929709465792 	 5.559941424554824 	 5.649906546345256 	 5.469976302764393 
886.0002359046945 	 5.562673389950461 	 5.654068306654459 	 5.471278473246462 
887.9858885434106 	 5.565614087538866 	 5.655309357584811 	 5.475918817492921 
890.02252786341 	 5.5663178800094855 	 5.655676491112159 	 5.476959268906812 
891.9882684185828 	 5.56575199436884 	 5.657086317348881 	 5.4744176713887995 
894.0140449438202 	 5.568235018726591 	 5.660117118367214 	 5.4763529190859686 
895.9574007220217 	 5.569954873646209 	 5.6605143199043555 	 5.479395427388062 
898.0238036809816 	 5.571819018404908 	 5.661254789341143 	 5.482383247468674 
900.0181219110378 	 5.573257825370677 	 5.662477870624003 	 5.48403778011735 
901.9944211994422 	 5.576151789865182 	 5.665738929035248 	 5.486564650695115 
903.9931748646741 	 5.580012355848438 	 5.668537649447403 	 5.4914870622494725 
906.0165462596132 	 5.579669657422514 	 5.668226275707781 	 5.491113039137247 
908.0006872852234 	 5.5806775486827025 	 5.669612866825989 	 5.491742230539416 
909.9942436104076 	 5.582760188809578 	 5.671277741438127 	 5.4942426361810295 
911.9820839226779 	 5.583712871287127 	 5.67173977179989 	 5.495685970774364 
914.0218361117634 	 5.585912772951396 	 5.67400320912943 	 5.497822336773361 
915.9979276997467 	 5.586838015196869 	 5.67596407337714 	 5.497711957016597 
917.9890366223466 	 5.587327385117797 	 5.675536601957033 	 5.499118168278562 
920.0098085007006 	 5.590200840728631 	 5.677815634683772 	 5.50258604677349 
921.9932479627474 	 5.591779394644936 	 5.680299427468188 	 5.5032593618216845 
924.005130597015 	 5.591819029850746 	 5.680526926063771 	 5.503111133637721 
925.986359360301 	 5.5935159924741304 	 5.68283420144379 	 5.504197783504471 
928.012246820537 	 5.595150730098918 	 5.685247293453908 	 5.5050541667439274 
929.9943846513804 	 5.5956656527842785 	 5.684236387714308 	 5.507094917854249 
931.9888175113015 	 5.597791458482036 	 5.684987745517951 	 5.510595171446122 
934.0033573141487 	 5.601814148681054 	 5.689388219372005 	 5.514240077990103 
936.0011936022917 	 5.601744449749342 	 5.689273094835184 	 5.5142158046634995 
938.0289418846955 	 5.601162884927065 	 5.690397627890886 	 5.511928141963245 
939.9984223574487 	 5.604204980842911 	 5.69321580567403 	 5.515194156011792 
941.9952370151962 	 5.605581197550465 	 5.6931965486384275 	 5.517965846462502 
943.9757236227824 	 5.605915032679739 	 5.694711566845766 	 5.517118498513713 
946.0190096221544 	 5.60826859892044 	 5.697905088517087 	 5.518632109323793 
948.0066346373827 	 5.611296614047128 	 5.6994460994416904 	 5.523147128652566 
949.9760297882243 	 5.611566790784268 	 5.697579299726049 	 5.525554281842488 
952.0059255747808 	 5.610872837165205 	 5.696889138567501 	 5.524856535762909 
954.0169098911281 	 5.6164796154737076 	 5.70309349643307 	 5.529865734514345 
956.0061127462078 	 5.6193621236133104 	 5.706215343372354 	 5.532508903854267 
957.9881602914389 	 5.618410746812386 	 5.7048948402000725 	 5.5319266534247 
959.9756903469436 	 5.620480882700025 	 5.706900501944693 	 5.5340612634553565 
962.033208606174 	 5.623365294667915 	 5.710408568006628 	 5.536322021329202 
963.9850677693545 	 5.623116815988973 	 5.710658435966923 	 5.535575196011023 
966.018315018315 	 5.622339743589745 	 5.709881253655237 	 5.534798233524253 
967.9844748858447 	 5.626554794520549 	 5.7124850875631585 	 5.54062450147794 
969.9904003746195 	 5.628951650667291 	 5.714749174625006 	 5.5431541267095765 
972.0224173792466 	 5.628568869886758 	 5.715789627022574 	 5.541348112750941 
973.9899543378996 	 5.630446347031964 	 5.718056424421257 	 5.542836269642671 
976.0048198301583 	 5.632363438145514 	 5.7198693561664715 	 5.544857520124557 
978.0121841155235 	 5.632563176895307 	 5.720047358434065 	 5.5450789953565485 
979.9946212460779 	 5.633951142985208 	 5.721252982181794 	 5.546649303788622 
982.0098170459617 	 5.636357652833557 	 5.7222451517388535 	 5.550470153928261 
983.9861111111111 	 5.637141577060932 	 5.722933699074923 	 5.5513494550469416 
985.9845444059977 	 5.637408881199539 	 5.725342140739689 	 5.549475621659389 
988.0222222222222 	 5.639644329896909 	 5.727674938798471 	 5.551613720995346 
989.9939120631342 	 5.641883314543405 	 5.727225108105321 	 5.556541520981488 
991.985500575374 	 5.64322151898734 	 5.728020018439558 	 5.558423019535121 
994.0016320820704 	 5.6470989741198405 	 5.731600944164098 	 5.562597004075583 
996.0121867095884 	 5.647895493216832 	 5.732678662140465 	 5.563112324293199 
998.0058717253839 	 5.6476998644986445 	 5.734164409033426 	 5.561235319963863 
