centre 	 rate 
-2.5 	 0.0 
2.5 	 0.0 
7.5 	 0.0018110236851498485 
12.5 	 0.048149608075618744 
17.5 	 0.06614173203706741 
22.5 	 0.05850393697619438 
27.5 	 0.05259842425584793 
32.5 	 0.050669290125370026 
37.5 	 0.043425194919109344 
42.5 	 0.04228346422314644 
47.5 	 0.03606299310922623 
52.5 	 0.03287401422858238 
57.5 	 0.03295275568962097 
62.5 	 0.03098425269126892 
67.5 	 0.02862204611301422 
72.5 	 0.028188977390527725 
77.5 	 0.026062991470098495 
82.5 	 0.02515747956931591 
87.5 	 0.023307086899876595 
92.5 	 0.024960629642009735 
97.5 	 0.02334645763039589 
102.5 	 0.023937007412314415 
107.5 	 0.022598424926400185 
112.5 	 0.02334645576775074 
117.5 	 0.02279527485370636 
122.5 	 0.021811023354530334 
127.5 	 0.022362206131219864 
132.5 	 0.023543307557702065 
137.5 	 0.02295275591313839 
142.5 	 0.02287401631474495 
147.5 	 0.02232283353805542 
152.5 	 0.023937007412314415 
157.5 	 0.025433070957660675 
162.5 	 0.025118110701441765 
167.5 	 0.027165353298187256 
172.5 	 0.026141732931137085 
177.5 	 0.028503937646746635 
182.5 	 0.02893700823187828 
187.5 	 0.029448818415403366 
192.5 	 0.02996062859892845 
197.5 	 0.03377952799201012 
202.5 	 0.03287401422858238 
207.5 	 0.03330708667635918 
212.5 	 0.03826771676540375 
217.5 	 0.03606299310922623 
222.5 	 0.03618110343813896 
227.5 	 0.0390157476067543 
232.5 	 0.04055118188261986 
237.5 	 0.04232283681631088 
242.5 	 0.04141732305288315 
247.5 	 0.03889763727784157 
252.5 	 0.03728346526622772 
257.5 	 0.03669291362166405 
262.5 	 0.03484252095222473 
267.5 	 0.03511811047792435 
272.5 	 0.03185039386153221 
277.5 	 0.031259842216968536 
282.5 	 0.028031494468450546 
287.5 	 0.026771653443574905 
292.5 	 0.024251967668533325 
297.5 	 0.02531496062874794 
302.5 	 0.022440945729613304 
307.5 	 0.018976377323269844 
312.5 	 0.01767716556787491 
317.5 	 0.015472440980374813 
322.5 	 0.015551181510090828 
327.5 	 0.013897637836635113 
332.5 	 0.012086614966392517 
337.5 	 0.011259842664003372 
342.5 	 0.010629921220242977 
347.5 	 0.008897637948393822 
352.5 	 0.009842519648373127 
357.5 	 0.008622047491371632 
362.5 	 0.008425196632742882 
367.5 	 0.008110236376523972 
372.5 	 0.007519685197621584 
377.5 	 0.007913385517895222 
382.5 	 0.0073622046038508415 
387.5 	 0.0075984252616763115 
392.5 	 0.0066141728311777115 
397.5 	 0.006732283625751734 
402.5 	 0.0068503934890031815 
407.5 	 0.0071259839460253716 
412.5 	 0.006220472510904074 
417.5 	 0.0067322831600904465 
422.5 	 0.005826771724969149 
427.5 	 0.0068503934890031815 
432.5 	 0.006653543561697006 
437.5 	 0.006141732446849346 
442.5 	 0.006456692703068256 
447.5 	 0.007007874082773924 
452.5 	 0.006102362181991339 
457.5 	 0.006771653890609741 
462.5 	 0.006377952639013529 
467.5 	 0.006259842775762081 
472.5 	 0.007401574868708849 
477.5 	 0.005275590345263481 
482.5 	 0.005629921332001686 
487.5 	 0.005944881588220596 
492.5 	 0.005629921332001686 
497.5 	 0.005511811003088951 
502.5 	 0.005196850281208754 
507.5 	 0.006062991917133331 
512.5 	 0.005472441203892231 
517.5 	 0.004606299102306366 
522.5 	 0.005590551067143679 
527.5 	 0.004448818974196911 
532.5 	 0.0046850391663610935 
537.5 	 0.003897637827321887 
542.5 	 0.0038582677952945232 
547.5 	 0.003228346351534128 
552.5 	 0.003503937041386962 
557.5 	 0.002834645565599203 
562.5 	 0.002440944779664278 
567.5 	 0.0019291338976472616 
572.5 	 0.0018503937171772122 
577.5 	 0.0014173227827996016 
582.5 	 0.0015354331117123365 
587.5 	 0.0009055117843672633 
592.5 	 0.0011417323257774115 
597.5 	 0.0010236219968646765 
602.5 	 0.0007086613913998008 
607.5 	 0.0005511810886673629 
612.5 	 0.00043307087616994977 
617.5 	 0.0003543306956999004 
622.5 	 0.00011811024160124362 
627.5 	 0.00023622048320248723 
632.5 	 0.00015748031728435308 
637.5 	 0.00023622048320248723 
642.5 	 0.00011811024160124362 
647.5 	 7.874015864217654e-05 
652.5 	 3.937007932108827e-05 
657.5 	 0.0 
662.5 	 3.937007932108827e-05 
667.5 	 0.00015748031728435308 
672.5 	 0.0 
677.5 	 0.0 
682.5 	 0.0 
687.5 	 0.0 
692.5 	 0.0 
697.5 	 0.0 
702.5 	 0.0 
707.5 	 0.0 
712.5 	 0.0 
717.5 	 0.0 
722.5 	 0.0 
727.5 	 0.0 
732.5 	 0.0 
737.5 	 0.0 
742.5 	 0.0 
747.5 	 0.0 
752.5 	 0.0 
757.5 	 0.0 
762.5 	 0.0 
767.5 	 0.0 
772.5 	 0.0 
777.5 	 0.0 
782.5 	 0.0 
787.5 	 0.0 
792.5 	 0.0 
797.5 	 0.0 
802.5 	 0.0 
807.5 	 0.0 
812.5 	 0.0 
817.5 	 0.0 
822.5 	 0.0 
827.5 	 0.0 
832.5 	 0.0 
837.5 	 0.0 
842.5 	 0.0 
847.5 	 0.0 
852.5 	 0.0 
857.5 	 0.0 
862.5 	 0.0 
867.5 	 0.0 
872.5 	 0.0 
877.5 	 0.0 
882.5 	 0.0 
887.5 	 0.0 
892.5 	 0.0 
897.5 	 0.0 
902.5 	 0.0 
907.5 	 0.0 
912.5 	 0.0 
917.5 	 0.0 
922.5 	 0.0 
927.5 	 0.0 
932.5 	 0.0 
937.5 	 0.0 
942.5 	 0.0 
947.5 	 0.0 
952.5 	 0.0 
957.5 	 0.0 
962.5 	 0.0 
967.5 	 0.0 
972.5 	 0.0 
977.5 	 0.0 
982.5 	 0.0 
987.5 	 0.0 
992.5 	 0.0 
997.5 	 0.0 
1002.5 	 0.0 
1007.5 	 0.0 
1012.5 	 0.0 
1017.5 	 0.0 
1022.5 	 0.0 
1027.5 	 0.0 
1032.5 	 0.0 
1037.5 	 0.0 
1042.5 	 0.0 
1047.5 	 0.0 
1052.5 	 0.0 
1057.5 	 0.0 
1062.5 	 0.0 
1067.5 	 0.0 
1072.5 	 0.0 
1077.5 	 0.0 
1082.5 	 0.0 
1087.5 	 0.0 
1092.5 	 0.0 
1097.5 	 0.0 
