low_edge centre high_edge rate neg_error pos_error bin_error
0.0 2.5 5.0 0.0 0.0 0.0 0.5
5.0 7.5 10.0 8.759581565856934 0.0 0.0 0.5
10.0 12.5 15.0 219.146484375 0.0 0.0 0.5
15.0 17.5 20.0 274.8818054199219 0.0 0.0 0.5
20.0 22.5 25.0 199.37559509277344 0.0 0.0 0.5
25.0 27.5 30.0 112.77655029296875 1.4142135623730951e-05 1.4142135623730951e-05 0.5
30.0 32.5 35.0 54.95840835571289 8.366600265340756e-05 8.366600265340756e-05 0.5
35.0 37.5 40.0 29.703500747680664 0.0002685144316419511 0.0002685144316419511 0.5
40.0 42.5 45.0 20.25980567932129 0.0006969218033610371 0.0006969218033610371 0.5
45.0 47.5 50.0 16.37633514404297 0.0014254472982190539 0.0014254472982190539 0.5
50.0 52.5 55.0 15.061258316040039 0.0023672769166280484 0.0023672769166280484 0.5
55.0 57.5 60.0 14.096436500549316 0.0032789022553287557 0.0032789022553287557 0.5
60.0 62.5 65.0 13.04723834991455 0.00397192648471746 0.00397192648471746 0.5
65.0 67.5 70.0 12.773200035095215 0.004441823949685534 0.004441823949685534 0.5
70.0 72.5 75.0 11.763142585754395 0.004738037568445401 0.004738037568445401 0.5
75.0 77.5 80.0 11.57336139678955 0.004903447766622992 0.004903447766622992 0.5
80.0 82.5 85.0 10.909164428710938 0.0049850677026495845 0.0049850677026495845 0.5
85.0 87.5 90.0 10.084174156188965 0.005006296035993078 0.005006296035993078 0.5
90.0 92.5 95.0 10.093608856201172 0.004950818114211024 0.004950818114211024 0.5
95.0 97.5 100.0 9.33658218383789 0.004876392108926435 0.004876392108926435 0.5
100.0 102.5 105.0 9.112268447875977 0.004733434271224224 0.004733434271224224 0.5
105.0 107.5 110.0 8.760310173034668 0.004550120877515234 0.004550120877515234 0.5
110.0 112.5 115.0 8.014691352844238 0.004344145485593226 0.004344145485593226 0.5
115.0 117.5 120.0 7.920262336730957 0.004120206305514325 0.004120206305514325 0.5
120.0 122.5 125.0 7.430613040924072 0.0038811080891930855 0.0038811080891930855 0.5
125.0 127.5 130.0 7.2004170417785645 0.0036057176816828023 0.0036057176816828023 0.5
130.0 132.5 135.0 6.716167449951172 0.0033408980828513765 0.0033408980828513765 0.5
135.0 137.5 140.0 6.485045433044434 0.0030820123296314054 0.0030820123296314054 0.5
140.0 142.5 145.0 6.4741644859313965 0.0028176763476311473 0.0028176763476311473 0.5
145.0 147.5 150.0 6.11478853225708 0.002558964634378522 0.002558964634378522 0.5
150.0 152.5 155.0 5.750814437866211 0.0023020860105565128 0.0023020860105565128 0.5
155.0 157.5 160.0 5.780081272125244 0.0020629832767136047 0.0020629832767136047 0.5
160.0 162.5 165.0 5.665251731872559 0.0018352928921564536 0.0018352928921564536 0.5
165.0 167.5 170.0 5.562399864196777 0.0016459040069214245 0.0016459040069214245 0.5
170.0 172.5 175.0 5.4284162521362305 0.001452101924797292 0.001452101924797292 0.5
175.0 177.5 180.0 5.305140495300293 0.0012830432572598636 0.0012830432572598636 0.5
180.0 182.5 185.0 5.439270973205566 0.0011141364368873322 0.0011141364368873322 0.5
185.0 187.5 190.0 4.910717487335205 0.0009869650449737316 0.0009869650449737316 0.5
190.0 192.5 195.0 5.043079853057861 0.0008601162712098871 0.0008601162712098871 0.5
195.0 197.5 200.0 5.068532943725586 0.0007406753674856482 0.0007406753674856482 0.5
200.0 202.5 205.0 4.767186641693115 0.000644980619863884 0.000644980619863884 0.5
205.0 207.5 210.0 4.558254718780518 0.0005539855593785817 0.0005539855593785817 0.5
210.0 212.5 215.0 4.663969039916992 0.00048145612468842897 0.00048145612468842897 0.5
215.0 217.5 220.0 4.44872522354126 0.00042766809560686197 0.00042766809560686197 0.5
220.0 222.5 225.0 4.197160243988037 0.0003663331816802841 0.0003663331816802841 0.5
225.0 227.5 230.0 4.18263053894043 0.00034 0.00034 0.5
230.0 232.5 235.0 4.300647258758545 0.00031496031496047245 0.00031496031496047245 0.5
235.0 237.5 240.0 4.036873817443848 0.00028896366553599783 0.00028896366553599783 0.5
240.0 242.5 245.0 4.0540924072265625 0.00026832815729997477 0.00026832815729997477 0.5
245.0 247.5 250.0 3.981611967086792 0.0002640075756488817 0.0002640075756488817 0.5
250.0 252.5 255.0 3.7103378772735596 0.00025337718918639853 0.00025337718918639853 0.5
255.0 257.5 260.0 3.6110377311706543 0.0002459674775249769 0.0002459674775249769 0.5
260.0 262.5 265.0 3.581461191177368 0.00024758836806279896 0.00024758836806279896 0.5
265.0 267.5 270.0 3.537418842315674 0.00025748786379167467 0.00025748786379167467 0.5
270.0 272.5 275.0 3.2342145442962646 0.0002666458325194677 0.0002666458325194677 0.5
275.0 277.5 280.0 3.2309296131134033 0.0002487971060924946 0.0002487971060924946 0.5
280.0 282.5 285.0 2.9990270137786865 0.00026476404589747453 0.00026476404589747453 0.5
285.0 287.5 290.0 2.9484171867370605 0.0002570992026436489 0.0002570992026436489 0.5
290.0 292.5 295.0 2.916454553604126 0.0002687005768508881 0.0002687005768508881 0.5
295.0 297.5 300.0 2.7568466663360596 0.0002794637722496424 0.0002794637722496424 0.5
300.0 302.5 305.0 2.5683839321136475 0.00028213471959331773 0.00028213471959331773 0.5
305.0 307.5 310.0 2.5457229614257812 0.00028213471959331773 0.00028213471959331773 0.5
310.0 312.5 315.0 2.5446090698242188 0.0002920616373302047 0.0002920616373302047 0.5
315.0 317.5 320.0 2.347188711166382 0.000291032644217105 0.000291032644217105 0.5
320.0 322.5 325.0 2.259920597076416 0.0002880972058177587 0.0002880972058177587 0.5
325.0 327.5 330.0 2.173790454864502 0.00030000000000000003 0.00030000000000000003 0.5
330.0 332.5 335.0 2.1092116832733154 0.0002964793416074719 0.0002964793416074719 0.5
335.0 337.5 340.0 2.0796451568603516 0.0003093541659651604 0.0003093541659651604 0.5
340.0 342.5 345.0 1.895074725151062 0.00030166206257996715 0.00030166206257996715 0.5
345.0 347.5 350.0 1.961963415145874 0.0003059411708155671 0.0003059411708155671 0.5
350.0 352.5 355.0 1.8096696138381958 0.00031176914536239794 0.00031176914536239794 0.5
355.0 357.5 360.0 1.750809669494629 0.00031160872901765766 0.00031160872901765766 0.5
360.0 362.5 365.0 1.7577064037322998 0.0003184336665618132 0.0003184336665618132 0.5
365.0 367.5 370.0 1.7015539407730103 0.0003184336665618132 0.0003184336665618132 0.5
370.0 372.5 375.0 1.6430214643478394 0.0003226453160980336 0.0003226453160980336 0.5
375.0 377.5 380.0 1.6023199558258057 0.00031984371183438955 0.00031984371183438955 0.5
380.0 382.5 385.0 1.474907398223877 0.000327566787083184 0.000327566787083184 0.5
385.0 387.5 390.0 1.6257641315460205 0.00033271609519228254 0.00033271609519228254 0.5
390.0 392.5 395.0 1.6159669160842896 0.00031717503054307414 0.00031717503054307414 0.5
395.0 397.5 400.0 1.4124153852462769 0.0003154362059117501 0.0003154362059117501 0.5
400.0 402.5 405.0 1.5076837539672852 0.0003398529093593286 0.0003398529093593286 0.5
405.0 407.5 410.0 1.5216504335403442 0.00033316662497915364 0.00033316662497915364 0.5
410.0 412.5 415.0 1.5369242429733276 0.00033196385345395666 0.00033196385345395666 0.5
415.0 417.5 420.0 1.450729489326477 0.00032802438933713453 0.00032802438933713453 0.5
420.0 422.5 425.0 1.3589777946472168 0.0003229551052391029 0.0003229551052391029 0.5
425.0 427.5 430.0 1.3780982494354248 0.000330907842155486 0.000330907842155486 0.5
430.0 432.5 435.0 1.460465669631958 0.0003277193921634788 0.0003277193921634788 0.5
435.0 437.5 440.0 1.2410424947738647 0.0003336165463522456 0.0003336165463522456 0.5
440.0 442.5 445.0 1.344783067703247 0.0003229551052391029 0.0003229551052391029 0.5
445.0 447.5 450.0 1.3438222408294678 0.00032526911934581187 0.00032526911934581187 0.5
450.0 452.5 455.0 1.2764354944229126 0.0003283291031876401 0.0003283291031876401 0.5
455.0 457.5 460.0 1.1809520721435547 0.0003154362059117501 0.0003154362059117501 0.5
460.0 462.5 465.0 1.160935640335083 0.00031717503054307414 0.00031717503054307414 0.5
465.0 467.5 470.0 1.1493771076202393 0.000313368792319848 0.000313368792319848 0.5
470.0 472.5 475.0 1.3037214279174805 0.00032341923257592464 0.00032341923257592464 0.5
475.0 477.5 480.0 1.1749930381774902 0.00030463092423455636 0.00030463092423455636 0.5
480.0 482.5 485.0 1.1992323398590088 0.0003204684071792413 0.0003204684071792413 0.5
485.0 487.5 490.0 1.1763558387756348 0.00030789608636681306 0.00030789608636681306 0.5
490.0 492.5 495.0 1.0923821926116943 0.00031384709652950435 0.00031384709652950435 0.5
495.0 497.5 500.0 1.0 0.0002968164415931166 0.0002968164415931166 0.5
500.0 502.5 505.0 1.027381420135498 0.0002946183972531247 0.0002946183972531247 0.5
505.0 507.5 510.0 1.0339561700820923 0.00028565713714171403 0.00028565713714171403 0.5
510.0 512.5 515.0 0.8854087591171265 0.000299833287011299 0.000299833287011299 0.5
515.0 517.5 520.0 0.8551919460296631 0.0003004995840263344 0.0003004995840263344 0.5
520.0 522.5 525.0 0.9332467317581177 0.0002826658805020514 0.0002826658805020514 0.5
525.0 527.5 530.0 0.9243670105934143 0.0002824889378365107 0.0002824889378365107 0.5
530.0 532.5 535.0 0.8439596891403198 0.00027928480087537885 0.00027928480087537885 0.5
535.0 537.5 540.0 0.7669326663017273 0.00028565713714171403 0.00028565713714171403 0.5
540.0 542.5 545.0 0.8194900751113892 0.0002742261840160418 0.0002742261840160418 0.5
545.0 547.5 550.0 0.6953750252723694 0.00027730849247724094 0.00027730849247724094 0.5
550.0 552.5 555.0 0.7274420857429504 0.00027055498516937365 0.00027055498516937365 0.5
555.0 557.5 560.0 0.6015849709510803 0.00026814175355583845 0.00026814175355583845 0.5
560.0 562.5 565.0 0.4904617965221405 0.00026495282598983544 0.00026495282598983544 0.5
565.0 567.5 570.0 0.5367490649223328 0.0002515949125081825 0.0002515949125081825 0.5
570.0 572.5 575.0 0.4461089074611664 0.00026267851073127397 0.00026267851073127397 0.5
575.0 577.5 580.0 0.41648855805397034 0.0002509980079602227 0.0002509980079602227 0.5
580.0 582.5 585.0 0.4025263488292694 0.0002487971060924946 0.0002487971060924946 0.5
585.0 587.5 590.0 0.29729169607162476 0.0002455605831561735 0.0002455605831561735 0.5
590.0 592.5 595.0 0.241092249751091 0.000239791576165636 0.000239791576165636 0.5
595.0 597.5 600.0 0.3159428834915161 0.0002493992782667985 0.0002493992782667985 0.5
600.0 602.5 605.0 0.2521759271621704 0.00024000000000000003 0.00024000000000000003 0.5
605.0 607.5 610.0 0.25665706396102905 0.0002345207879911715 0.0002345207879911715 0.5
610.0 612.5 615.0 0.2416612207889557 0.00022516660498395408 0.00022516660498395408 0.5
615.0 617.5 620.0 0.18097886443138123 0.00023173260452512937 0.00023173260452512937 0.5
620.0 622.5 625.0 0.14276091754436493 0.00023065125189341594 0.00023065125189341594 0.5
625.0 627.5 630.0 0.17409013211727142 0.00023151673805580454 0.00023151673805580454 0.5
630.0 632.5 635.0 0.1069854348897934 0.00022627416997969522 0.00022627416997969522 0.5
635.0 637.5 640.0 0.09516710788011551 0.0002224859546128699 0.0002224859546128699 0.5
640.0 642.5 645.0 0.07438257336616516 0.0002188606862823929 0.0002188606862823929 0.5
645.0 647.5 650.0 0.10448846966028214 0.00021679483388678802 0.00021679483388678802 0.5
650.0 652.5 655.0 0.05410388112068176 0.00021587033144922904 0.00021587033144922904 0.5
655.0 657.5 660.0 0.0938514992594719 0.00021 0.00021 0.5
660.0 662.5 665.0 0.05905939266085625 0.00021 0.00021 0.5
665.0 667.5 670.0 0.052369143813848495 0.00020420577856662138 0.00020420577856662138 0.5
670.0 672.5 675.0 0.030710607767105103 0.00019672315572906004 0.00019672315572906004 0.5
675.0 677.5 680.0 0.042656123638153076 0.00020542638584174138 0.00020542638584174138 0.5
680.0 682.5 685.0 0.03392999619245529 0.00019798989873223333 0.00019798989873223333 0.5
685.0 687.5 690.0 0.02530652843415737 0.00020736441353327723 0.00020736441353327723 0.5
690.0 692.5 695.0 0.032411836087703705 0.00020024984394500787 0.00020024984394500787 0.5
695.0 697.5 700.0 0.04419071599841118 0.0002029778313018444 0.0002029778313018444 0.5
700.0 702.5 705.0 0.02270234189927578 0.0001944222209522358 0.0001944222209522358 0.5
705.0 707.5 710.0 0.039586931467056274 0.00019157244060668017 0.00019157244060668017 0.5
710.0 712.5 715.0 0.012227452360093594 0.0001870828693386971 0.0001870828693386971 0.5
715.0 717.5 720.0 0.03109520673751831 0.000189208879284245 0.000189208879284245 0.5
720.0 722.5 725.0 0.02208714187145233 0.00019209372712298547 0.00019209372712298547 0.5
725.0 727.5 730.0 0.011026124469935894 0.0001777638883463118 0.0001777638883463118 0.5
730.0 732.5 735.0 0.022253774106502533 0.00018681541692269407 0.00018681541692269407 0.5
735.0 737.5 740.0 0.015113572590053082 0.00018439088914585776 0.00018439088914585776 0.5
740.0 742.5 745.0 0.012544280849397182 0.00018439088914585776 0.00018439088914585776 0.5
745.0 747.5 750.0 0.0339813232421875 0.0001849324200890693 0.0001849324200890693 0.5
750.0 752.5 755.0 0.03092857077717781 0.00018220867158288598 0.00018220867158288598 0.5
755.0 757.5 760.0 0.02787581831216812 0.00017204650534085255 0.00017204650534085255 0.5
760.0 762.5 765.0 0.027007756754755974 0.00017291616465790584 0.00017291616465790584 0.5
765.0 767.5 770.0 0.03044511005282402 0.0001797220075561143 0.0001797220075561143 0.5
770.0 772.5 775.0 0.004587349481880665 0.0001711724276862369 0.0001711724276862369 0.5
775.0 777.5 780.0 0.0322800949215889 0.00017578395831246947 0.00017578395831246947 0.5
780.0 782.5 785.0 0.017999690026044846 0.0001772004514666935 0.0001772004514666935 0.5
785.0 787.5 790.0 0.017666423693299294 0.000163707055437449 0.000163707055437449 0.5
790.0 792.5 795.0 0.02312183380126953 0.00016673332000533068 0.00016673332000533068 0.5
795.0 797.5 800.0 0.010859489440917969 0.0001655294535724685 0.0001655294535724685 0.5
800.0 802.5 805.0 0.01594674028456211 0.00016309506430300092 0.00016309506430300092 0.5
805.0 807.5 810.0 0.01119275763630867 0.00016309506430300092 0.00016309506430300092 0.5
810.0 812.5 815.0 0.02972724288702011 0.00015968719422671313 0.00015968719422671313 0.5
815.0 817.5 820.0 0.017516229301691055 0.0001646207763315433 0.0001646207763315433 0.5
820.0 822.5 825.0 0.02835927903652191 0.0001646207763315433 0.0001646207763315433 0.5
825.0 827.5 830.0 0.012227452360093594 0.00015329709716755893 0.00015329709716755893 0.5
830.0 832.5 835.0 0.0033860208932310343 0.00015427248620541515 0.00015427248620541515 0.5
835.0 837.5 840.0 0.007806736510246992 0.00015231546211727818 0.00015231546211727818 0.5
840.0 842.5 845.0 0.012060819193720818 0.00015297058540778355 0.00015297058540778355 0.5
845.0 847.5 850.0 0.023455101996660233 0.000163707055437449 0.000163707055437449 0.5
850.0 852.5 855.0 0.008674798533320427 0.00015874507866387545 0.00015874507866387545 0.5
855.0 857.5 860.0 0.014078876934945583 0.00014177446878757826 0.00014177446878757826 0.5
860.0 862.5 865.0 0.013262147083878517 0.00014628738838327795 0.00014628738838327795 0.5
865.0 867.5 870.0 0.02448979765176773 0.0001371130920080209 0.0001371130920080209 0.5
870.0 872.5 875.0 0.011727550998330116 0.0001452583904633395 0.0001452583904633395 0.5
875.0 877.5 880.0 0.020517650991678238 0.0001438749456993816 0.0001438749456993816 0.5
880.0 882.5 885.0 0.00797337107360363 0.00013601470508735444 0.00013601470508735444 0.5
885.0 887.5 890.0 0.01292887981981039 0.00013747727084867522 0.00013747727084867522 0.5
890.0 892.5 895.0 0.019534286111593246 0.0001392838827718412 0.0001392838827718412 0.5
895.0 897.5 900.0 0.010526222176849842 0.00014282856857085702 0.00014282856857085702 0.5
900.0 902.5 905.0 0.016148267313838005 0.0001319090595827292 0.0001319090595827292 0.5
905.0 907.5 910.0 0.015280205756425858 0.00012922847983320087 0.00012922847983320087 0.5
910.0 912.5 915.0 0.010526222176849842 0.00012288205727444508 0.00012288205727444508 0.5
915.0 917.5 920.0 0.02617458812892437 0.00012609520212918492 0.00012609520212918492 0.5
920.0 922.5 925.0 0.004587349947541952 0.00012767145334803705 0.00012767145334803705 0.5
925.0 927.5 930.0 0.014613671228289604 0.00012206555615733704 0.00012206555615733704 0.5
930.0 932.5 935.0 0.011727550998330116 0.0001284523257866513 0.0001284523257866513 0.5
935.0 937.5 940.0 0.007473468780517578 0.00012083045973594573 0.00012083045973594573 0.5
940.0 942.5 945.0 0.020402349531650543 0.00011874342087037918 0.00011874342087037918 0.5
945.0 947.5 950.0 0.006272139959037304 0.00012247448713915892 0.00012247448713915892 0.5
950.0 952.5 955.0 0.011894185096025467 0.0001118033988749895 0.0001118033988749895 0.5
955.0 957.5 960.0 0.018867753446102142 0.00012041594578792296 0.00012041594578792296 0.5
960.0 962.5 965.0 0.022253774106502533 0.00010908712114635715 0.00010908712114635715 0.5
965.0 967.5 970.0 0.004254082217812538 0.00011357816691600547 0.00011357816691600547 0.5
970.0 972.5 975.0 0.013578975573182106 0.00010392304845413265 0.00010392304845413265 0.5
975.0 977.5 980.0 0.015981633216142654 0.00010583005244258362 0.00010583005244258362 0.5
980.0 982.5 985.0 0.010526222176849842 0.00010488088481701516 0.00010488088481701516 0.5
985.0 987.5 990.0 0.017182961106300354 9.9498743710662e-05 9.9498743710662e-05 0.5
990.0 992.5 995.0 0.012762246653437614 9.695359714832659e-05 9.695359714832659e-05 0.5
995.0 997.5 1000.0 0.017833057790994644 0.0001053565375285274 0.0001053565375285274 0.5
1000.0 1002.5 1005.0 0.0044207158498466015 0.0001053565375285274 0.0001053565375285274 0.5
1005.0 1007.5 1010.0 0.006105506327003241 0.0001014889156509222 0.0001014889156509222 0.5
1010.0 1012.5 1015.0 0.009324893355369568 9.38083151964686e-05 9.38083151964686e-05 0.5
1015.0 1017.5 1020.0 0.008841432631015778 0.00010440306508910552 0.00010440306508910552 0.5
1020.0 1022.5 1025.0 0.014946939423680305 0.00010198039027185571 0.00010198039027185571 0.5
1025.0 1027.5 1030.0 0.015981633216142654 0.0001014889156509222 0.0001014889156509222 0.5
1030.0 1032.5 1035.0 0.01276224572211504 9.9498743710662e-05 9.9498743710662e-05 0.5
1035.0 1037.5 1040.0 0.012377646751701832 9.848857801796105e-05 9.848857801796105e-05 0.5
1040.0 1042.5 1045.0 0.010526222176849842 9.16515138991168e-05 9.16515138991168e-05 0.5
1045.0 1047.5 1050.0 0.010359589010477066 9.16515138991168e-05 9.16515138991168e-05 0.5
1050.0 1052.5 1055.0 0.014613671228289604 9.746794344808965e-05 9.746794344808965e-05 0.5
1055.0 1057.5 1060.0 0.019034387543797493 9.486832980505139e-05 9.486832980505139e-05 0.5
1060.0 1062.5 1065.0 0.014613671228289604 8.717797887081348e-05 8.717797887081348e-05 0.5
1065.0 1067.5 1070.0 0.0030527531635016203 8.485281374238571e-05 8.485281374238571e-05 0.5
1070.0 1072.5 1075.0 0.007473468780517578 8.366600265340756e-05 8.366600265340756e-05 0.5
1075.0 1077.5 1080.0 0.0030527531635016203 9e-05 9e-05 0.5
1080.0 1082.5 1085.0 0.0 7.681145747868608e-05 7.681145747868608e-05 0.5
1085.0 1087.5 1090.0 0.0030527531635016203 7.141428428542851e-05 7.141428428542851e-05 0.5
1090.0 1092.5 1095.0 0.014613671228289604 8.544003745317532e-05 8.544003745317532e-05 0.5
1095.0 1097.5 1100.0 0.0032193870283663273 7.810249675906654e-05 7.810249675906654e-05 0.5
1100.0 1102.5 1105.0 0.02922734245657921 8.18535277187245e-05 8.18535277187245e-05 0.5
1105.0 1107.5 1110.0 0.02497326023876667 7.483314773547883e-05 7.483314773547883e-05 0.5
1110.0 1112.5 1115.0 0.010359589010477066 8.42614977317636e-05 8.42614977317636e-05 0.5
1115.0 1117.5 1120.0 0.009158259257674217 8e-05 8e-05 0.5
1120.0 1122.5 1125.0 0.018867753446102142 7.28010988928052e-05 7.28010988928052e-05 0.5
1125.0 1127.5 1130.0 0.004254082217812538 8.06225774829855e-05 8.06225774829855e-05 0.5
1130.0 1132.5 1135.0 0.014613671228289604 7.745966692414834e-05 7.745966692414834e-05 0.5
1135.0 1137.5 1140.0 0.009158259257674217 7.000000000000001e-05 7.000000000000001e-05 0.5
1140.0 1142.5 1145.0 0.010359589010477066 6.244997998398399e-05 6.244997998398399e-05 0.5
1145.0 1147.5 1150.0 0.02737591601908207 6.48074069840786e-05 6.48074069840786e-05 0.5
1150.0 1152.5 1155.0 0.010359589010477066 7.211102550927979e-05 7.211102550927979e-05 0.5
1155.0 1157.5 1160.0 0.007306835614144802 7.416198487095664e-05 7.416198487095664e-05 0.5
1160.0 1162.5 1165.0 0.004254082217812538 7.211102550927979e-05 7.211102550927979e-05 0.5
1165.0 1167.5 1170.0 0.017016328871250153 7.348469228349536e-05 7.348469228349536e-05 0.5
1170.0 1172.5 1175.0 0.011560916900634766 6.403124237432849e-05 6.403124237432849e-05 0.5
1175.0 1177.5 1180.0 0.02006908319890499 6.403124237432849e-05 6.403124237432849e-05 0.5
1180.0 1182.5 1185.0 0.0030527531635016203 6.92820323027551e-05 6.92820323027551e-05 0.5
1185.0 1187.5 1190.0 0.0030527531635016203 6.782329983125269e-05 6.782329983125269e-05 0.5
1190.0 1192.5 1195.0 0.013412341475486755 7.615773105863909e-05 7.615773105863909e-05 0.5
1195.0 1197.5 1200.0 0.007306835614144802 5.9160797830996164e-05 5.9160797830996164e-05 0.5
1200.0 1202.5 1205.0 0.008508164435625076 6.244997998398399e-05 6.244997998398399e-05 0.5
1205.0 1207.5 1210.0 0.008508164435625076 6.244997998398399e-05 6.244997998398399e-05 0.5
1210.0 1212.5 1215.0 0.012211012654006481 6.557438524302001e-05 6.557438524302001e-05 0.5
1215.0 1217.5 1220.0 0.015814999118447304 6.244997998398399e-05 6.244997998398399e-05 0.5
1220.0 1222.5 1225.0 0.011560916900634766 6.782329983125269e-05 6.782329983125269e-05 0.5
1225.0 1227.5 1230.0 0.008508164435625076 6.855654600401045e-05 6.855654600401045e-05 0.5
1230.0 1232.5 1235.0 0.020719178020954132 7.000000000000001e-05 7.000000000000001e-05 0.5
1235.0 1237.5 1240.0 0.014613671228289604 5.830951894845301e-05 5.830951894845301e-05 0.5
1240.0 1242.5 1245.0 0.021369272843003273 6.403124237432849e-05 6.403124237432849e-05 0.5
1245.0 1247.5 1250.0 0.02497326023876667 6.324555320336759e-05 6.324555320336759e-05 0.5
1250.0 1252.5 1255.0 0.02006908319890499 6.324555320336759e-05 6.324555320336759e-05 0.5
1255.0 1257.5 1260.0 0.02192050591111183 5.4772255750516614e-05 5.4772255750516614e-05 0.5
1260.0 1262.5 1265.0 0.011560916900634766 6.000000000000001e-05 6.000000000000001e-05 0.5
1265.0 1267.5 1270.0 0.013412343338131905 6.164414002968977e-05 6.164414002968977e-05 0.5
1270.0 1272.5 1275.0 0.010359589010477066 6.782329983125269e-05 6.782329983125269e-05 0.5
1275.0 1277.5 1280.0 0.004254082217812538 5.6568542494923805e-05 5.6568542494923805e-05 0.5
1280.0 1282.5 1285.0 0.0 6.324555320336759e-05 6.324555320336759e-05 0.5
1285.0 1287.5 1290.0 0.0322800949215889 6.782329983125269e-05 6.782329983125269e-05 0.5
1290.0 1292.5 1295.0 0.0030527531635016203 6.000000000000001e-05 6.000000000000001e-05 0.5
1295.0 1297.5 1300.0 0.013412341475486755 6.08276253029822e-05 6.08276253029822e-05 0.5
1300.0 1302.5 1305.0 0.004254082217812538 5e-05 5e-05 0.5
1305.0 1307.5 1310.0 0.011560916900634766 6.000000000000001e-05 6.000000000000001e-05 0.5
1310.0 1312.5 1315.0 0.0 6.782329983125269e-05 6.782329983125269e-05 0.5
1315.0 1317.5 1320.0 0.007306835614144802 5.567764362830022e-05 5.567764362830022e-05 0.5
1320.0 1322.5 1325.0 0.02006908319890499 6.164414002968977e-05 6.164414002968977e-05 0.5
1325.0 1327.5 1330.0 0.02192050591111183 4.69041575982343e-05 4.69041575982343e-05 0.5
1330.0 1332.5 1335.0 0.017666423693299294 6.6332495807108e-05 6.6332495807108e-05 0.5
1335.0 1337.5 1340.0 0.0 4.898979485566357e-05 4.898979485566357e-05 0.5
1340.0 1342.5 1345.0 0.014613671228289604 6.324555320336759e-05 6.324555320336759e-05 0.5
1345.0 1347.5 1350.0 0.004254082217812538 5.744562646538029e-05 5.744562646538029e-05 0.5
1350.0 1352.5 1355.0 0.0 5.567764362830022e-05 5.567764362830022e-05 0.5
1355.0 1357.5 1360.0 0.004254082217812538 6.244997998398399e-05 6.244997998398399e-05 0.5
1360.0 1362.5 1365.0 0.0 5.1961524227066324e-05 5.1961524227066324e-05 0.5
1365.0 1367.5 1370.0 0.006105506327003241 5e-05 5e-05 0.5
1370.0 1372.5 1375.0 0.0 6.403124237432849e-05 6.403124237432849e-05 0.5
1375.0 1377.5 1380.0 0.009158259257674217 5.3851648071345046e-05 5.3851648071345046e-05 0.5
1380.0 1382.5 1385.0 0.013412343338131905 4.7958315233127196e-05 4.7958315233127196e-05 0.5
1385.0 1387.5 1390.0 0.007306835614144802 5.567764362830022e-05 5.567764362830022e-05 0.5
1390.0 1392.5 1395.0 0.014613671228289604 6.164414002968977e-05 6.164414002968977e-05 0.5
1395.0 1397.5 1400.0 0.006105506327003241 6.000000000000001e-05 6.000000000000001e-05 0.5
1400.0 1402.5 1405.0 0.007306835614144802 5.1961524227066324e-05 5.1961524227066324e-05 0.5
1405.0 1407.5 1410.0 0.012762246653437614 5.0990195135927854e-05 5.0990195135927854e-05 0.5
1410.0 1412.5 1415.0 0.014613671228289604 5.9160797830996164e-05 5.9160797830996164e-05 0.5
1415.0 1417.5 1420.0 0.008508164435625076 4.898979485566357e-05 4.898979485566357e-05 0.5
1420.0 1422.5 1425.0 0.013412341475486755 5.0990195135927854e-05 5.0990195135927854e-05 0.5
1425.0 1427.5 1430.0 0.011560916900634766 3.7416573867739416e-05 3.7416573867739416e-05 0.5
1430.0 1432.5 1435.0 0.014613671228289604 6.244997998398399e-05 6.244997998398399e-05 0.5
1435.0 1437.5 1440.0 0.017016328871250153 6.000000000000001e-05 6.000000000000001e-05 0.5
1440.0 1442.5 1445.0 0.009158259257674217 5.291502622129181e-05 5.291502622129181e-05 0.5
1445.0 1447.5 1450.0 0.004254082217812538 5.0990195135927854e-05 5.0990195135927854e-05 0.5
1450.0 1452.5 1455.0 0.007306835614144802 4.7958315233127196e-05 4.7958315233127196e-05 0.5
1455.0 1457.5 1460.0 0.014613671228289604 6.000000000000001e-05 6.000000000000001e-05 0.5
1460.0 1462.5 1465.0 0.004254082217812538 4.7958315233127196e-05 4.7958315233127196e-05 0.5
1465.0 1467.5 1470.0 0.0 4.7958315233127196e-05 4.7958315233127196e-05 0.5
1470.0 1472.5 1475.0 0.006105506327003241 5e-05 5e-05 0.5
1475.0 1477.5 1480.0 0.007306835614144802 4.7958315233127196e-05 4.7958315233127196e-05 0.5
1480.0 1482.5 1485.0 0.016465095803141594 5.1961524227066324e-05 5.1961524227066324e-05 0.5
1485.0 1487.5 1490.0 0.0030527531635016203 4.898979485566357e-05 4.898979485566357e-05 0.5
1490.0 1492.5 1495.0 0.0030527531635016203 5.6568542494923805e-05 5.6568542494923805e-05 0.5
1495.0 1497.5 1500.0 0.007306835614144802 5.1961524227066324e-05 5.1961524227066324e-05 0.5
1500.0 1502.5 1505.0 0.013412341475486755 4.898979485566357e-05 4.898979485566357e-05 0.5
1505.0 1507.5 1510.0 0.004254082217812538 5.567764362830022e-05 5.567764362830022e-05 0.5
1510.0 1512.5 1515.0 0.008508164435625076 5.1961524227066324e-05 5.1961524227066324e-05 0.5
1515.0 1517.5 1520.0 0.007306835614144802 5.0990195135927854e-05 5.0990195135927854e-05 0.5
1520.0 1522.5 1525.0 0.014613671228289604 4.58257569495584e-05 4.58257569495584e-05 0.5
1525.0 1527.5 1530.0 0.011560916900634766 4.69041575982343e-05 4.69041575982343e-05 0.5
1530.0 1532.5 1535.0 0.010359589010477066 4.69041575982343e-05 4.69041575982343e-05 0.5
1535.0 1537.5 1540.0 0.010359589010477066 4.58257569495584e-05 4.58257569495584e-05 0.5
1540.0 1542.5 1545.0 0.006105506327003241 4.69041575982343e-05 4.69041575982343e-05 0.5
1545.0 1547.5 1550.0 0.016465095803141594 5e-05 5e-05 0.5
1550.0 1552.5 1555.0 0.014613671228289604 4.7958315233127196e-05 4.7958315233127196e-05 0.5
1555.0 1557.5 1560.0 0.007306835614144802 5e-05 5e-05 0.5
1560.0 1562.5 1565.0 0.012762246653437614 4.2426406871192855e-05 4.2426406871192855e-05 0.5
1565.0 1567.5 1570.0 0.02192050591111183 4.69041575982343e-05 4.69041575982343e-05 0.5
1570.0 1572.5 1575.0 0.007306835614144802 5e-05 5e-05 0.5
1575.0 1577.5 1580.0 0.010359589010477066 4.58257569495584e-05 4.58257569495584e-05 0.5
1580.0 1582.5 1585.0 0.010359589010477066 4.358898943540674e-05 4.358898943540674e-05 0.5
1585.0 1587.5 1590.0 0.007306835614144802 4.898979485566357e-05 4.898979485566357e-05 0.5
1590.0 1592.5 1595.0 0.011560916900634766 5.744562646538029e-05 5.744562646538029e-05 0.5
1595.0 1597.5 1600.0 0.004254082217812538 5.4772255750516614e-05 5.4772255750516614e-05 0.5
1600.0 1602.5 1605.0 0.0030527531635016203 3.464101615137755e-05 3.464101615137755e-05 0.5
1605.0 1607.5 1610.0 0.018867753446102142 4.123105625617661e-05 4.123105625617661e-05 0.5
1610.0 1612.5 1615.0 0.011560916900634766 5e-05 5e-05 0.5
1615.0 1617.5 1620.0 0.007306835614144802 4.358898943540674e-05 4.358898943540674e-05 0.5
1620.0 1622.5 1625.0 0.016465093940496445 4.358898943540674e-05 4.358898943540674e-05 0.5
1625.0 1627.5 1630.0 0.013412341475486755 4.58257569495584e-05 4.58257569495584e-05 0.5
1630.0 1632.5 1635.0 0.014613671228289604 4.358898943540674e-05 4.358898943540674e-05 0.5
1635.0 1637.5 1640.0 0.011560916900634766 4.58257569495584e-05 4.58257569495584e-05 0.5
1640.0 1642.5 1645.0 0.012762246653437614 3.7416573867739416e-05 3.7416573867739416e-05 0.5
1645.0 1647.5 1650.0 0.008508164435625076 4.898979485566357e-05 4.898979485566357e-05 0.5
1650.0 1652.5 1655.0 0.015814999118447304 4.58257569495584e-05 4.58257569495584e-05 0.5
1655.0 1657.5 1660.0 0.015814999118447304 5.1961524227066324e-05 5.1961524227066324e-05 0.5
1660.0 1662.5 1665.0 0.012762246653437614 4.123105625617661e-05 4.123105625617661e-05 0.5
1665.0 1667.5 1670.0 0.013412341475486755 4.123105625617661e-05 4.123105625617661e-05 0.5
1670.0 1672.5 1675.0 0.008508164435625076 4.123105625617661e-05 4.123105625617661e-05 0.5
1675.0 1677.5 1680.0 0.006105506327003241 4e-05 4e-05 0.5
1680.0 1682.5 1685.0 0.0030527531635016203 4.358898943540674e-05 4.358898943540674e-05 0.5
1685.0 1687.5 1690.0 0.007306835614144802 3.872983346207417e-05 3.872983346207417e-05 0.5
1690.0 1692.5 1695.0 0.009158259257674217 4.58257569495584e-05 4.58257569495584e-05 0.5
1695.0 1697.5 1700.0 0.0 4e-05 4e-05 0.5
1700.0 1702.5 1705.0 0.011560916900634766 3.6055512754639895e-05 3.6055512754639895e-05 0.5
1705.0 1707.5 1710.0 0.011560916900634766 4e-05 4e-05 0.5
1710.0 1712.5 1715.0 0.010359589010477066 4.358898943540674e-05 4.358898943540674e-05 0.5
1715.0 1717.5 1720.0 0.006105506327003241 4.358898943540674e-05 4.358898943540674e-05 0.5
1720.0 1722.5 1725.0 0.004254082217812538 3.6055512754639895e-05 3.6055512754639895e-05 0.5
1725.0 1727.5 1730.0 0.014613671228289604 4.123105625617661e-05 4.123105625617661e-05 0.5
1730.0 1732.5 1735.0 0.008508164435625076 4e-05 4e-05 0.5
1735.0 1737.5 1740.0 0.006105506327003241 4.69041575982343e-05 4.69041575982343e-05 0.5
1740.0 1742.5 1745.0 0.015814999118447304 4e-05 4e-05 0.5
1745.0 1747.5 1750.0 0.018867753446102142 3.6055512754639895e-05 3.6055512754639895e-05 0.5
1750.0 1752.5 1755.0 0.015814999118447304 3.7416573867739416e-05 3.7416573867739416e-05 0.5
1755.0 1757.5 1760.0 0.0 4.69041575982343e-05 4.69041575982343e-05 0.5
1760.0 1762.5 1765.0 0.0030527531635016203 4.47213595499958e-05 4.47213595499958e-05 0.5
1765.0 1767.5 1770.0 0.014613671228289604 4.123105625617661e-05 4.123105625617661e-05 0.5
1770.0 1772.5 1775.0 0.007306835614144802 4.58257569495584e-05 4.58257569495584e-05 0.5
1775.0 1777.5 1780.0 0.004254082217812538 4.358898943540674e-05 4.358898943540674e-05 0.5
1780.0 1782.5 1785.0 0.007306835614144802 3.6055512754639895e-05 3.6055512754639895e-05 0.5
1785.0 1787.5 1790.0 0.010359589010477066 3.1622776601683795e-05 3.1622776601683795e-05 0.5
1790.0 1792.5 1795.0 0.013412341475486755 3.464101615137755e-05 3.464101615137755e-05 0.5
1795.0 1797.5 1800.0 0.0 4.58257569495584e-05 4.58257569495584e-05 0.5
1800.0 1802.5 1805.0 0.0030527531635016203 4.358898943540674e-05 4.358898943540674e-05 0.5
1805.0 1807.5 1810.0 0.006105506327003241 2.8284271247461902e-05 2.8284271247461902e-05 0.5
1810.0 1812.5 1815.0 0.0030527531635016203 3.3166247903554e-05 3.3166247903554e-05 0.5
1815.0 1817.5 1820.0 0.012762246653437614 4e-05 4e-05 0.5
1820.0 1822.5 1825.0 0.004254082217812538 3.6055512754639895e-05 3.6055512754639895e-05 0.5
1825.0 1827.5 1830.0 0.004254082217812538 4.7958315233127196e-05 4.7958315233127196e-05 0.5
1830.0 1832.5 1835.0 0.0030527531635016203 2.8284271247461902e-05 2.8284271247461902e-05 0.5
1835.0 1837.5 1840.0 0.007306835614144802 4e-05 4e-05 0.5
1840.0 1842.5 1845.0 0.02432316355407238 3.7416573867739416e-05 3.7416573867739416e-05 0.5
1845.0 1847.5 1850.0 0.007306835614144802 3.6055512754639895e-05 3.6055512754639895e-05 0.5
1850.0 1852.5 1855.0 0.004254082217812538 3.0000000000000004e-05 3.0000000000000004e-05 0.5
1855.0 1857.5 1860.0 0.014613671228289604 3.872983346207417e-05 3.872983346207417e-05 0.5
1860.0 1862.5 1865.0 0.015814999118447304 3.6055512754639895e-05 3.6055512754639895e-05 0.5
1865.0 1867.5 1870.0 0.007306835614144802 3.0000000000000004e-05 3.0000000000000004e-05 0.5
1870.0 1872.5 1875.0 0.01276224572211504 3.1622776601683795e-05 3.1622776601683795e-05 0.5
1875.0 1877.5 1880.0 0.004254082217812538 3.7416573867739416e-05 3.7416573867739416e-05 0.5
1880.0 1882.5 1885.0 0.008508164435625076 3.464101615137755e-05 3.464101615137755e-05 0.5
1885.0 1887.5 1890.0 0.011560916900634766 3.6055512754639895e-05 3.6055512754639895e-05 0.5
1890.0 1892.5 1895.0 0.010359589010477066 3.0000000000000004e-05 3.0000000000000004e-05 0.5
1895.0 1897.5 1900.0 0.007306835614144802 3.6055512754639895e-05 3.6055512754639895e-05 0.5
1900.0 1902.5 1905.0 0.004254082217812538 4.123105625617661e-05 4.123105625617661e-05 0.5
1905.0 1907.5 1910.0 0.008508164435625076 4.123105625617661e-05 4.123105625617661e-05 0.5
1910.0 1912.5 1915.0 0.011560916900634766 3.872983346207417e-05 3.872983346207417e-05 0.5
1915.0 1917.5 1920.0 0.007306835614144802 3.0000000000000004e-05 3.0000000000000004e-05 0.5
1920.0 1922.5 1925.0 0.010359589010477066 3.7416573867739416e-05 3.7416573867739416e-05 0.5
1925.0 1927.5 1930.0 0.02497326023876667 3.7416573867739416e-05 3.7416573867739416e-05 0.5
1930.0 1932.5 1935.0 0.008508164435625076 3.1622776601683795e-05 3.1622776601683795e-05 0.5
1935.0 1937.5 1940.0 0.008508164435625076 4.123105625617661e-05 4.123105625617661e-05 0.5
1940.0 1942.5 1945.0 0.006105506327003241 3.464101615137755e-05 3.464101615137755e-05 0.5
1945.0 1947.5 1950.0 0.014613671228289604 3.464101615137755e-05 3.464101615137755e-05 0.5
1950.0 1952.5 1955.0 0.010359589010477066 4e-05 4e-05 0.5
1955.0 1957.5 1960.0 0.0030527531635016203 4.358898943540674e-05 4.358898943540674e-05 0.5
1960.0 1962.5 1965.0 0.007306835614144802 3.0000000000000004e-05 3.0000000000000004e-05 0.5
1965.0 1967.5 1970.0 0.0 2.8284271247461902e-05 2.8284271247461902e-05 0.5
1970.0 1972.5 1975.0 0.0030527531635016203 2.6457513110645906e-05 2.6457513110645906e-05 0.5
1975.0 1977.5 1980.0 0.014613671228289604 2.4494897427831785e-05 2.4494897427831785e-05 0.5
1980.0 1982.5 1985.0 0.006105506327003241 3.464101615137755e-05 3.464101615137755e-05 0.5
1985.0 1987.5 1990.0 0.014613671228289604 3.1622776601683795e-05 3.1622776601683795e-05 0.5
1990.0 1992.5 1995.0 0.011560916900634766 3.0000000000000004e-05 3.0000000000000004e-05 0.5
1995.0 1997.5 2000.0 0.0 3.3166247903554e-05 3.3166247903554e-05 0.5
2000.0 2002.5 2005.0 0.011560916900634766 4.58257569495584e-05 4.58257569495584e-05 0.5
2005.0 2007.5 2010.0 0.0030527531635016203 2.23606797749979e-05 2.23606797749979e-05 0.5
2010.0 2012.5 2015.0 0.0 4e-05 4e-05 0.5
2015.0 2017.5 2020.0 0.0030527531635016203 2e-05 2e-05 0.5
2020.0 2022.5 2025.0 0.0 3.0000000000000004e-05 3.0000000000000004e-05 0.5
2025.0 2027.5 2030.0 0.0 2e-05 2e-05 0.5
2030.0 2032.5 2035.0 0.0 3.0000000000000004e-05 3.0000000000000004e-05 0.5
2035.0 2037.5 2040.0 0.0030527531635016203 3.1622776601683795e-05 3.1622776601683795e-05 0.5
2040.0 2042.5 2045.0 0.0 3.0000000000000004e-05 3.0000000000000004e-05 0.5
2045.0 2047.5 2050.0 0.006105506327003241 3.464101615137755e-05 3.464101615137755e-05 0.5
2050.0 2052.5 2055.0 0.007306835614144802 2.4494897427831785e-05 2.4494897427831785e-05 0.5
2055.0 2057.5 2060.0 0.008508164435625076 3.464101615137755e-05 3.464101615137755e-05 0.5
2060.0 2062.5 2065.0 0.0 4e-05 4e-05 0.5
2065.0 2067.5 2070.0 0.004254082217812538 3.1622776601683795e-05 3.1622776601683795e-05 0.5
2070.0 2072.5 2075.0 0.006105506327003241 2.8284271247461902e-05 2.8284271247461902e-05 0.5
2075.0 2077.5 2080.0 0.006105506327003241 3.464101615137755e-05 3.464101615137755e-05 0.5
2080.0 2082.5 2085.0 0.0 2.8284271247461902e-05 2.8284271247461902e-05 0.5
2085.0 2087.5 2090.0 0.013412341475486755 3.0000000000000004e-05 3.0000000000000004e-05 0.5
2090.0 2092.5 2095.0 0.0 2.6457513110645906e-05 2.6457513110645906e-05 0.5
2095.0 2097.5 2100.0 0.0 4.123105625617661e-05 4.123105625617661e-05 0.5
2100.0 2102.5 2105.0 0.0 2e-05 2e-05 0.5
2105.0 2107.5 2110.0 0.004254082217812538 1.7320508075688774e-05 1.7320508075688774e-05 0.5
2110.0 2112.5 2115.0 0.0030527531635016203 2.8284271247461902e-05 2.8284271247461902e-05 0.5
2115.0 2117.5 2120.0 0.0 2.6457513110645906e-05 2.6457513110645906e-05 0.5
2120.0 2122.5 2125.0 0.008508164435625076 2e-05 2e-05 0.5
2125.0 2127.5 2130.0 0.0030527531635016203 3.6055512754639895e-05 3.6055512754639895e-05 0.5
2130.0 2132.5 2135.0 0.0030527531635016203 3.0000000000000004e-05 3.0000000000000004e-05 0.5
2135.0 2137.5 2140.0 0.007306835614144802 2.23606797749979e-05 2.23606797749979e-05 0.5
2140.0 2142.5 2145.0 0.0030527531635016203 3.0000000000000004e-05 3.0000000000000004e-05 0.5
2145.0 2147.5 2150.0 0.006105506327003241 3.0000000000000004e-05 3.0000000000000004e-05 0.5
2150.0 2152.5 2155.0 0.0 2.8284271247461902e-05 2.8284271247461902e-05 0.5
2155.0 2157.5 2160.0 0.0 3.0000000000000004e-05 3.0000000000000004e-05 0.5
2160.0 2162.5 2165.0 0.0 2.4494897427831785e-05 2.4494897427831785e-05 0.5
2165.0 2167.5 2170.0 0.0030527531635016203 3.1622776601683795e-05 3.1622776601683795e-05 0.5
2170.0 2172.5 2175.0 0.0 2.6457513110645906e-05 2.6457513110645906e-05 0.5
2175.0 2177.5 2180.0 0.0 3.1622776601683795e-05 3.1622776601683795e-05 0.5
2180.0 2182.5 2185.0 0.0 3.3166247903554e-05 3.3166247903554e-05 0.5
2185.0 2187.5 2190.0 0.0 2.8284271247461902e-05 2.8284271247461902e-05 0.5
2190.0 2192.5 2195.0 0.0 2.6457513110645906e-05 2.6457513110645906e-05 0.5
2195.0 2197.5 2200.0 0.0 2e-05 2e-05 0.5
2200.0 2202.5 2205.0 0.0 2.4494897427831785e-05 2.4494897427831785e-05 0.5
2205.0 2207.5 2210.0 0.0030527531635016203 2.23606797749979e-05 2.23606797749979e-05 0.5
2210.0 2212.5 2215.0 0.0 3.0000000000000004e-05 3.0000000000000004e-05 0.5
2215.0 2217.5 2220.0 0.0 2.6457513110645906e-05 2.6457513110645906e-05 0.5
2220.0 2222.5 2225.0 0.0 2e-05 2e-05 0.5
2225.0 2227.5 2230.0 0.0 2.8284271247461902e-05 2.8284271247461902e-05 0.5
2230.0 2232.5 2235.0 0.0 2.6457513110645906e-05 2.6457513110645906e-05 0.5
2235.0 2237.5 2240.0 0.0 2.6457513110645906e-05 2.6457513110645906e-05 0.5
2240.0 2242.5 2245.0 0.0 2.8284271247461902e-05 2.8284271247461902e-05 0.5
2245.0 2247.5 2250.0 0.0030527531635016203 2.23606797749979e-05 2.23606797749979e-05 0.5
2250.0 2252.5 2255.0 0.0 2.23606797749979e-05 2.23606797749979e-05 0.5
2255.0 2257.5 2260.0 0.0 2.6457513110645906e-05 2.6457513110645906e-05 0.5
2260.0 2262.5 2265.0 0.0 3.3166247903554e-05 3.3166247903554e-05 0.5
2265.0 2267.5 2270.0 0.0 2e-05 2e-05 0.5
2270.0 2272.5 2275.0 0.0030527531635016203 2.23606797749979e-05 2.23606797749979e-05 0.5
2275.0 2277.5 2280.0 0.004254082217812538 2.8284271247461902e-05 2.8284271247461902e-05 0.5
2280.0 2282.5 2285.0 0.0 3.3166247903554e-05 3.3166247903554e-05 0.5
2285.0 2287.5 2290.0 0.006105506327003241 2.6457513110645906e-05 2.6457513110645906e-05 0.5
2290.0 2292.5 2295.0 0.0 3.0000000000000004e-05 3.0000000000000004e-05 0.5
2295.0 2297.5 2300.0 0.0 2.6457513110645906e-05 2.6457513110645906e-05 0.5
2300.0 2302.5 2305.0 0.0 1.7320508075688774e-05 1.7320508075688774e-05 0.5
2305.0 2307.5 2310.0 0.0 2.8284271247461902e-05 2.8284271247461902e-05 0.5
2310.0 2312.5 2315.0 0.0030527531635016203 2.6457513110645906e-05 2.6457513110645906e-05 0.5
2315.0 2317.5 2320.0 0.0030527531635016203 2e-05 2e-05 0.5
2320.0 2322.5 2325.0 0.0 3.3166247903554e-05 3.3166247903554e-05 0.5
2325.0 2327.5 2330.0 0.0 2.4494897427831785e-05 2.4494897427831785e-05 0.5
2330.0 2332.5 2335.0 0.0 2.4494897427831785e-05 2.4494897427831785e-05 0.5
2335.0 2337.5 2340.0 0.0 2.6457513110645906e-05 2.6457513110645906e-05 0.5
2340.0 2342.5 2345.0 0.0 2.4494897427831785e-05 2.4494897427831785e-05 0.5
2345.0 2347.5 2350.0 0.0 2.4494897427831785e-05 2.4494897427831785e-05 0.5
2350.0 2352.5 2355.0 0.0030527531635016203 2.8284271247461902e-05 2.8284271247461902e-05 0.5
2355.0 2357.5 2360.0 0.0 2e-05 2e-05 0.5
2360.0 2362.5 2365.0 0.004254082217812538 2.23606797749979e-05 2.23606797749979e-05 0.5
2365.0 2367.5 2370.0 0.0030527531635016203 2.4494897427831785e-05 2.4494897427831785e-05 0.5
2370.0 2372.5 2375.0 0.0 2.23606797749979e-05 2.23606797749979e-05 0.5
2375.0 2377.5 2380.0 0.0 2.23606797749979e-05 2.23606797749979e-05 0.5
2380.0 2382.5 2385.0 0.0 2.4494897427831785e-05 2.4494897427831785e-05 0.5
2385.0 2387.5 2390.0 0.0 3.0000000000000004e-05 3.0000000000000004e-05 0.5
2390.0 2392.5 2395.0 0.0 2.6457513110645906e-05 2.6457513110645906e-05 0.5
2395.0 2397.5 2400.0 0.0 3.0000000000000004e-05 3.0000000000000004e-05 0.5
2400.0 2402.5 2405.0 0.0 2.4494897427831785e-05 2.4494897427831785e-05 0.5
2405.0 2407.5 2410.0 0.0 2.4494897427831785e-05 2.4494897427831785e-05 0.5
2410.0 2412.5 2415.0 0.0 1.7320508075688774e-05 1.7320508075688774e-05 0.5
2415.0 2417.5 2420.0 0.0 1.4142135623730951e-05 1.4142135623730951e-05 0.5
2420.0 2422.5 2425.0 0.0 2.8284271247461902e-05 2.8284271247461902e-05 0.5
2425.0 2427.5 2430.0 0.0 2.23606797749979e-05 2.23606797749979e-05 0.5
2430.0 2432.5 2435.0 0.0 2.6457513110645906e-05 2.6457513110645906e-05 0.5
2435.0 2437.5 2440.0 0.0 1.4142135623730951e-05 1.4142135623730951e-05 0.5
2440.0 2442.5 2445.0 0.0 2.8284271247461902e-05 2.8284271247461902e-05 0.5
2445.0 2447.5 2450.0 0.0 1.7320508075688774e-05 1.7320508075688774e-05 0.5
2450.0 2452.5 2455.0 0.0 2.23606797749979e-05 2.23606797749979e-05 0.5
2455.0 2457.5 2460.0 0.0 2.8284271247461902e-05 2.8284271247461902e-05 0.5
2460.0 2462.5 2465.0 0.0 2e-05 2e-05 0.5
2465.0 2467.5 2470.0 0.0 2.4494897427831785e-05 2.4494897427831785e-05 0.5
2470.0 2472.5 2475.0 0.0 2.8284271247461902e-05 2.8284271247461902e-05 0.5
2475.0 2477.5 2480.0 0.0 2.6457513110645906e-05 2.6457513110645906e-05 0.5
2480.0 2482.5 2485.0 0.0 1.7320508075688774e-05 1.7320508075688774e-05 0.5
2485.0 2487.5 2490.0 0.0 2e-05 2e-05 0.5
2490.0 2492.5 2495.0 0.0 2.4494897427831785e-05 2.4494897427831785e-05 0.5
2495.0 2497.5 2500.0 0.0 1.7320508075688774e-05 1.7320508075688774e-05 0.5
2500.0 2502.5 2505.0 0.0 2.8284271247461902e-05 2.8284271247461902e-05 0.5
2505.0 2507.5 2510.0 0.0 2.4494897427831785e-05 2.4494897427831785e-05 0.5
2510.0 2512.5 2515.0 0.0 2.6457513110645906e-05 2.6457513110645906e-05 0.5
2515.0 2517.5 2520.0 0.0 2.4494897427831785e-05 2.4494897427831785e-05 0.5
2520.0 2522.5 2525.0 0.0 1.4142135623730951e-05 1.4142135623730951e-05 0.5
2525.0 2527.5 2530.0 0.0 2e-05 2e-05 0.5
2530.0 2532.5 2535.0 0.0030527531635016203 2.8284271247461902e-05 2.8284271247461902e-05 0.5
2535.0 2537.5 2540.0 0.0 1.7320508075688774e-05 1.7320508075688774e-05 0.5
2540.0 2542.5 2545.0 0.0 2e-05 2e-05 0.5
2545.0 2547.5 2550.0 0.0 3.1622776601683795e-05 3.1622776601683795e-05 0.5
2550.0 2552.5 2555.0 0.0 2.4494897427831785e-05 2.4494897427831785e-05 0.5
2555.0 2557.5 2560.0 0.0 2e-05 2e-05 0.5
2560.0 2562.5 2565.0 0.0 1.7320508075688774e-05 1.7320508075688774e-05 0.5
2565.0 2567.5 2570.0 0.0 1.7320508075688774e-05 1.7320508075688774e-05 0.5
2570.0 2572.5 2575.0 0.0 2.23606797749979e-05 2.23606797749979e-05 0.5
2575.0 2577.5 2580.0 0.004254082217812538 2e-05 2e-05 0.5
2580.0 2582.5 2585.0 0.0 2.6457513110645906e-05 2.6457513110645906e-05 0.5
2585.0 2587.5 2590.0 0.0 1.7320508075688774e-05 1.7320508075688774e-05 0.5
2590.0 2592.5 2595.0 0.0 1.4142135623730951e-05 1.4142135623730951e-05 0.5
2595.0 2597.5 2600.0 0.0030527531635016203 2e-05 2e-05 0.5
2600.0 2602.5 2605.0 0.0 1.7320508075688774e-05 1.7320508075688774e-05 0.5
2605.0 2607.5 2610.0 0.0 2.4494897427831785e-05 2.4494897427831785e-05 0.5
2610.0 2612.5 2615.0 0.0 2.23606797749979e-05 2.23606797749979e-05 0.5
2615.0 2617.5 2620.0 0.0 1.7320508075688774e-05 1.7320508075688774e-05 0.5
2620.0 2622.5 2625.0 0.0 2.4494897427831785e-05 2.4494897427831785e-05 0.5
2625.0 2627.5 2630.0 0.0 1.7320508075688774e-05 1.7320508075688774e-05 0.5
2630.0 2632.5 2635.0 0.0 1.7320508075688774e-05 1.7320508075688774e-05 0.5
2635.0 2637.5 2640.0 0.0030527531635016203 1.7320508075688774e-05 1.7320508075688774e-05 0.5
2640.0 2642.5 2645.0 0.0 2.23606797749979e-05 2.23606797749979e-05 0.5
2645.0 2647.5 2650.0 0.0 2.23606797749979e-05 2.23606797749979e-05 0.5
2650.0 2652.5 2655.0 0.0 2e-05 2e-05 0.5
2655.0 2657.5 2660.0 0.0 2.6457513110645906e-05 2.6457513110645906e-05 0.5
2660.0 2662.5 2665.0 0.0 1.7320508075688774e-05 1.7320508075688774e-05 0.5
2665.0 2667.5 2670.0 0.0 1e-05 1e-05 0.5
2670.0 2672.5 2675.0 0.0 1.7320508075688774e-05 1.7320508075688774e-05 0.5
2675.0 2677.5 2680.0 0.0 1.7320508075688774e-05 1.7320508075688774e-05 0.5
2680.0 2682.5 2685.0 0.0 1e-05 1e-05 0.5
2685.0 2687.5 2690.0 0.0 1.4142135623730951e-05 1.4142135623730951e-05 0.5
2690.0 2692.5 2695.0 0.0 1.7320508075688774e-05 1.7320508075688774e-05 0.5
2695.0 2697.5 2700.0 0.0 1.7320508075688774e-05 1.7320508075688774e-05 0.5
2700.0 2702.5 2705.0 0.0 1.4142135623730951e-05 1.4142135623730951e-05 0.5
2705.0 2707.5 2710.0 0.0 2e-05 2e-05 0.5
2710.0 2712.5 2715.0 0.0 1.7320508075688774e-05 1.7320508075688774e-05 0.5
2715.0 2717.5 2720.0 0.0 1.7320508075688774e-05 1.7320508075688774e-05 0.5
2720.0 2722.5 2725.0 0.0 2e-05 2e-05 0.5
2725.0 2727.5 2730.0 0.0 2e-05 2e-05 0.5
2730.0 2732.5 2735.0 0.0 1.4142135623730951e-05 1.4142135623730951e-05 0.5
2735.0 2737.5 2740.0 0.0 1e-05 1e-05 0.5
2740.0 2742.5 2745.0 0.0 1.7320508075688774e-05 1.7320508075688774e-05 0.5
2745.0 2747.5 2750.0 0.0 1.4142135623730951e-05 1.4142135623730951e-05 0.5
2750.0 2752.5 2755.0 0.0 1e-05 1e-05 0.5
2755.0 2757.5 2760.0 0.0 2e-05 2e-05 0.5
2760.0 2762.5 2765.0 0.0 1.7320508075688774e-05 1.7320508075688774e-05 0.5
2765.0 2767.5 2770.0 0.0 1.4142135623730951e-05 1.4142135623730951e-05 0.5
2770.0 2772.5 2775.0 0.0 1.4142135623730951e-05 1.4142135623730951e-05 0.5
2775.0 2777.5 2780.0 0.0 1.4142135623730951e-05 1.4142135623730951e-05 0.5
2780.0 2782.5 2785.0 0.0 1e-05 1e-05 0.5
2785.0 2787.5 2790.0 0.0 1.4142135623730951e-05 1.4142135623730951e-05 0.5
2790.0 2792.5 2795.0 0.0 1.7320508075688774e-05 1.7320508075688774e-05 0.5
2795.0 2797.5 2800.0 0.0 2e-05 2e-05 0.5
2800.0 2802.5 2805.0 0.0 1.4142135623730951e-05 1.4142135623730951e-05 0.5
2805.0 2807.5 2810.0 0.0 1e-05 1e-05 0.5
2810.0 2812.5 2815.0 0.0 2.4494897427831785e-05 2.4494897427831785e-05 0.5
2815.0 2817.5 2820.0 0.0 1.4142135623730951e-05 1.4142135623730951e-05 0.5
2820.0 2822.5 2825.0 0.0 1.7320508075688774e-05 1.7320508075688774e-05 0.5
2825.0 2827.5 2830.0 0.0 2e-05 2e-05 0.5
2830.0 2832.5 2835.0 0.0 2e-05 2e-05 0.5
2835.0 2837.5 2840.0 0.0 1e-05 1e-05 0.5
2840.0 2842.5 2845.0 0.0 2.8284271247461902e-05 2.8284271247461902e-05 0.5
2845.0 2847.5 2850.0 0.0 2e-05 2e-05 0.5
2850.0 2852.5 2855.0 0.0 1e-05 1e-05 0.5
2855.0 2857.5 2860.0 0.0 1e-05 1e-05 0.5
2860.0 2862.5 2865.0 0.0 1.4142135623730951e-05 1.4142135623730951e-05 0.5
2865.0 2867.5 2870.0 0.0 1.4142135623730951e-05 1.4142135623730951e-05 0.5
2870.0 2872.5 2875.0 0.0 1.7320508075688774e-05 1.7320508075688774e-05 0.5
2875.0 2877.5 2880.0 0.0 1.4142135623730951e-05 1.4142135623730951e-05 0.5
2880.0 2882.5 2885.0 0.0 1.7320508075688774e-05 1.7320508075688774e-05 0.5
2885.0 2887.5 2890.0 0.0 1.7320508075688774e-05 1.7320508075688774e-05 0.5
2890.0 2892.5 2895.0 0.0 1e-05 1e-05 0.5
2895.0 2897.5 2900.0 0.0 1e-05 1e-05 0.5
2900.0 2902.5 2905.0 0.0 1.4142135623730951e-05 1.4142135623730951e-05 0.5
2905.0 2907.5 2910.0 0.0 1.7320508075688774e-05 1.7320508075688774e-05 0.5
2910.0 2912.5 2915.0 0.0 1e-05 1e-05 0.5
2915.0 2917.5 2920.0 0.0 0.0 0.0 0.5
2920.0 2922.5 2925.0 0.0 0.0 0.0 0.5
2925.0 2927.5 2930.0 0.0 1.7320508075688774e-05 1.7320508075688774e-05 0.5
2930.0 2932.5 2935.0 0.0 1.7320508075688774e-05 1.7320508075688774e-05 0.5
2935.0 2937.5 2940.0 0.0 2e-05 2e-05 0.5
2940.0 2942.5 2945.0 0.0 1e-05 1e-05 0.5
2945.0 2947.5 2950.0 0.0 1e-05 1e-05 0.5
2950.0 2952.5 2955.0 0.0 2.23606797749979e-05 2.23606797749979e-05 0.5
2955.0 2957.5 2960.0 0.0 0.0 0.0 0.5
2960.0 2962.5 2965.0 0.0 0.0 0.0 0.5
2965.0 2967.5 2970.0 0.0 1e-05 1e-05 0.5
2970.0 2972.5 2975.0 0.0 1e-05 1e-05 0.5
2975.0 2977.5 2980.0 0.0 2e-05 2e-05 0.5
2980.0 2982.5 2985.0 0.0 1e-05 1e-05 0.5
2985.0 2987.5 2990.0 0.0 1.7320508075688774e-05 1.7320508075688774e-05 0.5
2990.0 2992.5 2995.0 0.0 1.4142135623730951e-05 1.4142135623730951e-05 0.5
2995.0 2997.5 3000.0 0.0 0.0 0.0 0.5
3000.0 3002.5 3005.0 0.0 1e-05 1e-05 0.5
3005.0 3007.5 3010.0 0.0 0.0 0.0 0.5
3010.0 3012.5 3015.0 0.0 0.0 0.0 0.5
3015.0 3017.5 3020.0 0.0 1.4142135623730951e-05 1.4142135623730951e-05 0.5
3020.0 3022.5 3025.0 0.0 0.0 0.0 0.5
3025.0 3027.5 3030.0 0.0 2e-05 2e-05 0.5
3030.0 3032.5 3035.0 0.0 0.0 0.0 0.5
3035.0 3037.5 3040.0 0.0 1e-05 1e-05 0.5
3040.0 3042.5 3045.0 0.0 1.4142135623730951e-05 1.4142135623730951e-05 0.5
3045.0 3047.5 3050.0 0.0 1.4142135623730951e-05 1.4142135623730951e-05 0.5
3050.0 3052.5 3055.0 0.0 1.4142135623730951e-05 1.4142135623730951e-05 0.5
3055.0 3057.5 3060.0 0.0 0.0 0.0 0.5
3060.0 3062.5 3065.0 0.0 1e-05 1e-05 0.5
3065.0 3067.5 3070.0 0.0 1.4142135623730951e-05 1.4142135623730951e-05 0.5
3070.0 3072.5 3075.0 0.0 1.7320508075688774e-05 1.7320508075688774e-05 0.5
3075.0 3077.5 3080.0 0.0 1.4142135623730951e-05 1.4142135623730951e-05 0.5
3080.0 3082.5 3085.0 0.0 1.4142135623730951e-05 1.4142135623730951e-05 0.5
3085.0 3087.5 3090.0 0.0 1e-05 1e-05 0.5
3090.0 3092.5 3095.0 0.0 1e-05 1e-05 0.5
3095.0 3097.5 3100.0 0.0 1e-05 1e-05 0.5
3100.0 3102.5 3105.0 0.0 1.7320508075688774e-05 1.7320508075688774e-05 0.5
3105.0 3107.5 3110.0 0.0 0.0 0.0 0.5
3110.0 3112.5 3115.0 0.0 2e-05 2e-05 0.5
3115.0 3117.5 3120.0 0.0 1e-05 1e-05 0.5
3120.0 3122.5 3125.0 0.0 1.4142135623730951e-05 1.4142135623730951e-05 0.5
3125.0 3127.5 3130.0 0.0 1e-05 1e-05 0.5
3130.0 3132.5 3135.0 0.0 1e-05 1e-05 0.5
3135.0 3137.5 3140.0 0.0 1e-05 1e-05 0.5
3140.0 3142.5 3145.0 0.0 0.0 0.0 0.5
3145.0 3147.5 3150.0 0.0 0.0 0.0 0.5
3150.0 3152.5 3155.0 0.0 1e-05 1e-05 0.5
3155.0 3157.5 3160.0 0.0 1e-05 1e-05 0.5
3160.0 3162.5 3165.0 0.0 0.0 0.0 0.5
3165.0 3167.5 3170.0 0.0 1e-05 1e-05 0.5
3170.0 3172.5 3175.0 0.0 1e-05 1e-05 0.5
3175.0 3177.5 3180.0 0.0 1.7320508075688774e-05 1.7320508075688774e-05 0.5
3180.0 3182.5 3185.0 0.0 1e-05 1e-05 0.5
3185.0 3187.5 3190.0 0.0 2e-05 2e-05 0.5
3190.0 3192.5 3195.0 0.0 1e-05 1e-05 0.5
3195.0 3197.5 3200.0 0.0 0.0 0.0 0.5
3200.0 3202.5 3205.0 0.0 0.0 0.0 0.5
3205.0 3207.5 3210.0 0.0 1e-05 1e-05 0.5
3210.0 3212.5 3215.0 0.0 1.4142135623730951e-05 1.4142135623730951e-05 0.5
3215.0 3217.5 3220.0 0.0 1e-05 1e-05 0.5
3220.0 3222.5 3225.0 0.0030527531635016203 1.4142135623730951e-05 1.4142135623730951e-05 0.5
3225.0 3227.5 3230.0 0.0 1.4142135623730951e-05 1.4142135623730951e-05 0.5
3230.0 3232.5 3235.0 0.0030527531635016203 2e-05 2e-05 0.5
3235.0 3237.5 3240.0 0.0 1e-05 1e-05 0.5
3240.0 3242.5 3245.0 0.0 1e-05 1e-05 0.5
3245.0 3247.5 3250.0 0.0 0.0 0.0 0.5
3250.0 3252.5 3255.0 0.0 0.0 0.0 0.5
3255.0 3257.5 3260.0 0.0 1e-05 1e-05 0.5
3260.0 3262.5 3265.0 0.0 1.4142135623730951e-05 1.4142135623730951e-05 0.5
3265.0 3267.5 3270.0 0.0 1e-05 1e-05 0.5
3270.0 3272.5 3275.0 0.0 1.4142135623730951e-05 1.4142135623730951e-05 0.5
3275.0 3277.5 3280.0 0.0 0.0 0.0 0.5
3280.0 3282.5 3285.0 0.0 1e-05 1e-05 0.5
3285.0 3287.5 3290.0 0.0 2e-05 2e-05 0.5
3290.0 3292.5 3295.0 0.0 0.0 0.0 0.5
3295.0 3297.5 3300.0 0.0 1.4142135623730951e-05 1.4142135623730951e-05 0.5
3300.0 3302.5 3305.0 0.0 1e-05 1e-05 0.5
3305.0 3307.5 3310.0 0.0 0.0 0.0 0.5
3310.0 3312.5 3315.0 0.0 1e-05 1e-05 0.5
3315.0 3317.5 3320.0 0.0 0.0 0.0 0.5
3320.0 3322.5 3325.0 0.0 1e-05 1e-05 0.5
3325.0 3327.5 3330.0 0.0 1.7320508075688774e-05 1.7320508075688774e-05 0.5
3330.0 3332.5 3335.0 0.0 0.0 0.0 0.5
3335.0 3337.5 3340.0 0.0 1.7320508075688774e-05 1.7320508075688774e-05 0.5
3340.0 3342.5 3345.0 0.0 0.0 0.0 0.5
3345.0 3347.5 3350.0 0.0 0.0 0.0 0.5
3350.0 3352.5 3355.0 0.0 0.0 0.0 0.5
3355.0 3357.5 3360.0 0.0 1.4142135623730951e-05 1.4142135623730951e-05 0.5
3360.0 3362.5 3365.0 0.0 1.4142135623730951e-05 1.4142135623730951e-05 0.5
3365.0 3367.5 3370.0 0.0 0.0 0.0 0.5
3370.0 3372.5 3375.0 0.0 1e-05 1e-05 0.5
3375.0 3377.5 3380.0 0.0 0.0 0.0 0.5
3380.0 3382.5 3385.0 0.0 1e-05 1e-05 0.5
3385.0 3387.5 3390.0 0.0 1e-05 1e-05 0.5
3390.0 3392.5 3395.0 0.0 1e-05 1e-05 0.5
3395.0 3397.5 3400.0 0.0 1e-05 1e-05 0.5
3400.0 3402.5 3405.0 0.0 1e-05 1e-05 0.5
3405.0 3407.5 3410.0 0.0 0.0 0.0 0.5
3410.0 3412.5 3415.0 0.0 1e-05 1e-05 0.5
3415.0 3417.5 3420.0 0.0 1e-05 1e-05 0.5
3420.0 3422.5 3425.0 0.0 1.7320508075688774e-05 1.7320508075688774e-05 0.5
3425.0 3427.5 3430.0 0.0 0.0 0.0 0.5
3430.0 3432.5 3435.0 0.0 0.0 0.0 0.5
3435.0 3437.5 3440.0 0.0 1e-05 1e-05 0.5
3440.0 3442.5 3445.0 0.0 0.0 0.0 0.5
3445.0 3447.5 3450.0 0.0 1e-05 1e-05 0.5
3450.0 3452.5 3455.0 0.0 1.7320508075688774e-05 1.7320508075688774e-05 0.5
3455.0 3457.5 3460.0 0.0 1.4142135623730951e-05 1.4142135623730951e-05 0.5
3460.0 3462.5 3465.0 0.0 0.0 0.0 0.5
3465.0 3467.5 3470.0 0.0 1e-05 1e-05 0.5
3470.0 3472.5 3475.0 0.0 1.4142135623730951e-05 1.4142135623730951e-05 0.5
3475.0 3477.5 3480.0 0.0 1.4142135623730951e-05 1.4142135623730951e-05 0.5
3480.0 3482.5 3485.0 0.0 0.0 0.0 0.5
3485.0 3487.5 3490.0 0.0 1e-05 1e-05 0.5
3490.0 3492.5 3495.0 0.0 1.4142135623730951e-05 1.4142135623730951e-05 0.5
3495.0 3497.5 3500.0 0.0 1e-05 1e-05 0.5
3500.0 3502.5 3505.0 0.0 1.4142135623730951e-05 1.4142135623730951e-05 0.5
3505.0 3507.5 3510.0 0.0 1.7320508075688774e-05 1.7320508075688774e-05 0.5
3510.0 3512.5 3515.0 0.0 1.4142135623730951e-05 1.4142135623730951e-05 0.5
3515.0 3517.5 3520.0 0.0 0.0 0.0 0.5
3520.0 3522.5 3525.0 0.0 1e-05 1e-05 0.5
3525.0 3527.5 3530.0 0.0 0.0 0.0 0.5
3530.0 3532.5 3535.0 0.0 0.0 0.0 0.5
3535.0 3537.5 3540.0 0.0 0.0 0.0 0.5
3540.0 3542.5 3545.0 0.0 0.0 0.0 0.5
3545.0 3547.5 3550.0 0.0 0.0 0.0 0.5
3550.0 3552.5 3555.0 0.0 1e-05 1e-05 0.5
3555.0 3557.5 3560.0 0.0 0.0 0.0 0.5
3560.0 3562.5 3565.0 0.0 1e-05 1e-05 0.5
3565.0 3567.5 3570.0 0.0 1e-05 1e-05 0.5
3570.0 3572.5 3575.0 0.0 1e-05 1e-05 0.5
3575.0 3577.5 3580.0 0.0 0.0 0.0 0.5
3580.0 3582.5 3585.0 0.0 1.7320508075688774e-05 1.7320508075688774e-05 0.5
3585.0 3587.5 3590.0 0.0 1e-05 1e-05 0.5
3590.0 3592.5 3595.0 0.0 0.0 0.0 0.5
3595.0 3597.5 3600.0 0.0 0.0 0.0 0.5
3600.0 3602.5 3605.0 0.0 0.0 0.0 0.5
3605.0 3607.5 3610.0 0.0 0.0 0.0 0.5
3610.0 3612.5 3615.0 0.0 1e-05 1e-05 0.5
3615.0 3617.5 3620.0 0.0 0.0 0.0 0.5
3620.0 3622.5 3625.0 0.0 0.0 0.0 0.5
3625.0 3627.5 3630.0 0.0 1e-05 1e-05 0.5
3630.0 3632.5 3635.0 0.0 0.0 0.0 0.5
3635.0 3637.5 3640.0 0.0 1e-05 1e-05 0.5
3640.0 3642.5 3645.0 0.0 1e-05 1e-05 0.5
3645.0 3647.5 3650.0 0.0 1e-05 1e-05 0.5
3650.0 3652.5 3655.0 0.0 0.0 0.0 0.5
3655.0 3657.5 3660.0 0.0 0.0 0.0 0.5
3660.0 3662.5 3665.0 0.0 0.0 0.0 0.5
3665.0 3667.5 3670.0 0.0 1.4142135623730951e-05 1.4142135623730951e-05 0.5
3670.0 3672.5 3675.0 0.0 0.0 0.0 0.5
3675.0 3677.5 3680.0 0.0 0.0 0.0 0.5
3680.0 3682.5 3685.0 0.0 1.4142135623730951e-05 1.4142135623730951e-05 0.5
3685.0 3687.5 3690.0 0.0 1e-05 1e-05 0.5
3690.0 3692.5 3695.0 0.0 0.0 0.0 0.5
3695.0 3697.5 3700.0 0.0 0.0 0.0 0.5
3700.0 3702.5 3705.0 0.0 0.0 0.0 0.5
3705.0 3707.5 3710.0 0.0 1e-05 1e-05 0.5
3710.0 3712.5 3715.0 0.0 0.0 0.0 0.5
3715.0 3717.5 3720.0 0.0 0.0 0.0 0.5
3720.0 3722.5 3725.0 0.0 1e-05 1e-05 0.5
3725.0 3727.5 3730.0 0.0 0.0 0.0 0.5
3730.0 3732.5 3735.0 0.0 1.4142135623730951e-05 1.4142135623730951e-05 0.5
3735.0 3737.5 3740.0 0.0 0.0 0.0 0.5
3740.0 3742.5 3745.0 0.0 0.0 0.0 0.5
3745.0 3747.5 3750.0 0.0 1e-05 1e-05 0.5
3750.0 3752.5 3755.0 0.0 0.0 0.0 0.5
3755.0 3757.5 3760.0 0.0 0.0 0.0 0.5
3760.0 3762.5 3765.0 0.0 1.4142135623730951e-05 1.4142135623730951e-05 0.5
3765.0 3767.5 3770.0 0.0 0.0 0.0 0.5
3770.0 3772.5 3775.0 0.0 1e-05 1e-05 0.5
3775.0 3777.5 3780.0 0.0 1e-05 1e-05 0.5
3780.0 3782.5 3785.0 0.0 1e-05 1e-05 0.5
3785.0 3787.5 3790.0 0.0 0.0 0.0 0.5
3790.0 3792.5 3795.0 0.0 1e-05 1e-05 0.5
3795.0 3797.5 3800.0 0.0 0.0 0.0 0.5
3800.0 3802.5 3805.0 0.0 0.0 0.0 0.5
3805.0 3807.5 3810.0 0.0 0.0 0.0 0.5
3810.0 3812.5 3815.0 0.0 1.7320508075688774e-05 1.7320508075688774e-05 0.5
3815.0 3817.5 3820.0 0.0 1.4142135623730951e-05 1.4142135623730951e-05 0.5
3820.0 3822.5 3825.0 0.0 0.0 0.0 0.5
3825.0 3827.5 3830.0 0.0 1.4142135623730951e-05 1.4142135623730951e-05 0.5
3830.0 3832.5 3835.0 0.0 1e-05 1e-05 0.5
3835.0 3837.5 3840.0 0.0 1e-05 1e-05 0.5
3840.0 3842.5 3845.0 0.0 0.0 0.0 0.5
3845.0 3847.5 3850.0 0.0 0.0 0.0 0.5
3850.0 3852.5 3855.0 0.0 0.0 0.0 0.5
3855.0 3857.5 3860.0 0.0 0.0 0.0 0.5
3860.0 3862.5 3865.0 0.0 0.0 0.0 0.5
3865.0 3867.5 3870.0 0.0 1e-05 1e-05 0.5
3870.0 3872.5 3875.0 0.0 1e-05 1e-05 0.5
3875.0 3877.5 3880.0 0.0 0.0 0.0 0.5
3880.0 3882.5 3885.0 0.0 0.0 0.0 0.5
3885.0 3887.5 3890.0 0.0 0.0 0.0 0.5
3890.0 3892.5 3895.0 0.0 0.0 0.0 0.5
3895.0 3897.5 3900.0 0.0 0.0 0.0 0.5
3900.0 3902.5 3905.0 0.0 0.0 0.0 0.5
3905.0 3907.5 3910.0 0.0 1e-05 1e-05 0.5
3910.0 3912.5 3915.0 0.0 1e-05 1e-05 0.5
3915.0 3917.5 3920.0 0.0 0.0 0.0 0.5
3920.0 3922.5 3925.0 0.0 0.0 0.0 0.5
3925.0 3927.5 3930.0 0.0 0.0 0.0 0.5
3930.0 3932.5 3935.0 0.0 0.0 0.0 0.5
3935.0 3937.5 3940.0 0.0 0.0 0.0 0.5
3940.0 3942.5 3945.0 0.0 0.0 0.0 0.5
3945.0 3947.5 3950.0 0.0 0.0 0.0 0.5
3950.0 3952.5 3955.0 0.0 0.0 0.0 0.5
3955.0 3957.5 3960.0 0.0 0.0 0.0 0.5
3960.0 3962.5 3965.0 0.0 0.0 0.0 0.5
3965.0 3967.5 3970.0 0.0 0.0 0.0 0.5
3970.0 3972.5 3975.0 0.0 0.0 0.0 0.5
3975.0 3977.5 3980.0 0.0 0.0 0.0 0.5
3980.0 3982.5 3985.0 0.0 1e-05 1e-05 0.5
3985.0 3987.5 3990.0 0.0 1e-05 1e-05 0.5
3990.0 3992.5 3995.0 0.0 1e-05 1e-05 0.5
3995.0 3997.5 4000.0 0.0 0.0 0.0 0.5
4000.0 4002.5 4005.0 0.0 1.7320508075688774e-05 1.7320508075688774e-05 0.5
