centre 	 rate 
-2.5 	 0.0 
2.5 	 0.0 
7.5 	 6.804637908935547 
12.5 	 66.16427612304688 
17.5 	 51.180328369140625 
22.5 	 22.37140655517578 
27.5 	 10.958626747131348 
32.5 	 3.446190357208252 
37.5 	 1.9609575271606445 
42.5 	 1.3810474872589111 
47.5 	 0.9945515394210815 
52.5 	 0.9185860753059387 
57.5 	 0.8542060852050781 
62.5 	 0.8339386582374573 
67.5 	 0.7572070956230164 
72.5 	 0.7472904920578003 
77.5 	 0.6935259103775024 
82.5 	 0.6495475769042969 
87.5 	 0.6437694430351257 
92.5 	 0.5918261408805847 
97.5 	 0.5797511339187622 
102.5 	 0.5377076268196106 
107.5 	 0.5162271857261658 
112.5 	 0.4844191372394562 
117.5 	 0.46725401282310486 
122.5 	 0.4381580054759979 
127.5 	 0.42611902952194214 
132.5 	 0.4103690981864929 
137.5 	 0.38405537605285645 
142.5 	 0.3831709921360016 
147.5 	 0.3754907548427582 
152.5 	 0.36081281304359436 
157.5 	 0.3618738353252411 
162.5 	 0.3437676727771759 
167.5 	 0.35420238971710205 
172.5 	 0.31673410534858704 
177.5 	 0.33681365847587585 
182.5 	 0.3243505656719208 
187.5 	 0.3105785846710205 
192.5 	 0.30316975712776184 
197.5 	 0.29599490761756897 
202.5 	 0.27905747294425964 
207.5 	 0.2743253707885742 
212.5 	 0.275929719209671 
217.5 	 0.2667085826396942 
222.5 	 0.2631411850452423 
227.5 	 0.2589605748653412 
232.5 	 0.25064796209335327 
237.5 	 0.23060771822929382 
242.5 	 0.22645489871501923 
247.5 	 0.22880908846855164 
252.5 	 0.20568452775478363 
257.5 	 0.2031184583902359 
262.5 	 0.1942327320575714 
267.5 	 0.19127891957759857 
272.5 	 0.18100032210350037 
277.5 	 0.17219075560569763 
282.5 	 0.15919522941112518 
287.5 	 0.16766062378883362 
292.5 	 0.15135729312896729 
297.5 	 0.14326393604278564 
302.5 	 0.13992424309253693 
307.5 	 0.1407080739736557 
312.5 	 0.1285262554883957 
317.5 	 0.1261775642633438 
322.5 	 0.12102072685956955 
327.5 	 0.11329858005046844 
332.5 	 0.11330494284629822 
337.5 	 0.11201979219913483 
342.5 	 0.10793683677911758 
347.5 	 0.10022474825382233 
352.5 	 0.10063471645116806 
357.5 	 0.10647984594106674 
362.5 	 0.09594795107841492 
367.5 	 0.10108038038015366 
372.5 	 0.09922601282596588 
377.5 	 0.09822069853544235 
382.5 	 0.09618599712848663 
387.5 	 0.09023488312959671 
392.5 	 0.09251242130994797 
397.5 	 0.08850857615470886 
402.5 	 0.08619193732738495 
407.5 	 0.08850032091140747 
412.5 	 0.08130261301994324 
417.5 	 0.08442415297031403 
422.5 	 0.07529425621032715 
427.5 	 0.0742245465517044 
432.5 	 0.084224633872509 
437.5 	 0.0771406888961792 
442.5 	 0.07766266912221909 
447.5 	 0.07851187884807587 
452.5 	 0.06676746904850006 
457.5 	 0.06622631102800369 
462.5 	 0.07051926106214523 
467.5 	 0.06587519496679306 
472.5 	 0.05064857006072998 
477.5 	 0.06164466589689255 
482.5 	 0.06115806847810745 
487.5 	 0.055552639067173004 
492.5 	 0.049916572868824005 
497.5 	 0.05346277356147766 
502.5 	 0.04585391655564308 
507.5 	 0.043573979288339615 
512.5 	 0.040286846458911896 
517.5 	 0.02973145619034767 
522.5 	 0.03508152440190315 
527.5 	 0.027814989909529686 
532.5 	 0.027232686057686806 
537.5 	 0.019827166572213173 
542.5 	 0.017017489299178123 
547.5 	 0.019621385261416435 
552.5 	 0.016881097108125687 
557.5 	 0.015435188077390194 
562.5 	 0.016534751281142235 
567.5 	 0.010192805901169777 
572.5 	 0.0099515775218606 
577.5 	 0.009675294160842896 
582.5 	 0.006447312887758017 
587.5 	 0.005383492447435856 
592.5 	 0.005263076163828373 
597.5 	 0.0046207476407289505 
602.5 	 0.006273900158703327 
607.5 	 0.003653003368526697 
612.5 	 0.003838928649201989 
617.5 	 0.001038100803270936 
622.5 	 0.0033747723791748285 
627.5 	 0.0019150942098349333 
632.5 	 0.0020462016109377146 
637.5 	 0.0023966715671122074 
642.5 	 0.002148295287042856 
647.5 	 0.0016918928595259786 
652.5 	 0.0016107853734865785 
657.5 	 0.0018660806817933917 
662.5 	 0.0013254900695756078 
667.5 	 0.0009169934201054275 
672.5 	 0.0013554900651797652 
677.5 	 0.0006316981161944568 
682.5 	 0.002598885912448168 
687.5 	 0.0016007854137569666 
692.5 	 0.0016728793270885944 
697.5 	 0.0018139868043363094 
702.5 	 0.0020823627710342407 
707.5 	 0.0002752953441813588 
712.5 	 0.00193718820810318 
717.5 	 0.0012633962323889136 
722.5 	 0.0008769934065639973 
727.5 	 0.0013975839829072356 
732.5 	 0.0006816980894654989 
737.5 	 0.0011301947524771094 
742.5 	 0.0016007854137569666 
747.5 	 0.0014075840590521693 
752.5 	 0.0016207854496315122 
757.5 	 0.001100194756872952 
762.5 	 0.00020320137264207006 
767.5 	 0.0004684966988861561 
772.5 	 0.0009790874319151044 
777.5 	 0.001162288710474968 
782.5 	 0.0005105906748212874 
787.5 	 0.0011101948330178857 
792.5 	 0.0012964766938239336 
797.5 	 0.0008869934245012701 
802.5 	 0.0013554900651797652 
807.5 	 0.0008648993680253625 
812.5 	 0.0005305906524881721 
817.5 	 0.001427583978511393 
822.5 	 0.0006316981161944568 
827.5 	 0.0009690874139778316 
832.5 	 0.0009169934201054275 
837.5 	 0.0006316981161944568 
842.5 	 0.0018260807264596224 
847.5 	 0.00020320137264207006 
852.5 	 0.0009490874363109469 
857.5 	 0.0008869934245012701 
862.5 	 0.0007237920071929693 
867.5 	 0.0008869934245012701 
872.5 	 0.0007137919892556965 
877.5 	 0.0011322887148708105 
882.5 	 0.0013354901457205415 
887.5 	 0.00043849670328199863 
892.5 	 0.0010701947612687945 
897.5 	 0.0005205906927585602 
902.5 	 0.001152288750745356 
907.5 	 0.0007658860413357615 
912.5 	 0.001580785377882421 
917.5 	 0.00026529532624408603 
922.5 	 0.00018320136587135494 
927.5 	 0.0007428054814226925 
932.5 	 0.0005305906524881721 
937.5 	 0.0008969933842308819 
942.5 	 0.0009590874542482197 
947.5 	 0.0009590873378328979 
952.5 	 0.0005596040864475071 
957.5 	 0.0008048993768170476 
962.5 	 0.0008769934065639973 
967.5 	 0.0013975839829072356 
972.5 	 0.0006937920115888119 
977.5 	 0.0005496040685102344 
982.5 	 0.00044849669211544096 
987.5 	 0.00018320136587135494 
992.5 	 0.0 
997.5 	 0.0003664027317427099 
1002.5 	 0.0006937920115888119 
1007.5 	 0.0008869934245012701 
1012.5 	 0.0021203896030783653 
1017.5 	 0.0008769934065639973 
1022.5 	 0.0005496040685102344 
1027.5 	 0.0008769934065639973 
1032.5 	 0.00043849670328199863 
1037.5 	 0.0009490874363109469 
1042.5 	 0.0007328054634854198 
1047.5 	 0.0010601948015391827 
1052.5 	 0.0012043827446177602 
1057.5 	 0.0008769934065639973 
1062.5 	 0.00018320136587135494 
1067.5 	 0.0007658860413357615 
1072.5 	 0.0010211813496425748 
1077.5 	 0.0009490874363109469 
1082.5 	 0.000621698098257184 
1087.5 	 0.00018320136587135494 
1092.5 	 0.0008048993768170476 
1097.5 	 0.00043849670328199863 
