low_edge centre high_edge rate neg_error pos_error bin_error
0.0 2.5 5.0 0.0 0.0 0.0 0.5
5.0 7.5 10.0 19.218666076660156 0.0 0.0 0.5
10.0 12.5 15.0 272.9343566894531 0.0 0.0 0.5
15.0 17.5 20.0 288.0273742675781 0.0 0.0 0.5
20.0 22.5 25.0 191.78549194335938 0.0 0.0 0.5
25.0 27.5 30.0 98.3471908569336 3.0000000000000004e-05 3.0000000000000004e-05 0.5
30.0 32.5 35.0 46.426334381103516 0.00013784048752090222 0.00013784048752090222 0.5
35.0 37.5 40.0 26.57087516784668 0.00044866468548349114 0.00044866468548349114 0.5
40.0 42.5 45.0 19.827781677246094 0.001072800074571213 0.001072800074571213 0.5
45.0 47.5 50.0 16.807619094848633 0.0020144726357039454 0.0020144726357039454 0.5
50.0 52.5 55.0 15.97139835357666 0.003065012234885858 0.003065012234885858 0.5
55.0 57.5 60.0 14.8369722366333 0.003905393706145387 0.003905393706145387 0.5
60.0 62.5 65.0 14.015779495239258 0.004477208952014637 0.004477208952014637 0.5
65.0 67.5 70.0 13.135727882385254 0.004838935833424535 0.004838935833424535 0.5
70.0 72.5 75.0 12.677188873291016 0.005034262607373596 0.005034262607373596 0.5
75.0 77.5 80.0 12.142487525939941 0.005131997661729787 0.005131997661729787 0.5
80.0 82.5 85.0 11.119343757629395 0.005156190454201629 0.005156190454201629 0.5
85.0 87.5 90.0 10.974481582641602 0.005096498798194698 0.005096498798194698 0.5
90.0 92.5 95.0 10.171459197998047 0.0050043281267319 0.0050043281267319 0.5
95.0 97.5 100.0 10.090139389038086 0.004842602606037378 0.004842602606037378 0.5
100.0 102.5 105.0 9.262982368469238 0.004634544206283936 0.004634544206283936 0.5
105.0 107.5 110.0 8.949687957763672 0.0044122216626094396 0.0044122216626094396 0.5
110.0 112.5 115.0 8.490686416625977 0.0041487588505479565 0.0041487588505479565 0.5
115.0 117.5 120.0 7.930098056793213 0.003876325579721085 0.003876325579721085 0.5
120.0 122.5 125.0 7.7211503982543945 0.003578449384859314 0.003578449384859314 0.5
125.0 127.5 130.0 7.23618221282959 0.0032903951130525346 0.0032903951130525346 0.5
130.0 132.5 135.0 7.323124885559082 0.0030069087116172985 0.0030069087116172985 0.5
135.0 137.5 140.0 6.669439315795898 0.00272389427107588 0.00272389427107588 0.5
140.0 142.5 145.0 6.426571369171143 0.0024414954433707226 0.0024414954433707226 0.5
145.0 147.5 150.0 6.441124439239502 0.0021720497231877546 0.0021720497231877546 0.5
150.0 152.5 155.0 6.214845657348633 0.001920755059865781 0.001920755059865781 0.5
155.0 157.5 160.0 6.05006742477417 0.0017103800747202361 0.0017103800747202361 0.5
160.0 162.5 165.0 5.9549665451049805 0.0014997333096254148 0.0014997333096254148 0.5
165.0 167.5 170.0 5.88488245010376 0.0013131260411704583 0.0013131260411704583 0.5
170.0 172.5 175.0 5.930758953094482 0.0011335784048754636 0.0011335784048754636 0.5
175.0 177.5 180.0 5.2987518310546875 0.000996242942258564 0.000996242942258564 0.5
180.0 182.5 185.0 5.641498565673828 0.0008547514258543241 0.0008547514258543241 0.5
185.0 187.5 190.0 5.428812026977539 0.0007308214556237386 0.0007308214556237386 0.5
190.0 192.5 195.0 5.273413181304932 0.0006309516621738943 0.0006309516621738943 0.5
195.0 197.5 200.0 5.084665775299072 0.0005364699432400664 0.0005364699432400664 0.5
200.0 202.5 205.0 4.940587520599365 0.00047159304490206386 0.00047159304490206386 0.5
205.0 207.5 210.0 4.800269603729248 0.00040385641012617344 0.00040385641012617344 0.5
210.0 212.5 215.0 4.610004901885986 0.00035763109484495336 0.00035763109484495336 0.5
215.0 217.5 220.0 4.501004219055176 0.0003354101966249685 0.0003354101966249685 0.5
220.0 222.5 225.0 4.604633808135986 0.0003018277654557314 0.0003018277654557314 0.5
225.0 227.5 230.0 4.452018737792969 0.0002870540018881465 0.0002870540018881465 0.5
230.0 232.5 235.0 4.424890995025635 0.0002703701166919155 0.0002703701166919155 0.5
235.0 237.5 240.0 4.130708694458008 0.0002611512971440119 0.0002611512971440119 0.5
240.0 242.5 245.0 3.968567132949829 0.00025337718918639853 0.00025337718918639853 0.5
245.0 247.5 250.0 3.9381840229034424 0.0002541653005427767 0.0002541653005427767 0.5
250.0 252.5 255.0 3.926520824432373 0.00026739483914241875 0.00026739483914241875 0.5
255.0 257.5 260.0 3.45151686668396 0.00027147743920996457 0.00027147743920996457 0.5
260.0 262.5 265.0 3.5691535472869873 0.00026134268690743964 0.00026134268690743964 0.5
265.0 267.5 270.0 3.2435758113861084 0.00026962937525425526 0.00026962937525425526 0.5
270.0 272.5 275.0 3.1504693031311035 0.0002666458325194677 0.0002666458325194677 0.5
275.0 277.5 280.0 3.2787270545959473 0.0002846049894151542 0.0002846049894151542 0.5
280.0 282.5 285.0 2.946768283843994 0.00028478061731796286 0.00028478061731796286 0.5
285.0 287.5 290.0 2.7597718238830566 0.0002925747767665559 0.0002925747767665559 0.5
290.0 292.5 295.0 2.743018388748169 0.0002989983277545211 0.0002989983277545211 0.5
295.0 297.5 300.0 2.649442195892334 0.00029495762407505253 0.00029495762407505253 0.5
300.0 302.5 305.0 2.567181348800659 0.00030166206257996715 0.00030166206257996715 0.5
305.0 307.5 310.0 2.4054408073425293 0.0003054504869860253 0.0003054504869860253 0.5
310.0 312.5 315.0 2.35942006111145 0.00030643106892089126 0.00030643106892089126 0.5
315.0 317.5 320.0 2.2758352756500244 0.0003167017524422623 0.0003167017524422623 0.5
320.0 322.5 325.0 2.1350228786468506 0.00031112698372208096 0.00031112698372208096 0.5
325.0 327.5 330.0 2.1051759719848633 0.00031511902513177463 0.00031511902513177463 0.5
330.0 332.5 335.0 2.0111265182495117 0.000322335229225724 0.000322335229225724 0.5
335.0 337.5 340.0 1.925243854522705 0.0003209361307176243 0.0003209361307176243 0.5
340.0 342.5 345.0 1.8974449634552002 0.0003283291031876401 0.0003283291031876401 0.5
345.0 347.5 350.0 1.793434500694275 0.00032726136343907145 0.00032726136343907145 0.5
350.0 352.5 355.0 1.8935421705245972 0.000330907842155486 0.000330907842155486 0.5
355.0 357.5 360.0 1.6802637577056885 0.00033585711247493335 0.00033585711247493335 0.5
360.0 362.5 365.0 1.6817249059677124 0.00033421549934136807 0.00033421549934136807 0.5
365.0 367.5 370.0 1.803832769393921 0.0003374907406137241 0.0003374907406137241 0.5
370.0 372.5 375.0 1.5970653295516968 0.00032802438933713453 0.00032802438933713453 0.5
375.0 377.5 380.0 1.7126624584197998 0.00033882148692194835 0.00033882148692194835 0.5
380.0 382.5 385.0 1.6603156328201294 0.00034785054261852176 0.00034785054261852176 0.5
385.0 387.5 390.0 1.6095528602600098 0.00034380226875342174 0.00034380226875342174 0.5
390.0 392.5 395.0 1.6931220293045044 0.00033481338085566417 0.00033481338085566417 0.5
395.0 397.5 400.0 1.510019063949585 0.00033496268448888453 0.00033496268448888453 0.5
400.0 402.5 405.0 1.4892445802688599 0.00033808283008753936 0.00033808283008753936 0.5
405.0 407.5 410.0 1.6001101732254028 0.00033867388443752203 0.00033867388443752203 0.5
410.0 412.5 415.0 1.3935331106185913 0.0003436568055487917 0.0003436568055487917 0.5
415.0 417.5 420.0 1.4720485210418701 0.0003307567081708246 0.0003307567081708246 0.5
420.0 422.5 425.0 1.4593298435211182 0.00033585711247493335 0.00033585711247493335 0.5
425.0 427.5 430.0 1.3418687582015991 0.0003352610922848042 0.0003352610922848042 0.5
430.0 432.5 435.0 1.3228952884674072 0.00033 0.00033 0.5
435.0 437.5 440.0 1.2827223539352417 0.000322490309931942 0.000322490309931942 0.5
440.0 442.5 445.0 1.285691261291504 0.00032526911934581187 0.00032526911934581187 0.5
445.0 447.5 450.0 1.3878989219665527 0.0003301514803843836 0.0003301514803843836 0.5
450.0 452.5 455.0 1.2966277599334717 0.000322335229225724 0.000322335229225724 0.5
455.0 457.5 460.0 1.2921013832092285 0.000318276609256791 0.000318276609256791 0.5
460.0 462.5 465.0 1.3383592367172241 0.000324037034920393 0.000324037034920393 0.5
465.0 467.5 470.0 1.0123989582061768 0.00030463092423455636 0.00030463092423455636 0.5
470.0 472.5 475.0 1.1611844301223755 0.000307408522978788 0.000307408522978788 0.5
475.0 477.5 480.0 1.1638225317001343 0.00029748949561287036 0.00029748949561287036 0.5
480.0 482.5 485.0 0.9964183568954468 0.00030724582991474434 0.00030724582991474434 0.5
485.0 487.5 490.0 0.912854790687561 0.0003085449724108303 0.0003085449724108303 0.5
490.0 492.5 495.0 1.028063178062439 0.00029137604568666933 0.00029137604568666933 0.5
495.0 497.5 500.0 1.0 0.000290516780926679 0.000290516780926679 0.5
500.0 502.5 505.0 0.9336860775947571 0.00028618176042508373 0.00028618176042508373 0.5
505.0 507.5 510.0 0.8212597370147705 0.00029597297173897485 0.00029597297173897485 0.5
510.0 512.5 515.0 0.8765869140625 0.00027928480087537885 0.00027928480087537885 0.5
515.0 517.5 520.0 0.8038139939308167 0.000285482048472404 0.000285482048472404 0.5
520.0 522.5 525.0 0.7136632800102234 0.0002812472222085047 0.0002812472222085047 0.5
525.0 527.5 530.0 0.6534297466278076 0.0002707397274136177 0.0002707397274136177 0.5
530.0 532.5 535.0 0.5179809927940369 0.0002685144316419511 0.0002685144316419511 0.5
535.0 537.5 540.0 0.5597185492515564 0.0002590366769397724 0.0002590366769397724 0.5
540.0 542.5 545.0 0.4816208779811859 0.00026476404589747453 0.00026476404589747453 0.5
545.0 547.5 550.0 0.4538678526878357 0.0002590366769397724 0.0002590366769397724 0.5
550.0 552.5 555.0 0.32845285534858704 0.0002609597670139978 0.0002609597670139978 0.5
555.0 557.5 560.0 0.3134274184703827 0.00024186773244895651 0.00024186773244895651 0.5
560.0 562.5 565.0 0.30856338143348694 0.00025436194683953813 0.00025436194683953813 0.5
565.0 567.5 570.0 0.28558409214019775 0.0002495996794869737 0.0002495996794869737 0.5
570.0 572.5 575.0 0.2786959409713745 0.00024228082879171437 0.00024228082879171437 0.5
575.0 577.5 580.0 0.2680217921733856 0.00023388031127053 0.00023388031127053 0.5
580.0 582.5 585.0 0.18957118690013885 0.0002345207879911715 0.0002345207879911715 0.5
585.0 587.5 590.0 0.1476399302482605 0.00024000000000000003 0.00024000000000000003 0.5
590.0 592.5 595.0 0.18802137672901154 0.0002345207879911715 0.0002345207879911715 0.5
595.0 597.5 600.0 0.11632493883371353 0.00022956480566497993 0.00022956480566497993 0.5
600.0 602.5 605.0 0.09513594210147858 0.00023259406699226016 0.00023259406699226016 0.5
605.0 607.5 610.0 0.09379295259714127 0.00021863211109075448 0.00021863211109075448 0.5
610.0 612.5 615.0 0.08105695992708206 0.00023130067012440758 0.00023130067012440758 0.5
615.0 617.5 620.0 0.07914258539676666 0.00021908902300206645 0.00021908902300206645 0.5
620.0 622.5 625.0 0.10768100619316101 0.00021260291625469302 0.00021260291625469302 0.5
625.0 627.5 630.0 0.046202171593904495 0.0002104756517984919 0.0002104756517984919 0.5
630.0 632.5 635.0 0.043078724294900894 0.00020542638584174138 0.00020542638584174138 0.5
635.0 637.5 640.0 0.026577001437544823 0.0002104756517984919 0.0002104756517984919 0.5
640.0 642.5 645.0 0.055800169706344604 0.0002083266665599966 0.0002083266665599966 0.5
645.0 647.5 650.0 0.026404276490211487 0.00021118712081942878 0.00021118712081942878 0.5
650.0 652.5 655.0 0.036933645606040955 0.00020591260281974002 0.00020591260281974002 0.5
655.0 657.5 660.0 0.04580601304769516 0.00020952326839756964 0.00020952326839756964 0.5
660.0 662.5 665.0 0.026696519926190376 0.000197484176581315 0.000197484176581315 0.5
665.0 667.5 670.0 0.038042329251766205 0.00019824227601599012 0.00019824227601599012 0.5
670.0 672.5 675.0 0.025730418041348457 0.00019595917942265428 0.00019595917942265428 0.5
675.0 677.5 680.0 0.025331761687994003 0.00019131126469708993 0.00019131126469708993 0.5
680.0 682.5 685.0 0.0167385321110487 0.0001969771560359221 0.0001969771560359221 0.5
685.0 687.5 690.0 0.018830357119441032 0.0001830300521772313 0.0001830300521772313 0.5
690.0 692.5 695.0 0.020421046763658524 0.00019467922333931786 0.00019467922333931786 0.5
695.0 697.5 700.0 0.017239665612578392 0.00018110770276274834 0.00018110770276274834 0.5
700.0 702.5 705.0 0.03838777914643288 0.00019798989873223333 0.00019798989873223333 0.5
705.0 707.5 710.0 0.027649518102407455 0.00018734993995195195 0.00018734993995195195 0.5
710.0 712.5 715.0 0.03330433741211891 0.00018110770276274834 0.00018110770276274834 0.5
715.0 717.5 720.0 0.026922449469566345 0.0001783255450012701 0.0001783255450012701 0.5
720.0 722.5 725.0 0.035967547446489334 0.00018248287590894662 0.00018248287590894662 0.5
725.0 727.5 730.0 0.004755029920488596 0.00017860571099491754 0.00017860571099491754 0.5
730.0 732.5 735.0 0.03346002474427223 0.0001797220075561143 0.0001797220075561143 0.5
735.0 737.5 740.0 0.021821971982717514 0.00018248287590894662 0.00018248287590894662 0.5
740.0 742.5 745.0 0.015147841535508633 0.00017146428199482248 0.00017146428199482248 0.5
745.0 747.5 750.0 0.02396700344979763 0.00016941074346097417 0.00016941074346097417 0.5
750.0 752.5 755.0 0.011947333812713623 0.0001685229954635272 0.0001685229954635272 0.5
755.0 757.5 760.0 0.01900308020412922 0.00016733200530681512 0.00016733200530681512 0.5
760.0 762.5 765.0 0.025003353133797646 0.00016703293088490067 0.00016703293088490067 0.5
765.0 767.5 770.0 0.02747679315507412 0.00017058722109231984 0.00017058722109231984 0.5
770.0 772.5 775.0 0.023412661626935005 0.0001627882059609971 0.0001627882059609971 0.5
775.0 777.5 780.0 0.01900308020412922 0.00017146428199482248 0.00017146428199482248 0.5
780.0 782.5 785.0 0.008092095144093037 0.00015264337522473748 0.00015264337522473748 0.5
785.0 787.5 790.0 0.0079193701967597 0.00015937377450509228 0.00015937377450509228 0.5
790.0 792.5 795.0 0.008264819160103798 0.00016 0.00016 0.5
795.0 797.5 800.0 0.02097538858652115 0.00016093476939431082 0.00016093476939431082 0.5
800.0 802.5 805.0 0.012328951619565487 0.0001661324772583615 0.0001661324772583615 0.5
805.0 807.5 810.0 0.01900308020412922 0.00014798648586948743 0.00014798648586948743 0.5
810.0 812.5 815.0 0.013746916316449642 0.00015231546211727818 0.00015231546211727818 0.5
815.0 817.5 820.0 0.025384968146681786 0.00014106735979665887 0.00014106735979665887 0.5
820.0 822.5 825.0 0.015320566482841969 0.00015066519173319366 0.00015066519173319366 0.5
825.0 827.5 830.0 0.022512871772050858 0.00014422205101855958 0.00014422205101855958 0.5
830.0 832.5 835.0 0.0038552386686205864 0.00014317821063276355 0.00014317821063276355 0.5
835.0 837.5 840.0 0.029967274516820908 0.0001449137674618944 0.0001449137674618944 0.5
840.0 842.5 845.0 0.006846853997558355 0.00014594519519326425 0.00014594519519326425 0.5
845.0 847.5 850.0 0.012156226672232151 0.00013820274961085253 0.00013820274961085253 0.5
850.0 852.5 855.0 0.016011465340852737 0.00013076696830622021 0.00013076696830622021 0.5
855.0 857.5 860.0 0.012328951619565487 0.00013527749258468682 0.00013527749258468682 0.5
860.0 862.5 865.0 0.018312182277441025 0.0001296148139681572 0.0001296148139681572 0.5
865.0 867.5 870.0 0.024139728397130966 0.00012489995996796798 0.00012489995996796798 0.5
870.0 872.5 875.0 0.0033370647579431534 0.00013076696830622021 0.00013076696830622021 0.5
875.0 877.5 880.0 0.024139728397130966 0.0001296148139681572 0.0001296148139681572 0.5
880.0 882.5 885.0 0.007573920767754316 0.00012649110640673518 0.00012649110640673518 0.5
885.0 887.5 890.0 0.016911255195736885 0.00012369316876852983 0.00012369316876852983 0.5
890.0 892.5 895.0 0.010910985060036182 0.00012649110640673518 0.00012649110640673518 0.5
895.0 897.5 900.0 0.012328951619565487 0.00011401754250991381 0.00011401754250991381 0.5
900.0 902.5 905.0 0.02396700344979763 0.00012409673645990857 0.00012409673645990857 0.5
905.0 907.5 910.0 0.018657630309462547 0.00011532562594670797 0.00011532562594670797 0.5
910.0 912.5 915.0 0.007573920767754316 0.00011045361017187262 0.00011045361017187262 0.5
915.0 917.5 920.0 0.015320566482841969 0.00011090536506409418 0.00011090536506409418 0.5
920.0 922.5 925.0 0.012156226672232151 0.00010862780491200216 0.00010862780491200216 0.5
925.0 927.5 930.0 0.01549329049885273 0.0001072380529476361 0.0001072380529476361 0.5
930.0 932.5 935.0 0.017638323828577995 0.0001 0.0001 0.5
935.0 937.5 940.0 0.024139728397130966 0.00010392304845413265 0.00010392304845413265 0.5
940.0 942.5 945.0 0.0033370647579431534 0.00010583005244258362 0.00010583005244258362 0.5
945.0 947.5 950.0 0.004409580957144499 0.00010816653826391969 0.00010816653826391969 0.5
950.0 952.5 955.0 0.015994424000382423 9.9498743710662e-05 9.9498743710662e-05 0.5
955.0 957.5 960.0 0.004582305438816547 0.00010246950765959599 0.00010246950765959599 0.5
960.0 962.5 965.0 0.020075596868991852 0.00010770329614269009 0.00010770329614269009 0.5
965.0 967.5 970.0 0.016393082216382027 0.00010677078252031312 0.00010677078252031312 0.5
970.0 972.5 975.0 0.013401467353105545 0.0001 0.0001 0.5
975.0 977.5 980.0 0.01283008512109518 0.00010440306508910552 0.00010440306508910552 0.5
980.0 982.5 985.0 0.010910985060036182 9.273618495495704e-05 9.273618495495704e-05 0.5
985.0 987.5 990.0 0.013902600854635239 9.486832980505139e-05 9.486832980505139e-05 0.5
990.0 992.5 995.0 0.011983501724898815 0.0001014889156509222 0.0001014889156509222 0.5
995.0 997.5 1000.0 0.01973014697432518 9.899494936611667e-05 9.899494936611667e-05 0.5
1000.0 1002.5 1005.0 0.015147841535508633 8.306623862918075e-05 8.306623862918075e-05 0.5
1005.0 1007.5 1010.0 0.007573920767754316 8.88819441731559e-05 8.88819441731559e-05 0.5
1010.0 1012.5 1015.0 0.006501404568552971 8.94427190999916e-05 8.94427190999916e-05 0.5
1015.0 1017.5 1020.0 0.0 8.831760866327849e-05 8.831760866327849e-05 0.5
1020.0 1022.5 1025.0 0.0 7.211102550927979e-05 7.211102550927979e-05 0.5
1025.0 1027.5 1030.0 0.015147841535508633 8.485281374238571e-05 8.485281374238571e-05 0.5
1030.0 1032.5 1035.0 0.006501405034214258 8.06225774829855e-05 8.06225774829855e-05 0.5
1035.0 1037.5 1040.0 0.015147841535508633 8.544003745317532e-05 8.544003745317532e-05 0.5
1040.0 1042.5 1045.0 0.03346002474427223 8e-05 8e-05 0.5
1045.0 1047.5 1050.0 0.018312182277441025 8.366600265340756e-05 8.366600265340756e-05 0.5
1050.0 1052.5 1055.0 0.006328680086880922 8.42614977317636e-05 8.42614977317636e-05 0.5
1055.0 1057.5 1060.0 0.02272176370024681 7.54983443527075e-05 7.54983443527075e-05 0.5
1060.0 1062.5 1065.0 0.004409580957144499 8.124038404635962e-05 8.124038404635962e-05 0.5
1065.0 1067.5 1070.0 0.015147841535508633 7.874007874011811e-05 7.874007874011811e-05 0.5
1070.0 1072.5 1075.0 0.009493019431829453 7.28010988928052e-05 7.28010988928052e-05 0.5
1075.0 1077.5 1080.0 0.027131343260407448 6.324555320336759e-05 6.324555320336759e-05 0.5
1080.0 1082.5 1085.0 0.015147841535508633 6.708203932499369e-05 6.708203932499369e-05 0.5
1085.0 1087.5 1090.0 0.011983501724898815 7.211102550927979e-05 7.211102550927979e-05 0.5
1090.0 1092.5 1095.0 0.003164340043440461 7.810249675906654e-05 7.810249675906654e-05 0.5
1095.0 1097.5 1100.0 0.013228743337094784 7.810249675906654e-05 7.810249675906654e-05 0.5
1100.0 1102.5 1105.0 0.017638323828577995 6.48074069840786e-05 6.48074069840786e-05 0.5
1105.0 1107.5 1110.0 0.016393082216382027 7.211102550927979e-05 7.211102550927979e-05 0.5
1110.0 1112.5 1115.0 0.007573920767754316 6.403124237432849e-05 6.403124237432849e-05 0.5
1115.0 1117.5 1120.0 0.006328680086880922 7.416198487095664e-05 7.416198487095664e-05 0.5
1120.0 1122.5 1125.0 0.009493019431829453 7.615773105863909e-05 7.615773105863909e-05 0.5
1125.0 1127.5 1130.0 0.011983501724898815 6.48074069840786e-05 6.48074069840786e-05 0.5
1130.0 1132.5 1135.0 0.008819161914288998 6.403124237432849e-05 6.403124237432849e-05 0.5
1135.0 1137.5 1140.0 0.008819161914288998 6.403124237432849e-05 6.403124237432849e-05 0.5
1140.0 1142.5 1145.0 0.012657360173761845 6.6332495807108e-05 6.6332495807108e-05 0.5
1145.0 1147.5 1150.0 0.016393082216382027 6.708203932499369e-05 6.708203932499369e-05 0.5
1150.0 1152.5 1155.0 0.011983501724898815 6.855654600401045e-05 6.855654600401045e-05 0.5
1155.0 1157.5 1160.0 0.011983501724898815 7.071067811865475e-05 7.071067811865475e-05 0.5
1160.0 1162.5 1165.0 0.018312182277441025 7.28010988928052e-05 7.28010988928052e-05 0.5
1165.0 1167.5 1170.0 0.018312182277441025 6.324555320336759e-05 6.324555320336759e-05 0.5
1170.0 1172.5 1175.0 0.029724301770329475 6.244997998398399e-05 6.244997998398399e-05 0.5
1175.0 1177.5 1180.0 0.02272176370024681 6.48074069840786e-05 6.48074069840786e-05 0.5
1180.0 1182.5 1185.0 0.02396700531244278 5.9160797830996164e-05 5.9160797830996164e-05 0.5
1185.0 1187.5 1190.0 0.020802663639187813 5.9160797830996164e-05 5.9160797830996164e-05 0.5
1190.0 1192.5 1195.0 0.013902601785957813 6.48074069840786e-05 6.48074069840786e-05 0.5
1195.0 1197.5 1200.0 0.006328680086880922 6.855654600401045e-05 6.855654600401045e-05 0.5
1200.0 1202.5 1205.0 0.011983501724898815 6.324555320336759e-05 6.324555320336759e-05 0.5
1205.0 1207.5 1210.0 0.0 6.000000000000001e-05 6.000000000000001e-05 0.5
1210.0 1212.5 1215.0 0.02272176370024681 7.211102550927979e-05 7.211102550927979e-05 0.5
1215.0 1217.5 1220.0 0.013902601785957813 6.08276253029822e-05 6.08276253029822e-05 0.5
1220.0 1222.5 1225.0 0.013902600854635239 6.164414002968977e-05 6.164414002968977e-05 0.5
1225.0 1227.5 1230.0 0.004409580957144499 5.1961524227066324e-05 5.1961524227066324e-05 0.5
1230.0 1232.5 1235.0 0.011983501724898815 6.164414002968977e-05 6.164414002968977e-05 0.5
1235.0 1237.5 1240.0 0.0 7.000000000000001e-05 7.000000000000001e-05 0.5
1240.0 1242.5 1245.0 0.007573920767754316 5.567764362830022e-05 5.567764362830022e-05 0.5
1245.0 1247.5 1250.0 0.028376584872603416 6.08276253029822e-05 6.08276253029822e-05 0.5
1250.0 1252.5 1255.0 0.015147841535508633 5.3851648071345046e-05 5.3851648071345046e-05 0.5
1255.0 1257.5 1260.0 0.018312182277441025 6.855654600401045e-05 6.855654600401045e-05 0.5
1260.0 1262.5 1265.0 0.003164340043440461 5.1961524227066324e-05 5.1961524227066324e-05 0.5
1265.0 1267.5 1270.0 0.011983501724898815 5.830951894845301e-05 5.830951894845301e-05 0.5
1270.0 1272.5 1275.0 0.004409580957144499 6.08276253029822e-05 6.08276253029822e-05 0.5
1275.0 1277.5 1280.0 0.004409580957144499 6.244997998398399e-05 6.244997998398399e-05 0.5
1280.0 1282.5 1285.0 0.0 5.830951894845301e-05 5.830951894845301e-05 0.5
1285.0 1287.5 1290.0 0.006328680086880922 5.0990195135927854e-05 5.0990195135927854e-05 0.5
1290.0 1292.5 1295.0 0.0 6.557438524302001e-05 6.557438524302001e-05 0.5
1295.0 1297.5 1300.0 0.006328680086880922 5.6568542494923805e-05 5.6568542494923805e-05 0.5
1300.0 1302.5 1305.0 0.013902600854635239 4.898979485566357e-05 4.898979485566357e-05 0.5
1305.0 1307.5 1310.0 0.010738261044025421 5.744562646538029e-05 5.744562646538029e-05 0.5
1310.0 1312.5 1315.0 0.015147841535508633 6.244997998398399e-05 6.244997998398399e-05 0.5
1315.0 1317.5 1320.0 0.006328680086880922 6.164414002968977e-05 6.164414002968977e-05 0.5
1320.0 1322.5 1325.0 0.016393082216382027 5.4772255750516614e-05 5.4772255750516614e-05 0.5
1325.0 1327.5 1330.0 0.008819161914288998 5.3851648071345046e-05 5.3851648071345046e-05 0.5
1330.0 1332.5 1335.0 0.019557422026991844 6.324555320336759e-05 6.324555320336759e-05 0.5
1335.0 1337.5 1340.0 0.004409580957144499 4.123105625617661e-05 4.123105625617661e-05 0.5
1340.0 1342.5 1345.0 0.013902601785957813 5.3851648071345046e-05 5.3851648071345046e-05 0.5
1345.0 1347.5 1350.0 0.019557422026991844 4.123105625617661e-05 4.123105625617661e-05 0.5
1350.0 1352.5 1355.0 0.016393082216382027 6.6332495807108e-05 6.6332495807108e-05 0.5
1355.0 1357.5 1360.0 0.010738261044025421 5.567764362830022e-05 5.567764362830022e-05 0.5
1360.0 1362.5 1365.0 0.007573920767754316 5.744562646538029e-05 5.744562646538029e-05 0.5
1365.0 1367.5 1370.0 0.007573920767754316 4.69041575982343e-05 4.69041575982343e-05 0.5
1370.0 1372.5 1375.0 0.011983501724898815 5.744562646538029e-05 5.744562646538029e-05 0.5
1375.0 1377.5 1380.0 0.007573920767754316 5.567764362830022e-05 5.567764362830022e-05 0.5
1380.0 1382.5 1385.0 0.0 5.0990195135927854e-05 5.0990195135927854e-05 0.5
1385.0 1387.5 1390.0 0.006328680086880922 5e-05 5e-05 0.5
1390.0 1392.5 1395.0 0.010738261044025421 5e-05 5e-05 0.5
1395.0 1397.5 1400.0 0.017066940665245056 5.291502622129181e-05 5.291502622129181e-05 0.5
1400.0 1402.5 1405.0 0.0 5.3851648071345046e-05 5.3851648071345046e-05 0.5
1405.0 1407.5 1410.0 0.007573920767754316 5.830951894845301e-05 5.830951894845301e-05 0.5
1410.0 1412.5 1415.0 0.010738261044025421 4.69041575982343e-05 4.69041575982343e-05 0.5
1415.0 1417.5 1420.0 0.010738261044025421 5.567764362830022e-05 5.567764362830022e-05 0.5
1420.0 1422.5 1425.0 0.0 5.567764362830022e-05 5.567764362830022e-05 0.5
1425.0 1427.5 1430.0 0.013228743337094784 5.4772255750516614e-05 5.4772255750516614e-05 0.5
1430.0 1432.5 1435.0 0.013902600854635239 4.7958315233127196e-05 4.7958315233127196e-05 0.5
1435.0 1437.5 1440.0 0.007573920767754316 4.58257569495584e-05 4.58257569495584e-05 0.5
1440.0 1442.5 1445.0 0.011983501724898815 4.898979485566357e-05 4.898979485566357e-05 0.5
1445.0 1447.5 1450.0 0.013902600854635239 4.69041575982343e-05 4.69041575982343e-05 0.5
1450.0 1452.5 1455.0 0.007573920767754316 5e-05 5e-05 0.5
1455.0 1457.5 1460.0 0.017066942527890205 5e-05 5e-05 0.5
1460.0 1462.5 1465.0 0.013902600854635239 4.898979485566357e-05 4.898979485566357e-05 0.5
1465.0 1467.5 1470.0 0.011983501724898815 5.291502622129181e-05 5.291502622129181e-05 0.5
1470.0 1472.5 1475.0 0.013228743337094784 4.358898943540674e-05 4.358898943540674e-05 0.5
1475.0 1477.5 1480.0 0.02272176370024681 4.7958315233127196e-05 4.7958315233127196e-05 0.5
1480.0 1482.5 1485.0 0.007573920767754316 5.1961524227066324e-05 5.1961524227066324e-05 0.5
1485.0 1487.5 1490.0 0.010738261044025421 4.69041575982343e-05 4.69041575982343e-05 0.5
1490.0 1492.5 1495.0 0.010738261044025421 4.898979485566357e-05 4.898979485566357e-05 0.5
1495.0 1497.5 1500.0 0.011983501724898815 4.69041575982343e-05 4.69041575982343e-05 0.5
1500.0 1502.5 1505.0 0.011983501724898815 5.9160797830996164e-05 5.9160797830996164e-05 0.5
1505.0 1507.5 1510.0 0.0 5.1961524227066324e-05 5.1961524227066324e-05 0.5
1510.0 1512.5 1515.0 0.006328680086880922 4e-05 4e-05 0.5
1515.0 1517.5 1520.0 0.02396700344979763 4.358898943540674e-05 4.358898943540674e-05 0.5
1520.0 1522.5 1525.0 0.008819161914288998 4.898979485566357e-05 4.898979485566357e-05 0.5
1525.0 1527.5 1530.0 0.017066940665245056 4.47213595499958e-05 4.47213595499958e-05 0.5
1530.0 1532.5 1535.0 0.017066942527890205 4.47213595499958e-05 4.47213595499958e-05 0.5
1535.0 1537.5 1540.0 0.015147841535508633 5e-05 5e-05 0.5
1540.0 1542.5 1545.0 0.007573920767754316 4.58257569495584e-05 4.58257569495584e-05 0.5
1545.0 1547.5 1550.0 0.017638323828577995 3.872983346207417e-05 3.872983346207417e-05 0.5
1550.0 1552.5 1555.0 0.004409580957144499 5e-05 5e-05 0.5
1555.0 1557.5 1560.0 0.020802661776542664 4.69041575982343e-05 4.69041575982343e-05 0.5
1560.0 1562.5 1565.0 0.016393082216382027 5.0990195135927854e-05 5.0990195135927854e-05 0.5
1565.0 1567.5 1570.0 0.013228743337094784 4.58257569495584e-05 4.58257569495584e-05 0.5
1570.0 1572.5 1575.0 0.013902600854635239 4e-05 4e-05 0.5
1575.0 1577.5 1580.0 0.015147841535508633 4.123105625617661e-05 4.123105625617661e-05 0.5
1580.0 1582.5 1585.0 0.0 4.2426406871192855e-05 4.2426406871192855e-05 0.5
1585.0 1587.5 1590.0 0.003164340043440461 4.2426406871192855e-05 4.2426406871192855e-05 0.5
1590.0 1592.5 1595.0 0.013902600854635239 4.2426406871192855e-05 4.2426406871192855e-05 0.5
1595.0 1597.5 1600.0 0.003164340043440461 4.58257569495584e-05 4.58257569495584e-05 0.5
1600.0 1602.5 1605.0 0.007573920767754316 4.123105625617661e-05 4.123105625617661e-05 0.5
1605.0 1607.5 1610.0 0.013228743337094784 4e-05 4e-05 0.5
1610.0 1612.5 1615.0 0.013902600854635239 4.58257569495584e-05 4.58257569495584e-05 0.5
1615.0 1617.5 1620.0 0.006328680086880922 4.58257569495584e-05 4.58257569495584e-05 0.5
1620.0 1622.5 1625.0 0.004409580957144499 3.6055512754639895e-05 3.6055512754639895e-05 0.5
1625.0 1627.5 1630.0 0.011983501724898815 4.2426406871192855e-05 4.2426406871192855e-05 0.5
1630.0 1632.5 1635.0 0.011983501724898815 4e-05 4e-05 0.5
1635.0 1637.5 1640.0 0.006328680086880922 4.69041575982343e-05 4.69041575982343e-05 0.5
1640.0 1642.5 1645.0 0.019557422026991844 4.123105625617661e-05 4.123105625617661e-05 0.5
1645.0 1647.5 1650.0 0.016393082216382027 3.872983346207417e-05 3.872983346207417e-05 0.5
1650.0 1652.5 1655.0 0.016393082216382027 4e-05 4e-05 0.5
1655.0 1657.5 1660.0 0.0 4.58257569495584e-05 4.58257569495584e-05 0.5
1660.0 1662.5 1665.0 0.006328680086880922 4.58257569495584e-05 4.58257569495584e-05 0.5
1665.0 1667.5 1670.0 0.019557422026991844 4.898979485566357e-05 4.898979485566357e-05 0.5
1670.0 1672.5 1675.0 0.0 4.47213595499958e-05 4.47213595499958e-05 0.5
1675.0 1677.5 1680.0 0.007573920767754316 4.358898943540674e-05 4.358898943540674e-05 0.5
1680.0 1682.5 1685.0 0.010738261044025421 2.4494897427831785e-05 2.4494897427831785e-05 0.5
1685.0 1687.5 1690.0 0.015147841535508633 3.872983346207417e-05 3.872983346207417e-05 0.5
1690.0 1692.5 1695.0 0.003164340043440461 4.2426406871192855e-05 4.2426406871192855e-05 0.5
1695.0 1697.5 1700.0 0.003164340043440461 4.47213595499958e-05 4.47213595499958e-05 0.5
1700.0 1702.5 1705.0 0.006328680086880922 3.1622776601683795e-05 3.1622776601683795e-05 0.5
1705.0 1707.5 1710.0 0.003164340043440461 3.6055512754639895e-05 3.6055512754639895e-05 0.5
1710.0 1712.5 1715.0 0.013228743337094784 4e-05 4e-05 0.5
1715.0 1717.5 1720.0 0.004409580957144499 3.7416573867739416e-05 3.7416573867739416e-05 0.5
1720.0 1722.5 1725.0 0.004409580957144499 4.7958315233127196e-05 4.7958315233127196e-05 0.5
1725.0 1727.5 1730.0 0.003164340043440461 3.0000000000000004e-05 3.0000000000000004e-05 0.5
1730.0 1732.5 1735.0 0.007573920767754316 4.2426406871192855e-05 4.2426406871192855e-05 0.5
1735.0 1737.5 1740.0 0.0252122450619936 3.872983346207417e-05 3.872983346207417e-05 0.5
1740.0 1742.5 1745.0 0.011983501724898815 3.1622776601683795e-05 3.1622776601683795e-05 0.5
1745.0 1747.5 1750.0 0.008819161914288998 3.7416573867739416e-05 3.7416573867739416e-05 0.5
1750.0 1752.5 1755.0 0.02272176370024681 3.872983346207417e-05 3.872983346207417e-05 0.5
1755.0 1757.5 1760.0 0.003164340043440461 3.3166247903554e-05 3.3166247903554e-05 0.5
1760.0 1762.5 1765.0 0.004409580957144499 3.3166247903554e-05 3.3166247903554e-05 0.5
1765.0 1767.5 1770.0 0.017638323828577995 3.3166247903554e-05 3.3166247903554e-05 0.5
1770.0 1772.5 1775.0 0.008819161914288998 4.123105625617661e-05 4.123105625617661e-05 0.5
1775.0 1777.5 1780.0 0.008819161914288998 3.872983346207417e-05 3.872983346207417e-05 0.5
1780.0 1782.5 1785.0 0.010738261044025421 2e-05 2e-05 0.5
1785.0 1787.5 1790.0 0.010738261044025421 3.6055512754639895e-05 3.6055512754639895e-05 0.5
1790.0 1792.5 1795.0 0.004409580957144499 4.69041575982343e-05 4.69041575982343e-05 0.5
1795.0 1797.5 1800.0 0.008819161914288998 4e-05 4e-05 0.5
1800.0 1802.5 1805.0 0.011983501724898815 4e-05 4e-05 0.5
1805.0 1807.5 1810.0 0.007573920767754316 3.0000000000000004e-05 3.0000000000000004e-05 0.5
1810.0 1812.5 1815.0 0.010738261044025421 4.123105625617661e-05 4.123105625617661e-05 0.5
1815.0 1817.5 1820.0 0.02588610351085663 3.7416573867739416e-05 3.7416573867739416e-05 0.5
1820.0 1822.5 1825.0 0.008819161914288998 3.464101615137755e-05 3.464101615137755e-05 0.5
1825.0 1827.5 1830.0 0.011983501724898815 3.872983346207417e-05 3.872983346207417e-05 0.5
1830.0 1832.5 1835.0 0.015147841535508633 3.7416573867739416e-05 3.7416573867739416e-05 0.5
1835.0 1837.5 1840.0 0.007573920767754316 3.872983346207417e-05 3.872983346207417e-05 0.5
1840.0 1842.5 1845.0 0.009493019431829453 4e-05 4e-05 0.5
1845.0 1847.5 1850.0 0.0 4e-05 4e-05 0.5
1850.0 1852.5 1855.0 0.007573920767754316 3.0000000000000004e-05 3.0000000000000004e-05 0.5
1855.0 1857.5 1860.0 0.003164340043440461 2.6457513110645906e-05 2.6457513110645906e-05 0.5
1860.0 1862.5 1865.0 0.015147841535508633 3.0000000000000004e-05 3.0000000000000004e-05 0.5
1865.0 1867.5 1870.0 0.006328680086880922 3.1622776601683795e-05 3.1622776601683795e-05 0.5
1870.0 1872.5 1875.0 0.015147841535508633 3.3166247903554e-05 3.3166247903554e-05 0.5
1875.0 1877.5 1880.0 0.011983501724898815 3.1622776601683795e-05 3.1622776601683795e-05 0.5
1880.0 1882.5 1885.0 0.0 3.3166247903554e-05 3.3166247903554e-05 0.5
1885.0 1887.5 1890.0 0.011983501724898815 4.58257569495584e-05 4.58257569495584e-05 0.5
1890.0 1892.5 1895.0 0.003164340043440461 2.8284271247461902e-05 2.8284271247461902e-05 0.5
1895.0 1897.5 1900.0 0.003164340043440461 3.7416573867739416e-05 3.7416573867739416e-05 0.5
1900.0 1902.5 1905.0 0.0 2.23606797749979e-05 2.23606797749979e-05 0.5
1905.0 1907.5 1910.0 0.0 2.8284271247461902e-05 2.8284271247461902e-05 0.5
1910.0 1912.5 1915.0 0.0 3.1622776601683795e-05 3.1622776601683795e-05 0.5
1915.0 1917.5 1920.0 0.003164340043440461 2.6457513110645906e-05 2.6457513110645906e-05 0.5
1920.0 1922.5 1925.0 0.0 3.0000000000000004e-05 3.0000000000000004e-05 0.5
1925.0 1927.5 1930.0 0.003164340043440461 3.6055512754639895e-05 3.6055512754639895e-05 0.5
1930.0 1932.5 1935.0 0.010738261044025421 3.0000000000000004e-05 3.0000000000000004e-05 0.5
1935.0 1937.5 1940.0 0.008819161914288998 3.3166247903554e-05 3.3166247903554e-05 0.5
1940.0 1942.5 1945.0 0.0 4.123105625617661e-05 4.123105625617661e-05 0.5
1945.0 1947.5 1950.0 0.004409580957144499 3.0000000000000004e-05 3.0000000000000004e-05 0.5
1950.0 1952.5 1955.0 0.006328680086880922 2.8284271247461902e-05 2.8284271247461902e-05 0.5
1955.0 1957.5 1960.0 0.006328680086880922 3.464101615137755e-05 3.464101615137755e-05 0.5
1960.0 1962.5 1965.0 0.0 3.1622776601683795e-05 3.1622776601683795e-05 0.5
1965.0 1967.5 1970.0 0.013902600854635239 3.1622776601683795e-05 3.1622776601683795e-05 0.5
1970.0 1972.5 1975.0 0.0 3.0000000000000004e-05 3.0000000000000004e-05 0.5
1975.0 1977.5 1980.0 0.0 3.7416573867739416e-05 3.7416573867739416e-05 0.5
1980.0 1982.5 1985.0 0.0 2.23606797749979e-05 2.23606797749979e-05 0.5
1985.0 1987.5 1990.0 0.004409580957144499 1.4142135623730951e-05 1.4142135623730951e-05 0.5
1990.0 1992.5 1995.0 0.003164340043440461 3.1622776601683795e-05 3.1622776601683795e-05 0.5
1995.0 1997.5 2000.0 0.0 2.4494897427831785e-05 2.4494897427831785e-05 0.5
2000.0 2002.5 2005.0 0.008819161914288998 3.0000000000000004e-05 3.0000000000000004e-05 0.5
2005.0 2007.5 2010.0 0.003164340043440461 3.464101615137755e-05 3.464101615137755e-05 0.5
2010.0 2012.5 2015.0 0.007573920767754316 3.0000000000000004e-05 3.0000000000000004e-05 0.5
2015.0 2017.5 2020.0 0.006328680086880922 1.7320508075688774e-05 1.7320508075688774e-05 0.5
2020.0 2022.5 2025.0 0.006328680086880922 3.6055512754639895e-05 3.6055512754639895e-05 0.5
2025.0 2027.5 2030.0 0.0 3.0000000000000004e-05 3.0000000000000004e-05 0.5
2030.0 2032.5 2035.0 0.0 3.0000000000000004e-05 3.0000000000000004e-05 0.5
2035.0 2037.5 2040.0 0.0 2.4494897427831785e-05 2.4494897427831785e-05 0.5
2040.0 2042.5 2045.0 0.003164340043440461 3.1622776601683795e-05 3.1622776601683795e-05 0.5
2045.0 2047.5 2050.0 0.0 2.8284271247461902e-05 2.8284271247461902e-05 0.5
2050.0 2052.5 2055.0 0.0 3.1622776601683795e-05 3.1622776601683795e-05 0.5
2055.0 2057.5 2060.0 0.0 3.3166247903554e-05 3.3166247903554e-05 0.5
2060.0 2062.5 2065.0 0.0 3.0000000000000004e-05 3.0000000000000004e-05 0.5
2065.0 2067.5 2070.0 0.0 2.6457513110645906e-05 2.6457513110645906e-05 0.5
2070.0 2072.5 2075.0 0.0 2.4494897427831785e-05 2.4494897427831785e-05 0.5
2075.0 2077.5 2080.0 0.003164340043440461 2.4494897427831785e-05 2.4494897427831785e-05 0.5
2080.0 2082.5 2085.0 0.0 2.6457513110645906e-05 2.6457513110645906e-05 0.5
2085.0 2087.5 2090.0 0.0 3.0000000000000004e-05 3.0000000000000004e-05 0.5
2090.0 2092.5 2095.0 0.0 2.23606797749979e-05 2.23606797749979e-05 0.5
2095.0 2097.5 2100.0 0.0 2.8284271247461902e-05 2.8284271247461902e-05 0.5
2100.0 2102.5 2105.0 0.0 2.23606797749979e-05 2.23606797749979e-05 0.5
2105.0 2107.5 2110.0 0.0 3.1622776601683795e-05 3.1622776601683795e-05 0.5
2110.0 2112.5 2115.0 0.0 2.6457513110645906e-05 2.6457513110645906e-05 0.5
2115.0 2117.5 2120.0 0.0 2.23606797749979e-05 2.23606797749979e-05 0.5
2120.0 2122.5 2125.0 0.003164340043440461 2.4494897427831785e-05 2.4494897427831785e-05 0.5
2125.0 2127.5 2130.0 0.0 2.6457513110645906e-05 2.6457513110645906e-05 0.5
2130.0 2132.5 2135.0 0.0 3.3166247903554e-05 3.3166247903554e-05 0.5
2135.0 2137.5 2140.0 0.0 2e-05 2e-05 0.5
2140.0 2142.5 2145.0 0.007573920767754316 2.4494897427831785e-05 2.4494897427831785e-05 0.5
2145.0 2147.5 2150.0 0.0 2.8284271247461902e-05 2.8284271247461902e-05 0.5
2150.0 2152.5 2155.0 0.0 3.6055512754639895e-05 3.6055512754639895e-05 0.5
2155.0 2157.5 2160.0 0.006328680086880922 2.8284271247461902e-05 2.8284271247461902e-05 0.5
2160.0 2162.5 2165.0 0.0 2.4494897427831785e-05 2.4494897427831785e-05 0.5
2165.0 2167.5 2170.0 0.0 2.6457513110645906e-05 2.6457513110645906e-05 0.5
2170.0 2172.5 2175.0 0.0 2e-05 2e-05 0.5
2175.0 2177.5 2180.0 0.003164340043440461 3.0000000000000004e-05 3.0000000000000004e-05 0.5
2180.0 2182.5 2185.0 0.003164340043440461 2.4494897427831785e-05 2.4494897427831785e-05 0.5
2185.0 2187.5 2190.0 0.0 3.464101615137755e-05 3.464101615137755e-05 0.5
2190.0 2192.5 2195.0 0.0 2.6457513110645906e-05 2.6457513110645906e-05 0.5
2195.0 2197.5 2200.0 0.0 2.4494897427831785e-05 2.4494897427831785e-05 0.5
2200.0 2202.5 2205.0 0.0 2.4494897427831785e-05 2.4494897427831785e-05 0.5
2205.0 2207.5 2210.0 0.0 2.4494897427831785e-05 2.4494897427831785e-05 0.5
2210.0 2212.5 2215.0 0.0 2.8284271247461902e-05 2.8284271247461902e-05 0.5
2215.0 2217.5 2220.0 0.003164340043440461 2.6457513110645906e-05 2.6457513110645906e-05 0.5
2220.0 2222.5 2225.0 0.0 2e-05 2e-05 0.5
2225.0 2227.5 2230.0 0.004409580957144499 2.23606797749979e-05 2.23606797749979e-05 0.5
2230.0 2232.5 2235.0 0.003164340043440461 2.8284271247461902e-05 2.8284271247461902e-05 0.5
2235.0 2237.5 2240.0 0.0 2e-05 2e-05 0.5
2240.0 2242.5 2245.0 0.0 2.6457513110645906e-05 2.6457513110645906e-05 0.5
2245.0 2247.5 2250.0 0.0 2.6457513110645906e-05 2.6457513110645906e-05 0.5
2250.0 2252.5 2255.0 0.0 2.8284271247461902e-05 2.8284271247461902e-05 0.5
2255.0 2257.5 2260.0 0.0 3.1622776601683795e-05 3.1622776601683795e-05 0.5
2260.0 2262.5 2265.0 0.0 2.6457513110645906e-05 2.6457513110645906e-05 0.5
2265.0 2267.5 2270.0 0.0 2.6457513110645906e-05 2.6457513110645906e-05 0.5
2270.0 2272.5 2275.0 0.0 2e-05 2e-05 0.5
2275.0 2277.5 2280.0 0.0 1.4142135623730951e-05 1.4142135623730951e-05 0.5
2280.0 2282.5 2285.0 0.0 2.4494897427831785e-05 2.4494897427831785e-05 0.5
2285.0 2287.5 2290.0 0.0 2.4494897427831785e-05 2.4494897427831785e-05 0.5
2290.0 2292.5 2295.0 0.0 2.8284271247461902e-05 2.8284271247461902e-05 0.5
2295.0 2297.5 2300.0 0.0 1.4142135623730951e-05 1.4142135623730951e-05 0.5
2300.0 2302.5 2305.0 0.0 2.8284271247461902e-05 2.8284271247461902e-05 0.5
2305.0 2307.5 2310.0 0.0 1.7320508075688774e-05 1.7320508075688774e-05 0.5
2310.0 2312.5 2315.0 0.0 2.23606797749979e-05 2.23606797749979e-05 0.5
2315.0 2317.5 2320.0 0.0 3.1622776601683795e-05 3.1622776601683795e-05 0.5
2320.0 2322.5 2325.0 0.0 1.7320508075688774e-05 1.7320508075688774e-05 0.5
2325.0 2327.5 2330.0 0.0 3.0000000000000004e-05 3.0000000000000004e-05 0.5
2330.0 2332.5 2335.0 0.0 3.0000000000000004e-05 3.0000000000000004e-05 0.5
2335.0 2337.5 2340.0 0.0 1.7320508075688774e-05 1.7320508075688774e-05 0.5
2340.0 2342.5 2345.0 0.0 2e-05 2e-05 0.5
2345.0 2347.5 2350.0 0.0 2.4494897427831785e-05 2.4494897427831785e-05 0.5
2350.0 2352.5 2355.0 0.0 2e-05 2e-05 0.5
2355.0 2357.5 2360.0 0.0 2.8284271247461902e-05 2.8284271247461902e-05 0.5
2360.0 2362.5 2365.0 0.0 2.23606797749979e-05 2.23606797749979e-05 0.5
2365.0 2367.5 2370.0 0.0 2.6457513110645906e-05 2.6457513110645906e-05 0.5
2370.0 2372.5 2375.0 0.0 2.8284271247461902e-05 2.8284271247461902e-05 0.5
2375.0 2377.5 2380.0 0.0 1.4142135623730951e-05 1.4142135623730951e-05 0.5
2380.0 2382.5 2385.0 0.0 2.4494897427831785e-05 2.4494897427831785e-05 0.5
2385.0 2387.5 2390.0 0.003164340043440461 2.4494897427831785e-05 2.4494897427831785e-05 0.5
2390.0 2392.5 2395.0 0.0 2e-05 2e-05 0.5
2395.0 2397.5 2400.0 0.0 2.4494897427831785e-05 2.4494897427831785e-05 0.5
2400.0 2402.5 2405.0 0.0 3.0000000000000004e-05 3.0000000000000004e-05 0.5
2405.0 2407.5 2410.0 0.0 2.4494897427831785e-05 2.4494897427831785e-05 0.5
2410.0 2412.5 2415.0 0.0 2e-05 2e-05 0.5
2415.0 2417.5 2420.0 0.0 1.4142135623730951e-05 1.4142135623730951e-05 0.5
2420.0 2422.5 2425.0 0.0 2.23606797749979e-05 2.23606797749979e-05 0.5
2425.0 2427.5 2430.0 0.004409580957144499 2.23606797749979e-05 2.23606797749979e-05 0.5
2430.0 2432.5 2435.0 0.0 2.23606797749979e-05 2.23606797749979e-05 0.5
2435.0 2437.5 2440.0 0.0 2.23606797749979e-05 2.23606797749979e-05 0.5
2440.0 2442.5 2445.0 0.0 1.7320508075688774e-05 1.7320508075688774e-05 0.5
2445.0 2447.5 2450.0 0.003164340043440461 1.7320508075688774e-05 1.7320508075688774e-05 0.5
2450.0 2452.5 2455.0 0.0 2e-05 2e-05 0.5
2455.0 2457.5 2460.0 0.0 2.4494897427831785e-05 2.4494897427831785e-05 0.5
2460.0 2462.5 2465.0 0.0 2.23606797749979e-05 2.23606797749979e-05 0.5
2465.0 2467.5 2470.0 0.0 2e-05 2e-05 0.5
2470.0 2472.5 2475.0 0.0 2.4494897427831785e-05 2.4494897427831785e-05 0.5
2475.0 2477.5 2480.0 0.0 1.4142135623730951e-05 1.4142135623730951e-05 0.5
2480.0 2482.5 2485.0 0.0 2e-05 2e-05 0.5
2485.0 2487.5 2490.0 0.003164340043440461 1.7320508075688774e-05 1.7320508075688774e-05 0.5
2490.0 2492.5 2495.0 0.0 2.8284271247461902e-05 2.8284271247461902e-05 0.5
2495.0 2497.5 2500.0 0.0 2e-05 2e-05 0.5
2500.0 2502.5 2505.0 0.0 2.6457513110645906e-05 2.6457513110645906e-05 0.5
2505.0 2507.5 2510.0 0.0 2e-05 2e-05 0.5
2510.0 2512.5 2515.0 0.0 0.0 0.0 0.5
2515.0 2517.5 2520.0 0.0 2e-05 2e-05 0.5
2520.0 2522.5 2525.0 0.0 1.7320508075688774e-05 1.7320508075688774e-05 0.5
2525.0 2527.5 2530.0 0.0 1e-05 1e-05 0.5
2530.0 2532.5 2535.0 0.0 1.4142135623730951e-05 1.4142135623730951e-05 0.5
2535.0 2537.5 2540.0 0.0 1.7320508075688774e-05 1.7320508075688774e-05 0.5
2540.0 2542.5 2545.0 0.0 1.7320508075688774e-05 1.7320508075688774e-05 0.5
2545.0 2547.5 2550.0 0.0 1.4142135623730951e-05 1.4142135623730951e-05 0.5
2550.0 2552.5 2555.0 0.0 2e-05 2e-05 0.5
2555.0 2557.5 2560.0 0.0 1.7320508075688774e-05 1.7320508075688774e-05 0.5
2560.0 2562.5 2565.0 0.0 2.23606797749979e-05 2.23606797749979e-05 0.5
2565.0 2567.5 2570.0 0.0 1.7320508075688774e-05 1.7320508075688774e-05 0.5
2570.0 2572.5 2575.0 0.0 2.23606797749979e-05 2.23606797749979e-05 0.5
2575.0 2577.5 2580.0 0.0 0.0 0.0 0.5
2580.0 2582.5 2585.0 0.0 1.4142135623730951e-05 1.4142135623730951e-05 0.5
2585.0 2587.5 2590.0 0.0 1.7320508075688774e-05 1.7320508075688774e-05 0.5
2590.0 2592.5 2595.0 0.0 1.4142135623730951e-05 1.4142135623730951e-05 0.5
2595.0 2597.5 2600.0 0.0 1.4142135623730951e-05 1.4142135623730951e-05 0.5
2600.0 2602.5 2605.0 0.0 2.23606797749979e-05 2.23606797749979e-05 0.5
2605.0 2607.5 2610.0 0.0 1.4142135623730951e-05 1.4142135623730951e-05 0.5
2610.0 2612.5 2615.0 0.0 1.4142135623730951e-05 1.4142135623730951e-05 0.5
2615.0 2617.5 2620.0 0.0 1.4142135623730951e-05 1.4142135623730951e-05 0.5
2620.0 2622.5 2625.0 0.0 1e-05 1e-05 0.5
2625.0 2627.5 2630.0 0.0 1.4142135623730951e-05 1.4142135623730951e-05 0.5
2630.0 2632.5 2635.0 0.0 1.7320508075688774e-05 1.7320508075688774e-05 0.5
2635.0 2637.5 2640.0 0.0 2.23606797749979e-05 2.23606797749979e-05 0.5
2640.0 2642.5 2645.0 0.0 1e-05 1e-05 0.5
2645.0 2647.5 2650.0 0.0 1.7320508075688774e-05 1.7320508075688774e-05 0.5
2650.0 2652.5 2655.0 0.0 2.4494897427831785e-05 2.4494897427831785e-05 0.5
2655.0 2657.5 2660.0 0.0 1.4142135623730951e-05 1.4142135623730951e-05 0.5
2660.0 2662.5 2665.0 0.0 2e-05 2e-05 0.5
2665.0 2667.5 2670.0 0.0 2.23606797749979e-05 2.23606797749979e-05 0.5
2670.0 2672.5 2675.0 0.0 1e-05 1e-05 0.5
2675.0 2677.5 2680.0 0.0 2.4494897427831785e-05 2.4494897427831785e-05 0.5
2680.0 2682.5 2685.0 0.0 2.23606797749979e-05 2.23606797749979e-05 0.5
2685.0 2687.5 2690.0 0.0 1e-05 1e-05 0.5
2690.0 2692.5 2695.0 0.0 1.4142135623730951e-05 1.4142135623730951e-05 0.5
2695.0 2697.5 2700.0 0.0 1.4142135623730951e-05 1.4142135623730951e-05 0.5
2700.0 2702.5 2705.0 0.0 1.4142135623730951e-05 1.4142135623730951e-05 0.5
2705.0 2707.5 2710.0 0.0 1.7320508075688774e-05 1.7320508075688774e-05 0.5
2710.0 2712.5 2715.0 0.0 1.4142135623730951e-05 1.4142135623730951e-05 0.5
2715.0 2717.5 2720.0 0.0 1.7320508075688774e-05 1.7320508075688774e-05 0.5
2720.0 2722.5 2725.0 0.0 1.7320508075688774e-05 1.7320508075688774e-05 0.5
2725.0 2727.5 2730.0 0.0 1e-05 1e-05 0.5
2730.0 2732.5 2735.0 0.0 1.4142135623730951e-05 1.4142135623730951e-05 0.5
2735.0 2737.5 2740.0 0.0 1.4142135623730951e-05 1.4142135623730951e-05 0.5
2740.0 2742.5 2745.0 0.0 1.4142135623730951e-05 1.4142135623730951e-05 0.5
2745.0 2747.5 2750.0 0.0 1e-05 1e-05 0.5
2750.0 2752.5 2755.0 0.0 0.0 0.0 0.5
2755.0 2757.5 2760.0 0.0 1.7320508075688774e-05 1.7320508075688774e-05 0.5
2760.0 2762.5 2765.0 0.0 1.7320508075688774e-05 1.7320508075688774e-05 0.5
2765.0 2767.5 2770.0 0.0 2e-05 2e-05 0.5
2770.0 2772.5 2775.0 0.0 1e-05 1e-05 0.5
2775.0 2777.5 2780.0 0.0 1e-05 1e-05 0.5
2780.0 2782.5 2785.0 0.0 2.23606797749979e-05 2.23606797749979e-05 0.5
2785.0 2787.5 2790.0 0.0 0.0 0.0 0.5
2790.0 2792.5 2795.0 0.0 0.0 0.0 0.5
2795.0 2797.5 2800.0 0.0 1e-05 1e-05 0.5
2800.0 2802.5 2805.0 0.0 1e-05 1e-05 0.5
2805.0 2807.5 2810.0 0.0 2e-05 2e-05 0.5
2810.0 2812.5 2815.0 0.0 1.4142135623730951e-05 1.4142135623730951e-05 0.5
2815.0 2817.5 2820.0 0.0 2e-05 2e-05 0.5
2820.0 2822.5 2825.0 0.0 0.0 0.0 0.5
2825.0 2827.5 2830.0 0.0 1e-05 1e-05 0.5
2830.0 2832.5 2835.0 0.0 0.0 0.0 0.5
2835.0 2837.5 2840.0 0.0 0.0 0.0 0.5
2840.0 2842.5 2845.0 0.0 0.0 0.0 0.5
2845.0 2847.5 2850.0 0.0 1.4142135623730951e-05 1.4142135623730951e-05 0.5
2850.0 2852.5 2855.0 0.0 2e-05 2e-05 0.5
2855.0 2857.5 2860.0 0.0 0.0 0.0 0.5
2860.0 2862.5 2865.0 0.0 1e-05 1e-05 0.5
2865.0 2867.5 2870.0 0.0 1.4142135623730951e-05 1.4142135623730951e-05 0.5
2870.0 2872.5 2875.0 0.0 1.4142135623730951e-05 1.4142135623730951e-05 0.5
2875.0 2877.5 2880.0 0.0 1.4142135623730951e-05 1.4142135623730951e-05 0.5
2880.0 2882.5 2885.0 0.0 0.0 0.0 0.5
2885.0 2887.5 2890.0 0.0 1.4142135623730951e-05 1.4142135623730951e-05 0.5
2890.0 2892.5 2895.0 0.0 1.4142135623730951e-05 1.4142135623730951e-05 0.5
2895.0 2897.5 2900.0 0.0 2e-05 2e-05 0.5
2900.0 2902.5 2905.0 0.0 1e-05 1e-05 0.5
2905.0 2907.5 2910.0 0.0 1e-05 1e-05 0.5
2910.0 2912.5 2915.0 0.0 1.4142135623730951e-05 1.4142135623730951e-05 0.5
2915.0 2917.5 2920.0 0.0 1e-05 1e-05 0.5
2920.0 2922.5 2925.0 0.0 1.7320508075688774e-05 1.7320508075688774e-05 0.5
2925.0 2927.5 2930.0 0.0 0.0 0.0 0.5
2930.0 2932.5 2935.0 0.0 1e-05 1e-05 0.5
2935.0 2937.5 2940.0 0.0 2e-05 2e-05 0.5
2940.0 2942.5 2945.0 0.0 1.4142135623730951e-05 1.4142135623730951e-05 0.5
2945.0 2947.5 2950.0 0.0 1e-05 1e-05 0.5
2950.0 2952.5 2955.0 0.0 1e-05 1e-05 0.5
2955.0 2957.5 2960.0 0.0 1e-05 1e-05 0.5
2960.0 2962.5 2965.0 0.0 0.0 0.0 0.5
2965.0 2967.5 2970.0 0.0 0.0 0.0 0.5
2970.0 2972.5 2975.0 0.0 1e-05 1e-05 0.5
2975.0 2977.5 2980.0 0.0 1e-05 1e-05 0.5
2980.0 2982.5 2985.0 0.0 1e-05 1e-05 0.5
2985.0 2987.5 2990.0 0.0 1e-05 1e-05 0.5
2990.0 2992.5 2995.0 0.0 1.4142135623730951e-05 1.4142135623730951e-05 0.5
2995.0 2997.5 3000.0 0.0 1e-05 1e-05 0.5
3000.0 3002.5 3005.0 0.0 1.7320508075688774e-05 1.7320508075688774e-05 0.5
3005.0 3007.5 3010.0 0.0 1.4142135623730951e-05 1.4142135623730951e-05 0.5
3010.0 3012.5 3015.0 0.0 1e-05 1e-05 0.5
3015.0 3017.5 3020.0 0.0 0.0 0.0 0.5
3020.0 3022.5 3025.0 0.0 1e-05 1e-05 0.5
3025.0 3027.5 3030.0 0.0 1.4142135623730951e-05 1.4142135623730951e-05 0.5
3030.0 3032.5 3035.0 0.0 1.4142135623730951e-05 1.4142135623730951e-05 0.5
3035.0 3037.5 3040.0 0.003164340043440461 1e-05 1e-05 0.5
3040.0 3042.5 3045.0 0.0 1.7320508075688774e-05 1.7320508075688774e-05 0.5
3045.0 3047.5 3050.0 0.003164340043440461 1.7320508075688774e-05 1.7320508075688774e-05 0.5
3050.0 3052.5 3055.0 0.0 1e-05 1e-05 0.5
3055.0 3057.5 3060.0 0.0 1e-05 1e-05 0.5
3060.0 3062.5 3065.0 0.0 0.0 0.0 0.5
3065.0 3067.5 3070.0 0.0 0.0 0.0 0.5
3070.0 3072.5 3075.0 0.0 1.4142135623730951e-05 1.4142135623730951e-05 0.5
3075.0 3077.5 3080.0 0.0 1.4142135623730951e-05 1.4142135623730951e-05 0.5
3080.0 3082.5 3085.0 0.0 0.0 0.0 0.5
3085.0 3087.5 3090.0 0.0 1.4142135623730951e-05 1.4142135623730951e-05 0.5
3090.0 3092.5 3095.0 0.0 1e-05 1e-05 0.5
3095.0 3097.5 3100.0 0.0 1.7320508075688774e-05 1.7320508075688774e-05 0.5
3100.0 3102.5 3105.0 0.0 1e-05 1e-05 0.5
3105.0 3107.5 3110.0 0.0 1.4142135623730951e-05 1.4142135623730951e-05 0.5
3110.0 3112.5 3115.0 0.0 1e-05 1e-05 0.5
3115.0 3117.5 3120.0 0.0 0.0 0.0 0.5
3120.0 3122.5 3125.0 0.0 1e-05 1e-05 0.5
3125.0 3127.5 3130.0 0.0 0.0 0.0 0.5
3130.0 3132.5 3135.0 0.0 1.7320508075688774e-05 1.7320508075688774e-05 0.5
3135.0 3137.5 3140.0 0.0 1e-05 1e-05 0.5
3140.0 3142.5 3145.0 0.0 1.4142135623730951e-05 1.4142135623730951e-05 0.5
3145.0 3147.5 3150.0 0.0 1e-05 1e-05 0.5
3150.0 3152.5 3155.0 0.0 0.0 0.0 0.5
3155.0 3157.5 3160.0 0.0 0.0 0.0 0.5
3160.0 3162.5 3165.0 0.0 1.4142135623730951e-05 1.4142135623730951e-05 0.5
3165.0 3167.5 3170.0 0.0 1.4142135623730951e-05 1.4142135623730951e-05 0.5
3170.0 3172.5 3175.0 0.0 0.0 0.0 0.5
3175.0 3177.5 3180.0 0.0 1e-05 1e-05 0.5
3180.0 3182.5 3185.0 0.0 0.0 0.0 0.5
3185.0 3187.5 3190.0 0.0 1e-05 1e-05 0.5
3190.0 3192.5 3195.0 0.0 1e-05 1e-05 0.5
3195.0 3197.5 3200.0 0.0 1e-05 1e-05 0.5
3200.0 3202.5 3205.0 0.0 1e-05 1e-05 0.5
3205.0 3207.5 3210.0 0.0 1e-05 1e-05 0.5
3210.0 3212.5 3215.0 0.0 1e-05 1e-05 0.5
3215.0 3217.5 3220.0 0.0 1e-05 1e-05 0.5
3220.0 3222.5 3225.0 0.0 1e-05 1e-05 0.5
3225.0 3227.5 3230.0 0.0 1.4142135623730951e-05 1.4142135623730951e-05 0.5
3230.0 3232.5 3235.0 0.0 0.0 0.0 0.5
3235.0 3237.5 3240.0 0.0 0.0 0.0 0.5
3240.0 3242.5 3245.0 0.0 1e-05 1e-05 0.5
3245.0 3247.5 3250.0 0.0 0.0 0.0 0.5
3250.0 3252.5 3255.0 0.0 1.4142135623730951e-05 1.4142135623730951e-05 0.5
3255.0 3257.5 3260.0 0.0 1.7320508075688774e-05 1.7320508075688774e-05 0.5
3260.0 3262.5 3265.0 0.0 1e-05 1e-05 0.5
3265.0 3267.5 3270.0 0.0 1e-05 1e-05 0.5
3270.0 3272.5 3275.0 0.0 1.4142135623730951e-05 1.4142135623730951e-05 0.5
3275.0 3277.5 3280.0 0.0 1.4142135623730951e-05 1.4142135623730951e-05 0.5
3280.0 3282.5 3285.0 0.0 0.0 0.0 0.5
3285.0 3287.5 3290.0 0.0 1e-05 1e-05 0.5
3290.0 3292.5 3295.0 0.0 1.4142135623730951e-05 1.4142135623730951e-05 0.5
3295.0 3297.5 3300.0 0.0 1e-05 1e-05 0.5
3300.0 3302.5 3305.0 0.0 2e-05 2e-05 0.5
3305.0 3307.5 3310.0 0.0 1e-05 1e-05 0.5
3310.0 3312.5 3315.0 0.0 1.4142135623730951e-05 1.4142135623730951e-05 0.5
3315.0 3317.5 3320.0 0.0 1e-05 1e-05 0.5
3320.0 3322.5 3325.0 0.0 0.0 0.0 0.5
3325.0 3327.5 3330.0 0.0 0.0 0.0 0.5
3330.0 3332.5 3335.0 0.0 0.0 0.0 0.5
3335.0 3337.5 3340.0 0.0 0.0 0.0 0.5
3340.0 3342.5 3345.0 0.0 0.0 0.0 0.5
3345.0 3347.5 3350.0 0.0 1e-05 1e-05 0.5
3350.0 3352.5 3355.0 0.0 0.0 0.0 0.5
3355.0 3357.5 3360.0 0.0 1e-05 1e-05 0.5
3360.0 3362.5 3365.0 0.0 1.4142135623730951e-05 1.4142135623730951e-05 0.5
3365.0 3367.5 3370.0 0.0 0.0 0.0 0.5
3370.0 3372.5 3375.0 0.0 0.0 0.0 0.5
3375.0 3377.5 3380.0 0.0 1.7320508075688774e-05 1.7320508075688774e-05 0.5
3380.0 3382.5 3385.0 0.0 1e-05 1e-05 0.5
3385.0 3387.5 3390.0 0.0 0.0 0.0 0.5
3390.0 3392.5 3395.0 0.0 0.0 0.0 0.5
3395.0 3397.5 3400.0 0.0 0.0 0.0 0.5
3400.0 3402.5 3405.0 0.0 0.0 0.0 0.5
3405.0 3407.5 3410.0 0.0 1e-05 1e-05 0.5
3410.0 3412.5 3415.0 0.0 0.0 0.0 0.5
3415.0 3417.5 3420.0 0.0 1e-05 1e-05 0.5
3420.0 3422.5 3425.0 0.0 0.0 0.0 0.5
3425.0 3427.5 3430.0 0.0 1e-05 1e-05 0.5
3430.0 3432.5 3435.0 0.0 1e-05 1e-05 0.5
3435.0 3437.5 3440.0 0.0 1e-05 1e-05 0.5
3440.0 3442.5 3445.0 0.0 0.0 0.0 0.5
3445.0 3447.5 3450.0 0.0 0.0 0.0 0.5
3450.0 3452.5 3455.0 0.0 0.0 0.0 0.5
3455.0 3457.5 3460.0 0.0 1.4142135623730951e-05 1.4142135623730951e-05 0.5
3460.0 3462.5 3465.0 0.0 0.0 0.0 0.5
3465.0 3467.5 3470.0 0.0 1.4142135623730951e-05 1.4142135623730951e-05 0.5
3470.0 3472.5 3475.0 0.0 1e-05 1e-05 0.5
3475.0 3477.5 3480.0 0.0 0.0 0.0 0.5
3480.0 3482.5 3485.0 0.0 0.0 0.0 0.5
3485.0 3487.5 3490.0 0.0 0.0 0.0 0.5
3490.0 3492.5 3495.0 0.0 0.0 0.0 0.5
3495.0 3497.5 3500.0 0.0 1e-05 1e-05 0.5
3500.0 3502.5 3505.0 0.0 0.0 0.0 0.5
3505.0 3507.5 3510.0 0.0 0.0 0.0 0.5
3510.0 3512.5 3515.0 0.0 1e-05 1e-05 0.5
3515.0 3517.5 3520.0 0.0 1.4142135623730951e-05 1.4142135623730951e-05 0.5
3520.0 3522.5 3525.0 0.0 0.0 0.0 0.5
3525.0 3527.5 3530.0 0.0 1e-05 1e-05 0.5
3530.0 3532.5 3535.0 0.0 0.0 0.0 0.5
3535.0 3537.5 3540.0 0.0 0.0 0.0 0.5
3540.0 3542.5 3545.0 0.0 1e-05 1e-05 0.5
3545.0 3547.5 3550.0 0.0 1e-05 1e-05 0.5
3550.0 3552.5 3555.0 0.0 0.0 0.0 0.5
3555.0 3557.5 3560.0 0.0 1e-05 1e-05 0.5
3560.0 3562.5 3565.0 0.0 1.4142135623730951e-05 1.4142135623730951e-05 0.5
3565.0 3567.5 3570.0 0.0 0.0 0.0 0.5
3570.0 3572.5 3575.0 0.0 0.0 0.0 0.5
3575.0 3577.5 3580.0 0.0 1e-05 1e-05 0.5
3580.0 3582.5 3585.0 0.0 0.0 0.0 0.5
3585.0 3587.5 3590.0 0.0 0.0 0.0 0.5
3590.0 3592.5 3595.0 0.0 1.7320508075688774e-05 1.7320508075688774e-05 0.5
3595.0 3597.5 3600.0 0.0 1.4142135623730951e-05 1.4142135623730951e-05 0.5
3600.0 3602.5 3605.0 0.0 0.0 0.0 0.5
3605.0 3607.5 3610.0 0.0 1.4142135623730951e-05 1.4142135623730951e-05 0.5
3610.0 3612.5 3615.0 0.0 1e-05 1e-05 0.5
3615.0 3617.5 3620.0 0.0 1e-05 1e-05 0.5
3620.0 3622.5 3625.0 0.0 0.0 0.0 0.5
3625.0 3627.5 3630.0 0.0 0.0 0.0 0.5
3630.0 3632.5 3635.0 0.0 0.0 0.0 0.5
3635.0 3637.5 3640.0 0.0 0.0 0.0 0.5
3640.0 3642.5 3645.0 0.0 1e-05 1e-05 0.5
3645.0 3647.5 3650.0 0.0 1e-05 1e-05 0.5
3650.0 3652.5 3655.0 0.0 0.0 0.0 0.5
3655.0 3657.5 3660.0 0.0 0.0 0.0 0.5
3660.0 3662.5 3665.0 0.0 0.0 0.0 0.5
3665.0 3667.5 3670.0 0.0 0.0 0.0 0.5
3670.0 3672.5 3675.0 0.0 0.0 0.0 0.5
3675.0 3677.5 3680.0 0.0 0.0 0.0 0.5
3680.0 3682.5 3685.0 0.0 1e-05 1e-05 0.5
3685.0 3687.5 3690.0 0.0 1e-05 1e-05 0.5
3690.0 3692.5 3695.0 0.0 0.0 0.0 0.5
3695.0 3697.5 3700.0 0.0 0.0 0.0 0.5
3700.0 3702.5 3705.0 0.0 0.0 0.0 0.5
3705.0 3707.5 3710.0 0.0 0.0 0.0 0.5
3710.0 3712.5 3715.0 0.0 0.0 0.0 0.5
3715.0 3717.5 3720.0 0.0 0.0 0.0 0.5
3720.0 3722.5 3725.0 0.0 0.0 0.0 0.5
3725.0 3727.5 3730.0 0.0 0.0 0.0 0.5
3730.0 3732.5 3735.0 0.0 0.0 0.0 0.5
3735.0 3737.5 3740.0 0.0 0.0 0.0 0.5
3740.0 3742.5 3745.0 0.0 0.0 0.0 0.5
3745.0 3747.5 3750.0 0.0 0.0 0.0 0.5
3750.0 3752.5 3755.0 0.0 1e-05 1e-05 0.5
3755.0 3757.5 3760.0 0.0 1e-05 1e-05 0.5
3760.0 3762.5 3765.0 0.0 1e-05 1e-05 0.5
3765.0 3767.5 3770.0 0.0 1e-05 1e-05 0.5
3770.0 3772.5 3775.0 0.0 1.7320508075688774e-05 1.7320508075688774e-05 0.5
3775.0 3777.5 3780.0 0.0 1e-05 1e-05 0.5
3780.0 3782.5 3785.0 0.0 1.4142135623730951e-05 1.4142135623730951e-05 0.5
3785.0 3787.5 3790.0 0.0 1e-05 1e-05 0.5
3790.0 3792.5 3795.0 0.0 0.0 0.0 0.5
3795.0 3797.5 3800.0 0.0 0.0 0.0 0.5
3800.0 3802.5 3805.0 0.0 1.7320508075688774e-05 1.7320508075688774e-05 0.5
3805.0 3807.5 3810.0 0.0 1e-05 1e-05 0.5
3810.0 3812.5 3815.0 0.0 1e-05 1e-05 0.5
3815.0 3817.5 3820.0 0.0 0.0 0.0 0.5
3820.0 3822.5 3825.0 0.0 1e-05 1e-05 0.5
3825.0 3827.5 3830.0 0.0 0.0 0.0 0.5
3830.0 3832.5 3835.0 0.0 1.4142135623730951e-05 1.4142135623730951e-05 0.5
3835.0 3837.5 3840.0 0.0 0.0 0.0 0.5
3840.0 3842.5 3845.0 0.0 0.0 0.0 0.5
3845.0 3847.5 3850.0 0.0 0.0 0.0 0.5
3850.0 3852.5 3855.0 0.0 0.0 0.0 0.5
3855.0 3857.5 3860.0 0.0 1e-05 1e-05 0.5
3860.0 3862.5 3865.0 0.0 1.4142135623730951e-05 1.4142135623730951e-05 0.5
3865.0 3867.5 3870.0 0.0 0.0 0.0 0.5
3870.0 3872.5 3875.0 0.0 1e-05 1e-05 0.5
3875.0 3877.5 3880.0 0.0 1e-05 1e-05 0.5
3880.0 3882.5 3885.0 0.0 0.0 0.0 0.5
3885.0 3887.5 3890.0 0.0 0.0 0.0 0.5
3890.0 3892.5 3895.0 0.0 1.7320508075688774e-05 1.7320508075688774e-05 0.5
3895.0 3897.5 3900.0 0.0 0.0 0.0 0.5
3900.0 3902.5 3905.0 0.0 1e-05 1e-05 0.5
3905.0 3907.5 3910.0 0.0 0.0 0.0 0.5
3910.0 3912.5 3915.0 0.0 1e-05 1e-05 0.5
3915.0 3917.5 3920.0 0.0 0.0 0.0 0.5
3920.0 3922.5 3925.0 0.0 1e-05 1e-05 0.5
3925.0 3927.5 3930.0 0.0 0.0 0.0 0.5
3930.0 3932.5 3935.0 0.0 0.0 0.0 0.5
3935.0 3937.5 3940.0 0.0 0.0 0.0 0.5
3940.0 3942.5 3945.0 0.0 0.0 0.0 0.5
3945.0 3947.5 3950.0 0.0 1.4142135623730951e-05 1.4142135623730951e-05 0.5
3950.0 3952.5 3955.0 0.0 1e-05 1e-05 0.5
3955.0 3957.5 3960.0 0.0 0.0 0.0 0.5
3960.0 3962.5 3965.0 0.0 1e-05 1e-05 0.5
3965.0 3967.5 3970.0 0.0 1e-05 1e-05 0.5
3970.0 3972.5 3975.0 0.0 1e-05 1e-05 0.5
3975.0 3977.5 3980.0 0.0 0.0 0.0 0.5
3980.0 3982.5 3985.0 0.0 0.0 0.0 0.5
3985.0 3987.5 3990.0 0.0 0.0 0.0 0.5
3990.0 3992.5 3995.0 0.0 1e-05 1e-05 0.5
3995.0 3997.5 4000.0 0.0 0.0 0.0 0.5
4000.0 4002.5 4005.0 0.0 1e-05 1e-05 0.5
