Bins 	 Weights 
-0.0075 	 0.0 
0.0075 	 0.0036441773267277926 
0.0225 	 0.11858465241686737 
0.0375 	 2.274699063437487 
0.0525 	 3.975092560316052 
0.0675 	 3.6152666698796496 
0.0825 	 2.9336002282318208 
0.0975 	 2.430831327419684 
0.1125 	 2.0615085004304516 
0.1275 	 1.7474511114940283 
0.1425 	 1.4778624514311418 
0.1575 	 1.2690539789932536 
0.1725 	 1.1234980130121406 
0.1875 	 1.0139055177259828 
0.2025 	 0.9269768620116267 
0.2175 	 0.8633488656849904 
0.2325 	 0.8102858201380967 
0.2475 	 0.7648374478220378 
0.2625 	 0.7281298744912044 
0.2775 	 0.6955165849336629 
0.2925 	 0.6668954541573359 
0.3075 	 0.6393959790179011 
0.3225 	 0.6156053259813242 
0.3375 	 0.5956001747554612 
0.3525 	 0.577211142932846 
0.3675 	 0.5587966658260095 
0.3825 	 0.5415674575666188 
0.3975 	 0.524286671028401 
0.4125 	 0.5110004502577429 
0.4275 	 0.49832766714993454 
0.4425 	 0.48654443742429687 
0.4575 	 0.4734841295149012 
0.4725 	 0.4631815402467923 
0.4875 	 0.45204854068956773 
0.5025 	 0.4402140765402952 
0.5175 	 0.5418026545180702 
0.5325 	 0.41528870136952295 
0.5475 	 0.40677828536305827 
0.5625 	 0.39912234950916187 
0.5775 	 0.3914825748492979 
0.5925 	 0.38267850650871116 
0.6075 	 0.37475401974972183 
0.6225 	 0.36861964312122364 
0.6375 	 0.3622524765276193 
0.6525 	 0.35478703645019083 
0.6675 	 0.34894975070773654 
0.6825 	 0.343918461535753 
0.6975 	 0.3379405390196969 
0.7125 	 0.3326365726803144 
0.7275 	 0.32792094257475246 
0.7425 	 0.3216338942409262 
0.7575 	 0.31686840513249814 
0.7725 	 0.31164386934250926 
0.7875 	 0.3072280809645287 
0.8025 	 0.3006415347583133 
0.8175 	 0.29700079598350726 
0.8325 	 0.2935739351382375 
0.8475 	 0.28946796028841143 
0.8625 	 0.2866328742288841 
0.8775 	 0.2817023346282095 
0.8925 	 0.277810925418304 
0.9075 	 0.28562537851579556 
0.9225 	 0.2685577821967296 
0.9375 	 0.2649191065530767 
0.9525 	 0.2622428815923367 
0.9675 	 0.270024324591379 
0.9825 	 0.2524859905142181 
0.9975 	 0.24845016212359686 
1.0125 	 0.2461944720628935 
1.0275 	 0.24396800969352544 
1.0425 	 0.24166177291957155 
1.0575 	 0.23979120067411022 
1.0725 	 0.23783156993387417 
1.0875 	 0.23454500200701398 
1.1025 	 0.23199806659853384 
1.1175 	 0.23046894255890762 
1.1325 	 0.22715039609917467 
1.1475 	 0.22566562937933973 
1.1625 	 0.22242960816573007 
1.1775 	 0.22022721565981465 
1.1925 	 0.21778309295379641 
1.2075 	 0.21602702448733116 
1.2225 	 0.2146742981612935 
1.2375 	 0.2121755024797186 
1.2525 	 0.21308534331822793 
1.2675 	 0.20753930292355038 
1.2825 	 0.20855883356836524 
1.2975 	 0.20453779095100774 
1.3125 	 0.20271088831495332 
1.3275 	 0.20159301508517485 
1.3425 	 0.19969424671395475 
1.3575 	 0.19943807459578033 
1.3725 	 0.19647816910149152 
1.3875 	 0.19576432572252503 
1.4025 	 0.19410556827544684 
1.4175 	 0.1925121433148829 
1.4325 	 0.1920420932671723 
1.4475 	 0.1890402374394375 
1.4625 	 0.19188391987876932 
1.4775 	 0.18511719355185138 
1.4925 	 0.18753380784249518 
1.5075 	 0.1874227426154209 
1.5225 	 0.1809434792291658 
1.5375 	 0.1802378883748116 
1.5525 	 0.1781671924075013 
1.5675 	 0.17687979856797792 
1.5825 	 0.20348662562851227 
1.5975 	 0.17235707122522922 
1.6125 	 0.17127977290812807 
1.6275 	 0.20074266119491274 
1.6425 	 0.17052432305090773 
1.6575 	 0.1655043811002662 
1.6725 	 0.16531250990302954 
1.6875 	 0.1637545020272602 
1.7025 	 0.16173504048358475 
1.7175 	 0.15950892196940888 
1.7325 	 0.1607523023443332 
1.7475 	 0.15853271707880875 
1.7625 	 0.15729311911099844 
1.7775 	 0.15748774114977254 
1.7925 	 0.155975122159371 
1.8075 	 0.15560960409008323 
1.8225 	 0.15441814584917818 
1.8375 	 0.15398248132068562 
1.8525 	 0.15318026715732877 
1.8675 	 0.1513158843053267 
1.8825 	 0.1524169086306883 
1.8975 	 0.1495213040573372 
1.9125 	 0.14861249478440444 
1.9275 	 0.14855128856019634 
1.9425 	 0.14729931180546754 
1.9575 	 0.1473048134885424 
1.9725 	 0.14526059437102998 
1.9875 	 0.14431568030291828 
2.0025 	 0.144145471982789 
2.0175 	 0.14174708201733074 
2.0325 	 0.14344607052189406 
2.0475 	 0.14216486607582993 
2.0625 	 0.14095793435127674 
2.0775 	 0.14139738128688328 
2.0925 	 0.1400467180919987 
2.1075 	 0.13928267185497387 
2.1225 	 0.1397644129792186 
2.1375 	 0.13882190589745216 
2.1525 	 0.13725908404899226 
2.1675 	 0.13853925692947988 
2.1825 	 0.13779446658321715 
2.1975 	 0.13587059678296784 
2.2125 	 0.13685642961894903 
2.2275 	 0.13459042390248024 
2.2425 	 0.13597100249908453 
2.2575 	 0.13479089147952142 
2.2725 	 0.13308949598861283 
2.2875 	 0.13182273346062026 
2.3025 	 0.13404300643652906 
2.3175 	 0.13221128982778413 
2.3325 	 0.1314506821426811 
2.3475 	 0.13031011447021873 
2.3625 	 0.13006047560069578 
2.3775 	 0.1288005901765468 
2.3925 	 0.1286905565150491 
2.4075 	 0.1303651313009676 
2.4225 	 0.1284061882711159 
2.4375 	 0.12849937302819678 
2.4525 	 0.1282167240602245 
2.4675 	 0.12683201920131407 
2.4825 	 0.1303864503228828 
2.4975 	 0.12303241932772074 
2.5125 	 0.12615393676233433 
2.5275 	 0.12337696223028549 
2.5425 	 0.12232786003894311 
2.5575 	 0.12622924104942185 
2.5725 	 0.1234873397469754 
2.5875 	 0.1241640467651864 
2.6025 	 0.1212426530524218 
2.6175 	 3.4053379172256375 
2.6325 	 0.0009682962211799834 
2.6475 	 0.0009060584313953325 
2.6625 	 0.0008720167673694737 
2.6775 	 0.0008847394094801482 
2.6925 	 0.0008376312481514345 
2.7075 	 0.0008912726581315756 
2.7225 	 0.0008637642427571443 
2.7375 	 0.0008190630677736933 
2.7525 	 0.0008314418546921874 
2.7675 	 0.0008300664339234659 
2.7825 	 0.0008280033027703835 
2.7975 	 0.0008630765323727835 
2.8125 	 0.0010212499207757637 
2.8275 	 0.0007870845349009169 
2.8425 	 0.0008451960623794031 
2.8575 	 0.0008778623056365404 
2.8725 	 0.0009418193713820933 
2.8875 	 0.0007540744364515992 
2.9025 	 0.0008613572564118815 
2.9175 	 0.0007667970785622738 
2.9325 	 0.0007764250239433247 
2.9475 	 0.000796024769897607 
2.9625 	 0.0008548240077604541 
2.9775 	 0.0007200327724257405 
2.9925 	 0.000756481422796862 
3.0075 	 0.0007375693872269405 
3.0225 	 0.0007018084472401797 
3.0375 	 0.0007726426168293405 
3.0525 	 0.0007540744364515992 
3.0675 	 0.0007557937124125012 
3.0825 	 0.0008341926962296306 
3.0975 	 0.0007722987616371601 
3.1125 	 0.0006935559226278503 
3.1275 	 0.0008524170214151913 
3.1425 	 0.0007753934583667835 
3.1575 	 0.0007822705622103914 
3.1725 	 0.0007609515402952071 
3.1875 	 0.0007451342014549091 
3.2025 	 0.0010305340109646344 
3.2175 	 0.0007372255320347601 
3.2325 	 0.0008458837727637639 
3.2475 	 0.0006883980947451445 
3.2625 	 0.0006684544935986818 
3.2775 	 0.0006887419499373249 
3.2925 	 0.0007554498572203208 
3.3075 	 0.0007760811687511443 
3.3225 	 0.0007172819308882974 
3.3375 	 0.0009476649096491599 
3.3525 	 0.0007540744364515992 
3.3675 	 0.000766109368177913 
3.3825 	 0.0008489784694933874 
3.3975 	 0.0006423214989929719 
3.4125 	 0.0007447903462627287 
3.4275 	 0.000673956176673568 
3.4425 	 0.0006547002859114661 
3.4575 	 0.0006894296603216857 
3.4725 	 0.0013489439189236772 
3.4875 	 0.0006595142586019915 
3.5025 	 0.0006760193078266504 
3.5175 	 0.000656419561872368 
3.5325 	 0.0006825525564780778 
3.5475 	 0.0006419776438007915 
3.5625 	 0.0006103429661201955 
3.5775 	 0.0006179077803481641 
3.5925 	 0.0006364759607259053 
3.6075 	 0.0006701737695595836 
3.6225 	 0.0006505740236053013 
3.6375 	 0.0006351005399571837 
3.6525 	 0.0007496043189532542 
3.6675 	 0.0006987137505105562 
3.6825 	 0.0006254725945761328 
3.6975 	 0.0006443846301460543 
3.7125 	 0.0010140289617399756 
3.7275 	 0.0007568252779890424 
3.7425 	 0.0006024342967000465 
3.7575 	 0.0007640462370248306 
3.7725 	 0.0006044974278531289 
3.7875 	 0.000599339599970423 
3.8025 	 0.0006712053351361248 
3.8175 	 0.0006096552557358347 
3.8325 	 0.0006261603049604936 
3.8475 	 0.0005952133376642582 
3.8625 	 0.0006199709115012465 
3.8775 	 0.0006471354716834975 
3.8925 	 0.0006010588759313249 
3.9075 	 0.0006306304224588386 
3.9225 	 0.000548449031527725 
3.9375 	 0.0007317238489598739 
3.9525 	 0.0010858946969056775 
3.9675 	 0.0016037406163293476 
3.9825 	 0.0008524170214151913 
3.9975 	 0.001619901810361826 
4.0125 	 0.0010129973961634344 
4.0275 	 0.0007575129883734032 
4.0425 	 0.000615156938810721 
4.0575 	 0.0005776767228630583 
4.0725 	 0.0005102811051957014 
4.0875 	 0.0005230037473063759 
4.1025 	 0.0005701119086350897 
4.1175 	 0.00064060222303207 
4.1325 	 0.0006161885043872621 
4.1475 	 0.0006155007940029013 
4.1625 	 0.0006161885043872621 
4.1775 	 0.0006636405209081562 
4.1925 	 0.0009263458877339756 
4.2075 	 0.0005780205780552387 
4.2225 	 0.0006880542395529641 
4.2375 	 0.0004669553509809721 
4.2525 	 0.0005986518895860622 
4.2675 	 0.0004758955859776623 
4.2825 	 0.0005866169578597484 
4.2975 	 0.0005718311845959916 
4.3125 	 0.0006859911083998817 
4.3275 	 0.0005945256272798974 
4.3425 	 0.0005281615751890819 
4.3575 	 0.0006416337886086112 
4.3725 	 0.0007568252779890424 
4.3875 	 0.0008555117181448149 
4.4025 	 0.0006240971738074112 
4.4175 	 0.0005831784059379446 
4.4325 	 0.000499277739045929 
4.4475 	 0.0005525752938338896 
4.4625 	 0.001032940997309897 
4.4775 	 0.0006089675453514739 
4.4925 	 0.0005240353128829171 
4.5075 	 0.0005790521436317798 
4.5225 	 0.0005807714195926818 
4.5375 	 0.000999587043668399 
4.5525 	 0.0007530428708750581 
4.5675 	 0.0005769890124786975 
4.5825 	 0.0008644519531415051 
4.5975 	 0.0006082798349671131 
4.6125 	 0.000537101810185772 
4.6275 	 0.0005522314386417093 
4.6425 	 0.0006117183868889171 
4.6575 	 0.0007451342014549091 
4.6725 	 0.0005381333757623132 
4.6875 	 0.00046833077174969365 
4.7025 	 0.0005367579549935916 
4.7175 	 0.0005429473484528387 
4.7325 	 0.0005209406161532937 
4.7475 	 0.0004948076215475838 
4.7625 	 0.0005040917117364544 
4.7775 	 0.0006787701493640934 
4.7925 	 0.0006715491903283052 
4.8075 	 0.00047830257232292506 
4.8225 	 0.0005670172119054661 
4.8375 	 0.0004184717688835369 
4.8525 	 0.0006457600509147759 
4.8675 	 0.0005429473484528387 
4.8825 	 0.0004758955859776623 
4.8975 	 0.00047073775809495643 
4.9125 	 0.000707310130315066 
4.9275 	 0.000554638424986972 
4.9425 	 0.0006117183868889171 
4.9575 	 0.000538821086146674 
4.9725 	 0.00041331394100083097 
4.9875 	 0.0006571072722567288 
5.0025 	 0.0004645483646357094 
5.0175 	 0.0006522932995662033 
5.0325 	 0.0005367579549935916 
5.0475 	 0.00040987538907902705 
5.0625 	 0.00041090695465556825 
5.0775 	 0.000537101810185772 
5.0925 	 0.0007509797397219758 
5.1075 	 0.00045148186733285446 
5.1225 	 0.0005250668784594583 
5.1375 	 0.0011360975549640146 
5.1525 	 0.00038443010485767805 
5.1675 	 0.00048208497943690937 
5.1825 	 0.00042741200388022704 
5.1975 	 0.0004542327088702976 
5.2125 	 0.0004205349000366192 
5.2275 	 0.0004435731979127055 
5.2425 	 0.00041056309946338785 
5.2575 	 0.00040162286446669763 
5.2725 	 0.00043875922522218 
5.2875 	 0.00047039390290277603 
5.3025 	 0.0004600782471373643 
5.3175 	 0.00044907488098759173 
5.3325 	 0.0004470117498345094 
5.3475 	 0.0007093732614681484 
5.3625 	 0.0005264422992281799 
5.3775 	 0.0004377276596456388 
5.3925 	 0.00044804331541105054 
5.4075 	 0.0004628290886748074 
5.4225 	 0.0005776767228630583 
5.4375 	 0.0004614536679060858 
5.4525 	 0.00041021924427120745 
5.4675 	 0.0004177840584991761 
5.4825 	 0.0004040298508119604 
5.4975 	 0.0005013408701990113 
5.5125 	 0.00040368599561978 
5.5275 	 0.0005236914576907367 
5.5425 	 0.0003961211813918114 
5.5575 	 0.0004813972690525486 
5.5725 	 0.0006313181328431994 
5.5875 	 0.0006526371547583837 
5.6025 	 0.000666047507253419 
5.6175 	 0.0008978059067830031 
5.6325 	 0.0006333812639962818 
5.6475 	 0.0007857091141321953 
5.6625 	 0.000487930517703976 
5.6775 	 0.0004941199111632231 
5.6925 	 0.0007269098762693483 
5.7075 	 0.00042981899022548976 
5.7225 	 0.0004934322007788623 
5.7375 	 0.0006632966657159758 
5.7525 	 0.0005147512226940466 
5.7675 	 0.00039233877427782707 
5.7825 	 0.0004899936488570583 
5.7975 	 0.0008087474120082816 
5.8125 	 0.0005539507146026112 
5.8275 	 0.0004384153700299996 
5.8425 	 0.0005738943157490739 
5.8575 	 0.0005412280724919368 
5.8725 	 0.0005735504605568935 
5.8875 	 0.0007100609718525092 
5.9025 	 0.0003999035885057957 
5.9175 	 0.000673956176673568 
5.9325 	 0.0005192213401923917 
5.9475 	 0.0007258783106928071 
5.9625 	 0.0004332575421472937 
5.9775 	 0.0007939616387445248 
5.9925 	 0.0009033075898578893 
6.0075 	 0.0004504503017563133 
6.0225 	 0.0007203766276179209 
6.0375 	 0.0006828964116702582 
6.0525 	 0.0005264422992281799 
6.0675 	 0.0005776767228630583 
6.0825 	 0.0005260984440359995 
6.0975 	 0.0005776767228630583 
6.1125 	 0.00041125080984774864 
6.1275 	 0.0004184717688835369 
6.1425 	 0.0006017465863156857 
6.1575 	 0.0004243173071506035 
6.1725 	 0.00029984172758130165 
6.1875 	 0.00043256983176293294 
6.2025 	 0.0004996215942381094 
6.2175 	 0.0004260365831115055 
6.2325 	 0.00036654963486429767 
6.2475 	 0.0005271300096125407 
6.2625 	 0.00036792505563301925 
6.2775 	 0.0004920567800101407 
6.2925 	 0.00042809971426458783 
6.3075 	 0.0003737705939000859 
6.3225 	 0.0005601401080618583 
6.3375 	 0.0005756135917099759 
6.3525 	 0.00043188212137857215 
6.3675 	 0.0004604221023295447 
6.3825 	 0.0008372873929592541 
6.3975 	 0.0005391649413388544 
6.4125 	 0.0004250050175349643 
6.4275 	 0.0007124679581977718 
6.4425 	 0.0004762394411698427 
6.4575 	 0.0003497007304474585 
6.4725 	 0.0006725807559048464 
6.4875 	 0.00039096335350910554 
6.5025 	 0.0005505121626808074 
6.5175 	 0.00042638043830368585 
6.5325 	 0.00032666243257137225 
6.5475 	 0.0003999035885057957 
6.5625 	 0.0003500445856396389 
6.5775 	 0.0006113745316967367 
6.5925 	 0.0006667352176377798 
6.6075 	 0.0005285054303812623 
6.6225 	 0.0003913072087012859 
6.6375 	 0.00034213591621948985 
6.6525 	 0.0003032802795031056 
6.6675 	 0.00045698355040774076 
6.6825 	 0.0006130938076576387 
6.6975 	 0.00036723734524865846 
6.7125 	 0.00036311108294249375 
6.7275 	 0.00034591832333347416 
6.7425 	 0.0003235677358417487 
6.7575 	 0.00036826891082519965 
6.7725 	 0.000344886757756933 
6.7875 	 0.0003610479517894114 
6.8025 	 0.0003500445856396389 
6.8175 	 0.0002864313750862664 
6.8325 	 0.0002905576373924311 
6.8475 	 0.0003404166402585879 
6.8625 	 0.0003393850746820467 
6.8775 	 0.00047452016520894074 
6.8925 	 0.0007220959035788228 
6.9075 	 0.0010996489045928932 
6.9225 	 0.00031772219757468203 
6.9375 	 0.00040540527158068195 
6.9525 	 0.0005364140998014113 
6.9675 	 0.0006385390918789876 
6.9825 	 0.0005209406161532937 
6.9975 	 0.0003146275008450585 
7.0125 	 0.0009046830106266109 
7.0275 	 0.0006894296603216857 
7.0425 	 0.0006770508734031915 
7.0575 	 0.0005357263894170505 
7.0725 	 0.00032906941891663497 
7.0875 	 0.00027921041605047815 
7.1025 	 0.0005195651953845721 
7.1175 	 0.0005271300096125407 
7.1325 	 0.0006516055891818425 
7.1475 	 0.0003754898698609879 
7.1625 	 0.00036861276601738005 
7.1775 	 0.0005972764688173406 
7.1925 	 0.00043153826618639175 
7.2075 	 0.0005711434742116309 
7.2225 	 0.0005608278184462191 
7.2375 	 0.00045251343290939565 
7.2525 	 0.0005470736107590034 
7.2675 	 0.0006330374088041014 
7.2825 	 0.0006179077803481641 
7.2975 	 0.00043119441099421135 
7.3125 	 0.0003325079708384389 
7.3275 	 0.0007420395047252855 
7.3425 	 0.0005377895205701328 
7.3575 	 0.0005965887584329798 
7.3725 	 0.0008534485869917325 
7.3875 	 0.0004408223563752623 
7.4025 	 0.000844164496802862 
7.4175 	 0.0008998690379360855 
7.4325 	 0.0014899245477176378 
7.4475 	 0.0005498244522964466 
7.4625 	 0.0008187192125815129 
7.4775 	 0.0007289730074224307 
7.4925 	 0.00036861276601738005 
7.5075 	 0.0004789902827072858 
7.5225 	 0.0004222541759975212 
7.5375 	 0.0005928063513189955 
7.5525 	 0.0006027781518922269 
7.5675 	 0.0003820231185124153 
7.5825 	 0.0012430365197321164 
7.5975 	 0.0007038715783932621 
7.6125 	 0.0007386009528034817 
7.6275 	 0.003231207240919142 
7.6425 	 0.0012217174978169322 
7.6575 	 0.0012420049541555752 
7.6725 	 0.0008304102891156463 
7.6875 	 0.0011446939347685243 
7.7025 	 0.001550786916733567 
7.7175 	 0.0006674229280221406 
7.7325 	 0.000752011305298517 
7.7475 	 0.0015476922200039437 
7.7625 	 0.001525341632512218 
7.7775 	 0.0010728281996028226 
7.7925 	 0.0011973037791721244 
7.8075 	 0.0013860802796791594 
7.8225 	 0.001422528930050281 
7.8375 	 0.0006258164497683132 
7.8525 	 0.0019940162594540923 
7.8675 	 0.0018145238491359278 
7.8825 	 0.0011481324866903283 
7.8975 	 0.0009813627184828383 
7.9125 	 0.0016119931409416769 
7.9275 	 0.0007612953954873875 
7.9425 	 0.0006670790728299602 
7.9575 	 0.001576919911339277 
7.9725 	 0.0007224397587710032 
7.9875 	 0.000839006668920156 
8.0025 	 0.0010999927597850736 
8.0175 	 0.0010253761830819285 
8.0325 	 0.0006526371547583837 
8.0475 	 0.0013221232139336066 
8.0625 	 0.0016501610672737003 
8.0775 	 0.001452444331769975 
8.0925 	 0.0012169035251264066 
8.1075 	 0.0014435040967732849 
8.1225 	 0.0003414482058351291 
8.1375 	 0.0004989338838537486 
8.1525 	 0.00036930047640174084 
8.1675 	 0.0004504503017563133 
8.1825 	 0.0005670172119054661 
8.1975 	 0.0004401346459909015 
8.2125 	 0.00028711908547062717 
8.2275 	 0.0005701119086350897 
8.2425 	 0.0007987756114350502 
8.2575 	 0.0008214700541189561 
8.2725 	 0.000397496602160533 
8.2875 	 0.0005859292474753876 
8.3025 	 0.00030809425219363107 
8.3175 	 0.00030671883142490954 
8.3325 	 0.00030018558277348205 
8.3475 	 0.0006736123214813876 
8.3625 	 0.00015886109878734101 
8.3775 	 0.0012151842491655046 
8.3925 	 0.0002994978723891213 
8.4075 	 0.0005095933948113407 
8.4225 	 0.0006866788187842425 
8.4375 	 0.0002231620197250743 
8.4525 	 0.00011794233091787439 
8.4675 	 0.00019702902511936453 
8.4825 	 0.0003239115910339291 
8.4975 	 0.0002723333122068703 
8.5125 	 0.0002145656399205645 
8.5275 	 0.00026132994605709776 
8.5425 	 0.0007808951414416699 
8.5575 	 0.00017295916166673708 
8.5725 	 0.00030362413469528596 
8.5875 	 0.00010762667515246264 
8.6025 	 0.00016539434743876848 
8.6175 	 0.0002688947602850664 
8.6325 	 0.0005326316926874269 
8.6475 	 0.0005164704986549485 
8.6625 	 0.0007726426168293405 
8.6775 	 0.00024585646240898016 
8.6925 	 0.00032666243257137225 
8.7075 	 0.00017020832012929396 
8.7225 	 0.0001853379485852312 
8.7375 	 0.00041193852023210944 
8.7525 	 0.0005305685615343446 
8.7675 	 0.00034282362660385064 
8.7825 	 0.000293996189314235 
8.7975 	 0.0001048758336150195 
8.8125 	 0.00022556900607033703 
8.8275 	 0.00010728281996028226 
8.8425 	 8.4244522084196e-05 
8.8575 	 0.0003995597333136153 
8.8725 	 0.00022556900607033703 
8.8875 	 0.00023003912356868214 
8.9025 	 5.570454113322348e-05 
8.9175 	 0.00017467843762763904 
8.9325 	 0.00011725462053351361 
8.9475 	 7.117802478134111e-05 
8.9625 	 3.8511781524203884e-05 
8.9775 	 0.0007396325183800229 
8.9925 	 2.0287456338643116e-05 
9.0075 	 4.8139726905254855e-05 
9.0225 	 8.080597016239208e-05 
9.0375 	 0.00011759847572569401 
9.0525 	 0.00019668516992718413 
9.0675 	 3.197853287277644e-05 
9.0825 	 1.547348364811763e-05 
9.0975 	 8.218139093111364e-05 
9.1125 	 0.00011794233091787439 
9.1275 	 0.00036654963486429767 
9.1425 	 2.200673229954508e-05 
9.1575 	 0.0001224124484162195 
9.1725 	 6.120622420810974e-05 
9.1875 	 0.00013307195937381164 
9.2025 	 0.00012310015880058028 
9.2175 	 0.00018774493493049394 
9.2325 	 0.00018224325185560767 
9.2475 	 6.361321055337248e-05 
9.2625 	 0.00016264350590132533 
9.2775 	 3.163467768059605e-05 
9.2925 	 4.332575421472937e-05 
9.3075 	 3.404166402585879e-05 
9.3225 	 0.0005126880915409642 
9.3375 	 1.5817338840298025e-05 
9.3525 	 8.355681169983522e-05 
9.3675 	 1.4098062879396064e-05 
9.3825 	 6.051851382374896e-05 
9.3975 	 3.301009844931762e-05 
9.4125 	 7.908669420149012e-06 
9.4275 	 5.845538267066661e-06 
9.4425 	 0.00012928955225982732 
9.4575 	 5.0202858058337204e-05 
9.4725 	 9.765487457923129e-05 
9.4875 	 3.78240711398431e-05 
9.5025 	 0.00011759847572569401 
9.5175 	 1.3754207687215672e-05 
9.5325 	 9.284090188870579e-06 
9.5475 	 5.501683074886269e-05 
9.5625 	 1.9943601146462726e-05 
9.5775 	 2.7164560182250954e-05 
9.5925 	 1.8568180377741158e-05 
9.6075 	 2.269444268390586e-05 
9.6225 	 0.00013307195937381164 
9.6375 	 0.0001471700222532077 
9.6525 	 1.7880469993380374e-05 
9.6675 	 2.3382153068266643e-05 
9.6825 	 0.00024138634491063506 
9.6975 	 7.667970785622738e-05 
9.7125 	 7.56481422796862e-05 
9.7275 	 3.129082248841566e-05 
9.7425 	 6.533248651427444e-05 
9.7575 	 2.3038297876086253e-05 
9.7725 	 2.4069863452627427e-05 
9.7875 	 9.284090188870579e-05 
9.8025 	 6.051851382374896e-05 
9.8175 	 8.527608766073718e-05 
9.8325 	 4.676430613653329e-05 
9.8475 	 0.00020046757704116845 
9.8625 	 8.940234996690187e-06 
9.8775 	 0.00021559720549710568 
9.8925 	 0.0001217247380318587 
9.9075 	 0.0003160029216137801 
9.9225 	 3.541708479458036e-05 
9.9375 	 6.877103843607836e-06 
9.9525 	 1.3410352495035282e-05 
9.9675 	 2.613299460570978e-05 
9.9825 	 9.112162592780383e-05 
9.9975 	 0.0001640189266700469 
10.0125 	 0.00012103702764749793 
10.0275 	 0.00011863004130223519 
10.0425 	 7.839898381712934e-05 
10.0575 	 5.295369959578034e-05 
10.0725 	 9.284090188870579e-06 
10.0875 	 0.00011347221341952931 
10.1025 	 0.00028127354720356053 
10.1175 	 0.0002111270879987606 
10.1325 	 2.200673229954508e-05 
10.1475 	 0.00016505049224658808 
10.1625 	 2.3038297876086253e-05 
10.1775 	 2.5789139413529386e-05 
10.1925 	 2.5789139413529386e-05 
10.2075 	 4.504503017563133e-05 
10.2225 	 7.908669420149012e-06 
10.2375 	 4.126262306164702e-06 
10.2525 	 5.845538267066661e-06 
10.2675 	 9.284090188870579e-06 
10.2825 	 9.284090188870579e-06 
10.2975 	 1.3754207687215672e-05 
10.3125 	 5.295369959578034e-05 
10.3275 	 9.627945381050971e-06 
10.3425 	 1.134722134195293e-05 
10.3575 	 6.189393459247053e-06 
10.3725 	 5.845538267066661e-06 
10.3875 	 2.063131153082351e-06 
10.4025 	 4.8139726905254855e-06 
10.4175 	 4.4701174983450934e-06 
10.4325 	 8.252524612329404e-06 
10.4475 	 5.123442363487838e-05 
10.4625 	 2.750841537443135e-06 
10.4775 	 7.56481422796862e-06 
10.4925 	 1.0659510957592147e-05 
10.5075 	 3.0946967296235265e-06 
10.5225 	 2.063131153082351e-06 
10.5375 	 1.9943601146462726e-05 
10.5525 	 6.533248651427445e-06 
10.5675 	 3.8855636716384274e-05 
10.5825 	 4.366960940690976e-05 
10.5975 	 7.220959035788228e-06 
10.6125 	 2.5789139413529386e-05 
10.6275 	 1.0315655765411756e-06 
10.6425 	 2.8883836143152913e-05 
10.6575 	 0.00012722642110674497 
10.6725 	 1.2378786918494106e-05 
10.6875 	 4.8139726905254855e-06 
10.7025 	 4.126262306164702e-06 
10.7175 	 7.56481422796862e-06 
10.7325 	 9.868644015577245e-05 
10.7475 	 5.845538267066661e-06 
10.7625 	 1.134722134195293e-05 
10.7775 	 1.719275960901959e-06 
10.7925 	 3.0946967296235265e-06 
10.8075 	 1.2034931726313714e-05 
10.8225 	 0.00022075503337981155 
10.8375 	 2.063131153082351e-05 
10.8525 	 1.650504922465881e-05 
10.8675 	 2.750841537443135e-06 
10.8825 	 1.2378786918494106e-05 
10.8975 	 1.3754207687215674e-06 
10.9125 	 4.126262306164702e-06 
10.9275 	 0.00010350041284629794 
10.9425 	 4.4701174983450934e-06 
10.9575 	 2.8883836143152913e-05 
10.9725 	 0.00015507869167335673 
10.9875 	 3.78240711398431e-06 
11.0025 	 1.3754207687215674e-06 
11.0175 	 6.877103843607836e-06 
11.0325 	 2.647684979789017e-05 
11.0475 	 6.533248651427445e-06 
11.0625 	 5.8111527478486216e-05 
11.0775 	 7.220959035788228e-06 
11.0925 	 3.232238806495683e-05 
11.1075 	 3.0946967296235265e-06 
11.1225 	 2.0287456338643116e-05 
11.1375 	 6.533248651427445e-06 
11.1525 	 0.00011037751668990578 
11.1675 	 5.50168307488627e-06 
11.1825 	 0.00025995452528837623 
11.1975 	 0.0002186919022267292 
11.2125 	 1.7192759609019593e-05 
11.2275 	 3.438551921803918e-06 
11.2425 	 2.750841537443135e-06 
11.2575 	 3.232238806495683e-05 
11.2725 	 6.155007940029014e-05 
11.2875 	 1.3754207687215674e-06 
11.3025 	 8.45883772763764e-05 
11.3175 	 1.3754207687215674e-06 
11.3325 	 1.3754207687215674e-06 
11.3475 	 5.0202858058337204e-05 
11.3625 	 1.0315655765411756e-06 
11.3775 	 1.8224325185560768e-05 
11.3925 	 1.3754207687215674e-06 
11.4075 	 7.392886631878425e-05 
11.4225 	 2.063131153082351e-06 
11.4375 	 2.6820704990070564e-05 
11.4525 	 1.3754207687215674e-06 
11.4675 	 1.3754207687215674e-06 
11.4825 	 0.0001010934265010352 
11.4975 	 4.6420450944352896e-05 
11.5125 	 0.0001805239758947057 
11.5275 	 3.0946967296235265e-06 
11.5425 	 1.4785773263756849e-05 
11.5575 	 1.3754207687215674e-06 
11.5725 	 5.1578278827058776e-06 
11.5875 	 5.1578278827058776e-06 
11.6025 	 1.719275960901959e-06 
11.6175 	 7.667970785622738e-05 
11.6325 	 9.937415054013324e-05 
11.6475 	 2.750841537443135e-06 
11.6625 	 9.24970466965254e-05 
11.6775 	 9.284090188870579e-06 
11.6925 	 3.36978088336784e-05 
11.7075 	 1.3754207687215674e-06 
11.7225 	 1.719275960901959e-06 
11.7375 	 6.636405209081562e-05 
11.7525 	 1.4785773263756849e-05 
11.7675 	 1.9599745954282336e-05 
11.7825 	 1.719275960901959e-06 
11.7975 	 3.4385519218039185e-07 
11.8125 	 2.750841537443135e-06 
11.8275 	 3.507322960239997e-05 
11.8425 	 1.0315655765411756e-06 
11.8575 	 6.877103843607837e-07 
11.8725 	 0.00014063677360178026 
11.8875 	 1.306649730285489e-05 
11.9025 	 4.4701174983450934e-06 
11.9175 	 2.4069863452627427e-06 
11.9325 	 2.4069863452627427e-06 
11.9475 	 4.4701174983450934e-06 
11.9625 	 3.0946967296235265e-06 
11.9775 	 1.2722642110674498e-05 
11.9925 	 1.0315655765411756e-06 
12.0075 	 2.063131153082351e-06 
12.0225 	 3.78240711398431e-06 
12.0375 	 5.50168307488627e-06 
12.0525 	 6.877103843607837e-07 
12.0675 	 8.080597016239208e-05 
12.0825 	 6.877103843607837e-07 
12.0975 	 0.0001347912353347136 
12.1125 	 1.719275960901959e-06 
12.1275 	 1.0315655765411756e-06 
12.1425 	 3.4385519218039185e-07 
12.1575 	 7.117802478134111e-05 
12.1725 	 0.00015851724359516064 
12.1875 	 1.0315655765411756e-06 
12.2025 	 0.0 
12.2175 	 6.877103843607837e-07 
12.2325 	 3.4385519218039185e-07 
12.2475 	 8.355681169983522e-05 
12.2625 	 2.063131153082351e-06 
12.2775 	 1.719275960901959e-06 
12.2925 	 2.819612575879213e-05 
12.3075 	 0.0 
12.3225 	 3.78240711398431e-06 
12.3375 	 0.0 
12.3525 	 0.0001516401397515528 
12.3675 	 5.1578278827058776e-06 
12.3825 	 1.3754207687215674e-06 
12.3975 	 2.4069863452627427e-06 
12.4125 	 0.0 
12.4275 	 0.0 
12.4425 	 0.00020356227377079197 
12.4575 	 1.0315655765411756e-06 
12.4725 	 3.4385519218039185e-07 
12.4875 	 3.4385519218039185e-07 
12.5025 	 0.0 
12.5175 	 3.4385519218039185e-07 
12.5325 	 3.4385519218039185e-07 
12.5475 	 2.063131153082351e-06 
12.5625 	 3.4385519218039185e-07 
12.5775 	 0.0 
12.5925 	 0.0 
12.6075 	 0.0 
12.6225 	 0.0 
12.6375 	 0.0 
12.6525 	 3.4385519218039185e-07 
12.6675 	 0.0 
12.6825 	 3.4385519218039185e-07 
12.6975 	 3.438551921803918e-06 
12.7125 	 8.252524612329404e-06 
12.7275 	 2.063131153082351e-06 
12.7425 	 1.0315655765411756e-06 
12.7575 	 0.0 
12.7725 	 0.0 
12.7875 	 0.0 
12.8025 	 3.094696729623526e-05 
12.8175 	 3.4385519218039185e-07 
12.8325 	 1.3754207687215674e-06 
12.8475 	 3.4385519218039185e-07 
12.8625 	 3.4385519218039185e-07 
12.8775 	 6.877103843607837e-07 
12.8925 	 6.877103843607837e-07 
12.9075 	 1.512962845593724e-05 
12.9225 	 0.0 
12.9375 	 0.0 
12.9525 	 3.4385519218039185e-07 
12.9675 	 3.4385519218039185e-07 
12.9825 	 3.4385519218039185e-07 
12.9975 	 0.00014269990475486262 
13.0125 	 2.1662877107364685e-05 
13.0275 	 0.0 
13.0425 	 3.404166402585879e-05 
13.0575 	 3.4385519218039185e-07 
13.0725 	 3.4385519218039185e-07 
13.0875 	 5.192213401923917e-05 
13.1025 	 3.4385519218039185e-07 
13.1175 	 0.0 
13.1325 	 0.0 
13.1475 	 1.0315655765411756e-06 
13.1625 	 3.4385519218039185e-07 
13.1775 	 0.0 
13.1925 	 0.0 
13.2075 	 6.877103843607837e-07 
13.2225 	 6.877103843607837e-07 
13.2375 	 6.877103843607837e-07 
13.2525 	 5.364140998014113e-05 
13.2675 	 3.36978088336784e-05 
13.2825 	 0.0 
13.2975 	 0.0 
13.3125 	 0.0 
13.3275 	 0.0 
13.3425 	 0.0 
13.3575 	 0.0 
13.3725 	 0.0 
13.3875 	 0.0 
13.4025 	 0.0 
13.4175 	 0.0 
13.4325 	 0.0 
13.4475 	 0.0 
13.4625 	 0.0 
13.4775 	 3.4385519218039185e-07 
13.4925 	 3.4385519218039185e-07 
13.5075 	 0.0 
13.5225 	 6.877103843607837e-07 
13.5375 	 0.0 
13.5525 	 0.0 
13.5675 	 0.0 
13.5825 	 0.0 
13.5975 	 0.0 
13.6125 	 0.0 
13.6275 	 0.0 
13.6425 	 0.0 
13.6575 	 3.4385519218039185e-07 
13.6725 	 0.0 
13.6875 	 0.0 
13.7025 	 0.0 
13.7175 	 0.0 
13.7325 	 0.0 
13.7475 	 0.0 
13.7625 	 0.0 
13.7775 	 0.0 
13.7925 	 1.5817338840298025e-05 
13.8075 	 0.0 
13.8225 	 0.0 
13.8375 	 0.0 
13.8525 	 0.0 
13.8675 	 1.8568180377741158e-05 
13.8825 	 0.0 
13.8975 	 0.0 
13.9125 	 0.0 
13.9275 	 0.0 
13.9425 	 3.335395364149801e-05 
13.9575 	 0.0 
13.9725 	 0.0 
13.9875 	 0.0 
14.0025 	 0.0 
14.0175 	 0.0 
14.0325 	 0.0 
14.0475 	 0.0 
14.0625 	 0.0 
14.0775 	 0.0 
14.0925 	 0.0 
14.1075 	 0.0 
14.1225 	 0.0 
14.1375 	 0.0 
14.1525 	 0.0 
14.1675 	 0.0 
14.1825 	 0.0 
14.1975 	 0.0 
14.2125 	 0.0 
14.2275 	 0.0 
14.2425 	 0.0 
14.2575 	 0.0 
14.2725 	 0.0 
14.2875 	 0.0 
14.3025 	 0.0 
14.3175 	 0.0 
14.3325 	 0.0 
14.3475 	 0.0 
14.3625 	 0.0 
14.3775 	 0.0 
14.3925 	 0.0 
14.4075 	 0.0 
14.4225 	 0.0 
14.4375 	 0.0 
14.4525 	 0.0 
14.4675 	 0.0 
14.4825 	 0.0 
14.4975 	 0.0 
14.5125 	 0.0 
14.5275 	 0.0 
14.5425 	 0.0 
14.5575 	 0.0 
14.5725 	 0.0 
14.5875 	 0.0 
14.6025 	 0.0 
14.6175 	 0.0 
14.6325 	 0.0 
14.6475 	 0.0 
14.6625 	 0.0 
14.6775 	 0.0 
14.6925 	 0.0 
14.7075 	 0.0 
14.7225 	 0.0 
14.7375 	 0.0 
14.7525 	 0.0 
14.7675 	 0.0 
14.7825 	 0.0 
14.7975 	 0.0 
14.8125 	 0.0 
14.8275 	 0.0 
14.8425 	 0.0 
14.8575 	 0.0 
14.8725 	 0.0 
14.8875 	 0.0 
14.9025 	 0.0 
14.9175 	 0.0 
14.9325 	 0.0 
14.9475 	 0.0 
14.9625 	 0.0 
14.9775 	 0.0 
14.9925 	 0.0 
15.0075 	 0.0 
15.0225 	 0.0 
15.0375 	 0.0 
15.0525 	 0.0 
15.0675 	 0.0 
15.0825 	 0.0 
15.0975 	 0.0 
15.1125 	 0.0 
15.1275 	 0.0 
15.1425 	 0.0 
15.1575 	 0.0 
15.1725 	 0.0 
15.1875 	 0.0 
15.2025 	 0.0 
15.2175 	 0.0 
15.2325 	 0.0 
15.2475 	 0.0 
15.2625 	 0.0 
15.2775 	 0.0 
15.2925 	 0.0 
15.3075 	 0.0 
15.3225 	 0.0 
15.3375 	 0.0 
15.3525 	 0.0 
15.3675 	 0.0 
15.3825 	 0.0 
15.3975 	 0.0 
15.4125 	 0.0 
15.4275 	 0.0 
15.4425 	 0.0 
15.4575 	 0.0 
15.4725 	 0.0 
15.4875 	 0.0 
15.5025 	 0.0 
15.5175 	 0.0 
15.5325 	 0.0 
15.5475 	 0.0 
15.5625 	 0.0 
15.5775 	 0.0 
15.5925 	 0.0 
15.6075 	 0.0 
15.6225 	 0.0 
15.6375 	 0.0 
15.6525 	 0.0 
15.6675 	 0.0 
15.6825 	 0.0 
15.6975 	 0.0 
15.7125 	 0.0 
15.7275 	 0.0 
15.7425 	 0.0 
15.7575 	 0.0 
15.7725 	 0.0 
15.7875 	 0.0 
15.8025 	 0.0 
15.8175 	 0.0 
15.8325 	 0.0 
15.8475 	 0.0 
15.8625 	 0.0 
15.8775 	 0.0 
15.8925 	 0.0 
15.9075 	 0.0 
15.9225 	 0.0 
15.9375 	 0.0 
15.9525 	 0.0 
15.9675 	 0.0 
15.9825 	 0.0 
15.9975 	 0.0 
16.0125 	 0.0 
16.0275 	 0.0 
16.0425 	 0.0 
16.0575 	 0.0 
16.0725 	 0.0 
16.0875 	 0.0 
16.1025 	 0.0 
16.1175 	 0.0 
16.1325 	 0.0 
16.1475 	 0.0 
16.1625 	 0.0 
16.1775 	 0.0 
16.1925 	 0.0 
16.2075 	 0.0 
16.2225 	 0.0 
16.2375 	 0.0 
16.2525 	 0.0 
16.2675 	 0.0 
16.2825 	 0.0 
16.2975 	 0.0 
16.3125 	 0.0 
16.3275 	 0.0 
16.3425 	 0.0 
16.3575 	 0.0 
16.3725 	 0.0 
16.3875 	 0.0 
16.4025 	 0.0 
16.4175 	 0.0 
16.4325 	 0.0 
16.4475 	 0.0 
16.4625 	 0.0 
16.4775 	 0.0 
16.4925 	 0.0 
16.5075 	 0.0 
16.5225 	 0.0 
16.5375 	 0.0 
16.5525 	 0.0 
16.5675 	 0.0 
16.5825 	 0.0 
16.5975 	 0.0 
16.6125 	 0.0 
16.6275 	 0.0 
16.6425 	 0.0 
16.6575 	 0.0 
16.6725 	 0.0 
16.6875 	 0.0 
16.7025 	 0.0 
16.7175 	 0.0 
16.7325 	 0.0 
16.7475 	 0.0 
16.7625 	 0.0 
16.7775 	 0.0 
16.7925 	 0.0 
16.8075 	 0.0 
16.8225 	 0.0 
16.8375 	 0.0 
16.8525 	 0.0 
16.8675 	 0.0 
16.8825 	 0.0 
16.8975 	 0.0 
16.9125 	 0.0 
16.9275 	 0.0 
16.9425 	 0.0 
16.9575 	 0.0 
16.9725 	 0.0 
16.9875 	 0.0 
17.0025 	 0.0 
17.0175 	 0.0 
17.0325 	 0.0 
17.0475 	 0.0 
17.0625 	 0.0 
17.0775 	 0.0 
17.0925 	 0.0 
17.1075 	 0.0 
17.1225 	 0.0 
17.1375 	 0.0 
17.1525 	 0.0 
17.1675 	 0.0 
17.1825 	 0.0 
17.1975 	 0.0 
17.2125 	 0.0 
17.2275 	 0.0 
17.2425 	 0.0 
17.2575 	 0.0 
17.2725 	 0.0 
17.2875 	 0.0 
17.3025 	 0.0 
17.3175 	 0.0 
17.3325 	 0.0 
17.3475 	 0.0 
17.3625 	 0.0 
17.3775 	 0.0 
17.3925 	 0.0 
17.4075 	 0.0 
17.4225 	 0.0 
17.4375 	 0.0 
17.4525 	 0.0 
17.4675 	 0.0 
17.4825 	 0.0 
17.4975 	 0.0 
17.5125 	 0.0 
17.5275 	 0.0 
17.5425 	 0.0 
17.5575 	 0.0 
17.5725 	 0.0 
17.5875 	 0.0 
17.6025 	 0.0 
17.6175 	 0.0 
17.6325 	 0.0 
17.6475 	 0.0 
17.6625 	 0.0 
17.6775 	 0.0 
17.6925 	 0.0 
17.7075 	 0.0 
17.7225 	 0.0 
17.7375 	 0.0 
17.7525 	 0.0 
17.7675 	 0.0 
17.7825 	 0.0 
17.7975 	 0.0 
17.8125 	 0.0 
17.8275 	 0.0 
17.8425 	 0.0 
17.8575 	 0.0 
17.8725 	 0.0 
17.8875 	 0.0 
17.9025 	 0.0 
17.9175 	 0.0 
17.9325 	 0.0 
17.9475 	 0.0 
17.9625 	 0.0 
17.9775 	 0.0 
17.9925 	 0.0 
18.0075 	 0.0 
18.0225 	 0.0 
18.0375 	 0.0 
18.0525 	 0.0 
18.0675 	 0.0 
18.0825 	 0.0 
18.0975 	 0.0 
18.1125 	 0.0 
18.1275 	 0.0 
18.1425 	 0.0 
18.1575 	 0.0 
18.1725 	 0.0 
18.1875 	 0.0 
18.2025 	 0.0 
18.2175 	 0.0 
18.2325 	 0.0 
18.2475 	 0.0 
18.2625 	 0.0 
18.2775 	 0.0 
18.2925 	 0.0 
18.3075 	 0.0 
18.3225 	 0.0 
18.3375 	 0.0 
18.3525 	 0.0 
18.3675 	 0.0 
18.3825 	 0.0 
18.3975 	 0.0 
18.4125 	 0.0 
18.4275 	 0.0 
18.4425 	 0.0 
18.4575 	 0.0 
18.4725 	 0.0 
18.4875 	 0.0 
18.5025 	 0.0 
18.5175 	 0.0 
18.5325 	 0.0 
18.5475 	 0.0 
18.5625 	 0.0 
18.5775 	 0.0 
18.5925 	 0.0 
18.6075 	 0.0 
18.6225 	 0.0 
18.6375 	 0.0 
18.6525 	 0.0 
18.6675 	 0.0 
18.6825 	 0.0 
18.6975 	 0.0 
18.7125 	 0.0 
18.7275 	 0.0 
18.7425 	 0.0 
18.7575 	 0.0 
18.7725 	 0.0 
18.7875 	 0.0 
18.8025 	 0.0 
18.8175 	 0.0 
18.8325 	 0.0 
18.8475 	 0.0 
18.8625 	 0.0 
18.8775 	 0.0 
18.8925 	 0.0 
18.9075 	 0.0 
18.9225 	 0.0 
18.9375 	 0.0 
18.9525 	 0.0 
18.9675 	 0.0 
18.9825 	 0.0 
18.9975 	 0.0 
19.0125 	 0.0 
19.0275 	 0.0 
19.0425 	 0.0 
19.0575 	 0.0 
19.0725 	 0.0 
19.0875 	 0.0 
19.1025 	 0.0 
19.1175 	 0.0 
19.1325 	 0.0 
19.1475 	 0.0 
19.1625 	 0.0 
19.1775 	 0.0 
19.1925 	 0.0 
19.2075 	 0.0 
19.2225 	 0.0 
19.2375 	 0.0 
19.2525 	 0.0 
19.2675 	 0.0 
19.2825 	 0.0 
19.2975 	 0.0 
19.3125 	 0.0 
19.3275 	 0.0 
19.3425 	 0.0 
19.3575 	 0.0 
19.3725 	 0.0 
19.3875 	 0.0 
19.4025 	 0.0 
19.4175 	 0.0 
19.4325 	 0.0 
19.4475 	 0.0 
19.4625 	 0.0 
19.4775 	 0.0 
19.4925 	 0.0 
19.5075 	 0.0 
19.5225 	 0.0 
19.5375 	 0.0 
19.5525 	 0.0 
19.5675 	 0.0 
19.5825 	 0.0 
19.5975 	 0.0 
19.6125 	 0.0 
19.6275 	 0.0 
19.6425 	 0.0 
19.6575 	 0.0 
19.6725 	 0.0 
19.6875 	 0.0 
19.7025 	 0.0 
19.7175 	 0.0 
19.7325 	 0.0 
19.7475 	 0.0 
19.7625 	 0.0 
19.7775 	 0.0 
19.7925 	 0.0 
19.8075 	 0.0 
19.8225 	 0.0 
19.8375 	 0.0 
19.8525 	 0.0 
19.8675 	 0.0 
19.8825 	 0.0 
19.8975 	 0.0 
19.9125 	 0.0 
19.9275 	 0.0 
19.9425 	 0.0 
19.9575 	 0.0 
19.9725 	 0.0 
