Bins	Weights
-7.5	0.0
7.5	0.0036441773267277926
22.5	0.11858465241686737
37.5	2.274699063437487
52.5	3.975092560316052
67.5	3.6152666698796496
82.5	2.9336002282318208
97.5	2.430831327419684
112.5	2.0615085004304516
127.5	1.7474511114940283
142.5	1.4778624514311418
157.5	1.2690539789932536
172.5	1.1234980130121406
187.5	1.0139055177259828
202.5	0.9269768620116267
217.5	0.8633488656849904
232.5	0.8102858201380967
247.5	0.7648374478220378
262.5	0.7281298744912044
277.5	0.6955165849336629
292.5	0.6668954541573359
307.5	0.6393959790179011
322.5	0.6156053259813242
337.5	0.5956001747554612
352.5	0.577211142932846
367.5	0.5587966658260095
382.5	0.5415674575666188
397.5	0.524286671028401
412.5	0.5110004502577429
427.5	0.49832766714993454
442.5	0.48654443742429687
457.5	0.4734841295149012
472.5	0.4631815402467923
487.5	0.45204854068956773
502.5	0.4402140765402952
517.5	0.5418026545180702
532.5	0.41528870136952295
547.5	0.40677828536305827
562.5	0.39912234950916187
577.5	0.3914825748492979
592.5	0.38267850650871116
607.5	0.37475401974972183
622.5	0.36861964312122364
637.5	0.3622524765276193
652.5	0.35478703645019083
667.5	0.34894975070773654
682.5	0.343918461535753
697.5	0.3379405390196969
712.5	0.3326365726803144
727.5	0.32792094257475246
742.5	0.3216338942409262
757.5	0.31686840513249814
772.5	0.31164386934250926
787.5	0.3072280809645287
802.5	0.3006415347583133
817.5	0.29700079598350726
832.5	0.2935739351382375
847.5	0.28946796028841143
862.5	0.2866328742288841
877.5	0.2817023346282095
892.5	0.277810925418304
907.5	0.28562537851579556
922.5	0.2685577821967296
937.5	0.2649191065530767
952.5	0.2622428815923367
967.5	0.270024324591379
982.5	0.2524859905142181
997.5	0.24845016212359686
1012.5	0.2461944720628935
1027.5	0.24396800969352544
1042.5	0.24166177291957155
1057.5	0.23979120067411022
1072.5	0.23783156993387417
1087.5	0.23454500200701398
1102.5	0.23199806659853384
1117.5	0.23046894255890762
1132.5	0.22715039609917467
1147.5	0.22566562937933973
1162.5	0.22242960816573007
1177.5	0.22022721565981465
1192.5	0.21778309295379641
1207.5	0.21602702448733116
1222.5	0.2146742981612935
1237.5	0.2121755024797186
1252.5	0.21308534331822793
1267.5	0.20753930292355038
1282.5	0.20855883356836524
1297.5	0.20453779095100774
1312.5	0.20271088831495332
1327.5	0.20159301508517485
1342.5	0.19969424671395475
1357.5	0.19943807459578033
1372.5	0.19647816910149152
1387.5	0.19576432572252503
1402.5	0.19410556827544684
1417.5	0.1925121433148829
1432.5	0.1920420932671723
1447.5	0.1890402374394375
1462.5	0.19188391987876932
1477.5	0.18511719355185138
1492.5	0.18753380784249518
1507.5	0.1874227426154209
1522.5	0.1809434792291658
1537.5	0.1802378883748116
1552.5	0.1781671924075013
1567.5	0.17687979856797792
1582.5	0.20348662562851227
1597.5	0.17235707122522922
1612.5	0.17127977290812807
1627.5	0.20074266119491274
1642.5	0.17052432305090773
1657.5	0.1655043811002662
1672.5	0.16531250990302954
1687.5	0.1637545020272602
1702.5	0.16173504048358475
1717.5	0.15950892196940888
1732.5	0.1607523023443332
1747.5	0.15853271707880875
1762.5	0.15729311911099844
1777.5	0.15748774114977254
1792.5	0.155975122159371
1807.5	0.15560960409008323
1822.5	0.15441814584917818
1837.5	0.15398248132068562
1852.5	0.15318026715732877
1867.5	0.1513158843053267
1882.5	0.1524169086306883
1897.5	0.1495213040573372
1912.5	0.14861249478440444
1927.5	0.14855128856019634
1942.5	0.14729931180546754
1957.5	0.1473048134885424
1972.5	0.14526059437102998
1987.5	0.14431568030291828
2002.5	0.144145471982789
2017.5	0.14174708201733074
2032.5	0.14344607052189406
2047.5	0.14216486607582993
2062.5	0.14095793435127674
2077.5	0.14139738128688328
2092.5	0.1400467180919987
2107.5	0.13928267185497387
2122.5	0.1397644129792186
2137.5	0.13882190589745216
2152.5	0.13725908404899226
2167.5	0.13853925692947988
2182.5	0.13779446658321715
2197.5	0.13587059678296784
2212.5	0.13685642961894903
2227.5	0.13459042390248024
2242.5	0.13597100249908453
2257.5	0.13479089147952142
2272.5	0.13308949598861283
2287.5	0.13182273346062026
2302.5	0.13404300643652906
2317.5	0.13221128982778413
2332.5	0.1314506821426811
2347.5	0.13031011447021873
2362.5	0.13006047560069578
2377.5	0.1288005901765468
2392.5	0.1286905565150491
2407.5	0.1303651313009676
2422.5	0.1284061882711159
2437.5	0.12849937302819678
2452.5	0.1282167240602245
2467.5	0.12683201920131407
2482.5	0.1303864503228828
2497.5	0.12303241932772074
2512.5	0.12615393676233433
2527.5	0.12337696223028549
2542.5	0.12232786003894311
2557.5	0.12622924104942185
2572.5	0.1234873397469754
2587.5	0.1241640467651864
2602.5	0.1212426530524218
2617.5	3.4053379172256375
2632.5	0.0009682962211799834
2647.5	0.0009060584313953325
2662.5	0.0008720167673694737
2677.5	0.0008847394094801482
2692.5	0.0008376312481514345
2707.5	0.0008912726581315756
2722.5	0.0008637642427571443
2737.5	0.0008190630677736933
2752.5	0.0008314418546921874
2767.5	0.0008300664339234659
2782.5	0.0008280033027703835
2797.5	0.0008630765323727835
2812.5	0.0010212499207757637
2827.5	0.0007870845349009169
2842.5	0.0008451960623794031
2857.5	0.0008778623056365404
2872.5	0.0009418193713820933
2887.5	0.0007540744364515992
2902.5	0.0008613572564118815
2917.5	0.0007667970785622738
2932.5	0.0007764250239433247
2947.5	0.000796024769897607
2962.5	0.0008548240077604541
2977.5	0.0007200327724257405
2992.5	0.000756481422796862
3007.5	0.0007375693872269405
3022.5	0.0007018084472401797
3037.5	0.0007726426168293405
3052.5	0.0007540744364515992
3067.5	0.0007557937124125012
3082.5	0.0008341926962296306
3097.5	0.0007722987616371601
3112.5	0.0006935559226278503
3127.5	0.0008524170214151913
3142.5	0.0007753934583667835
3157.5	0.0007822705622103914
3172.5	0.0007609515402952071
3187.5	0.0007451342014549091
3202.5	0.0010305340109646344
3217.5	0.0007372255320347601
3232.5	0.0008458837727637639
3247.5	0.0006883980947451445
3262.5	0.0006684544935986818
3277.5	0.0006887419499373249
3292.5	0.0007554498572203208
3307.5	0.0007760811687511443
3322.5	0.0007172819308882974
3337.5	0.0009476649096491599
3352.5	0.0007540744364515992
3367.5	0.000766109368177913
3382.5	0.0008489784694933874
3397.5	0.0006423214989929719
3412.5	0.0007447903462627287
3427.5	0.000673956176673568
3442.5	0.0006547002859114661
3457.5	0.0006894296603216857
3472.5	0.0013489439189236772
3487.5	0.0006595142586019915
3502.5	0.0006760193078266504
3517.5	0.000656419561872368
3532.5	0.0006825525564780778
3547.5	0.0006419776438007915
3562.5	0.0006103429661201955
3577.5	0.0006179077803481641
3592.5	0.0006364759607259053
3607.5	0.0006701737695595836
3622.5	0.0006505740236053013
3637.5	0.0006351005399571837
3652.5	0.0007496043189532542
3667.5	0.0006987137505105562
3682.5	0.0006254725945761328
3697.5	0.0006443846301460543
3712.5	0.0010140289617399756
3727.5	0.0007568252779890424
3742.5	0.0006024342967000465
3757.5	0.0007640462370248306
3772.5	0.0006044974278531289
3787.5	0.000599339599970423
3802.5	0.0006712053351361248
3817.5	0.0006096552557358347
3832.5	0.0006261603049604936
3847.5	0.0005952133376642582
3862.5	0.0006199709115012465
3877.5	0.0006471354716834975
3892.5	0.0006010588759313249
3907.5	0.0006306304224588386
3922.5	0.000548449031527725
3937.5	0.0007317238489598739
3952.5	0.0010858946969056775
3967.5	0.0016037406163293476
3982.5	0.0008524170214151913
3997.5	0.001619901810361826
4012.5	0.0010129973961634344
4027.5	0.0007575129883734032
4042.5	0.000615156938810721
4057.5	0.0005776767228630583
4072.5	0.0005102811051957014
4087.5	0.0005230037473063759
4102.5	0.0005701119086350897
4117.5	0.00064060222303207
4132.5	0.0006161885043872621
4147.5	0.0006155007940029013
4162.5	0.0006161885043872621
4177.5	0.0006636405209081562
4192.5	0.0009263458877339756
4207.5	0.0005780205780552387
4222.5	0.0006880542395529641
4237.5	0.0004669553509809721
4252.5	0.0005986518895860622
4267.5	0.0004758955859776623
4282.5	0.0005866169578597484
4297.5	0.0005718311845959916
4312.5	0.0006859911083998817
4327.5	0.0005945256272798974
4342.5	0.0005281615751890819
4357.5	0.0006416337886086112
4372.5	0.0007568252779890424
4387.5	0.0008555117181448149
4402.5	0.0006240971738074112
4417.5	0.0005831784059379446
4432.5	0.000499277739045929
4447.5	0.0005525752938338896
4462.5	0.001032940997309897
4477.5	0.0006089675453514739
4492.5	0.0005240353128829171
4507.5	0.0005790521436317798
4522.5	0.0005807714195926818
4537.5	0.000999587043668399
4552.5	0.0007530428708750581
4567.5	0.0005769890124786975
4582.5	0.0008644519531415051
4597.5	0.0006082798349671131
4612.5	0.000537101810185772
4627.5	0.0005522314386417093
4642.5	0.0006117183868889171
4657.5	0.0007451342014549091
4672.5	0.0005381333757623132
4687.5	0.00046833077174969365
4702.5	0.0005367579549935916
4717.5	0.0005429473484528387
4732.5	0.0005209406161532937
4747.5	0.0004948076215475838
4762.5	0.0005040917117364544
4777.5	0.0006787701493640934
4792.5	0.0006715491903283052
4807.5	0.00047830257232292506
4822.5	0.0005670172119054661
4837.5	0.0004184717688835369
4852.5	0.0006457600509147759
4867.5	0.0005429473484528387
4882.5	0.0004758955859776623
4897.5	0.00047073775809495643
4912.5	0.000707310130315066
4927.5	0.000554638424986972
4942.5	0.0006117183868889171
4957.5	0.000538821086146674
4972.5	0.00041331394100083097
4987.5	0.0006571072722567288
5002.5	0.0004645483646357094
5017.5	0.0006522932995662033
5032.5	0.0005367579549935916
5047.5	0.00040987538907902705
5062.5	0.00041090695465556825
5077.5	0.000537101810185772
5092.5	0.0007509797397219758
5107.5	0.00045148186733285446
5122.5	0.0005250668784594583
5137.5	0.0011360975549640146
5152.5	0.00038443010485767805
5167.5	0.00048208497943690937
5182.5	0.00042741200388022704
5197.5	0.0004542327088702976
5212.5	0.0004205349000366192
5227.5	0.0004435731979127055
5242.5	0.00041056309946338785
5257.5	0.00040162286446669763
5272.5	0.00043875922522218
5287.5	0.00047039390290277603
5302.5	0.0004600782471373643
5317.5	0.00044907488098759173
5332.5	0.0004470117498345094
5347.5	0.0007093732614681484
5362.5	0.0005264422992281799
5377.5	0.0004377276596456388
5392.5	0.00044804331541105054
5407.5	0.0004628290886748074
5422.5	0.0005776767228630583
5437.5	0.0004614536679060858
5452.5	0.00041021924427120745
5467.5	0.0004177840584991761
5482.5	0.0004040298508119604
5497.5	0.0005013408701990113
5512.5	0.00040368599561978
5527.5	0.0005236914576907367
5542.5	0.0003961211813918114
5557.5	0.0004813972690525486
5572.5	0.0006313181328431994
5587.5	0.0006526371547583837
5602.5	0.000666047507253419
5617.5	0.0008978059067830031
5632.5	0.0006333812639962818
5647.5	0.0007857091141321953
5662.5	0.000487930517703976
5677.5	0.0004941199111632231
5692.5	0.0007269098762693483
5707.5	0.00042981899022548976
5722.5	0.0004934322007788623
5737.5	0.0006632966657159758
5752.5	0.0005147512226940466
5767.5	0.00039233877427782707
5782.5	0.0004899936488570583
5797.5	0.0008087474120082816
5812.5	0.0005539507146026112
5827.5	0.0004384153700299996
5842.5	0.0005738943157490739
5857.5	0.0005412280724919368
5872.5	0.0005735504605568935
5887.5	0.0007100609718525092
5902.5	0.0003999035885057957
5917.5	0.000673956176673568
5932.5	0.0005192213401923917
5947.5	0.0007258783106928071
5962.5	0.0004332575421472937
5977.5	0.0007939616387445248
5992.5	0.0009033075898578893
6007.5	0.0004504503017563133
6022.5	0.0007203766276179209
6037.5	0.0006828964116702582
6052.5	0.0005264422992281799
6067.5	0.0005776767228630583
6082.5	0.0005260984440359995
6097.5	0.0005776767228630583
6112.5	0.00041125080984774864
6127.5	0.0004184717688835369
6142.5	0.0006017465863156857
6157.5	0.0004243173071506035
6172.5	0.00029984172758130165
6187.5	0.00043256983176293294
6202.5	0.0004996215942381094
6217.5	0.0004260365831115055
6232.5	0.00036654963486429767
6247.5	0.0005271300096125407
6262.5	0.00036792505563301925
6277.5	0.0004920567800101407
6292.5	0.00042809971426458783
6307.5	0.0003737705939000859
6322.5	0.0005601401080618583
6337.5	0.0005756135917099759
6352.5	0.00043188212137857215
6367.5	0.0004604221023295447
6382.5	0.0008372873929592541
6397.5	0.0005391649413388544
6412.5	0.0004250050175349643
6427.5	0.0007124679581977718
6442.5	0.0004762394411698427
6457.5	0.0003497007304474585
6472.5	0.0006725807559048464
6487.5	0.00039096335350910554
6502.5	0.0005505121626808074
6517.5	0.00042638043830368585
6532.5	0.00032666243257137225
6547.5	0.0003999035885057957
6562.5	0.0003500445856396389
6577.5	0.0006113745316967367
6592.5	0.0006667352176377798
6607.5	0.0005285054303812623
6622.5	0.0003913072087012859
6637.5	0.00034213591621948985
6652.5	0.0003032802795031056
6667.5	0.00045698355040774076
6682.5	0.0006130938076576387
6697.5	0.00036723734524865846
6712.5	0.00036311108294249375
6727.5	0.00034591832333347416
6742.5	0.0003235677358417487
6757.5	0.00036826891082519965
6772.5	0.000344886757756933
6787.5	0.0003610479517894114
6802.5	0.0003500445856396389
6817.5	0.0002864313750862664
6832.5	0.0002905576373924311
6847.5	0.0003404166402585879
6862.5	0.0003393850746820467
6877.5	0.00047452016520894074
6892.5	0.0007220959035788228
6907.5	0.0010996489045928932
6922.5	0.00031772219757468203
6937.5	0.00040540527158068195
6952.5	0.0005364140998014113
6967.5	0.0006385390918789876
6982.5	0.0005209406161532937
6997.5	0.0003146275008450585
7012.5	0.0009046830106266109
7027.5	0.0006894296603216857
7042.5	0.0006770508734031915
7057.5	0.0005357263894170505
7072.5	0.00032906941891663497
7087.5	0.00027921041605047815
7102.5	0.0005195651953845721
7117.5	0.0005271300096125407
7132.5	0.0006516055891818425
7147.5	0.0003754898698609879
7162.5	0.00036861276601738005
7177.5	0.0005972764688173406
7192.5	0.00043153826618639175
7207.5	0.0005711434742116309
7222.5	0.0005608278184462191
7237.5	0.00045251343290939565
7252.5	0.0005470736107590034
7267.5	0.0006330374088041014
7282.5	0.0006179077803481641
7297.5	0.00043119441099421135
7312.5	0.0003325079708384389
7327.5	0.0007420395047252855
7342.5	0.0005377895205701328
7357.5	0.0005965887584329798
7372.5	0.0008534485869917325
7387.5	0.0004408223563752623
7402.5	0.000844164496802862
7417.5	0.0008998690379360855
7432.5	0.0014899245477176378
7447.5	0.0005498244522964466
7462.5	0.0008187192125815129
7477.5	0.0007289730074224307
7492.5	0.00036861276601738005
7507.5	0.0004789902827072858
7522.5	0.0004222541759975212
7537.5	0.0005928063513189955
7552.5	0.0006027781518922269
7567.5	0.0003820231185124153
7582.5	0.0012430365197321164
7597.5	0.0007038715783932621
7612.5	0.0007386009528034817
7627.5	0.003231207240919142
7642.5	0.0012217174978169322
7657.5	0.0012420049541555752
7672.5	0.0008304102891156463
7687.5	0.0011446939347685243
7702.5	0.001550786916733567
7717.5	0.0006674229280221406
7732.5	0.000752011305298517
7747.5	0.0015476922200039437
7762.5	0.001525341632512218
7777.5	0.0010728281996028226
7792.5	0.0011973037791721244
7807.5	0.0013860802796791594
7822.5	0.001422528930050281
7837.5	0.0006258164497683132
7852.5	0.0019940162594540923
7867.5	0.0018145238491359278
7882.5	0.0011481324866903283
7897.5	0.0009813627184828383
7912.5	0.0016119931409416769
7927.5	0.0007612953954873875
7942.5	0.0006670790728299602
7957.5	0.001576919911339277
7972.5	0.0007224397587710032
7987.5	0.000839006668920156
8002.5	0.0010999927597850736
8017.5	0.0010253761830819285
8032.5	0.0006526371547583837
8047.5	0.0013221232139336066
8062.5	0.0016501610672737003
8077.5	0.001452444331769975
8092.5	0.0012169035251264066
8107.5	0.0014435040967732849
8122.5	0.0003414482058351291
8137.5	0.0004989338838537486
8152.5	0.00036930047640174084
8167.5	0.0004504503017563133
8182.5	0.0005670172119054661
8197.5	0.0004401346459909015
8212.5	0.00028711908547062717
8227.5	0.0005701119086350897
8242.5	0.0007987756114350502
8257.5	0.0008214700541189561
8272.5	0.000397496602160533
8287.5	0.0005859292474753876
8302.5	0.00030809425219363107
8317.5	0.00030671883142490954
8332.5	0.00030018558277348205
8347.5	0.0006736123214813876
8362.5	0.00015886109878734101
8377.5	0.0012151842491655046
8392.5	0.0002994978723891213
8407.5	0.0005095933948113407
8422.5	0.0006866788187842425
8437.5	0.0002231620197250743
8452.5	0.00011794233091787439
8467.5	0.00019702902511936453
8482.5	0.0003239115910339291
8497.5	0.0002723333122068703
8512.5	0.0002145656399205645
8527.5	0.00026132994605709776
8542.5	0.0007808951414416699
8557.5	0.00017295916166673708
8572.5	0.00030362413469528596
8587.5	0.00010762667515246264
8602.5	0.00016539434743876848
8617.5	0.0002688947602850664
8632.5	0.0005326316926874269
8647.5	0.0005164704986549485
8662.5	0.0007726426168293405
8677.5	0.00024585646240898016
8692.5	0.00032666243257137225
8707.5	0.00017020832012929396
8722.5	0.0001853379485852312
8737.5	0.00041193852023210944
8752.5	0.0005305685615343446
8767.5	0.00034282362660385064
8782.5	0.000293996189314235
8797.5	0.0001048758336150195
8812.5	0.00022556900607033703
8827.5	0.00010728281996028226
8842.5	8.4244522084196e-05
8857.5	0.0003995597333136153
8872.5	0.00022556900607033703
8887.5	0.00023003912356868214
8902.5	5.570454113322348e-05
8917.5	0.00017467843762763904
8932.5	0.00011725462053351361
8947.5	7.117802478134111e-05
8962.5	3.8511781524203884e-05
8977.5	0.0007396325183800229
8992.5	2.0287456338643116e-05
9007.5	4.8139726905254855e-05
9022.5	8.080597016239208e-05
9037.5	0.00011759847572569401
9052.5	0.00019668516992718413
9067.5	3.197853287277644e-05
9082.5	1.547348364811763e-05
9097.5	8.218139093111364e-05
9112.5	0.00011794233091787439
9127.5	0.00036654963486429767
9142.5	2.200673229954508e-05
9157.5	0.0001224124484162195
9172.5	6.120622420810974e-05
9187.5	0.00013307195937381164
9202.5	0.00012310015880058028
9217.5	0.00018774493493049394
9232.5	0.00018224325185560767
9247.5	6.361321055337248e-05
9262.5	0.00016264350590132533
9277.5	3.163467768059605e-05
9292.5	4.332575421472937e-05
9307.5	3.404166402585879e-05
9322.5	0.0005126880915409642
9337.5	1.5817338840298025e-05
9352.5	8.355681169983522e-05
9367.5	1.4098062879396064e-05
9382.5	6.051851382374896e-05
9397.5	3.301009844931762e-05
9412.5	7.908669420149012e-06
9427.5	5.845538267066661e-06
9442.5	0.00012928955225982732
9457.5	5.0202858058337204e-05
9472.5	9.765487457923129e-05
9487.5	3.78240711398431e-05
9502.5	0.00011759847572569401
9517.5	1.3754207687215672e-05
9532.5	9.284090188870579e-06
9547.5	5.501683074886269e-05
9562.5	1.9943601146462726e-05
9577.5	2.7164560182250954e-05
9592.5	1.8568180377741158e-05
9607.5	2.269444268390586e-05
9622.5	0.00013307195937381164
9637.5	0.0001471700222532077
9652.5	1.7880469993380374e-05
9667.5	2.3382153068266643e-05
9682.5	0.00024138634491063506
9697.5	7.667970785622738e-05
9712.5	7.56481422796862e-05
9727.5	3.129082248841566e-05
9742.5	6.533248651427444e-05
9757.5	2.3038297876086253e-05
9772.5	2.4069863452627427e-05
9787.5	9.284090188870579e-05
9802.5	6.051851382374896e-05
9817.5	8.527608766073718e-05
9832.5	4.676430613653329e-05
9847.5	0.00020046757704116845
9862.5	8.940234996690187e-06
9877.5	0.00021559720549710568
9892.5	0.0001217247380318587
9907.5	0.0003160029216137801
9922.5	3.541708479458036e-05
9937.5	6.877103843607836e-06
9952.5	1.3410352495035282e-05
9967.5	2.613299460570978e-05
9982.5	9.112162592780383e-05
9997.5	0.0001640189266700469
10012.5	0.00012103702764749793
10027.5	0.00011863004130223519
10042.5	7.839898381712934e-05
10057.5	5.295369959578034e-05
10072.5	9.284090188870579e-06
10087.5	0.00011347221341952931
10102.5	0.00028127354720356053
10117.5	0.0002111270879987606
10132.5	2.200673229954508e-05
10147.5	0.00016505049224658808
10162.5	2.3038297876086253e-05
10177.5	2.5789139413529386e-05
10192.5	2.5789139413529386e-05
10207.5	4.504503017563133e-05
10222.5	7.908669420149012e-06
10237.5	4.126262306164702e-06
10252.5	5.845538267066661e-06
10267.5	9.284090188870579e-06
10282.5	9.284090188870579e-06
10297.5	1.3754207687215672e-05
10312.5	5.295369959578034e-05
10327.5	9.627945381050971e-06
10342.5	1.134722134195293e-05
10357.5	6.189393459247053e-06
10372.5	5.845538267066661e-06
10387.5	2.063131153082351e-06
10402.5	4.8139726905254855e-06
10417.5	4.4701174983450934e-06
10432.5	8.252524612329404e-06
10447.5	5.123442363487838e-05
10462.5	2.750841537443135e-06
10477.5	7.56481422796862e-06
10492.5	1.0659510957592147e-05
10507.5	3.0946967296235265e-06
10522.5	2.063131153082351e-06
10537.5	1.9943601146462726e-05
10552.5	6.533248651427445e-06
10567.5	3.8855636716384274e-05
10582.5	4.366960940690976e-05
10597.5	7.220959035788228e-06
10612.5	2.5789139413529386e-05
10627.5	1.0315655765411756e-06
10642.5	2.8883836143152913e-05
10657.5	0.00012722642110674497
10672.5	1.2378786918494106e-05
10687.5	4.8139726905254855e-06
10702.5	4.126262306164702e-06
10717.5	7.56481422796862e-06
10732.5	9.868644015577245e-05
10747.5	5.845538267066661e-06
10762.5	1.134722134195293e-05
10777.5	1.719275960901959e-06
10792.5	3.0946967296235265e-06
10807.5	1.2034931726313714e-05
10822.5	0.00022075503337981155
10837.5	2.063131153082351e-05
10852.5	1.650504922465881e-05
10867.5	2.750841537443135e-06
10882.5	1.2378786918494106e-05
10897.5	1.3754207687215674e-06
10912.5	4.126262306164702e-06
10927.5	0.00010350041284629794
10942.5	4.4701174983450934e-06
10957.5	2.8883836143152913e-05
10972.5	0.00015507869167335673
10987.5	3.78240711398431e-06
11002.5	1.3754207687215674e-06
11017.5	6.877103843607836e-06
11032.5	2.647684979789017e-05
11047.5	6.533248651427445e-06
11062.5	5.8111527478486216e-05
11077.5	7.220959035788228e-06
11092.5	3.232238806495683e-05
11107.5	3.0946967296235265e-06
11122.5	2.0287456338643116e-05
11137.5	6.533248651427445e-06
11152.5	0.00011037751668990578
11167.5	5.50168307488627e-06
11182.5	0.00025995452528837623
11197.5	0.0002186919022267292
11212.5	1.7192759609019593e-05
11227.5	3.438551921803918e-06
11242.5	2.750841537443135e-06
11257.5	3.232238806495683e-05
11272.5	6.155007940029014e-05
11287.5	1.3754207687215674e-06
11302.5	8.45883772763764e-05
11317.5	1.3754207687215674e-06
11332.5	1.3754207687215674e-06
11347.5	5.0202858058337204e-05
11362.5	1.0315655765411756e-06
11377.5	1.8224325185560768e-05
11392.5	1.3754207687215674e-06
11407.5	7.392886631878425e-05
11422.5	2.063131153082351e-06
11437.5	2.6820704990070564e-05
11452.5	1.3754207687215674e-06
11467.5	1.3754207687215674e-06
11482.5	0.0001010934265010352
11497.5	4.6420450944352896e-05
11512.5	0.0001805239758947057
11527.5	3.0946967296235265e-06
11542.5	1.4785773263756849e-05
11557.5	1.3754207687215674e-06
11572.5	5.1578278827058776e-06
11587.5	5.1578278827058776e-06
11602.5	1.719275960901959e-06
11617.5	7.667970785622738e-05
11632.5	9.937415054013324e-05
11647.5	2.750841537443135e-06
11662.5	9.24970466965254e-05
11677.5	9.284090188870579e-06
11692.5	3.36978088336784e-05
11707.5	1.3754207687215674e-06
11722.5	1.719275960901959e-06
11737.5	6.636405209081562e-05
11752.5	1.4785773263756849e-05
11767.5	1.9599745954282336e-05
11782.5	1.719275960901959e-06
11797.5	3.4385519218039185e-07
11812.5	2.750841537443135e-06
11827.5	3.507322960239997e-05
11842.5	1.0315655765411756e-06
11857.5	6.877103843607837e-07
11872.5	0.00014063677360178026
11887.5	1.306649730285489e-05
11902.5	4.4701174983450934e-06
11917.5	2.4069863452627427e-06
11932.5	2.4069863452627427e-06
11947.5	4.4701174983450934e-06
11962.5	3.0946967296235265e-06
11977.5	1.2722642110674498e-05
11992.5	1.0315655765411756e-06
12007.5	2.063131153082351e-06
12022.5	3.78240711398431e-06
12037.5	5.50168307488627e-06
12052.5	6.877103843607837e-07
12067.5	8.080597016239208e-05
12082.5	6.877103843607837e-07
12097.5	0.0001347912353347136
12112.5	1.719275960901959e-06
12127.5	1.0315655765411756e-06
12142.5	3.4385519218039185e-07
12157.5	7.117802478134111e-05
12172.5	0.00015851724359516064
12187.5	1.0315655765411756e-06
12202.5	0.0
12217.5	6.877103843607837e-07
12232.5	3.4385519218039185e-07
12247.5	8.355681169983522e-05
12262.5	2.063131153082351e-06
12277.5	1.719275960901959e-06
12292.5	2.819612575879213e-05
12307.5	0.0
12322.5	3.78240711398431e-06
12337.5	0.0
12352.5	0.0001516401397515528
12367.5	5.1578278827058776e-06
12382.5	1.3754207687215674e-06
12397.5	2.4069863452627427e-06
12412.5	0.0
12427.5	0.0
12442.5	0.00020356227377079197
12457.5	1.0315655765411756e-06
12472.5	3.4385519218039185e-07
12487.5	3.4385519218039185e-07
12502.5	0.0
12517.5	3.4385519218039185e-07
12532.5	3.4385519218039185e-07
12547.5	2.063131153082351e-06
12562.5	3.4385519218039185e-07
12577.5	0.0
12592.5	0.0
12607.5	0.0
12622.5	0.0
12637.5	0.0
12652.5	3.4385519218039185e-07
12667.5	0.0
12682.5	3.4385519218039185e-07
12697.5	3.438551921803918e-06
12712.5	8.252524612329404e-06
12727.5	2.063131153082351e-06
12742.5	1.0315655765411756e-06
12757.5	0.0
12772.5	0.0
12787.5	0.0
12802.5	3.094696729623526e-05
12817.5	3.4385519218039185e-07
12832.5	1.3754207687215674e-06
12847.5	3.4385519218039185e-07
12862.5	3.4385519218039185e-07
12877.5	6.877103843607837e-07
12892.5	6.877103843607837e-07
12907.5	1.512962845593724e-05
12922.5	0.0
12937.5	0.0
12952.5	3.4385519218039185e-07
12967.5	3.4385519218039185e-07
12982.5	3.4385519218039185e-07
12997.5	0.00014269990475486262
13012.5	2.1662877107364685e-05
13027.5	0.0
13042.5	3.404166402585879e-05
13057.5	3.4385519218039185e-07
13072.5	3.4385519218039185e-07
13087.5	5.192213401923917e-05
13102.5	3.4385519218039185e-07
13117.5	0.0
13132.5	0.0
13147.5	1.0315655765411756e-06
13162.5	3.4385519218039185e-07
13177.5	0.0
13192.5	0.0
13207.5	6.877103843607837e-07
13222.5	6.877103843607837e-07
13237.5	6.877103843607837e-07
13252.5	5.364140998014113e-05
13267.5	3.36978088336784e-05
13282.5	0.0
13297.5	0.0
13312.5	0.0
13327.5	0.0
13342.5	0.0
13357.5	0.0
13372.5	0.0
13387.5	0.0
13402.5	0.0
13417.5	0.0
13432.5	0.0
13447.5	0.0
13462.5	0.0
13477.5	3.4385519218039185e-07
13492.5	3.4385519218039185e-07
13507.5	0.0
13522.5	6.877103843607837e-07
13537.5	0.0
13552.5	0.0
13567.5	0.0
13582.5	0.0
13597.5	0.0
13612.5	0.0
13627.5	0.0
13642.5	0.0
13657.5	3.4385519218039185e-07
13672.5	0.0
13687.5	0.0
13702.5	0.0
13717.5	0.0
13732.5	0.0
13747.5	0.0
13762.5	0.0
13777.5	0.0
13792.5	1.5817338840298025e-05
13807.5	0.0
13822.5	0.0
13837.5	0.0
13852.5	0.0
13867.5	1.8568180377741158e-05
13882.5	0.0
13897.5	0.0
13912.5	0.0
13927.5	0.0
13942.5	3.335395364149801e-05
13957.5	0.0
13972.5	0.0
13987.5	0.0
14002.5	0.0
14017.5	0.0
14032.5	0.0
14047.5	0.0
14062.5	0.0
14077.5	0.0
14092.5	0.0
14107.5	0.0
14122.5	0.0
14137.5	0.0
14152.5	0.0
14167.5	0.0
14182.5	0.0
14197.5	0.0
14212.5	0.0
14227.5	0.0
14242.5	0.0
14257.5	0.0
14272.5	0.0
14287.5	0.0
14302.5	0.0
14317.5	0.0
14332.5	0.0
14347.5	0.0
14362.5	0.0
14377.5	0.0
14392.5	0.0
14407.5	0.0
14422.5	0.0
14437.5	0.0
14452.5	0.0
14467.5	0.0
14482.5	0.0
14497.5	0.0
14512.5	0.0
14527.5	0.0
14542.5	0.0
14557.5	0.0
14572.5	0.0
14587.5	0.0
14602.5	0.0
14617.5	0.0
14632.5	0.0
14647.5	0.0
14662.5	0.0
14677.5	0.0
14692.5	0.0
14707.5	0.0
14722.5	0.0
14737.5	0.0
14752.5	0.0
14767.5	0.0
14782.5	0.0
14797.5	0.0
14812.5	0.0
14827.5	0.0
14842.5	0.0
14857.5	0.0
14872.5	0.0
14887.5	0.0
14902.5	0.0
14917.5	0.0
14932.5	0.0
14947.5	0.0
14962.5	0.0
14977.5	0.0
14992.5	0.0
15007.5	0.0
15022.5	0.0
15037.5	0.0
15052.5	0.0
15067.5	0.0
15082.5	0.0
15097.5	0.0
15112.5	0.0
15127.5	0.0
15142.5	0.0
15157.5	0.0
15172.5	0.0
15187.5	0.0
15202.5	0.0
15217.5	0.0
15232.5	0.0
15247.5	0.0
15262.5	0.0
15277.5	0.0
15292.5	0.0
15307.5	0.0
15322.5	0.0
15337.5	0.0
15352.5	0.0
15367.5	0.0
15382.5	0.0
15397.5	0.0
15412.5	0.0
15427.5	0.0
15442.5	0.0
15457.5	0.0
15472.5	0.0
15487.5	0.0
15502.5	0.0
15517.5	0.0
15532.5	0.0
15547.5	0.0
15562.5	0.0
15577.5	0.0
15592.5	0.0
15607.5	0.0
15622.5	0.0
15637.5	0.0
15652.5	0.0
15667.5	0.0
15682.5	0.0
15697.5	0.0
15712.5	0.0
15727.5	0.0
15742.5	0.0
15757.5	0.0
15772.5	0.0
15787.5	0.0
15802.5	0.0
15817.5	0.0
15832.5	0.0
15847.5	0.0
15862.5	0.0
15877.5	0.0
15892.5	0.0
15907.5	0.0
15922.5	0.0
15937.5	0.0
15952.5	0.0
15967.5	0.0
15982.5	0.0
15997.5	0.0
16012.5	0.0
16027.5	0.0
16042.5	0.0
16057.5	0.0
16072.5	0.0
16087.5	0.0
16102.5	0.0
16117.5	0.0
16132.5	0.0
16147.5	0.0
16162.5	0.0
16177.5	0.0
16192.5	0.0
16207.5	0.0
16222.5	0.0
16237.5	0.0
16252.5	0.0
16267.5	0.0
16282.5	0.0
16297.5	0.0
16312.5	0.0
16327.5	0.0
16342.5	0.0
16357.5	0.0
16372.5	0.0
16387.5	0.0
16402.5	0.0
16417.5	0.0
16432.5	0.0
16447.5	0.0
16462.5	0.0
16477.5	0.0
16492.5	0.0
16507.5	0.0
16522.5	0.0
16537.5	0.0
16552.5	0.0
16567.5	0.0
16582.5	0.0
16597.5	0.0
16612.5	0.0
16627.5	0.0
16642.5	0.0
16657.5	0.0
16672.5	0.0
16687.5	0.0
16702.5	0.0
16717.5	0.0
16732.5	0.0
16747.5	0.0
16762.5	0.0
16777.5	0.0
16792.5	0.0
16807.5	0.0
16822.5	0.0
16837.5	0.0
16852.5	0.0
16867.5	0.0
16882.5	0.0
16897.5	0.0
16912.5	0.0
16927.5	0.0
16942.5	0.0
16957.5	0.0
16972.5	0.0
16987.5	0.0
17002.5	0.0
17017.5	0.0
17032.5	0.0
17047.5	0.0
17062.5	0.0
17077.5	0.0
17092.5	0.0
17107.5	0.0
17122.5	0.0
17137.5	0.0
17152.5	0.0
17167.5	0.0
17182.5	0.0
17197.5	0.0
17212.5	0.0
17227.5	0.0
17242.5	0.0
17257.5	0.0
17272.5	0.0
17287.5	0.0
17302.5	0.0
17317.5	0.0
17332.5	0.0
17347.5	0.0
17362.5	0.0
17377.5	0.0
17392.5	0.0
17407.5	0.0
17422.5	0.0
17437.5	0.0
17452.5	0.0
17467.5	0.0
17482.5	0.0
17497.5	0.0
17512.5	0.0
17527.5	0.0
17542.5	0.0
17557.5	0.0
17572.5	0.0
17587.5	0.0
17602.5	0.0
17617.5	0.0
17632.5	0.0
17647.5	0.0
17662.5	0.0
17677.5	0.0
17692.5	0.0
17707.5	0.0
17722.5	0.0
17737.5	0.0
17752.5	0.0
17767.5	0.0
17782.5	0.0
17797.5	0.0
17812.5	0.0
17827.5	0.0
17842.5	0.0
17857.5	0.0
17872.5	0.0
17887.5	0.0
17902.5	0.0
17917.5	0.0
17932.5	0.0
17947.5	0.0
17962.5	0.0
17977.5	0.0
17992.5	0.0
18007.5	0.0
18022.5	0.0
18037.5	0.0
18052.5	0.0
18067.5	0.0
18082.5	0.0
18097.5	0.0
18112.5	0.0
18127.5	0.0
18142.5	0.0
18157.5	0.0
18172.5	0.0
18187.5	0.0
18202.5	0.0
18217.5	0.0
18232.5	0.0
18247.5	0.0
18262.5	0.0
18277.5	0.0
18292.5	0.0
18307.5	0.0
18322.5	0.0
18337.5	0.0
18352.5	0.0
18367.5	0.0
18382.5	0.0
18397.5	0.0
18412.5	0.0
18427.5	0.0
18442.5	0.0
18457.5	0.0
18472.5	0.0
18487.5	0.0
18502.5	0.0
18517.5	0.0
18532.5	0.0
18547.5	0.0
18562.5	0.0
18577.5	0.0
18592.5	0.0
18607.5	0.0
18622.5	0.0
18637.5	0.0
18652.5	0.0
18667.5	0.0
18682.5	0.0
18697.5	0.0
18712.5	0.0
18727.5	0.0
18742.5	0.0
18757.5	0.0
18772.5	0.0
18787.5	0.0
18802.5	0.0
18817.5	0.0
18832.5	0.0
18847.5	0.0
18862.5	0.0
18877.5	0.0
18892.5	0.0
18907.5	0.0
18922.5	0.0
18937.5	0.0
18952.5	0.0
18967.5	0.0
18982.5	0.0
18997.5	0.0
19012.5	0.0
19027.5	0.0
19042.5	0.0
19057.5	0.0
19072.5	0.0
19087.5	0.0
19102.5	0.0
19117.5	0.0
19132.5	0.0
19147.5	0.0
19162.5	0.0
19177.5	0.0
19192.5	0.0
19207.5	0.0
19222.5	0.0
19237.5	0.0
19252.5	0.0
19267.5	0.0
19282.5	0.0
19297.5	0.0
19312.5	0.0
19327.5	0.0
19342.5	0.0
19357.5	0.0
19372.5	0.0
19387.5	0.0
19402.5	0.0
19417.5	0.0
19432.5	0.0
19447.5	0.0
19462.5	0.0
19477.5	0.0
19492.5	0.0
19507.5	0.0
19522.5	0.0
19537.5	0.0
19552.5	0.0
19567.5	0.0
19582.5	0.0
19597.5	0.0
19612.5	0.0
19627.5	0.0
19642.5	0.0
19657.5	0.0
19672.5	0.0
19687.5	0.0
19702.5	0.0
19717.5	0.0
19732.5	0.0
19747.5	0.0
19762.5	0.0
19777.5	0.0
19792.5	0.0
19807.5	0.0
19822.5	0.0
19837.5	0.0
19852.5	0.0
19867.5	0.0
19882.5	0.0
19897.5	0.0
19912.5	0.0
19927.5	0.0
19942.5	0.0
19957.5	0.0
19972.5	0.0
