Bins 	 Weights 
1.993877551020408 	 0.0 
2.0061224489795917 	 0.025792 
2.0183673469387755 	 0.022787 
2.030612244897959 	 0.023765 
2.0428571428571427 	 0.022907 
2.055102040816326 	 0.027472 
2.06734693877551 	 0.022147 
2.0795918367346937 	 0.024053 
2.091836734693877 	 0.024808 
2.104081632653061 	 0.029292 
2.1163265306122443 	 0.093468 
2.128571428571428 	 0.019806 
2.1408163265306115 	 0.019197 
2.1530612244897953 	 0.022399 
2.1653061224489787 	 0.020428 
2.1775510204081625 	 0.019901 
2.189795918367346 	 0.024367 
2.2020408163265297 	 0.345845 
2.2142857142857135 	 0.008303 
2.226530612244897 	 0.006554 
2.2387755102040807 	 0.00721 
2.251020408163264 	 0.007385 
2.263265306122448 	 0.009076 
2.2755102040816313 	 0.00742 
2.287755102040815 	 0.034251 
2.2999999999999985 	 0.006933 
2.3122448979591823 	 0.006853 
2.3244897959183657 	 0.005126 
2.3367346938775495 	 0.011383 
2.3489795918367333 	 0.006373 
2.3612244897959167 	 0.00542 
2.3734693877551005 	 0.007465 
2.385714285714284 	 0.006382 
2.3979591836734677 	 0.006134 
2.410204081632651 	 0.008318 
2.422448979591835 	 0.005749 
2.4346938775510183 	 0.005307 
2.446938775510202 	 0.167108 
2.4591836734693855 	 0.000919 
2.4714285714285693 	 0.001246 
2.4836734693877527 	 0.001339 
2.4959183673469365 	 0.001152 
2.5081632653061203 	 0.001393 
2.5204081632653037 	 0.001404 
2.5326530612244875 	 0.000973 
2.544897959183671 	 0.000862 
2.5571428571428547 	 0.001053 
2.569387755102038 	 0.00083 
2.581632653061222 	 0.000941 
2.5938775510204053 	 0.000905 
2.606122448979589 	 0.001023 
2.6183673469387725 	 0.000961 
2.6306122448979563 	 0.000925 
2.64285714285714 	 0.000922 
2.6551020408163235 	 0.000824 
2.6673469387755073 	 0.001355 
2.6795918367346907 	 0.000881 
2.6918367346938745 	 0.003802 
2.704081632653058 	 0.000898 
2.7163265306122417 	 0.000899 
2.728571428571425 	 0.000772 
2.740816326530609 	 0.000738 
2.7530612244897923 	 0.00074 
2.765306122448976 	 0.003684 
2.77755102040816 	 0.000676 
2.7897959183673433 	 0.001529 
2.802040816326527 	 0.001049 
2.8142857142857105 	 0.000724 
2.8265306122448943 	 0.000737 
2.8387755102040777 	 0.000683 
2.8510204081632615 	 0.000722 
2.863265306122445 	 0.00069 
2.8755102040816287 	 0.002212 
2.887755102040812 	 0.001153 
2.899999999999996 	 0.000675 
2.9122448979591797 	 0.000628 
2.924489795918363 	 0.003534 
2.936734693877547 	 0.001502 
2.9489795918367303 	 0.000495 
2.961224489795914 	 0.000514 
2.9734693877550975 	 0.002989 
2.9857142857142813 	 0.000507 
2.9979591836734647 	 0.002195 
3.0102040816326485 	 0.000531 
3.022448979591832 	 0.000489 
3.0346938775510157 	 0.000468 
3.0469387755101995 	 0.000462 
3.059183673469383 	 0.004035 
3.0714285714285667 	 0.000361 
3.08367346938775 	 0.00229 
3.095918367346934 	 0.000386 
3.1081632653061173 	 0.000389 
3.120408163265301 	 0.000391 
3.1326530612244845 	 0.000343 
3.1448979591836683 	 0.000545 
3.1571428571428517 	 0.000395 
3.1693877551020355 	 0.000352 
3.181632653061219 	 0.00081 
3.1938775510204027 	 0.000361 
3.2061224489795865 	 0.000327 
3.21836734693877 	 0.000426 
3.2306122448979537 	 0.000321 
3.242857142857137 	 0.000385 
3.255102040816321 	 0.000408 
3.2673469387755043 	 0.000403 
3.279591836734688 	 0.000401 
3.2918367346938715 	 0.000413 
3.3040816326530553 	 0.00038 
3.3163265306122387 	 0.000324 
3.3285714285714225 	 0.000464 
3.3408163265306063 	 0.000559 
3.3530612244897897 	 0.00049 
3.3653061224489735 	 0.000483 
3.377551020408157 	 0.000372 
3.3897959183673407 	 0.00045 
3.402040816326524 	 0.000319 
3.414285714285708 	 0.000278 
3.4265306122448913 	 0.000283 
3.438775510204075 	 0.000321 
3.4510204081632585 	 0.00034 
3.4632653061224423 	 0.000318 
3.475510204081626 	 0.000294 
3.4877551020408095 	 0.00033 
3.4999999999999933 	 0.000388 
3.5122448979591767 	 0.000337 
3.5244897959183605 	 0.00027 
3.536734693877544 	 0.000297 
3.5489795918367277 	 0.000376 
3.561224489795911 	 0.000318 
3.573469387755095 	 0.000302 
3.5857142857142783 	 0.000286 
3.597959183673462 	 0.000346 
3.610204081632646 	 0.000343 
3.6224489795918293 	 0.000289 
3.634693877551013 	 0.000294 
3.6469387755101965 	 0.000363 
3.6591836734693803 	 0.000325 
3.6714285714285637 	 0.000373 
3.6836734693877475 	 0.00031 
3.695918367346931 	 0.000366 
3.7081632653061147 	 0.000327 
3.720408163265298 	 0.000286 
3.732653061224482 	 0.000378 
3.7448979591836657 	 0.00027 
3.757142857142849 	 0.000294 
3.769387755102033 	 0.000329 
3.7816326530612163 	 0.000338 
3.7938775510204 	 0.000294 
3.8061224489795835 	 0.00025 
3.8183673469387673 	 0.000307 
3.8306122448979507 	 0.000324 
3.8428571428571345 	 0.000578 
3.855102040816318 	 0.000374 
3.8673469387755017 	 0.000328 
3.8795918367346856 	 0.000303 
3.891836734693869 	 0.0003 
3.9040816326530527 	 0.000344 
3.916326530612236 	 0.000259 
3.92857142857142 	 0.000286 
3.9408163265306033 	 0.000331 
3.953061224489787 	 0.000464 
3.9653061224489705 	 0.000824 
3.9775510204081543 	 0.001132 
3.9897959183673377 	 0.000836 
4.002040816326521 	 0.000815 
4.014285714285705 	 0.000492 
4.026530612244889 	 0.000618 
4.038775510204072 	 0.000233 
4.051020408163256 	 0.000465 
4.06326530612244 	 0.000249 
4.075510204081623 	 0.000243 
4.0877551020408065 	 0.000242 
4.099999999999991 	 0.000233 
4.112244897959173 	 0.000231 
4.124489795918358 	 0.000315 
4.136734693877541 	 0.00031 
4.148979591836725 	 0.000278 
4.161224489795908 	 0.000282 
4.173469387755093 	 0.000256 
4.185714285714275 	 0.000252 
4.1979591836734595 	 0.000319 
4.210204081632643 	 0.000299 
4.222448979591827 	 0.000204 
4.23469387755101 	 0.000226 
4.246938775510194 	 0.00033 
4.259183673469377 	 0.000347 
4.271428571428562 	 0.000251 
4.283673469387744 	 0.00129 
4.295918367346929 	 0.000234 
4.308163265306112 	 0.000282 
4.320408163265296 	 0.000254 
4.3326530612244785 	 0.000216 
4.344897959183664 	 0.000296 
4.357142857142846 	 0.00025 
4.36938775510203 	 0.000246 
4.381632653061213 	 0.000346 
4.393877551020398 	 0.000264 
4.4061224489795805 	 0.000261 
4.418367346938765 	 0.000281 
4.430612244897947 	 0.000893 
4.442857142857132 	 0.00027 
4.455102040816315 	 0.000274 
4.467346938775499 	 0.000226 
4.4795918367346825 	 0.000229 
4.491836734693867 	 0.000314 
4.504081632653049 	 0.000275 
4.5163265306122335 	 0.000296 
4.528571428571417 	 0.000355 
4.540816326530601 	 0.000314 
4.553061224489784 	 0.000254 
4.565306122448968 	 0.000477 
4.577551020408151 	 0.000279 
4.589795918367336 	 0.000325 
4.602040816326518 	 0.000224 
4.614285714285703 	 0.000266 
4.626530612244886 	 0.000413 
4.63877551020407 	 0.000448 
4.6510204081632525 	 0.000192 
4.663265306122438 	 0.000312 
4.67551020408162 	 0.000238 
4.687755102040804 	 0.000215 
4.699999999999987 	 0.000263 
4.712244897959172 	 0.000237 
4.7244897959183545 	 0.00023 
4.736734693877539 	 0.000288 
4.748979591836722 	 0.00039 
4.761224489795906 	 0.000193 
4.773469387755089 	 0.000209 
4.785714285714273 	 0.000211 
4.7979591836734565 	 0.000203 
4.810204081632641 	 0.000229 
4.822448979591823 	 0.000227 
4.8346938775510075 	 0.000206 
4.846938775510191 	 0.000216 
4.859183673469375 	 0.000279 
4.871428571428558 	 0.000215 
4.883673469387743 	 0.000231 
4.895918367346925 	 0.000259 
4.90816326530611 	 0.000191 
4.920408163265292 	 0.000222 
4.932653061224477 	 0.000287 
4.94489795918366 	 0.000225 
4.957142857142844 	 0.000212 
4.9693877551020265 	 0.000205 
4.981632653061212 	 0.000237 
4.993877551020394 	 0.000226 
5.006122448979578 	 0.000263 
5.018367346938762 	 0.00019 
5.030612244897946 	 0.000225 
5.0428571428571285 	 0.000352 
5.055102040816313 	 0.000286 
5.067346938775496 	 0.000238 
5.07959183673468 	 0.000191 
5.091836734693863 	 0.000201 
5.104081632653047 	 0.000227 
5.1163265306122305 	 0.000152 
5.128571428571415 	 0.000235 
5.140816326530597 	 0.000236 
5.153061224489782 	 0.000325 
5.165306122448965 	 0.000226 
5.177551020408149 	 0.000228 
5.189795918367332 	 0.000185 
5.202040816326517 	 0.000174 
5.214285714285699 	 0.000253 
5.226530612244884 	 0.000166 
5.238775510204066 	 0.000272 
5.251020408163251 	 0.000182 
5.263265306122434 	 0.000182 
5.275510204081618 	 0.00089 
5.287755102040801 	 0.000232 
5.299999999999986 	 0.000202 
5.312244897959168 	 0.000163 
5.324489795918352 	 0.00025 
5.336734693877536 	 0.000236 
5.34897959183672 	 0.000217 
5.3612244897959025 	 0.00021 
5.373469387755087 	 0.00018 
5.38571428571427 	 0.000272 
5.397959183673454 	 0.000281 
5.410204081632637 	 0.000258 
5.422448979591822 	 0.000222 
5.4346938775510045 	 0.000247 
5.446938775510189 	 0.000398 
5.459183673469371 	 0.000228 
5.471428571428556 	 0.000233 
5.483673469387739 	 0.000236 
5.495918367346923 	 0.000226 
5.508163265306106 	 0.000215 
5.520408163265291 	 0.000226 
5.532653061224473 	 0.000206 
5.544897959183658 	 0.000163 
5.557142857142841 	 0.000159 
5.569387755102025 	 0.000252 
5.581632653061208 	 0.000162 
5.593877551020392 	 0.00045 
5.606122448979575 	 0.000252 
5.61836734693876 	 0.000352 
5.630612244897942 	 0.000234 
5.642857142857126 	 0.000412 
5.65510204081631 	 0.001207 
5.667346938775494 	 0.000278 
5.6795918367346765 	 0.000459 
5.691836734693862 	 0.00027 
5.704081632653044 	 0.000193 
5.716326530612228 	 0.000211 
5.728571428571411 	 0.000243 
5.740816326530596 	 0.000262 
5.7530612244897785 	 0.000127 
5.765306122448963 	 0.000205 
5.777551020408145 	 0.000333 
5.78979591836733 	 0.000489 
5.802040816326513 	 0.000208 
5.814285714285697 	 0.000251 
5.82653061224488 	 0.000241 
5.838775510204065 	 0.00061 
5.851020408163247 	 0.000193 
5.863265306122432 	 0.000198 
5.875510204081615 	 0.000265 
5.887755102040799 	 0.000216 
5.899999999999982 	 0.000301 
5.912244897959166 	 0.000711 
5.924489795918349 	 0.000283 
5.936734693877534 	 0.000277 
5.948979591836716 	 0.000191 
5.961224489795901 	 0.000167 
5.973469387755084 	 0.000414 
5.985714285714268 	 0.000349 
5.9979591836734505 	 0.000231 
6.010204081632636 	 0.000355 
6.022448979591818 	 0.000405 
6.034693877551002 	 0.00029 
6.046938775510185 	 0.000204 
6.05918367346937 	 0.000252 
6.0714285714285525 	 0.000182 
6.083673469387737 	 0.000276 
6.095918367346919 	 0.000179 
6.108163265306104 	 0.000511 
6.120408163265287 	 0.000313 
6.132653061224471 	 0.000183 
6.144897959183655 	 0.001625 
6.157142857142839 	 0.000166 
6.169387755102021 	 0.000138 
6.181632653061206 	 0.000297 
6.193877551020389 	 0.000202 
6.206122448979573 	 0.000276 
6.218367346938756 	 0.000514 
6.23061224489794 	 0.000306 
6.242857142857123 	 0.000197 
6.255102040816308 	 0.000168 
6.26734693877549 	 0.000656 
6.279591836734675 	 0.000166 
6.291836734693858 	 0.000181 
6.304081632653042 	 0.000196 
6.3163265306122245 	 0.000411 
6.32857142857141 	 0.000116 
6.340816326530592 	 0.000205 
6.353061224489776 	 0.00034 
6.365306122448959 	 0.000143 
6.377551020408144 	 0.000283 
6.3897959183673265 	 0.00025 
6.402040816326511 	 0.00015 
6.414285714285694 	 0.000165 
6.426530612244878 	 0.000308 
6.438775510204061 	 0.000184 
6.451020408163245 	 0.001875 
6.4632653061224286 	 0.001516 
6.475510204081613 	 0.000259 
6.487755102040795 	 0.000147 
6.49999999999998 	 0.000121 
6.512244897959163 	 0.000167 
6.524489795918347 	 0.000245 
6.53673469387753 	 0.000113 
6.548979591836715 	 0.000154 
6.561224489795897 	 0.000124 
6.573469387755082 	 0.000257 
6.585714285714264 	 0.000156 
6.597959183673449 	 0.000149 
6.610204081632632 	 0.000185 
6.622448979591816 	 9.1e-05 
6.6346938775509985 	 0.000181 
6.646938775510184 	 0.000143 
6.659183673469366 	 0.000279 
6.67142857142855 	 0.000165 
6.683673469387734 	 0.000166 
6.695918367346918 	 0.000162 
6.7081632653061005 	 0.000137 
6.720408163265285 	 0.000162 
6.732653061224468 	 0.000777 
6.744897959183652 	 0.000147 
6.757142857142835 	 0.000163 
6.769387755102019 	 0.000366 
6.7816326530612026 	 0.000114 
6.793877551020387 	 0.000126 
6.806122448979569 	 0.000142 
6.8183673469387545 	 0.000142 
6.830612244897937 	 0.00051 
6.842857142857121 	 0.000123 
6.855102040816304 	 0.000166 
6.867346938775489 	 0.000118 
6.879591836734671 	 0.000146 
6.891836734693856 	 0.000181 
6.904081632653038 	 0.000137 
6.916326530612223 	 0.000274 
6.928571428571406 	 0.000122 
6.94081632653059 	 0.000234 
6.953061224489773 	 0.000171 
6.965306122448958 	 0.000131 
6.97755102040814 	 0.000169 
6.989795918367324 	 0.000165 
7.002040816326508 	 0.000272 
7.014285714285692 	 0.000242 
7.0265306122448745 	 0.000231 
7.038775510204059 	 0.000212 
7.051020408163242 	 0.000174 
7.063265306122426 	 0.000123 
7.075510204081609 	 0.002261 
7.087755102040794 	 0.000139 
7.0999999999999766 	 0.000376 
7.112244897959161 	 0.000123 
7.124489795918343 	 0.000155 
7.1367346938775285 	 0.000319 
7.148979591836711 	 0.00014 
7.161224489795895 	 0.000171 
7.173469387755078 	 0.000172 
7.185714285714263 	 0.00031 
7.197959183673445 	 0.000199 
7.21020408163263 	 0.000144 
7.222448979591812 	 0.000138 
7.234693877550997 	 0.00022 
7.24693877551018 	 0.000366 
7.259183673469364 	 0.000136 
7.271428571428547 	 0.00047 
7.283673469387732 	 0.000178 
7.295918367346914 	 0.000402 
7.308163265306098 	 0.000123 
7.320408163265282 	 0.000507 
7.332653061224466 	 0.00011 
7.3448979591836485 	 0.000113 
7.357142857142834 	 0.000225 
7.369387755102016 	 0.000556 
7.3816326530612 	 0.000149 
7.393877551020383 	 0.000122 
7.406122448979568 	 0.000186 
7.4183673469387506 	 0.000217 
7.430612244897935 	 0.000223 
7.442857142857117 	 0.000151 
7.4551020408163025 	 0.000395 
7.467346938775485 	 0.000431 
7.479591836734669 	 0.000305 
7.491836734693852 	 0.000925 
7.504081632653037 	 0.000146 
7.516326530612219 	 0.000168 
7.528571428571404 	 0.000205 
7.540816326530587 	 0.000101 
7.553061224489771 	 0.000462 
7.565306122448954 	 0.000697 
7.577551020408138 	 0.000206 
7.589795918367321 	 0.002413 
7.602040816326506 	 0.000139 
7.614285714285688 	 0.00035 
7.626530612244872 	 0.001028 
7.638775510204056 	 0.000392 
7.65102040816324 	 0.000903 
7.6632653061224225 	 0.000508 
7.675510204081608 	 0.000302 
7.68775510204079 	 0.000983 
7.699999999999974 	 0.000341 
7.712244897959157 	 0.001428 
7.724489795918342 	 0.000517 
7.7367346938775245 	 0.000431 
7.748979591836709 	 0.000877 
7.761224489795891 	 0.000469 
7.7734693877550765 	 0.000756 
7.785714285714259 	 0.000236 
7.797959183673443 	 0.000725 
7.810204081632627 	 0.000425 
7.822448979591811 	 0.000903 
7.834693877550993 	 0.001683 
7.846938775510178 	 0.001501 
7.859183673469361 	 0.000426 
7.871428571428545 	 0.000639 
7.883673469387728 	 0.001802 
7.895918367346912 	 0.001329 
7.908163265306095 	 0.000776 
7.92040816326528 	 0.000264 
7.932653061224462 	 0.000535 
7.944897959183647 	 0.000772 
7.95714285714283 	 0.004942 
7.969387755102014 	 0.000469 
7.9816326530611965 	 0.000402 
7.993877551020382 	 0.000478 
8.006122448979564 	 0.000776 
8.01836734693875 	 0.000793 
8.030612244897931 	 0.000434 
8.042857142857116 	 0.000159 
8.055102040816298 	 0.000211 
8.067346938775483 	 0.000502 
8.079591836734666 	 0.000529 
8.09183673469385 	 0.000974 
8.104081632653033 	 0.001003 
8.116326530612218 	 0.000267 
8.1285714285714 	 0.001547 
8.140816326530585 	 0.000761 
8.153061224489768 	 9.2e-05 
8.165306122448952 	 0.000111 
8.177551020408135 	 9.6e-05 
8.18979591836732 	 0.00011 
8.202040816326502 	 8.5e-05 
8.214285714285687 	 0.000174 
8.226530612244868 	 0.000244 
8.238775510204054 	 2.1e-05 
8.251020408163237 	 9.8e-05 
8.26326530612242 	 8.2e-05 
8.275510204081604 	 0.000429 
8.287755102040789 	 8e-05 
8.29999999999997 	 0.000161 
8.312244897959156 	 0.000139 
8.324489795918337 	 0.000507 
8.336734693877522 	 8.8e-05 
8.348979591836706 	 0.000664 
8.36122448979589 	 8.9e-05 
8.373469387755073 	 4.2e-05 
8.385714285714258 	 0.000116 
8.39795918367344 	 3.9e-05 
8.410204081632624 	 0.000124 
8.422448979591808 	 1.9e-05 
8.434693877550991 	 5.4e-05 
8.446938775510175 	 4.9e-05 
8.459183673469358 	 7e-06 
8.471428571428541 	 2.2e-05 
8.483673469387726 	 2.7e-05 
8.495918367346908 	 9e-06 
8.508163265306093 	 0.000192 
8.520408163265277 	 0.000109 
8.53265306122446 	 7.9e-05 
8.544897959183643 	 0.000166 
8.557142857142829 	 0.000269 
8.56938775510201 	 1.7e-05 
8.581632653061195 	 0.000113 
8.593877551020377 	 0.000338 
8.606122448979562 	 0.000226 
8.618367346938745 	 1.1e-05 
8.630612244897929 	 0.000116 
8.642857142857112 	 2.3e-05 
8.655102040816297 	 0.000122 
8.667346938775479 	 0.000138 
8.679591836734664 	 0.000481 
8.691836734693847 	 6.9e-05 
8.70408163265303 	 7.3e-05 
8.716326530612214 	 0.000135 
8.728571428571398 	 0.00015 
8.740816326530581 	 0.000169 
8.753061224489766 	 0.000189 
8.765306122448948 	 0.000413 
8.777551020408133 	 0.000402 
8.789795918367316 	 7e-06 
8.8020408163265 	 1.2e-05 
8.814285714285683 	 1.4e-05 
8.826530612244868 	 0.00041 
8.83877551020405 	 0.000211 
8.851020408163235 	 0.000438 
8.863265306122416 	 2e-06 
8.875510204081602 	 1.1e-05 
8.887755102040785 	 1e-05 
8.899999999999968 	 0.000155 
8.912244897959152 	 3.4e-05 
8.924489795918337 	 3e-06 
8.936734693877519 	 4e-06 
8.948979591836704 	 2e-06 
8.961224489795887 	 7e-06 
8.97346938775507 	 5e-06 
8.985714285714254 	 4e-06 
8.997959183673437 	 3.3e-05 
9.01020408163262 	 6e-06 
9.022448979591806 	 1.1e-05 
9.034693877550987 	 2.5e-05 
9.046938775510172 	 7e-06 
9.059183673469356 	 1.6e-05 
9.07142857142854 	 8.5e-05 
9.083673469387723 	 4e-06 
9.095918367346908 	 1e-06 
9.10816326530609 	 2.1e-05 
9.120408163265274 	 3e-06 
9.132653061224456 	 0.00012 
9.144897959183641 	 0.000115 
9.157142857142825 	 8e-06 
9.169387755102008 	 0.000645 
9.181632653061191 	 4e-05 
9.193877551020377 	 0.0001 
9.206122448979558 	 8.3e-05 
9.218367346938743 	 1.9e-05 
9.230612244897927 	 3e-06 
9.24285714285711 	 3e-06 
9.255102040816293 	 0.000423 
9.267346938775477 	 3e-06 
9.27959183673466 	 3e-06 
9.291836734693845 	 4e-05 
9.304081632653027 	 7.2e-05 
9.316326530612212 	 2e-06 
9.328571428571395 	 2e-06 
9.340816326530579 	 3e-06 
9.353061224489762 	 9e-06 
9.365306122448947 	 0.0 
9.377551020408129 	 5e-06 
9.389795918367314 	 8.3e-05 
9.402040816326496 	 2e-06 
9.41428571428568 	 5e-06 
9.426530612244864 	 1.2e-05 
9.438775510204048 	 4e-06 
9.451020408163231 	 4.9e-05 
9.463265306122416 	 0.0 
9.475510204081598 	 2e-06 
9.487755102040783 	 3e-06 
9.499999999999966 	 1e-06 
9.51224489795915 	 8.2e-05 
9.524489795918333 	 0.0 
9.536734693877516 	 1.4e-05 
9.5489795918367 	 6.8e-05 
9.561224489795885 	 1e-06 
9.573469387755067 	 2e-06 
9.585714285714252 	 2e-06 
9.597959183673435 	 1e-06 
9.610204081632618 	 3e-06 
9.622448979591802 	 3e-06 
9.634693877550987 	 2e-06 
9.646938775510169 	 0.0 
9.659183673469354 	 1e-06 
9.671428571428535 	 0.0 
9.68367346938772 	 0.0 
9.695918367346904 	 4e-06 
9.708163265306087 	 3.9e-05 
9.72040816326527 	 5e-06 
9.732653061224456 	 0.0 
9.744897959183637 	 2e-06 
9.757142857142822 	 4e-06 
9.769387755102006 	 8e-06 
9.78163265306119 	 5e-06 
9.793877551020373 	 1e-06 
9.806122448979556 	 4.8e-05 
9.81836734693874 	 1e-06 
9.830612244897925 	 1e-06 
9.842857142857106 	 1e-06 
9.855102040816291 	 1e-06 
9.867346938775475 	 2e-06 
9.879591836734658 	 0.0 
9.891836734693841 	 1e-06 
9.904081632653027 	 2.9e-05 
9.916326530612208 	 3e-06 
9.928571428571393 	 1e-06 
9.940816326530575 	 3.2e-05 
9.95306122448976 	 3e-06 
9.965306122448943 	 3e-06 
9.977551020408127 	 2e-06 
