pulseArea Rate
2.5 7.702772041663708
7.5 108.14089093680508
12.5 38.54893401842756
17.5 34.18721570041548
22.5 22.623559284870595
27.5 9.417543093726051
32.5 3.8682541183595296
37.5 2.507295109674096
42.5 2.1094189396255785
47.5 1.8895227418134075
52.5 1.7250346752625594
57.5 1.6067714981623131
62.5 1.5160709081774368
67.5 1.4459232879594115
72.5 1.382155062612699
77.5 1.3600586908608532
82.5 1.3697435383166972
87.5 1.40684949437262
92.5 1.4199041028290365
97.5 1.3700650803969043
102.5 1.2503099480444961
107.5 1.0957253775640328
112.5 0.9577323784222664
117.5 0.8341187411073706
122.5 0.7425435566643305
127.5 0.6912254406632449
132.5 0.6535149854965323
137.5 0.6259395366979539
142.5 0.6091936251607576
147.5 0.5888078572756145
152.5 0.571174489597046
157.5 0.5452839212987539
162.5 0.5225187420200768
167.5 0.506017202463838
172.5 0.48497548873507196
177.5 0.46874404452620727
182.5 0.44912997763356177
187.5 0.4276252433092973
192.5 0.41377321049396665
197.5 0.4053616696757436
202.5 0.3883456627911731
207.5 0.377246030182417
212.5 0.36922033986044267
217.5 0.3612718196377181
222.5 0.3534519162470765
227.5 0.3454262259251022
232.5 0.33577996351888306
237.5 0.32934912191473703
242.5 0.3269311254715781
247.5 0.3188797117831872
252.5 0.31451960117557615
257.5 0.31008232046871537
262.5 0.2997158038028319
267.5 0.29487981091651405
272.5 0.2885775861444509
277.5 0.2811821182996829
282.5 0.26982525202676094
287.5 0.2591114699142536
292.5 0.2486163364162872
297.5 0.23498295221549753
302.5 0.21936886880063086
307.5 0.20742036510012746
312.5 0.19994772715610973
317.5 0.18823073375335558
322.5 0.1752532953961888
327.5 0.16567134140601114
332.5 0.15400579473609016
337.5 0.1454527754025759
342.5 0.1371055430003943
347.5 0.12697053663226007
352.5 0.11691270036337562
357.5 0.10830823429702817
362.5 0.09922788595197392
367.5 0.0879481897783017
372.5 0.08212184728494536
377.5 0.07419905042863739
382.5 0.067973995755824
387.5 0.06412835247654465
392.5 0.05840490344885464
397.5 0.0532216451159129
402.5 0.052565699272290003
407.5 0.05021201124517254
412.5 0.047536781137847775
417.5 0.04442425380144108
422.5 0.04361396775931867
427.5 0.04295802191569577
432.5 0.04187764052619923
437.5 0.03918954873566617
442.5 0.03984549457928907
447.5 0.03926671883491593
452.5 0.03727315793763064
457.5 0.035086671792220976
462.5 0.03557541575413608
467.5 0.034970916643346346
472.5 0.0335689931736425
477.5 0.033620439906475674
482.5 0.03199986782223086
487.5 0.03151112386031576
492.5 0.030765146234234816
497.5 0.029736211577571444
502.5 0.029208882566031467
507.5 0.027652618897828114
512.5 0.0258777066150838
517.5 0.023742667202507305
522.5 0.02322819987417562
527.5 0.020462937984392807
532.5 0.01904815283148067
537.5 0.017183208766278307
542.5 0.014688042223869631
547.5 0.01282309815866727
552.5 0.011935642017295113
557.5 0.01084239894459028
562.5 0.008347232402181604
567.5 0.00784562675705821
572.5 0.00718968091343531
577.5 0.0058906509093978035
582.5 0.00574917239410659
587.5 0.004655929321401757
592.5 0.004128600309861779
597.5 0.0038070582296544754
602.5 0.003305452584531082
607.5 0.0027652618897828114
612.5 0.0027009534737413507
617.5 0.002713815156949643
622.5 0.0024823048592003843
627.5 0.0022122095118262495
632.5 0.002019284263701867
637.5 0.0019163907980355298
642.5 0.0014790935689535968
647.5 0.0015562636682033499
652.5 0.0013504767368706753
657.5 0.0012604449544126304
662.5 0.0011832748551628776
667.5 0.0010932430727048324
672.5 0.0008488710917472817
677.5 0.0007588393092892367
682.5 0.0007974243589141131
687.5 0.0006688075268311916
692.5 0.00047588227870680943
697.5 0.0003729888130404723
702.5 0.00047588227870680943
707.5 0.00032154208020730365
712.5 0.0004115738626653487
717.5 0.00023151029774925864
722.5 0.00032154208020730365
727.5 0.0001929252481243822
732.5 0.00020578693133267435
737.5 0.00015434019849950578
742.5 0.0001929252481243822
747.5 0.00018006356491609006
752.5 9.003178245804503e-05
757.5 0.00012861683208292146
762.5 9.003178245804503e-05
767.5 6.430841604146073e-05
772.5 0.00010289346566633717
777.5 7.717009924975289e-05
782.5 3.8585049624876444e-05
787.5 0.00011575514887462932
792.5 5.144673283316859e-05
797.5 0.00011575514887462932
802.5 7.717009924975289e-05
807.5 7.717009924975289e-05
812.5 0.0
817.5 7.717009924975289e-05
822.5 9.003178245804503e-05
827.5 6.430841604146073e-05
832.5 2.5723366416584294e-05
837.5 0.00010289346566633717
842.5 6.430841604146073e-05
847.5 3.8585049624876444e-05
852.5 7.717009924975289e-05
857.5 6.430841604146073e-05
862.5 1.2861683208292147e-05
867.5 3.8585049624876444e-05
872.5 1.2861683208292147e-05
877.5 6.430841604146073e-05
882.5 7.717009924975289e-05
887.5 7.717009924975289e-05
892.5 0.0
897.5 3.8585049624876444e-05
902.5 2.5723366416584294e-05
907.5 0.0
912.5 5.144673283316859e-05
917.5 1.2861683208292147e-05
922.5 1.2861683208292147e-05
927.5 5.144673283316859e-05
932.5 1.2861683208292147e-05
937.5 2.5723366416584294e-05
942.5 2.5723366416584294e-05
947.5 1.2861683208292147e-05
952.5 1.2861683208292147e-05
957.5 0.0
962.5 1.2861683208292147e-05
967.5 2.5723366416584294e-05
972.5 0.0
977.5 3.8585049624876444e-05
982.5 0.0
987.5 2.5723366416584294e-05
992.5 1.2861683208292147e-05
997.5 1.2861683208292147e-05
1002.5 1.2861683208292147e-05
1007.5 2.5723366416584294e-05
1012.5 1.2861683208292147e-05
1017.5 1.2861683208292147e-05
1022.5 0.0
1027.5 1.2861683208292147e-05
1032.5 0.0
1037.5 1.2861683208292147e-05
1042.5 1.2861683208292147e-05
1047.5 2.5723366416584294e-05
1052.5 0.0
1057.5 0.0
1062.5 0.0
1067.5 5.144673283316859e-05
1072.5 0.0
1077.5 0.0
1082.5 1.2861683208292147e-05
1087.5 1.2861683208292147e-05
1092.5 0.0
1097.5 1.2861683208292147e-05
1102.5 1.2861683208292147e-05
1107.5 1.2861683208292147e-05
1112.5 1.2861683208292147e-05
1117.5 1.2861683208292147e-05
1122.5 1.2861683208292147e-05
1127.5 1.2861683208292147e-05
1132.5 1.2861683208292147e-05
1137.5 0.0
1142.5 0.0
1147.5 0.0
1152.5 1.2861683208292147e-05
1157.5 0.0
1162.5 1.2861683208292147e-05
1167.5 2.5723366416584294e-05
1172.5 0.0
1177.5 0.0
1182.5 1.2861683208292147e-05
1187.5 1.2861683208292147e-05
1192.5 0.0
1197.5 2.5723366416584294e-05
1202.5 0.0
1207.5 0.0
1212.5 1.2861683208292147e-05
1217.5 1.2861683208292147e-05
1222.5 3.8585049624876444e-05
1227.5 1.2861683208292147e-05
1232.5 0.0
1237.5 1.2861683208292147e-05
1242.5 2.5723366416584294e-05
1247.5 2.5723366416584294e-05
1252.5 1.2861683208292147e-05
1257.5 0.0
1262.5 0.0
1267.5 2.5723366416584294e-05
1272.5 0.0
1277.5 0.0
1282.5 2.5723366416584294e-05
1287.5 0.0
1292.5 0.0
1297.5 0.0
1302.5 0.0
1307.5 0.0
1312.5 0.0
1317.5 1.2861683208292147e-05
1322.5 0.0
1327.5 1.2861683208292147e-05
1332.5 1.2861683208292147e-05
1337.5 1.2861683208292147e-05
1342.5 1.2861683208292147e-05
1347.5 0.0
1352.5 0.0
1357.5 0.0
1362.5 1.2861683208292147e-05
1367.5 0.0
1372.5 0.0
1377.5 2.5723366416584294e-05
1382.5 1.2861683208292147e-05
1387.5 2.5723366416584294e-05
1392.5 1.2861683208292147e-05
1397.5 0.0
1402.5 0.0
1407.5 0.0
1412.5 0.0
1417.5 0.0
1422.5 0.0
1427.5 0.0
1432.5 0.0
1437.5 0.0
1442.5 1.2861683208292147e-05
1447.5 0.0
1452.5 0.0
1457.5 1.2861683208292147e-05
1462.5 2.5723366416584294e-05
1467.5 1.2861683208292147e-05
1472.5 1.2861683208292147e-05
1477.5 0.0
1482.5 0.0
1487.5 1.2861683208292147e-05
1492.5 0.0
1497.5 0.0
1502.5 2.5723366416584294e-05
1507.5 2.5723366416584294e-05
1512.5 0.0
1517.5 0.0
1522.5 0.0
1527.5 0.0
1532.5 2.5723366416584294e-05
1537.5 3.8585049624876444e-05
1542.5 2.5723366416584294e-05
1547.5 1.2861683208292147e-05
1552.5 1.2861683208292147e-05
1557.5 0.0
1562.5 1.2861683208292147e-05
1567.5 0.0
1572.5 0.0
1577.5 1.2861683208292147e-05
1582.5 0.0
1587.5 0.0
1592.5 0.0
1597.5 0.0
1602.5 0.0
1607.5 0.0
1612.5 2.5723366416584294e-05
1617.5 0.0
1622.5 1.2861683208292147e-05
1627.5 2.5723366416584294e-05
1632.5 1.2861683208292147e-05
1637.5 0.0
1642.5 2.5723366416584294e-05
1647.5 2.5723366416584294e-05
1652.5 0.0
1657.5 0.0
1662.5 0.0
1667.5 0.0
1672.5 1.2861683208292147e-05
1677.5 0.0
1682.5 0.0
1687.5 0.0
1692.5 0.0
1697.5 1.2861683208292147e-05
1702.5 0.0
1707.5 0.0
1712.5 1.2861683208292147e-05
1717.5 0.0
1722.5 1.2861683208292147e-05
1727.5 0.0
1732.5 0.0
1737.5 0.0
1742.5 0.0
1747.5 1.2861683208292147e-05
1752.5 0.0
1757.5 0.0
1762.5 0.0
1767.5 0.0
1772.5 0.0
1777.5 0.0
1782.5 0.0
1787.5 0.0
1792.5 1.2861683208292147e-05
1797.5 1.2861683208292147e-05
1802.5 0.0
1807.5 0.0
1812.5 0.0
1817.5 1.2861683208292147e-05
1822.5 0.0
1827.5 0.0
1832.5 0.0
1837.5 0.0
1842.5 0.0
1847.5 0.0
1852.5 0.0
1857.5 0.0
1862.5 0.0
1867.5 1.2861683208292147e-05
1872.5 0.0
1877.5 0.0
1882.5 0.0
1887.5 0.0
1892.5 0.0
1897.5 0.0
1902.5 0.0
1907.5 0.0
1912.5 0.0
1917.5 0.0
1922.5 0.0
1927.5 1.2861683208292147e-05
1932.5 0.0
1937.5 1.2861683208292147e-05
1942.5 0.0
1947.5 0.0
1952.5 0.0
1957.5 0.0
1962.5 0.0
1967.5 1.2861683208292147e-05
1972.5 1.2861683208292147e-05
1977.5 0.0
1982.5 0.0
1987.5 0.0
1992.5 0.0
1997.5 0.0
2002.5 0.0
2007.5 0.0
2012.5 0.0
2017.5 0.0
2022.5 0.0
2027.5 0.0
2032.5 0.0
2037.5 0.0
2042.5 0.0
2047.5 0.0
2052.5 0.0
2057.5 0.0
2062.5 0.0
2067.5 0.0
2072.5 0.0
2077.5 0.0
2082.5 0.0
2087.5 0.0
2092.5 0.0
2097.5 0.0
2102.5 0.0
2107.5 0.0
2112.5 0.0
2117.5 0.0
2122.5 0.0
2127.5 0.0
2132.5 0.0
2137.5 0.0
2142.5 0.0
2147.5 0.0
2152.5 0.0
2157.5 0.0
2162.5 0.0
2167.5 1.2861683208292147e-05
2172.5 0.0
2177.5 0.0
2182.5 0.0
2187.5 0.0
2192.5 0.0
2197.5 0.0
2202.5 0.0
2207.5 0.0
2212.5 0.0
2217.5 0.0
2222.5 0.0
2227.5 0.0
2232.5 0.0
2237.5 0.0
2242.5 0.0
2247.5 0.0
2252.5 0.0
2257.5 0.0
2262.5 0.0
2267.5 0.0
2272.5 0.0
2277.5 0.0
2282.5 0.0
2287.5 0.0
2292.5 2.5723366416584294e-05
2297.5 0.0
2302.5 0.0
2307.5 0.0
2312.5 1.2861683208292147e-05
2317.5 0.0
2322.5 0.0
2327.5 0.0
2332.5 0.0
2337.5 0.0
2342.5 0.0
2347.5 0.0
2352.5 0.0
2357.5 0.0
2362.5 0.0
2367.5 0.0
2372.5 0.0
2377.5 0.0
2382.5 0.0
2387.5 0.0
2392.5 0.0
2397.5 0.0
2402.5 0.0
2407.5 0.0
2412.5 0.0
2417.5 0.0
2422.5 0.0
2427.5 0.0
2432.5 0.0
2437.5 0.0
2442.5 0.0
2447.5 0.0
2452.5 0.0
2457.5 0.0
2462.5 0.0
2467.5 0.0
2472.5 0.0
2477.5 0.0
2482.5 0.0
2487.5 0.0
2492.5 0.0
2497.5 0.0
2502.5 0.0
2507.5 0.0
2512.5 0.0
2517.5 0.0
2522.5 0.0
2527.5 0.0
2532.5 0.0
2537.5 0.0
2542.5 0.0
2547.5 0.0
2552.5 0.0
2557.5 0.0
2562.5 0.0
2567.5 0.0
2572.5 0.0
2577.5 0.0
2582.5 0.0
2587.5 0.0
2592.5 0.0
2597.5 0.0
2602.5 0.0
2607.5 0.0
2612.5 0.0
2617.5 0.0
2622.5 0.0
2627.5 0.0
2632.5 0.0
2637.5 0.0
2642.5 0.0
2647.5 0.0
2652.5 0.0
2657.5 0.0
2662.5 0.0
2667.5 0.0
2672.5 0.0
2677.5 0.0
2682.5 0.0
2687.5 0.0
2692.5 0.0
2697.5 0.0
2702.5 0.0
2707.5 0.0
2712.5 0.0
2717.5 0.0
2722.5 0.0
2727.5 0.0
2732.5 0.0
2737.5 0.0
2742.5 0.0
2747.5 0.0
2752.5 0.0
2757.5 0.0
2762.5 0.0
2767.5 0.0
2772.5 0.0
2777.5 0.0
2782.5 0.0
2787.5 1.2861683208292147e-05
2792.5 0.0
2797.5 0.0
2802.5 0.0
2807.5 0.0
2812.5 0.0
2817.5 0.0
2822.5 0.0
2827.5 0.0
2832.5 0.0
2837.5 0.0
2842.5 0.0
2847.5 0.0
2852.5 0.0
2857.5 0.0
2862.5 0.0
2867.5 0.0
2872.5 0.0
2877.5 0.0
2882.5 1.2861683208292147e-05
2887.5 0.0
2892.5 0.0
2897.5 0.0
2902.5 0.0
2907.5 0.0
2912.5 0.0
2917.5 0.0
2922.5 0.0
2927.5 0.0
2932.5 0.0
2937.5 1.2861683208292147e-05
2942.5 0.0
2947.5 0.0
2952.5 0.0
2957.5 0.0
2962.5 0.0
2967.5 0.0
2972.5 0.0
2977.5 0.0
2982.5 0.0
2987.5 0.0
2992.5 0.0
2997.5 0.0
3002.5 0.0
3007.5 0.0
3012.5 0.0
3017.5 0.0
3022.5 0.0
3027.5 0.0
3032.5 0.0
3037.5 0.0
3042.5 0.0
3047.5 0.0
3052.5 0.0
3057.5 0.0
3062.5 0.0
3067.5 0.0
3072.5 0.0
3077.5 0.0
3082.5 0.0
3087.5 0.0
3092.5 0.0
3097.5 0.0
3102.5 0.0
3107.5 0.0
3112.5 0.0
3117.5 0.0
3122.5 0.0
3127.5 0.0
3132.5 0.0
3137.5 1.2861683208292147e-05
3142.5 0.0
3147.5 0.0
3152.5 0.0
3157.5 0.0
3162.5 0.0
3167.5 0.0
3172.5 1.2861683208292147e-05
3177.5 0.0
3182.5 0.0
3187.5 0.0
3192.5 0.0
3197.5 0.0
3202.5 1.2861683208292147e-05
3207.5 0.0
3212.5 0.0
3217.5 0.0
3222.5 0.0
3227.5 0.0
3232.5 0.0
3237.5 0.0
3242.5 0.0
3247.5 0.0
3252.5 0.0
3257.5 0.0
3262.5 0.0
3267.5 1.2861683208292147e-05
3272.5 0.0
3277.5 0.0
3282.5 0.0
3287.5 0.0
3292.5 0.0
3297.5 0.0
3302.5 0.0
3307.5 0.0
3312.5 0.0
3317.5 0.0
3322.5 0.0
3327.5 1.2861683208292147e-05
3332.5 0.0
3337.5 0.0
3342.5 0.0
3347.5 0.0
3352.5 0.0
3357.5 0.0
3362.5 1.2861683208292147e-05
3367.5 0.0
3372.5 0.0
3377.5 0.0
3382.5 0.0
3387.5 0.0
3392.5 0.0
3397.5 0.0
3402.5 0.0
3407.5 0.0
3412.5 0.0
3417.5 0.0
3422.5 0.0
3427.5 0.0
3432.5 0.0
3437.5 1.2861683208292147e-05
3442.5 0.0
3447.5 0.0
3452.5 0.0
3457.5 0.0
3462.5 0.0
3467.5 0.0
3472.5 0.0
3477.5 0.0
3482.5 0.0
3487.5 0.0
3492.5 0.0
3497.5 0.0
3502.5 1.2861683208292147e-05
3507.5 0.0
3512.5 0.0
3517.5 0.0
3522.5 0.0
3527.5 0.0
3532.5 0.0
3537.5 0.0
3542.5 0.0
3547.5 0.0
3552.5 0.0
3557.5 0.0
3562.5 1.2861683208292147e-05
3567.5 0.0
3572.5 0.0
3577.5 0.0
3582.5 0.0
3587.5 0.0
3592.5 0.0
3597.5 0.0
3602.5 0.0
3607.5 0.0
3612.5 0.0
3617.5 0.0
3622.5 0.0
3627.5 0.0
3632.5 0.0
3637.5 0.0
3642.5 0.0
3647.5 0.0
3652.5 0.0
3657.5 0.0
3662.5 0.0
3667.5 0.0
3672.5 0.0
3677.5 0.0
3682.5 0.0
3687.5 0.0
3692.5 0.0
3697.5 0.0
3702.5 0.0
3707.5 0.0
3712.5 0.0
3717.5 0.0
3722.5 0.0
3727.5 0.0
3732.5 0.0
3737.5 0.0
3742.5 0.0
3747.5 0.0
3752.5 0.0
3757.5 0.0
3762.5 0.0
3767.5 0.0
3772.5 0.0
3777.5 0.0
3782.5 0.0
3787.5 0.0
3792.5 0.0
3797.5 0.0
3802.5 0.0
3807.5 0.0
3812.5 0.0
3817.5 0.0
3822.5 0.0
3827.5 0.0
3832.5 0.0
3837.5 0.0
3842.5 0.0
3847.5 0.0
3852.5 0.0
3857.5 0.0
3862.5 0.0
3867.5 0.0
3872.5 0.0
3877.5 0.0
3882.5 0.0
3887.5 0.0
3892.5 0.0
3897.5 0.0
3902.5 0.0
3907.5 0.0
3912.5 0.0
3917.5 0.0
3922.5 0.0
3927.5 0.0
3932.5 0.0
3937.5 0.0
3942.5 0.0
3947.5 0.0
3952.5 0.0
3957.5 0.0
3962.5 0.0
3967.5 0.0
3972.5 0.0
3977.5 0.0
3982.5 0.0
3987.5 0.0
3992.5 0.0
3997.5 0.0
4002.5 0.000437297229081933
