energy 	 mean 	 psig1 	 nsig1 	 psig2 	 nsig2 
0 	 2.7941176470588234 	 3.617647058823529 	 1.9705882352941178 	 5.26470588235294 	 0.32352941176470607 
1 	 3.130093131548312 	 4.111119234586468 	 2.149067028510155 	 6.073171440662781 	 0.18701482243384238 
2 	 3.332157968970381 	 4.446357033299775 	 2.2179589046409864 	 6.674755161958564 	 -0.010439224017802395 
3 	 3.598489822718319 	 4.892806412429156 	 2.3041732330074822 	 7.4814395918508305 	 -0.28445994641419237 
4 	 3.9988910937317614 	 5.536617114508855 	 2.461165072954667 	 8.612069156063043 	 -0.6142869685995214 
5 	 4.544644064359113 	 6.364349152376194 	 2.724938976342031 	 10.003759328410357 	 -0.9144711996921329 
6 	 5.240310874947679 	 7.375296517127429 	 3.1053252327679277 	 11.64526780148693 	 -1.164646051591574 
7 	 6.0837299197762285 	 8.54235130214078 	 3.625108537411678 	 13.45959406686988 	 -1.2921342273174234 
8 	 7.053204390491394 	 9.814056408636514 	 4.292352372346275 	 15.335760444926752 	 -1.2293516639439632 
9 	 8.117825424479909 	 11.151624599425189 	 5.084026249534629 	 17.21922294931575 	 -0.9835721003559303 
10 	 9.271079245283019 	 12.56200762914105 	 5.980150861424987 	 19.143864396857115 	 -0.6017059062910768 
11 	 10.521171008200675 	 14.047620470016724 	 6.994721546384625 	 21.100519393648824 	 -0.05817737724747296 
12 	 11.798556611823525 	 15.532714895819172 	 8.064398327827877 	 23.001031463810463 	 0.5960817598365864 
13 	 13.104407229973011 	 17.044988892960756 	 9.163825566985269 	 24.92615221893624 	 1.2826622410097812 
14 	 14.439472450316794 	 18.571991182832036 	 10.306953717801552 	 26.83702864786252 	 2.041916252771067 
15 	 15.790543992402979 	 20.104004954056755 	 11.477083030749203 	 28.730926877364304 	 2.850161107441652 
16 	 17.20412378562079 	 21.7141789115705 	 12.694068659671082 	 30.73428916346992 	 3.6739584077716607 
17 	 18.62606210227341 	 23.303391763283525 	 13.948732441263292 	 32.658051085303754 	 4.594073119243063 
18 	 20.06048913759841 	 24.895245439506134 	 15.225732835690685 	 34.56475804332159 	 5.556220231875233 
19 	 21.553023088671278 	 26.57216447270889 	 16.533881704633664 	 36.61044724078411 	 6.495598936558443 
20 	 23.041358463939535 	 28.210902773935675 	 17.871814153943394 	 38.549991393927954 	 7.532725533951112 
21 	 24.510659898477158 	 29.840656350656104 	 19.18066344629821 	 40.50064925501399 	 8.520670541940325 
22 	 26.02643762037491 	 31.53745792191826 	 20.51541731883156 	 42.55949852500497 	 9.493376715744855 
23 	 27.566580048737553 	 33.229410047273376 	 21.903750050201726 	 44.55507004434503 	 10.578090053130072 
24 	 29.125773436238962 	 34.9555575260413 	 23.295989346436627 	 46.615125705645966 	 11.636421166831955 
25 	 30.706605876150306 	 36.69649932678031 	 24.716712425520296 	 48.67628622804034 	 12.736925524260275 
26 	 32.30611093098935 	 38.44317105555062 	 26.169050806428075 	 50.71729130467317 	 13.894930557305528 
27 	 33.88100803768903 	 40.156915191515125 	 27.60510088386293 	 52.70872949916731 	 15.053286576210745 
28 	 35.46065192363043 	 41.88676548213324 	 29.034538365127613 	 54.738992599138875 	 16.182311248121984 
29 	 37.09304270398402 	 43.67224113094838 	 30.513844277019658 	 56.8306379848771 	 17.35544742309094 
30 	 38.7679753110186 	 45.472136221566174 	 32.06381440047103 	 58.88045804266132 	 18.655492579375892 
31 	 40.4215975975976 	 47.260406010672575 	 33.58278918452262 	 60.938022836822526 	 19.905172358372663 
32 	 42.06114225964052 	 49.03186465267815 	 35.090419866602886 	 62.97330943875342 	 21.148975080527617 
33 	 43.70022469479958 	 50.8040857958484 	 36.59636359375076 	 65.01180799794605 	 22.388641391653117 
34 	 45.37932601173462 	 52.60682857398094 	 38.1518234494883 	 67.06183369847358 	 23.69681832499566 
35 	 47.08961561876518 	 54.443451206312076 	 39.73578003121828 	 69.15112238140587 	 25.02810885612449 
36 	 48.79480288888356 	 56.302960674909976 	 41.28664510285714 	 71.3192762469628 	 26.270329530804315 
37 	 50.48317349347196 	 58.114301640539985 	 42.85204534640393 	 73.37655793467604 	 27.589789052267875 
38 	 52.19454360020398 	 59.94496504234813 	 44.44412215805983 	 75.44580792663643 	 28.943279273771523 
39 	 53.95636333028715 	 61.85428496270708 	 46.05844169786722 	 77.65012822754693 	 30.262598433027357 
40 	 55.711037133722115 	 63.72040435730494 	 47.70166991013929 	 79.7391388044706 	 31.68293546297363 
41 	 57.43564300260987 	 65.53066698527222 	 49.340619019947525 	 81.72071495059691 	 33.15057105462284 
42 	 59.17884595828174 	 67.41176666323237 	 50.94592525333111 	 83.87760807313363 	 34.48008384342985 
43 	 60.93617684059186 	 69.31706587891374 	 52.55528780226999 	 86.07884395555747 	 35.79350972562625 
44 	 62.69360349074868 	 71.18748174508889 	 54.19972523640847 	 88.17523825376932 	 37.211968727728035 
45 	 64.46606394443779 	 73.0747002841265 	 55.85742760474909 	 90.2919729635039 	 38.64015492537168 
46 	 66.25166455962916 	 74.95561237494749 	 57.54771674431083 	 92.36350800558415 	 40.139821113674174 
47 	 68.09054313252722 	 76.91975563043933 	 59.261330634615106 	 94.57818062626353 	 41.6029056387909 
48 	 69.8868216961486 	 78.83402371319607 	 60.93961967910113 	 96.72842774729102 	 43.04521564500619 
49 	 71.69357397381278 	 80.76675161075936 	 62.62039633686619 	 98.91310688465254 	 44.474041062973015 
50 	 73.5141418868649 	 82.69929376744452 	 64.3289900062853 	 101.06959752860374 	 45.95868624512608 
51 	 75.28493162981358 	 84.56751985717887 	 66.0023434024483 	 103.13269631190943 	 47.43716694771774 
52 	 77.11485347490927 	 86.50758316141213 	 67.7221237884064 	 105.29304253441785 	 48.93666441540069 
53 	 78.97214125695565 	 88.48171843910777 	 69.46256407480354 	 107.50087280341198 	 50.443409710499324 
54 	 80.82475361553827 	 90.42241960234733 	 71.22708762872921 	 109.61775157596547 	 52.03175565511107 
55 	 82.62908266823138 	 92.3320643672627 	 72.92610096920005 	 111.73802776532534 	 53.52013757113741 
56 	 84.46028904641027 	 94.29665304390457 	 74.62392504891596 	 113.96938103889318 	 54.95119705392736 
57 	 86.30537609875594 	 96.24603057550488 	 76.36472162200701 	 116.12733952900273 	 56.48341266850916 
58 	 88.18428869500381 	 98.22780928808906 	 78.14076810191857 	 118.31485047425957 	 58.053726915748065 
59 	 90.08504628104124 	 100.23871371597137 	 79.93137884611112 	 120.54604858583164 	 59.624043976250846 
60 	 92.00850083752094 	 102.26158852527367 	 81.75541314976822 	 122.76776390077913 	 61.24923777426276 
61 	 93.87469643134862 	 104.21781505627987 	 83.53157780641737 	 124.9040523061424 	 62.84534055655485 
62 	 95.72681363445756 	 106.17603313238223 	 85.27759413653288 	 127.07447212823159 	 64.37915514068352 
63 	 97.6475992461184 	 108.2144234096657 	 87.08077508257111 	 129.3480717367603 	 65.94712675547652 
64 	 99.5515732960687 	 110.22745582785375 	 88.87569076428365 	 131.57922089142386 	 67.52392570071353 
65 	 101.42164738934218 	 112.16589483842557 	 90.6773999402588 	 133.65438973659235 	 69.18890504209203 
66 	 103.31402834494355 	 114.11631623555029 	 92.51174045433682 	 135.72089201676374 	 70.90716467312336 
67 	 105.20148554965337 	 116.1388532274036 	 94.26411787190314 	 138.01358858290408 	 72.38938251640266 
68 	 107.12645867634511 	 118.19617749687929 	 96.05673985581093 	 140.33561513794763 	 73.91730221474259 
69 	 109.09329747124228 	 120.2225959889229 	 97.96399895356166 	 142.48119302428415 	 75.70540191820041 
70 	 111.0172889164737 	 122.26310802241035 	 99.77146981053706 	 144.75474623428363 	 77.27983159866376 
71 	 112.8954620289161 	 124.25609900757836 	 101.53482505025384 	 146.97737296490286 	 78.81355109292934 
72 	 114.85821916985844 	 126.28719584894992 	 103.42924249076697 	 149.14514920713287 	 80.571289132584 
73 	 116.77991722909975 	 128.30312861494198 	 105.25670584325752 	 151.34955138662644 	 82.21028307157306 
74 	 118.72755382638664 	 130.34371302055538 	 107.1113946322179 	 153.57603140889285 	 83.87907624388043 
75 	 120.6721371174764 	 132.3433087198644 	 109.00096551508837 	 155.68565192464047 	 85.65862231031232 
76 	 122.5617864056722 	 134.34642132353125 	 110.77715148781314 	 157.91569115924935 	 87.20788165209504 
77 	 124.54227783605575 	 136.45019487988114 	 112.63436079223035 	 160.26602896753192 	 88.81852670457957 
78 	 126.58905060563987 	 138.59471739825992 	 114.58338381301982 	 162.60605098349998 	 90.57205022777974 
79 	 128.5641859964351 	 140.63668644448853 	 116.49168554838165 	 164.78168734059543 	 92.34668465227477 
80 	 130.4494981460362 	 142.59417629079712 	 118.30482000127529 	 166.88353258031893 	 94.01546371175348 
81 	 132.40358840815156 	 144.6715405697072 	 120.13563624659595 	 169.2074448928184 	 95.59973192348473 
82 	 134.4123044650884 	 146.7647020111501 	 122.05990691902669 	 171.4694971032735 	 97.35511182690328 
83 	 136.41357588320224 	 148.84297168176744 	 123.98418008463706 	 173.70176327889777 	 99.1253884875067 
84 	 138.3783339008058 	 150.8706974875826 	 125.88597031402905 	 175.8554246611361 	 100.90124314047551 
85 	 140.37206156939723 	 152.96734425782014 	 127.77677888097432 	 178.15790963466597 	 102.5862135041285 
86 	 142.39033035120414 	 155.11419607524377 	 129.66646462716452 	 180.561927523323 	 104.21873317908528 
87 	 144.36688874801143 	 157.17800402382352 	 131.55577347219935 	 182.80023457544772 	 105.93354292057515 
88 	 146.35926809817053 	 159.27368935614973 	 133.44484684019133 	 185.1025318721081 	 107.61600432423296 
89 	 148.36179698216736 	 161.34620566462337 	 135.37738829971136 	 187.31502302953538 	 109.40857093479933 
90 	 150.35336182507675 	 163.41133551413083 	 137.29538813602267 	 189.52728289223901 	 111.17944075791448 
91 	 152.37744446382706 	 165.495912582939 	 139.2589763447151 	 191.73284882116292 	 113.02204010649122 
92 	 154.3563039496211 	 167.5182962096217 	 141.1943116896205 	 193.84228072962293 	 114.87032716961927 
93 	 156.35390803217672 	 169.569398708501 	 143.13841735585243 	 196.0003800611496 	 116.70743600320384 
94 	 158.37516103011112 	 171.6487984444274 	 145.10152361579483 	 198.19607327305997 	 118.55424878716227 
95 	 160.36216828926558 	 173.70947500557978 	 147.0148615729514 	 200.40408843820813 	 120.32024814032302 
96 	 162.29243295941455 	 175.6723131623312 	 148.91255275649792 	 202.43207356816444 	 122.15279235066467 
97 	 164.24076889202576 	 177.60206868397893 	 150.87946910007258 	 204.32466826788527 	 124.15686951616624 
98 	 166.24149858006263 	 179.57411946190953 	 152.90887769821572 	 206.23936122560337 	 126.24363593452188 
99 	 168.1043869002285 	 181.34058523972337 	 154.8681885607336 	 207.81298191871312 	 128.39579188174386 
100 	 169.883936462732 	 183.00377546816637 	 156.76409745729765 	 209.24345347903505 	 130.52441944642896 
101 	 171.62113583790003 	 184.6305273194077 	 158.61174435639236 	 210.64931028242304 	 132.592961393377 
102 	 173.35274894749605 	 186.17430978207875 	 160.53118811291336 	 211.81743145124415 	 134.88806644374796 
103 	 175.05942644916797 	 187.65714587493753 	 162.46170702339842 	 212.85258472647664 	 137.2662681718593 
104 	 176.62375255905891 	 188.98157688503892 	 164.2659282330789 	 213.6972255369989 	 139.55027958111893 
105 	 178.06534874383766 	 190.12449850449931 	 166.006198983176 	 214.24279802582265 	 141.88789946185267 
106 	 179.4548264546086 	 191.22742977225317 	 167.682223136964 	 214.7726364075424 	 144.1370165016748 
107 	 180.8588202286596 	 192.30179950865 	 169.4158409486692 	 215.1877580686308 	 146.52988238868838 
108 	 182.15979698329173 	 193.23748443969663 	 171.08210952688682 	 215.39285935250646 	 148.926734614077 
109 	 183.3228182119793 	 194.03244607886597 	 172.61319034509262 	 215.4517018126393 	 151.1939346113193 
110 	 184.3621101352567 	 194.7186228156118 	 174.0055974549016 	 215.43164817632206 	 153.29257209419134 
111 	 185.33761677100117 	 195.36961351634432 	 175.30562002565802 	 215.43360700703062 	 155.24162653497172 
112 	 186.26144159293727 	 195.94371896625097 	 176.57916421962358 	 215.30827371287836 	 157.2146094729962 
113 	 187.14031731509013 	 196.4230124178253 	 177.85762221235495 	 214.98840262329563 	 159.29223200688463 
114 	 187.9393109833461 	 196.8466684268993 	 179.0319535397929 	 214.66138331400566 	 161.21723865268655 
115 	 188.6075908939932 	 197.22520455155563 	 179.98997723643078 	 214.46043186668052 	 162.7547499213059 
116 	 189.24189868299445 	 197.56366645791016 	 180.92013090807873 	 214.20720200774156 	 164.27659535824733 
117 	 189.86957203970732 	 197.85249344114774 	 181.8866506382669 	 213.8183362440286 	 165.92080783538606 
118 	 190.40145705521473 	 198.1042266168682 	 182.69868749356127 	 213.5097657401751 	 167.29314837025436 
119 	 190.91161261056928 	 198.31414638865897 	 183.5090788324796 	 213.11921394483838 	 168.70401127630018 
