energy 	 mean 	 psig1 	 nsig1 	 psig2 	 nsig2 
0 	 2.644523809523809 	 2.877730772388017 	 2.4113168466596004 	 3.344144698116434 	 1.9449029209311837 
1 	 2.8957509881422925 	 3.1227259159096437 	 2.6687760603749413 	 3.5766757714443465 	 2.2148262048402385 
2 	 3.0675106269925605 	 3.267738694733569 	 2.867282559251552 	 3.6681948302155867 	 2.4668264237695343 
3 	 3.1995359211144154 	 3.3697183285740375 	 3.0293535136547933 	 3.7100831434932813 	 2.6889886987355496 
4 	 3.3026800703009003 	 3.4487516228467054 	 3.156608517755095 	 3.740894727938316 	 2.8644654126634848 
5 	 3.387060794533748 	 3.5174174512088747 	 3.2567041378586215 	 3.7781307645591284 	 2.9959908245083677 
6 	 3.4563835653835646 	 3.5761303043288666 	 3.3366368264382626 	 3.815623782219471 	 3.0971433485476583 
7 	 3.513921088864189 	 3.626045852868057 	 3.4017963248603214 	 3.8502953808757927 	 3.1775467968525857 
8 	 3.5638023190045245 	 3.6716864818665425 	 3.4559181561425065 	 3.8874548075905784 	 3.2401498304184706 
9 	 3.6066264949683413 	 3.7096204253999545 	 3.503632564536728 	 3.9156082862631805 	 3.297644703673502 
10 	 3.643527921092564 	 3.7427602930091433 	 3.544295549175985 	 3.941225036842301 	 3.3458308053428274 
11 	 3.676889921523143 	 3.773362695985294 	 3.5804171470609925 	 3.966308244909596 	 3.3874715981366905 
12 	 3.706407481790113 	 3.8003165982027656 	 3.6124983653774607 	 3.988134831028071 	 3.4246801325521554 
13 	 3.7332789982228456 	 3.824904997383028 	 3.6416529990626634 	 4.008156995703392 	 3.458401000742299 
14 	 3.757561046816283 	 3.8465203579455705 	 3.668601735686995 	 4.024438980204146 	 3.4906831134284197 
15 	 3.779668939096859 	 3.866707195616623 	 3.692630682577095 	 4.04078370865615 	 3.5185541695375675 
16 	 3.80039878225223 	 3.8857910077248983 	 3.715006556779562 	 4.056575458670235 	 3.5442221058342254 
17 	 3.8195049839880926 	 3.9030992136212923 	 3.735910754354893 	 4.070287672887692 	 3.568722295088494 
18 	 3.8377205155102656 	 3.919692366465828 	 3.7557486645547034 	 4.083636068376952 	 3.5918049626435784 
19 	 3.8543464730290458 	 3.9349924953277133 	 3.773700450730378 	 4.0962845399250485 	 3.612408406133043 
20 	 3.8702706073263813 	 3.949753979173884 	 3.7907872354788785 	 4.108720722868889 	 3.6318204917838735 
21 	 3.884681769308883 	 3.9626991650162884 	 3.8066643736014774 	 4.118733956431099 	 3.6506295821866663 
22 	 3.8981844930596115 	 3.9748436418751054 	 3.8215253442441175 	 4.128161939506094 	 3.668207046613129 
23 	 3.911890579109873 	 3.987316498782705 	 3.836464659437041 	 4.13816833812837 	 3.685612820091376 
24 	 3.9250861199355604 	 3.999298679440181 	 3.85087356043094 	 4.147723798449422 	 3.7024484414216987 
25 	 3.937177652152995 	 4.010338609586168 	 3.864016694719821 	 4.156660524452516 	 3.717694779853474 
26 	 3.948415402233038 	 4.020876754847335 	 3.8759540496187417 	 4.165799460075928 	 3.731031344390148 
27 	 3.9592463533225297 	 4.030954212764956 	 3.8875384938801036 	 4.174369931649808 	 3.744122774995251 
28 	 3.9703100705924395 	 4.041270898573612 	 3.8993492426112666 	 4.183192554535958 	 3.757427586648921 
29 	 3.9804559699153854 	 4.050493527535543 	 3.910418412295228 	 4.190568642775857 	 3.770343297054914 
30 	 3.9901342923853282 	 4.058748703790526 	 3.921519880980131 	 4.19597752660092 	 3.7842910581697367 
31 	 3.999522549227187 	 4.0671308159124395 	 3.9319142825419346 	 4.2023473492829435 	 3.79669774917143 
32 	 4.008271492387639 	 4.075648370976608 	 3.94089461379867 	 4.210402128154546 	 3.8061408566207318 
33 	 4.017106521869923 	 4.083958956108341 	 3.9502540876315058 	 4.217663824585176 	 3.816549219154671 
34 	 4.025397422126746 	 4.091449414421836 	 3.959345429831655 	 4.223553399012019 	 3.8272414452414734 
35 	 4.033264602245581 	 4.098900594001145 	 3.9676286104900185 	 4.2301725775122705 	 3.8363566269788922 
36 	 4.041229324988824 	 4.106674959971238 	 3.9757836900064096 	 4.237566229936067 	 3.844892420041581 
37 	 4.04864823760959 	 4.113398832573988 	 3.9838976426451924 	 4.242900022502782 	 3.8543964527163976 
38 	 4.055791631623214 	 4.119802977785151 	 3.9917802854612776 	 4.247825670109025 	 3.863757593137404 
39 	 4.063094199936413 	 4.126398840550209 	 3.9997895593226165 	 4.253008121777802 	 3.873180278095023 
40 	 4.069717672608813 	 4.132281507813902 	 4.007153837403724 	 4.25740917822408 	 3.8820261669935463 
41 	 4.076535342350969 	 4.138578930648521 	 4.014491754053417 	 4.262666107243626 	 3.890404577458312 
42 	 4.083327172595441 	 4.145224585583031 	 4.021429759607851 	 4.269019411558211 	 3.897634933632671 
43 	 4.089807041299932 	 4.151300252592288 	 4.028313830007575 	 4.274286675177001 	 3.905327407422863 
44 	 4.095673302459853 	 4.156811349955438 	 4.034535254964268 	 4.279087444946607 	 3.9122591599731 
45 	 4.1016352442379675 	 4.162346003377681 	 4.040924485098254 	 4.283767521657108 	 3.9195029668188277 
46 	 4.1076114726259 	 4.167938338153583 	 4.0472846070982165 	 4.288592069208948 	 3.9266308760428505 
47 	 4.113280412185842 	 4.173102397222272 	 4.053458427149413 	 4.292746367295131 	 3.9338144570765534 
48 	 4.118874540406692 	 4.178121391861769 	 4.059627688951615 	 4.296615094771922 	 3.941133986041461 
49 	 4.124495379597753 	 4.183847890369498 	 4.065142868826007 	 4.30255291191299 	 3.9464378472825152 
50 	 4.12973912651688 	 4.18876854100164 	 4.07070971203212 	 4.30682736997116 	 3.9526508830626006 
51 	 4.134818851980042 	 4.193275566605146 	 4.076362137354939 	 4.310188995855354 	 3.9594487081047305 
52 	 4.140155945126527 	 4.198352151128038 	 4.081959739125017 	 4.31474456313106 	 3.9655673271219944 
53 	 4.145163745145377 	 4.203171812903287 	 4.087155677387466 	 4.319187948419107 	 3.9711395418716458 
54 	 4.150128807737502 	 4.2077848142044365 	 4.092472801270568 	 4.323096827138306 	 3.977160788336698 
55 	 4.1545516059184395 	 4.211781090936042 	 4.097322120900837 	 4.326240060971247 	 3.982863150865632 
56 	 4.158893286250804 	 4.2156914249746285 	 4.10209514752698 	 4.329287702422277 	 3.988498870079332 
57 	 4.16356801873704 	 4.220320973093651 	 4.106815064380429 	 4.333826881806873 	 3.993309155667207 
58 	 4.168062522393407 	 4.224731518913114 	 4.1113935258737 	 4.338069511952527 	 3.9980555328342855 
59 	 4.172206182472989 	 4.2284341856487115 	 4.115978179297266 	 4.340890192000158 	 4.00352217294582 
60 	 4.1764624393458325 	 4.23257557035891 	 4.120349308332755 	 4.344801832385066 	 4.008123046306599 
61 	 4.181385270653987 	 4.237338113602195 	 4.125432427705779 	 4.34924379949861 	 4.013526741809364 
62 	 4.186085029398462 	 4.241646905925777 	 4.130523152871146 	 4.352770658980409 	 4.019399399816514 
63 	 4.189849147944424 	 4.245091644605599 	 4.13460665128325 	 4.355576637927948 	 4.024121657960901 
64 	 4.193611955572947 	 4.248431133154483 	 4.13879277799141 	 4.358069488317556 	 4.029154422828338 
65 	 4.197368432960768 	 4.252021689270061 	 4.142715176651475 	 4.361328201888646 	 4.03340866403289 
66 	 4.201351777824532 	 4.256127402457149 	 4.146576153191915 	 4.365678651722382 	 4.037024903926682 
67 	 4.204975239724484 	 4.259645435002545 	 4.150305044446423 	 4.368985825558668 	 4.0409646538903 
68 	 4.208831001527904 	 4.263198302084275 	 4.154463700971533 	 4.371932903197016 	 4.045729099858792 
69 	 4.212864716306729 	 4.2669003906705285 	 4.15882904194293 	 4.374971739398127 	 4.050757693215331 
70 	 4.21622609010969 	 4.270161142336415 	 4.162291037882965 	 4.378031246789866 	 4.0544209334295145 
71 	 4.2199101633393825 	 4.273667458089122 	 4.166152868589643 	 4.3811820475886 	 4.058638279090165 
72 	 4.223399987931266 	 4.276956965001368 	 4.169843010861165 	 4.384070919141572 	 4.06272905672096 
73 	 4.226658508018499 	 4.280112334046679 	 4.173204681990319 	 4.387019986103039 	 4.066297029933959 
74 	 4.230161391366606 	 4.2832840288566745 	 4.177038753876537 	 4.389529303836813 	 4.070793478896398 
75 	 4.233682672421544 	 4.286472566110867 	 4.180892778732221 	 4.392052353489514 	 4.075312991353575 
76 	 4.23699903863486 	 4.289782006515576 	 4.184216070754143 	 4.395347942277009 	 4.07865013499271 
77 	 4.240228226967371 	 4.292874878915841 	 4.187581575018902 	 4.398168182812781 	 4.0822882711219615 
78 	 4.24327034358047 	 4.29571777844897 	 4.1908229087119695 	 4.4006126481859695 	 4.08592803897497 
79 	 4.246159313688697 	 4.298837068269761 	 4.193481559107632 	 4.404192577431891 	 4.088126049945503 
80 	 4.249248372905868 	 4.302052486346375 	 4.19644425946536 	 4.40766071322739 	 4.090836032584345 
81 	 4.252651591846602 	 4.3051680274768875 	 4.200135156216317 	 4.4102008987374575 	 4.095102284955747 
82 	 4.255741173299792 	 4.3078956239593715 	 4.203586722640212 	 4.412204525278532 	 4.099277821321052 
83 	 4.258744307968842 	 4.310811856294511 	 4.206676759643172 	 4.414946952945849 	 4.102541662991834 
84 	 4.2617528103432685 	 4.313795118544645 	 4.209710502141892 	 4.417879734947399 	 4.105625885739138 
85 	 4.264640364599001 	 4.316607026795663 	 4.212673702402339 	 4.420540351188988 	 4.1087403780090135 
86 	 4.267448178934867 	 4.319262781452569 	 4.215633576417165 	 4.422891986487973 	 4.112004371381761 
87 	 4.270182200896293 	 4.32183250058591 	 4.218531901206675 	 4.425133099965144 	 4.115231301827441 
88 	 4.27300291874163 	 4.324475100754301 	 4.221530736728959 	 4.4274194647796445 	 4.118586372703616 
89 	 4.276020115157404 	 4.3274408657427825 	 4.224599364572026 	 4.430282366913539 	 4.12175786340127 
90 	 4.278885563301437 	 4.330309063195119 	 4.2274620634077555 	 4.4331560629824835 	 4.124615063620391 
91 	 4.281396575721747 	 4.33266845491912 	 4.230124696524373 	 4.435212213313868 	 4.127580938129626 
92 	 4.284047711636253 	 4.335107123430364 	 4.232988299842142 	 4.437225947018587 	 4.1308694762539195 
93 	 4.286642131142625 	 4.337705879394737 	 4.235578382890513 	 4.439833375898961 	 4.1334508863862895 
94 	 4.289066749072928 	 4.340014099887586 	 4.23811939825827 	 4.4419088015169015 	 4.136224696628955 
95 	 4.291628354786986 	 4.3424812073604935 	 4.240775502213478 	 4.444186912507509 	 4.139069797066463 
96 	 4.294410089746265 	 4.345376093872592 	 4.243444085619937 	 4.447308102125248 	 4.141512077367281 
97 	 4.296877809746448 	 4.347868033045557 	 4.245887586447339 	 4.449848479643773 	 4.143907139849123 
98 	 4.2991206958716415 	 4.349938128200925 	 4.248303263542358 	 4.451572992859492 	 4.146668398883791 
99 	 4.301426712533651 	 4.352195142991371 	 4.250658282075931 	 4.453732003906811 	 4.1491214211604905 
100 	 4.303979191322975 	 4.354712107049498 	 4.253246275596452 	 4.456177938502545 	 4.151780444143405 
101 	 4.306575158871185 	 4.357177476014125 	 4.255972841728245 	 4.458382110300006 	 4.154768207442364 
102 	 4.308964935435007 	 4.359481128957338 	 4.258448741912677 	 4.460513516002 	 4.1574163548680145 
103 	 4.311459913773676 	 4.36188328072851 	 4.2610365468188425 	 4.462730014638178 	 4.160189812909175 
104 	 4.314053950280816 	 4.36451635364722 	 4.263591546914412 	 4.465441160380027 	 4.1626667401816055 
105 	 4.31604509180367 	 4.366367180585138 	 4.265723003022202 	 4.467011358148075 	 4.165078825459266 
106 	 4.318071848169904 	 4.368249470207471 	 4.267894226132337 	 4.468604714282605 	 4.167538982057203 
107 	 4.320753532658134 	 4.370947112899229 	 4.27055995241704 	 4.471334273381418 	 4.170172791934851 
108 	 4.322923299565846 	 4.3731968088713264 	 4.272649790260366 	 4.473743827482287 	 4.1721027716494055 
109 	 4.325183057188671 	 4.375499067132823 	 4.274867047244518 	 4.476131087021129 	 4.174235027356213 
110 	 4.327409348378753 	 4.377536899436728 	 4.277281797320778 	 4.477792001552678 	 4.177026695204828 
111 	 4.329392304926285 	 4.379545963083903 	 4.2792386467686665 	 4.47985327939914 	 4.1789313304534295 
112 	 4.33153013484318 	 4.381755780463118 	 4.281304489223242 	 4.482207071702995 	 4.180853197983365 
113 	 4.33359101873083 	 4.383668438335212 	 4.283513599126449 	 4.483823277543974 	 4.183358759917687 
114 	 4.3357793935227384 	 4.385759146806842 	 4.2857996402386345 	 4.4857186533750495 	 4.185840133670427 
115 	 4.337964530943796 	 4.387993322585835 	 4.287935739301757 	 4.488050905869914 	 4.187878156017678 
116 	 4.3397846739391035 	 4.389857012189295 	 4.289712335688912 	 4.490001688689677 	 4.18956765918853 
117 	 4.341762740496017 	 4.391713259635027 	 4.291812221357007 	 4.4916142979130464 	 4.191911183078987 
118 	 4.343884538947746 	 4.393965899292453 	 4.2938031786030395 	 4.494128619981867 	 4.1936404579136255 
119 	 4.345851573136248 	 4.3958973068407605 	 4.295805839431736 	 4.495988774249786 	 4.195714372022711 
120 	 4.348004851832501 	 4.397987066094309 	 4.298022637570693 	 4.497951494617927 	 4.198058209047075 
121 	 4.350075352017636 	 4.399926720823755 	 4.3002239832115166 	 4.499629458435995 	 4.200521245599277 
122 	 4.351925896989003 	 4.401637221614994 	 4.302214572363011 	 4.5010598708669765 	 4.202791923111029 
123 	 4.3536764441245275 	 4.4035473684794315 	 4.3038055197696234 	 4.50328921718924 	 4.204063671059815 
124 	 4.355683964727473 	 4.405718292487401 	 4.305649636967545 	 4.505786948007257 	 4.205580981447689 
125 	 4.357627392086599 	 4.40751220726748 	 4.307742576905717 	 4.507281837629244 	 4.207972946543953 
126 	 4.359828389640648 	 4.409435725255201 	 4.310221054026095 	 4.508650396484307 	 4.211006382796989 
127 	 4.361798368595464 	 4.411454876822569 	 4.312141860368358 	 4.51076789327678 	 4.2128288439141475 
128 	 4.363326977208752 	 4.413339528575514 	 4.31331442584199 	 4.513364631309036 	 4.213289323108468 
129 	 4.364955264708993 	 4.414965807763519 	 4.3149447216544665 	 4.514986893872572 	 4.214923635545413 
130 	 4.366665370464539 	 4.416542678127654 	 4.316788062801424 	 4.516297293453883 	 4.217033447475195 
131 	 4.368843223377554 	 4.418908949090399 	 4.318777497664708 	 4.51904040051609 	 4.218646046239018 
132 	 4.370348795531593 	 4.420317532136832 	 4.320380058926355 	 4.520255005347309 	 4.220442585715878 
133 	 4.372199085488859 	 4.422119270523345 	 4.322278900454372 	 4.521959640592318 	 4.2224385303854 
134 	 4.374479491484769 	 4.424396838608747 	 4.324562144360792 	 4.524231532856701 	 4.224727450112837 
135 	 4.376044438751676 	 4.425955423233751 	 4.326133454269601 	 4.5257773921979005 	 4.226311485305452 
136 	 4.377740425916715 	 4.427564097812629 	 4.3279167540208014 	 4.527211441604457 	 4.2282694102289735 
137 	 4.379314997522189 	 4.4290761106555685 	 4.32955388438881 	 4.528598336922327 	 4.230031658122051 
138 	 4.380994721066523 	 4.431070451027626 	 4.3309189911054204 	 4.5312219109498315 	 4.230767531183215 
139 	 4.3828081762414355 	 4.432876508282911 	 4.33273984419996 	 4.5330131723658615 	 4.232603180117009 
140 	 4.384440878683781 	 4.434309891553994 	 4.334571865813569 	 4.534047917294419 	 4.234833840073144 
141 	 4.386210114388922 	 4.436174115096454 	 4.336246113681389 	 4.536102116511521 	 4.236318112266322 
142 	 4.387657382620986 	 4.437678047958507 	 4.337636717283465 	 4.537719378633549 	 4.237595386608424 
143 	 4.389295096716148 	 4.43936805480798 	 4.339222138624315 	 4.539513970991646 	 4.23907622244065 
144 	 4.391238628202059 	 4.441252820938353 	 4.341224435465764 	 4.541281206410942 	 4.241196049993175 
145 	 4.392637058691253 	 4.442539076949988 	 4.342735040432519 	 4.542343113467456 	 4.242931003915051 
146 	 4.394290112768936 	 4.444301422834097 	 4.3442788027037755 	 4.544324042964417 	 4.244256182573455 
147 	 4.396068049215517 	 4.446150802410144 	 4.345985296020889 	 4.5463163087993985 	 4.245819789631635 
148 	 4.397470540430719 	 4.447561798532529 	 4.347379282328909 	 4.54774431473615 	 4.247196766125288 
149 	 4.399202359061757 	 4.4493881103423805 	 4.349016607781134 	 4.549759612903626 	 4.248645105219888 
150 	 4.400695117573147 	 4.450871584407096 	 4.350518650739197 	 4.551224518074995 	 4.250165717071298 
151 	 4.402076812160173 	 4.452279245526241 	 4.351874378794105 	 4.552684112258376 	 4.25146951206197 
152 	 4.404049064542788 	 4.454438520032245 	 4.35365960905333 	 4.555217431011162 	 4.252880698074414 
153 	 4.405465807730424 	 4.455876135729213 	 4.355055479731636 	 4.556696791726789 	 4.25423482373406 
154 	 4.406597336772337 	 4.457067437607204 	 4.356127235937469 	 4.55800763927694 	 4.255187034267734 
155 	 4.408229628072495 	 4.458739311163591 	 4.357719944981398 	 4.559758677345783 	 4.256700578799206 
156 	 4.409557849747172 	 4.46008460335012 	 4.359031096144223 	 4.561138110556017 	 4.257977588938326 
157 	 4.4110451075746395 	 4.461630105657181 	 4.360460109492098 	 4.562800101822265 	 4.2592901133270145 
158 	 4.412822231573884 	 4.463163175876213 	 4.362481287271555 	 4.563845064480872 	 4.261799398666896 
159 	 4.414540050203669 	 4.464972371619376 	 4.364107728787963 	 4.565837014450787 	 4.263243085956551 
160 	 4.416202633171912 	 4.467091364094966 	 4.365313902248859 	 4.568868825941071 	 4.263536440402754 
161 	 4.41716364460562 	 4.467806488211412 	 4.366520800999828 	 4.569092175422997 	 4.2652351137882425 
162 	 4.418401793332634 	 4.468929040896408 	 4.367874545768859 	 4.5699835360239565 	 4.266820050641311 
163 	 4.420064554431636 	 4.47090003544217 	 4.369229073421101 	 4.57257099746324 	 4.267558111400032 
164 	 4.421600979266156 	 4.472514399228138 	 4.370687559304174 	 4.574341239152103 	 4.268860719380209 
165 	 4.423106483921982 	 4.473782187341478 	 4.372430780502486 	 4.57513359418047 	 4.271079373663494 
166 	 4.424267883616106 	 4.474865608701072 	 4.37367015853114 	 4.576061058871005 	 4.272474708361207 
167 	 4.425524927696942 	 4.476278928406186 	 4.374770926987697 	 4.5777869298246765 	 4.273262925569207 
168 	 4.427029604669354 	 4.477939752552694 	 4.3761194567860136 	 4.579760048319375 	 4.274299161019332 
169 	 4.428590637300562 	 4.47969147192079 	 4.377489802680334 	 4.581893141161247 	 4.275288133439878 
170 	 4.429739101174009 	 4.48090291007868 	 4.378575292269338 	 4.583230527888022 	 4.276247674459997 
171 	 4.430892747410861 	 4.482292869199557 	 4.379492625622166 	 4.585093112776947 	 4.276692382044775 
172 	 4.432416661679334 	 4.4838532563855 	 4.380980066973168 	 4.586726445797832 	 4.278106877560837 
173 	 4.433413475853034 	 4.484787559731875 	 4.382039391974193 	 4.587535727489557 	 4.279291224216511 
174 	 4.434755264655664 	 4.486243263300901 	 4.383267266010426 	 4.589219260591376 	 4.280291268719951 
175 	 4.436316238293289 	 4.487712324366662 	 4.384920152219916 	 4.590504496513408 	 4.282127980073169 
176 	 4.437451237697584 	 4.488925950629178 	 4.385976524765989 	 4.591875376492367 	 4.2830270989028 
177 	 4.4387370485716 	 4.490394544507508 	 4.387079552635692 	 4.5937095363793246 	 4.283764560763875 
178 	 4.440185713427817 	 4.491808301947851 	 4.388563124907782 	 4.59505347898792 	 4.285317947867714 
179 	 4.44146838583565 	 4.492953251313812 	 4.389983520357488 	 4.595922982270135 	 4.287013789401165 
180 	 4.4426848453856325 	 4.494469580291381 	 4.390900110479884 	 4.598039050102877 	 4.2873306406683875 
181 	 4.44394039437632 	 4.495955660614316 	 4.391925128138324 	 4.5999861930903085 	 4.287894595662331 
182 	 4.445302037626975 	 4.4973851294121285 	 4.393218945841822 	 4.601551312982435 	 4.289052762271515 
183 	 4.446724569309841 	 4.498872124274551 	 4.39457701434513 	 4.603167234203973 	 4.290281904415709 
184 	 4.4480422864332905 	 4.499911164360045 	 4.396173408506536 	 4.603648920213554 	 4.292435652653027 
185 	 4.449300949991038 	 4.500845821313313 	 4.397756078668762 	 4.603935563957865 	 4.2946663360242106 
186 	 4.450408492562629 	 4.502039655168378 	 4.39877732995688 	 4.605301980379877 	 4.295515004745382 
187 	 4.451652522537487 	 4.503247052754444 	 4.40005799232053 	 4.606436113188358 	 4.296868931886617 
188 	 4.452788387795305 	 4.5043389754987935 	 4.401237800091817 	 4.607440150905772 	 4.2981366246848385 
189 	 4.453895283146779 	 4.505500074073903 	 4.402290492219655 	 4.608709655928151 	 4.299080910365407 
190 	 4.455340772014475 	 4.50691278745628 	 4.40376875657267 	 4.610056818339892 	 4.300624725689058 
191 	 4.456684654880768 	 4.50828947231249 	 4.405079837449047 	 4.611499107175933 	 4.3018702025856035 
192 	 4.4577030637825175 	 4.50908713164196 	 4.406318995923075 	 4.611855267360843 	 4.303550860204192 
193 	 4.458780936303621 	 4.510168468305417 	 4.407393404301826 	 4.612943532309007 	 4.304618340298235 
194 	 4.460061065046248 	 4.511500619781808 	 4.408621510310688 	 4.614379729252928 	 4.305742400839568 
195 	 4.461409050179211 	 4.512662988471737 	 4.410155111886684 	 4.615170865056789 	 4.307647235301633 
196 	 4.462689345507602 	 4.513913585355519 	 4.411465105659685 	 4.616362065051353 	 4.309016625963851 
197 	 4.4636184002529244 	 4.5149751503354505 	 4.412261650170398 	 4.617688650500503 	 4.309548150005346 
198 	 4.464810971758549 	 4.516051518306696 	 4.413570425210402 	 4.61853261140299 	 4.311089332114109 
199 	 4.466058559569215 	 4.517026893687541 	 4.415090225450889 	 4.618963561924194 	 4.313153557214236 
200 	 4.467332776169297 	 4.5182329885795065 	 4.416432563759087 	 4.620033413399925 	 4.314632138938668 
201 	 4.468423128641862 	 4.51947063890607 	 4.417375618377654 	 4.621565659434486 	 4.315280597849238 
202 	 4.4693846015632 	 4.520519383520946 	 4.418249819605454 	 4.622788947436437 	 4.315980255689963 
203 	 4.470545165260725 	 4.521529318005791 	 4.419561012515659 	 4.623497623495923 	 4.317592707025526 
204 	 4.471411304816678 	 4.522487374248536 	 4.420335235384821 	 4.6246395131122515 	 4.318183096521105 
205 	 4.472520616628002 	 4.523711254533037 	 4.421329978722968 	 4.626092530343107 	 4.3189487029128975 
206 	 4.474034928538219 	 4.525109730224001 	 4.422960126852438 	 4.627259333595562 	 4.320810523480876 
207 	 4.475314999550641 	 4.526450612352486 	 4.424179386748797 	 4.628721837956175 	 4.321908161145108 
208 	 4.476198675595459 	 4.527142366301101 	 4.425254984889817 	 4.629029747712385 	 4.323367603478532 
209 	 4.477026784646657 	 4.527688844084115 	 4.4263647252092 	 4.62901296295903 	 4.3250406063342846 
210 	 4.478148602477458 	 4.528852707861122 	 4.427444497093794 	 4.63026091862845 	 4.326036286326467 
211 	 4.479681724845994 	 4.530364806568879 	 4.428998643123109 	 4.631730970014648 	 4.32763247967734 
212 	 4.480765936344784 	 4.53129810420202 	 4.430233768487548 	 4.632362439916491 	 4.329169432773076 
213 	 4.481620643130199 	 4.5323634835119595 	 4.430877802748439 	 4.633849164275481 	 4.329392121984918 
214 	 4.482798814247136 	 4.533417078273955 	 4.432180550220317 	 4.634653606327594 	 4.330944022166679 
215 	 4.483792978864333 	 4.53427610585514 	 4.433309851873526 	 4.635242359836753 	 4.332343597891913 
216 	 4.484786273689244 	 4.535425244554324 	 4.434147302824164 	 4.636703186284484 	 4.332869361094005 
217 	 4.4861210930469735 	 4.536841190843178 	 4.435400995250769 	 4.638281386435586 	 4.333960799658361 
218 	 4.487250598802394 	 4.537904798812764 	 4.436596398792024 	 4.639213198833502 	 4.335287998771285 
219 	 4.488411019803313 	 4.538859143646796 	 4.43796289595983 	 4.639755391333763 	 4.337066648272863 
220 	 4.489352180451126 	 4.53995964697722 	 4.438744713925033 	 4.641174580029408 	 4.337529780872845 
221 	 4.490181370353783 	 4.5408465009790575 	 4.439516239728508 	 4.6421767622296075 	 4.338185978477958 
222 	 4.4912931420218944 	 4.5417756798927655 	 4.440810604151023 	 4.642740755634508 	 4.339845528409281 
223 	 4.492555143485218 	 4.542894214577731 	 4.442216072392704 	 4.643572356762758 	 4.341537930207678 
224 	 4.493424002981737 	 4.543864256528484 	 4.4429837494349895 	 4.644744763621979 	 4.342103242341494 
225 	 4.4943425466255205 	 4.544687097401969 	 4.443997995849072 	 4.645376198954865 	 4.343308894296176 
226 	 4.495460883384809 	 4.54564328964368 	 4.445278477125939 	 4.646008102161422 	 4.344913664608197 
227 	 4.496401676473686 	 4.54681817945057 	 4.445985173496801 	 4.647651185404339 	 4.3451521675430325 
228 	 4.4974617628923355 	 4.547916500114871 	 4.4470070256698 	 4.648825974559943 	 4.3460975512247275 
229 	 4.498305613929752 	 4.54852441434391 	 4.4480868135155935 	 4.648962015172225 	 4.347649212687278 
230 	 4.499218934822645 	 4.549277180313246 	 4.449160689332044 	 4.6493936712944475 	 4.3490441983508425 
231 	 4.500305048094848 	 4.550399424054018 	 4.450210672135678 	 4.6505881759723575 	 4.350021920217339 
232 	 4.501265457912659 	 4.551305837949682 	 4.451225077875636 	 4.651386598023729 	 4.351144317801589 
233 	 4.502220374033446 	 4.552223806628484 	 4.452216941438409 	 4.652230671818558 	 4.352210076248334 
234 	 4.503390947488242 	 4.5535207014663275 	 4.453261193510157 	 4.653780209422497 	 4.353001685553987 
235 	 4.504133938774283 	 4.55421021950442 	 4.454057658044145 	 4.6543627809646955 	 4.35390509658387 
236 	 4.504920368315288 	 4.554876450697674 	 4.454964285932902 	 4.654788615462445 	 4.35505212116813 
237 	 4.506086468528329 	 4.555905079736398 	 4.45626785732026 	 4.6555423021525355 	 4.356630634904122 
238 	 4.506898585967755 	 4.556770779470428 	 4.457026392465082 	 4.656515166475773 	 4.357282005459736 
239 	 4.5078346882654365 	 4.5576255811057464 	 4.458043795425127 	 4.657207366786367 	 4.358462009744506 
240 	 4.5089659992785 	 4.558657730422521 	 4.459274268134479 	 4.658041192710562 	 4.359890805846438 
241 	 4.510057466083743 	 4.559784626174971 	 4.460330305992515 	 4.659238946357428 	 4.360875985810058 
242 	 4.510685418784001 	 4.560431270553369 	 4.460939567014632 	 4.6599229740921055 	 4.361447863475896 
243 	 4.511939797835227 	 4.56186487855559 	 4.462014717114864 	 4.661715039996316 	 4.362164555674139 
244 	 4.5134113496472015 	 4.563106938375924 	 4.463715760918479 	 4.662498115833368 	 4.364324583461035 
245 	 4.514046696141966 	 4.563811569373908 	 4.464281822910023 	 4.663341315837792 	 4.364752076446139 
246 	 4.514921818510484 	 4.564879756687114 	 4.464963880333853 	 4.664795633040376 	 4.365048003980591 
247 	 4.51546097386323 	 4.565171400989003 	 4.465750546737457 	 4.664592255240549 	 4.366329692485911 
248 	 4.516142243948969 	 4.565840969411598 	 4.46644351848634 	 4.665238420336855 	 4.367046067561083 
249 	 4.517299703264094 	 4.567090593293215 	 4.467508813234972 	 4.666672373351458 	 4.367927033176729 
250 	 4.518304532706052 	 4.567885470816888 	 4.468723594595216 	 4.667047347038561 	 4.369561718373544 
251 	 4.519456830764627 	 4.568821010893193 	 4.470092650636061 	 4.667549371150324 	 4.37136429037893 
252 	 4.520445212123022 	 4.570058980412093 	 4.4708314438339505 	 4.669286516990235 	 4.371603907255809 
253 	 4.521220783890686 	 4.571027242962018 	 4.471414324819355 	 4.67064016110468 	 4.371801406676692 
254 	 4.522233231707316 	 4.5719522064498905 	 4.472514256964742 	 4.67139015593504 	 4.373076307479593 
255 	 4.523041917416432 	 4.572750013386133 	 4.47333382144673 	 4.672166205325535 	 4.3739176295073285 
256 	 4.5239071347678355 	 4.573484181370769 	 4.474330088164902 	 4.672638274576635 	 4.375175994959036 
257 	 4.525028931628415 	 4.574534309271625 	 4.475523553985205 	 4.673545064558045 	 4.376512798698785 
258 	 4.525793282626703 	 4.575413956524002 	 4.476172608729403 	 4.674655304318602 	 4.3769312609348034 
259 	 4.526430382421297 	 4.576095955072696 	 4.4767648097698975 	 4.675427100375494 	 4.3774336644671 
260 	 4.527016839455862 	 4.5766998239614125 	 4.477333854950311 	 4.676065792972514 	 4.37796788593921 
261 	 4.528034253616818 	 4.577699427846624 	 4.478369079387012 	 4.677029776306235 	 4.379038730927401 
262 	 4.529060675374706 	 4.578514665660655 	 4.479606685088757 	 4.677422646232552 	 4.38069870451686 
263 	 4.5296849107952815 	 4.578993730950602 	 4.480376090639961 	 4.677611371261244 	 4.381758450329319 
264 	 4.530459154505791 	 4.579827625461964 	 4.481090683549618 	 4.678564567374311 	 4.382353741637271 
265 	 4.531291607781821 	 4.580751311179603 	 4.4818319043840384 	 4.679670717975168 	 4.382912497588474 
266 	 4.532278467691013 	 4.581800910937285 	 4.482756024444741 	 4.68084579742983 	 4.383711137952195 
267 	 4.533335030549898 	 4.582726906969246 	 4.48394315413055 	 4.681510659807942 	 4.385159401291854 
268 	 4.534130875837274 	 4.583274871607808 	 4.48498688006674 	 4.681562863148878 	 4.38669888852567 
269 	 4.535167198164098 	 4.584437697395866 	 4.48589669893233 	 4.6829786958594015 	 4.387355700468794 
270 	 4.536022176333272 	 4.585345313086919 	 4.486699039579626 	 4.683991586594214 	 4.388052766072331 
271 	 4.536886297903108 	 4.586077086037387 	 4.487695509768829 	 4.684458662305946 	 4.38931393350027 
272 	 4.537748728902794 	 4.586976195153164 	 4.488521262652424 	 4.685431127653904 	 4.390066330151684 
273 	 4.538230630359559 	 4.5873286254843535 	 4.489132635234764 	 4.685524615733943 	 4.3909366449851746 
274 	 4.539239570524549 	 4.588296933968615 	 4.490182207080482 	 4.686411660856747 	 4.392067480192351 
275 	 4.540169094382426 	 4.589420093541282 	 4.49091809522357 	 4.6879220918589946 	 4.392416096905857 
276 	 4.5405898388353005 	 4.589823203060475 	 4.491356474610126 	 4.688289931510824 	 4.392889746159777 
277 	 4.541475332282045 	 4.590779736936126 	 4.4921709276279636 	 4.689388546244288 	 4.393562118319801 
278 	 4.542627553700895 	 4.592085950440369 	 4.493169156961422 	 4.6910027439193165 	 4.394252363482474 
279 	 4.543507022973454 	 4.592801261521364 	 4.494212784425544 	 4.691389738617184 	 4.395624307329724 
280 	 4.544297318166967 	 4.593447735781412 	 4.4951469005525215 	 4.6917485710103035 	 4.39684606532363 
281 	 4.54506853629274 	 4.594237757146793 	 4.495899315438686 	 4.692576198854899 	 4.397560873730581 
282 	 4.546045436087171 	 4.595155403440737 	 4.496935468733605 	 4.693375338147868 	 4.398715534026475 
283 	 4.546718356328732 	 4.595897172396245 	 4.4975395402612195 	 4.69425480453127 	 4.399181908126194 
284 	 4.547660908873187 	 4.596816128676542 	 4.498505689069832 	 4.695126568283252 	 4.400195249463122 
285 	 4.54828165723016 	 4.597409596764815 	 4.499153717695505 	 4.695665475834124 	 4.4008978386261965 
286 	 4.548835073443622 	 4.597991846441785 	 4.49967830044546 	 4.696305392438109 	 4.401364754449135 
287 	 4.549787983497415 	 4.59917988702245 	 4.500396079972381 	 4.697963694072518 	 4.401612272922312 
288 	 4.550528154787734 	 4.599894049310256 	 4.501162260265211 	 4.6986258383553015 	 4.402430471220166 
289 	 4.55127075217261 	 4.600324080914473 	 4.502217423430747 	 4.698430738398198 	 4.404110765947022 
290 	 4.552022323230814 	 4.601132144853285 	 4.502912501608343 	 4.699351788098227 	 4.404692858363401 
291 	 4.552970043181 	 4.602125142852467 	 4.503814943509534 	 4.700435342195399 	 4.405504744166602 
292 	 4.553699446316802 	 4.602556382187306 	 4.504842510446299 	 4.700270253928312 	 4.407128638705292 
293 	 4.554294107013738 	 4.603068388075636 	 4.50551982595184 	 4.700616950199431 	 4.407971263828045 
294 	 4.5552075770128795 	 4.604395842073952 	 4.506019311951807 	 4.702772372196098 	 4.407642781829661 
295 	 4.556149916487351 	 4.605340105831954 	 4.506959727142749 	 4.703720484521159 	 4.408579348453544 
296 	 4.556660560377187 	 4.605643467440438 	 4.507677653313936 	 4.703609281566939 	 4.409711839187436 
297 	 4.557438987850004 	 4.606459557681361 	 4.508418418018647 	 4.7045006973440735 	 4.410377278355934 
298 	 4.558364902506963 	 4.607337208008497 	 4.509392597005428 	 4.7052818190115655 	 4.41144798600236 
299 	 4.558953804347825 	 4.607827733077293 	 4.510079875618356 	 4.705575590536232 	 4.412332018159417 
