0.1    0.013919551234598124
0.2    0.027105119396233012
0.30000000000000004    0.03957566240607021
0.4    0.051350490542059056
0.5    0.062449185292075514
0.6    0.07289152459925564
0.7000000000000001    0.08269741412858413
0.8    0.09188682420112987
0.9    0.1004797320590296
1.    0.10849606914042288
1.1    0.1159556730590464
1.2000000000000002    0.12287824399811671
1.3000000000000003    0.12928330524247836
1.4000000000000001    0.1351901675867836
1.5000000000000002    0.14061789737071376
1.6    0.145585287904961
1.7000000000000002    0.15011083406388437
1.8000000000000003    0.15421270983243993
1.9000000000000001    0.15790874860618367
2.    0.16121642605386904
2.1    0.1641528453624196
2.2    0.1667347246938736
2.3000000000000003    0.16897838669327586
2.4000000000000004    0.17089974989545623
2.5000000000000004    0.1725143218871885
2.6    0.17383719408939274
2.7    0.17488303803183045
2.8000000000000003    0.17566610300016655
2.9000000000000004    0.1762002149423487
3.0000000000000004    0.17649877652798684
3.1    0.17657476826083027
3.2    0.1764407505505339
3.3000000000000003    0.17610886665570752
3.4000000000000004    0.17559084641574516
3.5000000000000004    0.1748980106941679
3.6    0.17404127645438944
3.7    0.1730311476835927
3.8000000000000003    0.17187767370564114
3.9000000000000004    0.1705905032929963
4.    0.16917891244238914
4.1    0.1676518115220227
4.2    0.16601775262510696
4.3    0.16428493718501982
4.3999999999999995    0.16246122381251032
4.5    0.16055413631789694
4.6    0.1585708718836889
4.7    0.15651830935546615
4.8    0.1544030176211725
4.9    0.15223126405120718
5.    0.15000902297382832
5.1    0.14774198416241424
5.2    0.14543556131305657
5.3    0.14309490049279058
5.4    0.14072488854049228
5.5    0.13833016140411147
5.6    0.13591511239943826
5.7    0.13348390037705404
5.8    0.13104045778546988
5.9    0.12858849861972949
6.    0.12613152624594376
6.1    0.12367284109333802
6.2    0.12121554820642878
6.3    0.11876256465091799
6.4    0.11631662676779063
6.5    0.11388029727093918
6.6    0.11145597218441466
6.7    0.10904588761612384
6.8    0.10665212636545414
6.9    0.10427662436292524
7.    0.10192117694052927
7.1    0.0995874449319417
7.2    0.09727696060226336
7.3    0.09499113340738986
7.4    0.09273125558350333
7.5    0.09049850756754636
7.6    0.08829396324986644
7.7    0.08611859506051837
7.8    0.0839732788909828
7.9    0.08185879885329864
8.    0.07977585187882712
8.1    0.07772505215905345
8.2    0.07570693543100693
8.3    0.07372196311002589
8.4    0.07177052627272727
8.5    0.06985294949315018
8.6    0.06796949453513984
8.7    0.06612036390411893
8.8    0.06430570426145718
8.9    0.06252560970470426
9.    0.06078012491699108
9.1    0.0590692481889329
9.2    0.05739293431638762
9.3    0.05575109737743012
9.4    0.0541436133919071
9.5    0.05257032286692523
9.6    0.051031033231614724
9.700000000000001    0.04952552116448719
9.8    0.04805353481667984
9.9    0.04661479593434486
10.    0.045209001883407554
10.1    0.043835827579871846
10.200000000000001    0.042494927328808996
10.3    0.041185936575114816
10.4    0.03990847356906825
10.5    0.038662140949671214
10.6    0.03744652724869019
10.700000000000001    0.036261208318263266
10.8    0.03510574868487442
10.9    0.03397970283243475
11.    0.032882616417148326
11.1    0.03181402741677527
11.200000000000001    0.03077346721684069
11.3    0.029760461636272748
11.4    0.028774531894887625
11.5    0.027815195525075075
11.6    0.02688196722997039
11.700000000000001    0.025974359690336762
11.8    0.025091884322314514
11.9    0.024234051988130795
12.    0.023400373661800172
12.1    0.02259036105178147
12.200000000000001    0.02180352718249706
12.3    0.021039386936556357
12.4    0.020297457559467068
12.5    0.019577259128557116
12.6    0.018878314987772402
12.700000000000001    0.018200152149957294
12.8    0.017542301668169513
12.9    0.01690429897752556
13.    0.016285684209018346
13.1    0.015686002476697304
13.200000000000001    0.015104804139548005
13.3    0.014541645039360037
13.4    0.013996086715820984
13.5    0.013467696600027867
13.6    0.012956048187560586
13.700000000000001    0.012460721192216261
13.8    0.011981301681459937
13.9    0.011517382194603885
14.    0.01106856184468668
14.1    0.01063444640498242
14.200000000000001    0.01021464838103207
14.3    0.009808787069050131
14.4    0.009416488601524452
14.5    0.009037385980789764
14.6    0.008671119101323121
14.700000000000001    0.008317334761474691
14.8    0.007975686665315541
14.9    0.007645835415254293
15.    0.007327448496042494
15.1    0.007020200250761266
15.200000000000001    0.006723771849353631
15.3    0.006437851250239465
15.4    0.00616213315552468
15.5    0.005896318960291449
15.6    0.0056401166964314435
15.700000000000001    0.00539324097146239
15.8    0.005155412902744363
15.9    0.004926360047492636
16.    0.004705816328961743
16.1    0.004493521959157433
16.200000000000003    0.004289223358412462
16.3    0.00409267307214603
16.400000000000002    0.0039036296851072336
16.500000000000004    0.0037218577333884254
16.6    0.003547127614476228
16.700000000000003    0.003379215495594479
16.8    0.0032179032205775925
16.900000000000002    0.0030629782154996624
17.000000000000004    0.0029142333932702445
17.1    0.0027714670573962315
17.200000000000003    0.0026344828050959453
17.3    0.002503089429940431
17.400000000000002    0.002377100824185658
17.500000000000004    0.00225633588094904
17.6    0.0021406183963727384
17.700000000000003    0.0020297769719077397
17.8    0.0019236449168423659
17.900000000000002    0.0018220601511909056
18.000000000000004    0.0017248651090496466
18.1    0.0016319066425190148
18.200000000000003    0.0015430359262840845
18.3    0.0014581083629375592
18.400000000000002    0.0013769834891232146
18.500000000000004    0.001299524882571356
18.6    0.0012256000700908809
18.700000000000003    0.0011550804365783273
18.8    0.0010878411350971075
18.900000000000002    0.0010237609980763987
19.000000000000004    0.0009627224496732357
19.1    0.0009046114193373665
19.200000000000003    0.0008493172566138386
19.300000000000004    0.0007967326472140599
19.400000000000002    0.0007467535303824924
19.500000000000004    0.0006992790175823428
19.6    0.0006542113125199482
19.700000000000003    0.0006114556325248141
19.800000000000004    0.0005709201312988871
19.900000000000002    0.0005325158230457344
20.000000000000004    0.0004961565079881369
20.1    0.00046175869927948137
20.200000000000003    0.00042924155131229006
20.300000000000004    0.000398526789425305
20.400000000000002    0.00036953864100830794
20.500000000000004    0.00034220376800132087
20.6    0.0003164512007847573
20.700000000000003    0.0002922122734534887
20.800000000000004    0.0002694205604676445
20.900000000000002    0.0002480118146712431
21.000000000000004    0.0002279239066680724
21.1    0.00020909676554378467
21.200000000000003    0.0001914723209210454
21.300000000000004    0.00017499444633510086
21.400000000000002    0.00015960890391457293
21.500000000000004    0.00014526329035256666
21.6    0.00013190698415235433
21.700000000000003    0.00011949109413049283
21.800000000000004    0.00010796840916069948
21.900000000000002    0.00009729334914020696
22.000000000000004    0.00008742191716089552
22.1    0.00007831165286624599
22.200000000000003    0.0000699215869750752
22.300000000000004    0.00006221219695322895
22.400000000000002    0.00005514536381300875
22.500000000000004    0.00004868433002129608
22.6    0.0000427936584959583
22.700000000000003    0.000037439192670701135
22.800000000000004    0.00003258801760832497
22.900000000000002    0.000028208422141917012
23.000000000000004    0.000024269862024160936
23.1    0.000020742924064340484
23.200000000000003    0.000017599291232819028
23.300000000000004    0.000014811708713179115
23.400000000000002    0.00001235395088178772
23.500000000000004    0.000010200789194904516
23.6    8.327960963755854e-6
23.700000000000003    6.7121389977804735e-6
23.800000000000004    5.330902096616647e-6
23.900000000000002    4.162706371692339e-6
24.000000000000004    3.186857378197775e-6
24.1    2.3834830386914396e-6
24.200000000000003    1.7335073396978317e-6
24.300000000000004    1.2186247826543378e-6
24.400000000000002    8.212755716807086e-7
24.500000000000004    5.246215193182842e-7
24.6    3.1252265351161725e-7
24.700000000000003    1.6951450790446867e-7
24.800000000000004    8.078607848111728e-8
24.900000000000002    3.215842966739962e-8
25.000000000000004    1.0070048875885014e-8
25.1    2.2976504527060626e-9
25.200000000000003    2.7870292128502933e-10
25.300000000000004    4.681261598105079e-13
