0.1    4.938326951511206e-13
0.2    1.926347898969761e-12
0.30000000000000004    4.225744376081035e-12
0.4    7.322516179395379e-12
0.5    1.114951936125673e-11
0.6    1.5642023207116602e-11
0.7000000000000001    2.0737747344792825e-11
0.8    2.637688599615766e-11
0.9    3.250212055623416e-11
1.    3.9058621606998237e-11
1.1    4.5994041399528224e-11
1.2000000000000002    5.325849776835516e-11
1.3000000000000003    6.0804550375791e-11
1.4000000000000001    6.858717012149803e-11
1.5000000000000002    7.656370249346235e-11
1.6    8.469382558070042e-11
1.7000000000000002    9.293950341532562e-11
1.8000000000000003    1.0126493526188469e-10
1.9000000000000001    1.0963650142501943e-10
2.    1.1802270610237923e-10
2.1    1.2639411776818044e-10
2.2    1.3472330753376528e-10
2.3000000000000003    1.429847858948268e-10
2.4000000000000004    1.5115493824053157e-10
2.5000000000000004    1.592119594674789e-10
2.6    1.6713578801117216e-10
2.7    1.7490803957934909e-10
2.8000000000000003    1.8251194084502252e-10
2.9000000000000004    1.8993226333232762e-10
3.0000000000000004    1.971552577051649e-10
3.1    2.041685886470803e-10
3.2    2.109612705007623e-10
3.3000000000000003    2.1752360381686255e-10
3.4000000000000004    2.2384711294450442e-10
3.5000000000000004    2.299244847797416e-10
3.6    2.3574950875276733e-10
3.7    2.4131698922849896e-10
3.8000000000000003    2.4662262199712053e-10
3.9000000000000004    2.516630083137849e-10
4.    2.564356197972485e-10
4.1    2.609387463729557e-10
4.2    2.651714457777305e-10
4.3    2.691334946555439e-10
4.3999999999999995    2.728253412656092e-10
4.5    2.762480598166976e-10
4.6    2.7940330643484944e-10
4.7    2.8229327676558783e-10
4.8    2.849206652062162e-10
4.9    2.872886257588415e-10
5.    2.894007344902878e-10
5.1    2.912609535810928e-10
5.2    2.928735969422254e-10
5.3    2.94243297375031e-10
5.4    2.9537497524713863e-10
5.5    2.962738086546679e-10
5.6    2.969452050389694e-10
5.7    2.9739477422436537e-10
5.8    2.976283028418255e-10
5.9    2.976517301022751e-10
6.    2.974711248821936e-10
6.1    2.9709266408336956e-10
6.2    2.9652261222805257e-10
6.3    2.957673022503184e-10
6.4    2.948331174441994e-10
6.5    2.9372647452899973e-10
6.6    2.9245380779224944e-10
6.7    2.9102155427087606e-10
6.8    2.8943613993142637e-10
6.9    2.8770396681052293e-10
7.    2.8583140107716883e-10
7.1    2.8382476197903615e-10
7.2    2.8169031163545593e-10
7.3    2.7943424564047605e-10
7.4    2.770626844400499e-10
7.5    2.745816654481732e-10
7.6    2.7199713586756584e-10
7.7    2.693149461813195e-10
7.8    2.665408442827846e-10
7.9    2.6368047021182957e-10
8.    2.607393514665165e-10
8.1    2.577228988601147e-10
8.2    2.54636402894311e-10
8.3    2.514850306203789e-10
8.4    2.482738229610012e-10
8.5    2.4500769246635683e-10
8.6    2.4169142147900177e-10
8.7    2.3832966068299515e-10
8.8    2.349269280136179e-10
8.9    2.3148760790493235e-10
9.    2.280159508533195e-10
9.1    2.245160732759929e-10
9.2    2.2099195764435965e-10
9.3    2.1744745287292263e-10
9.4    2.138862749452652e-10
9.5    2.1031200775944493e-10
9.6    2.067281041759289e-10
9.700000000000001    2.031378872519634e-10
9.8    1.995445516470297e-10
9.9    1.9595116518475234e-10
10.    1.9236067055736247e-10
10.1    1.8877588715947838e-10
10.200000000000001    1.8519951303865727e-10
10.3    1.8163412695080802e-10
10.4    1.7808219050918902e-10
10.5    1.7454605041631138e-10
10.6    1.7102794076866508e-10
10.700000000000001    1.6752998542474341e-10
10.8    1.6405420042738586e-10
10.9    1.6060249647198738e-10
11.    1.5717668141262295e-10
11.1    1.5377846279862294e-10
11.200000000000001    1.5040945043460434e-10
11.3    1.4707115895740011e-10
11.4    1.4376501042376617e-10
11.5    1.40492336903157e-10
11.6    1.3725438307024104e-10
11.700000000000001    1.3405230879221944e-10
11.8    1.3088719170635746e-10
11.9    1.2776002978348494e-10
12.    1.2467174387355099e-10
12.1    1.2162318022962132e-10
12.200000000000001    1.1861511300701433e-10
12.3    1.1564824673453954e-10
12.4    1.1272321875508153e-10
12.5    1.0984060163301689e-10
12.6    1.0700090552620286e-10
12.700000000000001    1.0420458052048766e-10
12.8    1.0145201892492772e-10
12.9    9.874355752608503e-11
13.    9.60794797999779e-11
13.1    9.346001808043966e-11
13.200000000000001    9.088535568280507e-11
13.3    8.835562898201445e-11
13.4    8.58709294443649e-11
13.5    8.343130561229084e-11
13.6    8.103676504168197e-11
13.700000000000001    7.868727619137203e-11
13.8    7.638277026455057e-11
13.9    7.412314300195398e-11
14.    7.190825642679776e-11
14.1    6.973794054149945e-11
14.200000000000001    6.76119949763376e-11
14.3    6.553019059025795e-11
14.4    6.349227102413235e-11
14.5    6.149795420682197e-11
14.6    5.954693381447868e-11
14.700000000000001    5.763888068356411e-11
14.8    5.577344417811694e-11
14.9    5.3950253511862836e-11
15.    5.2168919025780844e-11
15.1    5.0429033421797384e-11
15.200000000000001    4.8730172953308e-11
15.3    4.707189857325417e-11
15.4    4.545375704051648e-11
15.5    4.38752819854046e-11
15.6    4.233599493504677e-11
15.700000000000001    4.083540629950203e-11
15.8    3.9373016319426946e-11
15.9    3.7948315976151665e-11
16.    3.65607878650141e-11
16.1    3.5209907032830144e-11
16.200000000000003    3.389514178035685e-11
16.3    3.261595443063911e-11
16.400000000000002    3.1371802064100116e-11
16.500000000000004    3.0162137221266505e-11
16.6    2.8986408573990404e-11
16.700000000000003    2.7844061566047858e-11
16.8    2.6734539023974228e-11
16.900000000000002    2.5657281739001824e-11
17.000000000000004    2.4611729020947928e-11
17.1    2.3597319224903282e-11
17.200000000000003    2.2613490251553484e-11
17.3    2.1659680021961605e-11
17.400000000000002    2.0735326927623068e-11
17.500000000000004    1.9839870256603642e-11
17.6    1.8972750596542587e-11
17.700000000000003    1.8133410215308118e-11
17.8    1.732129342006301e-11
17.900000000000002    1.6535846895495774e-11
18.000000000000004    1.5776520021955716e-11
18.1    1.5042765174209488e-11
18.200000000000003    1.4334038001531693e-11
18.3    1.3649797689819178e-11
18.400000000000002    1.298950720640833e-11
18.500000000000004    1.2352633528259402e-11
18.6    1.173864785414564e-11
18.700000000000003    1.1147025801491926e-11
18.8    1.0577247588466525e-11
18.900000000000002    1.0028798201929991e-11
19.000000000000004    9.50116755182945e-12
19.1    8.993850612596976e-12
19.200000000000003    8.506347552115324e-12
19.300000000000004    8.038163848783284e-12
19.400000000000002    7.58881039720169e-12
19.500000000000004    7.157803602994158e-12
19.6    6.74466546724326e-12
19.700000000000003    6.348923661034677e-12
19.800000000000004    5.970111590554983e-12
19.900000000000002    5.607768453207491e-12
20.000000000000004    5.26143928516798e-12
20.1    4.93067500080737e-12
20.200000000000003    4.615032424384313e-12
20.300000000000004    4.314074314400541e-12
20.400000000000002    4.0273693810030756e-12
20.500000000000004    3.754492296789448e-12
20.6    3.495023701382932e-12
20.700000000000003    3.248550200106444e-12
20.800000000000004    3.0146643570922168e-12
20.900000000000002    2.7929646831388507e-12
21.000000000000004    2.5830556186272733e-12
21.1    2.38454751178119e-12
21.200000000000003    2.1970565925590087e-12
21.300000000000004    2.0202049424522296e-12
21.400000000000002    1.8536204604443045e-12
21.500000000000004    1.6969368253842186e-12
21.6    1.5497934550170093e-12
21.700000000000003    1.4118354618996617e-12
21.800000000000004    1.2827136064252336e-12
21.900000000000002    1.1620842471639655e-12
22.000000000000004    1.0496092887310723e-12
22.1    9.4495612736955e-13
22.200000000000003    8.477975944350216e-13
22.300000000000004    7.578118979667383e-13
22.400000000000002    6.74682562501197e-13
22.500000000000004    5.980983673065668e-13
22.6    5.277532831800553e-13
22.700000000000003    4.633464079614209e-13
22.800000000000004    4.0458190090283913e-13
22.900000000000002    3.511689160251429e-13
23.000000000000004    3.028215345948411e-13
23.1    2.592586968331884e-13
23.200000000000003    2.2020413298141276e-13
23.300000000000004    1.8538629382437382e-13
23.400000000000002    1.5453828078065188e-13
23.500000000000004    1.2739777565021177e-13
23.6    1.0370697012300135e-13
23.700000000000003    8.321249512350234e-14
23.800000000000004    6.566535008375646e-14
23.900000000000002    5.08208322179028e-14
24.000000000000004    3.84384658717811e-14
24.1    2.8281932019236793e-14
24.200000000000003    2.0118997969288384e-14
24.300000000000004    1.3721447336962556e-14
24.400000000000002    8.865010356425962e-15
24.500000000000004    5.3292945591568105e-15
24.6    2.897715896468446e-15
24.700000000000003    1.3574303342524028e-15
24.800000000000004    4.992659675439388e-16
24.900000000000002    1.1765570144384197e-16
25.000000000000004    1.0574803951062853e-17
