0.1    1.0215224194878076e-12
0.2    4.309799647686518e-12
0.30000000000000004    1.0271177311839572e-11
0.4    1.923141265086586e-11
0.5    3.144134933382324e-11
0.6    4.7082651077806016e-11
0.7000000000000001    6.627352645998343e-11
0.8    8.907438765027001e-11
0.9    1.1549339505361015e-10
1.    1.4549184812933805e-10
1.1    1.7898939002979046e-10
1.2000000000000002    2.1586900024666274e-10
1.3000000000000003    2.5598175524211296e-10
1.4000000000000001    2.9915134213836256e-10
1.5000000000000002    3.451783150061423e-10
1.6    3.938440871861745e-10
1.7000000000000002    4.4491465645234415e-10
1.8000000000000003    4.981440627297879e-10
1.9000000000000001    5.532775805617062e-10
2.    6.100546506176544e-10
2.1    6.682115562925256e-10
2.2    7.274838528954489e-10
2.3000000000000003    7.876085581044823e-10
2.4000000000000004    8.483261132967036e-10
2.5000000000000004    9.093821260819082e-10
2.6    9.705288775411402e-10
2.7    1.031525934171566e-9
2.8000000000000003    1.0921410343264772e-9
2.9000000000000004    1.1521517295805045e-9
3.0000000000000004    1.2113462419751294e-9
3.1    1.2695241285104659e-9
3.2    1.3264968064273004e-9
3.3000000000000003    1.3820879501624114e-9
3.4000000000000004    1.4361337705630463e-9
3.5000000000000004    1.4884831866017656e-9
3.6    1.5389978994504387e-9
3.7    1.5875523783602588e-9
3.8000000000000003    1.6340337673609785e-9
3.9000000000000004    1.678341721343392e-9
4.    1.7203881796304422e-9
4.1    1.7600970846789217e-9
4.2    1.7974040530900116e-9
4.3    1.83225600564653e-9
4.3999999999999995    1.864610762640746e-9
4.5    1.8944366103118553e-9
4.6    1.921711843778602e-9
4.7    1.9464242914321386e-9
4.8    1.9685708253483243e-9
4.9    1.988156861888529e-9
5.    2.0051958562844414e-9
5.1    2.0197087946459563e-9
5.2    2.031723686492558e-9
5.3    2.0412750605876487e-9
5.4    2.0484034665522802e-9
5.5    2.0531549844496394e-9
5.6    2.0555807442640416e-9
5.7    2.0557364569480714e-9
5.8    2.0536819584782155e-9
5.9    2.0494807681426997e-9
6.    2.043199662084348e-9
6.1    2.0349082629361773e-9
6.2    2.02467864621675e-9
6.3    2.0125849639961615e-9
6.4    1.9987030862008174e-9
6.5    1.983110259795302e-9
6.6    1.9658847859621177e-9
6.7    1.9471057152941698e-9
6.8    1.9268525609196938e-9
6.9    1.9052050293947717e-9
7.    1.882242769123276e-9
7.1    1.858045135998189e-9
7.2    1.832690975900399e-9
7.3    1.8062584236413983e-9
7.4    1.778824717893609e-9
7.5    1.7504660316162724e-9
7.6    1.7212573174551372e-9
7.7    1.6912721675701828e-9
7.8    1.6605826873269324e-9
7.9    1.62925938227276e-9
8.    1.597371057810084e-9
8.1    1.5649847309724392e-9
8.2    1.5321655537073095e-9
8.3    1.4989767470705284e-9
8.4    1.4654795457408467e-9
8.5    1.431733152269633e-9
8.6    1.3977947004891924e-9
8.7    1.3637192275137366e-9
8.8    1.3295596537792067e-9
8.9    1.2953667705818396e-9
9.    1.2611892345902611e-9
9.1    1.227073568821834e-9
9.2    1.1930641695907695e-9
9.3    1.159203318952988e-9
9.4    1.1255312021907367e-9
9.5    1.0920859298983142e-9
9.6    1.058903564248898e-9
9.700000000000001    1.0260181490413088e-9
9.8    9.934617431442338e-10
9.9    9.612644569743368e-10
10.    9.294544916631795e-10
10.1    8.980581805863163e-10
10.200000000000001    8.67100032946074e-10
10.3    8.366027791172603e-10
10.4    8.065874174824692e-10
10.5    7.770732625006201e-10
10.6    7.48077993768839e-10
10.700000000000001    7.196177058538538e-10
10.8    6.917069586845486e-10
10.9    6.643588283122175e-10
11.    6.375849578595559e-10
11.1    6.113956084932554e-10
11.200000000000001    5.857997102682505e-10
11.3    5.608049127044716e-10
11.4    5.364176349690601e-10
11.5    5.126431155485126e-10
11.6    4.894854613062462e-10
11.700000000000001    4.669476958315822e-10
11.8    4.450318069958487e-10
11.9    4.237387936408131e-10
12.    4.030687113334386e-10
12.1    3.8302071712913427e-10
12.200000000000001    3.6359311329366506e-10
12.3    3.44783389940995e-10
12.4    3.2658826655134956e-10
12.5    3.090037323400157e-10
12.6    2.920250854534856e-10
12.700000000000001    2.756469709749432e-10
12.8    2.5986341772629464e-10
12.9    2.446678738586255e-10
13.    2.3005324122739112e-10
13.1    2.1601190855247657e-10
13.200000000000001    2.0253578336723167e-10
13.3    1.896163227635743e-10
13.4    1.7724456294356243e-10
13.5    1.6541114759044147e-10
13.6    1.5410635507472977e-10
13.700000000000001    1.4332012451305218e-10
13.8    1.3304208069946165e-10
13.9    1.232615579306575e-10
14.    1.1396762274818944e-10
14.1    1.051490956218587e-10
14.200000000000001    9.679457159983283e-11
14.3    8.889243995191298e-11
14.4    8.143090283310333e-11
14.5    7.439799299543608e-11
14.6    6.778159057636839e-11
14.700000000000001    6.156943899253328e-11
14.8    5.5749159967834366e-11
14.9    5.030826772509597e-11
15.    4.523418237033671e-11
15.1    4.05142424989883e-11
15.200000000000001    3.613571705290589e-11
15.3    3.208581645709664e-11
15.4    2.8351703064582548e-11
15.5    2.492050093768017e-11
15.6    2.1779304993353197e-11
15.700000000000001    1.891518954008034e-11
15.8    1.6315216232984505e-11
15.9    1.3966441473513727e-11
16.    1.1855923279525833e-11
16.1    9.970727650722796e-12
16.200000000000003    8.297934454126962e-12
16.3    6.824642853317773e-12
16.400000000000002    5.537976304761853e-12
16.500000000000004    4.4250871437305845e-12
16.6    3.473160781599559e-12
16.700000000000003    2.6694195358354746e-12
16.8    2.0011261130315905e-12
16.900000000000002    1.4555867648315622e-12
17.000000000000004    1.020154135783337e-12
17.1    6.822298215746954e-13
17.200000000000003    4.2926665533081825e-13
17.3    2.487707389863394e-13
17.400000000000002    1.2830323605073622e-13
17.500000000000004    5.548194160910566e-14
17.6    1.798264434749863e-14
17.700000000000003    3.5404063722015417e-15
17.8    2.932773193913516e-16
17.900000000000002    5.42075807782107e-21
