0.1    0.0006065108911593106
0.2    0.0005808002526700981
0.30000000000000004    0.0005560168517104133
0.4    0.0005321380722557182
0.5    0.0005091410082165587
0.6    0.0004870025551985449
0.7000000000000001    0.00046569949393329664
0.8    0.00044520856594466943
0.9    0.0004255065419833356
1.    0.00040657028373282503
1.1    0.00038837679926152053
1.2000000000000002    0.00037090329266776476
1.3000000000000003    0.0003541272083391416
1.4000000000000001    0.00033802627022212344
1.5000000000000002    0.0003225785164746003
1.6    0.0003077623298512506
1.7000000000000002    0.00029355646415029767
1.8000000000000003    0.00027994006702983265
1.9000000000000001    0.00026689269948257003
2.    0.0002543943522395625
2.1    0.00024242545935605875
2.2    0.00023096690921622614
2.3000000000000003    0.0002200000531779078
2.4000000000000004    0.00020950671206388397
2.5000000000000004    0.00019946918069219008
2.6    0.00018987023060426702
2.7    0.00018069311240582702
2.8000000000000003    0.0001719215624208658
2.9000000000000004    0.00016353980287120285
3.0000000000000004    0.00015553253690580172
3.1    0.00014788494288637177
3.2    0.00014058266808056685
3.3000000000000003    0.00013361182180224608
3.4000000000000004    0.00012695896804388706
3.5000000000000004    0.00012061111764937378
3.6    0.00011455572007668822
3.7    0.00010878065480003133
3.8000000000000003    0.00010327422239995235
3.9000000000000004    0.00009802513538844973
4.    0.00009302250881394958
4.1    0.00008825585068869367
4.2    0.00008371505227853085
4.3    0.00007939037829246129
4.3999999999999995    0.00007527245700661485
4.5    0.0000713522703546957
4.6    0.00006762114401432803
4.7    0.0000640707375162218
4.8    0.00006069303440065935
4.9    0.00005748033244349196
5.    0.00005442523397164344
5.1    0.00005152063628604391
5.2    0.00004875972220796731
5.3    0.00004613595076291496
5.4    0.00004364304801448049
5.5    0.000041274998059037093
5.6    0.000039026034190607806
5.7    0.00003689063024390998
5.8    0.00003486349212229504
5.9    0.000032939549516139526
6.    0.0000311139478161652
6.1    0.00002938204022518287
6.2    0.000027739380070852906
6.3    0.000026181713321230323
6.4    0.00002470497130411655
6.5    0.00002330526363055818
6.6    0.000021978871322220882
6.7    0.000020722240141810573
6.8    0.000019531974125219782
6.9    0.000018404829313629246
7.    0.000017337707683401118
7.1    0.00001632765127124913
7.2    0.000015371836491861596
7.3    0.000014467568644883989
7.4    0.000013612276607933249
7.5    0.000012803507712114212
7.6    0.000012038922796338021
7.7    0.000011316291436599186
7.8    0.000010633487346249173
7.9    9.98848394321053e-6
8.    9.379350080002477e-6
8.1    8.804245932393874e-6
8.2    8.261419042464383e-6
8.3    7.749200511832835e-6
8.4    7.266001340807001e-6
8.5    6.810308909214866e-6
8.6    6.380683594696739e-6
8.7    5.975755524266095e-6
8.8    5.594221454985851e-6
8.9    5.2348417796527705e-6
9.    4.896437653436834e-6
9.1    4.5778882374826405e-6
9.2    4.2781280555457725e-6
9.3    3.996144459807321e-6
9.4    3.7309752020850967e-6
9.5    3.4817061067371545e-6
9.6    3.247468841636185e-6
9.700000000000001    3.0274387836747284e-6
9.8    2.820832975348136e-6
9.9    2.626908169047769e-6
10.    2.4449589557860535e-6
10.1    2.2743159751619104e-6
10.200000000000001    2.114344203465502e-6
10.3    1.9644413169089813e-6
10.4    1.8240361270586027e-6
10.5    1.6925870856328805e-6
10.6    1.569580855917483e-6
10.700000000000001    1.4545309481350442e-6
10.8    1.3469764161935201e-6
10.9    1.2464806133211038e-6
11.    1.1526300041789122e-6
11.1    1.0650330311238873e-6
11.200000000000001    9.833190323750882e-7
11.3    9.071372099151055e-7
11.4    8.361556450343559e-7
11.5    7.700603595024136e-7
11.6    7.085544204231761e-7
11.700000000000001    6.513570869017472e-7
11.8    5.98202996722351e-7
11.9    5.488413913025638e-7
12.    5.030353772562099e-7
12.1    4.605612229615464e-7
12.200000000000001    4.212076885927977e-7
12.3    3.8477538813454476e-7
12.4    3.5107618195617993e-7
12.5    3.199325985810109e-7
12.6    2.911772843390683e-7
12.700000000000001    2.646524796461052e-7
12.8    2.4020952070261363e-7
12.9    2.177083654561818e-7
13.    1.970171427183835e-7
13.1    1.7801172337458936e-7
13.200000000000001    1.6057531266763387e-7
13.3    1.4459806258197926e-7
13.4    1.299767033943498e-7
13.5    1.1661419349792637e-7
13.6    1.0441938664507642e-7
13.700000000000001    9.330671579098053e-8
13.8    8.319589275589976e-8
13.9    7.401162295848761e-8
14.    6.568333450447017e-8
14.1    5.8144920948034846e-8
14.200000000000001    5.133449707258879e-8
14.3    4.5194167066864104e-8
14.4    3.9669804501098525e-8
14.5    3.4710843533707134e-8
14.6    3.0270080805732036e-8
14.700000000000001    2.6303487504256763e-8
14.8    2.2770031100171517e-8
14.9    1.963150628775922e-8
15.    1.6852374676591202e-8
15.1    1.4399612804937104e-8
15.200000000000001    1.2242568066239072e-8
15.3    1.035282215720006e-8
15.4    8.704061675918793e-9
15.5    7.271955514482954e-9
15.6    6.034038708763637e-9
15.700000000000001    4.969602422400618e-9
15.8    4.059589758773629e-9
15.9    3.286497108576916e-9
16.    2.6342807540471288e-9
16.1    2.088268465910393e-9
16.200000000000003    1.6350758397447083e-9
16.3    1.2625271324465517e-9
16.400000000000002    9.595803696928386e-10
16.500000000000004    7.162565071598775e-10
16.6    5.235724389449732e-10
16.700000000000003    3.734776557326635e-10
16.8    2.587943660902002e-10
16.900000000000002    1.7316090259838392e-10
17.000000000000004    1.1097824381156683e-10
17.1    6.735949080852573e-11
17.200000000000003    3.808214549913132e-11
17.3    1.9543045452733247e-11
17.400000000000002    8.715817087737454e-12
17.500000000000004    3.110715294231121e-12
17.6    7.367259078290837e-13
17.700000000000003    6.581110014719047e-14
17.8    1.6143661542603801e-15
17.900000000000002    -1.4668130463685052e-21
