0.1    1.1237793985061482e-8
0.2    4.410488605458933e-8
0.30000000000000004    9.735578690732058e-8
0.4    1.69777057250611e-7
0.5    2.601876792992689e-7
0.6    3.6743933676392106e-7
0.7000000000000001    4.904166094652572e-7
0.8    6.280370884171492e-7
0.9    7.792514169394138e-7
1.    9.430432630895595e-7
1.1    1.1184292284419076e-6
1.2000000000000002    1.3044586979917027e-6
1.3000000000000003    1.5002136357209117e-6
1.4000000000000001    1.7048083301310425e-6
1.5000000000000002    1.9173890938262486e-6
1.6    2.1371339210168225e-6
1.7000000000000002    2.3632521066088134e-6
1.8000000000000003    2.594983830349412e-6
1.9000000000000001    2.8315997093099258e-6
2.    3.072400321808127e-6
2.1    3.3167157056993308e-6
2.2    3.563904833800557e-6
2.3000000000000003    3.813355069054139e-6
2.4000000000000004    4.064481601886081e-6
2.5000000000000004    4.316726872069978e-6
2.6    4.5695599772692695e-6
2.7    4.822476070298677e-6
2.8000000000000003    5.0749957470196965e-6
2.9000000000000004    5.326664426664828e-6
3.0000000000000004    5.57705172627051e-6
3.1    5.8257508307893304e-6
3.2    6.0723778603478335e-6
3.3000000000000003    6.316571236016954e-6
3.4000000000000004    6.557991045367513e-6
3.5000000000000004    6.796318408993182e-6
3.6    7.031254849097769e-6
3.7    7.262521661162239e-6
3.8000000000000003    7.489859289629589e-6
3.9000000000000004    7.713026708472211e-6
4.    7.931800807436773e-6
4.1    8.14597578469547e-6
4.2    8.355362546569874e-6
4.3    8.559788114934322e-6
4.3999999999999995    8.759095042849501e-6
4.5    8.953140838923935e-6
4.6    9.141797400850612e-6
4.7    9.324950458518856e-6
4.8    9.502499027056534e-6
4.9    9.674354870115663e-6
5.    9.840441973674627e-6
5.1    0.00001000069603059287
5.2    0.0000101550639344969
5.3    0.000010303502959440145
5.4    0.000010445979373315876
5.5    0.00001058246872158615
5.6    0.000010712955788481835
5.7    0.000010837434161241838
5.8    0.000010955905798268376
5.9    0.00001106838060853795
6.    0.000011174876042275163
6.1    0.0000112754166928763
6.2    0.00001137003391005067
6.3    0.000011458765424130087
6.4    0.000011541654981480999
6.5    0.000011618751990938418
6.6    0.000011690111181167468
6.7    0.00001175579226884536
6.8    0.000011815859637545343
6.9    0.000011870382027193466
7.    0.000011919432233959398
7.1    0.000011963086820434008
7.2    0.00001200142583593837
7.3    0.000012034532546802037
7.4    0.000012062493176442102
7.5    0.00001208539665506898
7.6    0.000012103334378840135
7.7    0.000012116399978278638
7.8    0.000012124689095769905
7.9    0.00001212829917194691
8.    0.00001212732924077175
8.1    0.000012121879733119187
8.2    0.000012112052288666527
8.3    0.000012097949575892973
8.4    0.000012079675119990828
8.5    0.000012057333138490745
8.6    0.000012031028384403042
8.7    0.00001200086599667778
8.8    0.000011966951357786642
8.9    0.000011929389958230802
9.    0.0000118882872677802
9.1    0.000011843748613250872
9.2    0.000011795879062628989
9.3    0.000011744783315351828
9.4    0.000011690565598558252
9.5    0.000011633329569123218
9.6    0.000011573178221293454
9.700000000000001    0.000011510213799743975
9.8    0.000011444537717877538
9.9    0.00001137625048119216
10.    0.000011305451615544704
10.1    0.000011232239600141141
10.200000000000001    0.000011156711805087667
10.3    0.000011078964433339632
10.4    0.000010999092466888293
10.5    0.000010917189617029156
10.6    0.000010833348278558211
10.700000000000001    0.00001074765948774628
10.8    0.00001066021288394471
10.9    0.000010571096674678924
11.    0.000010480397604089938
11.1    0.000010388200924587072
11.200000000000001    0.000010294590371578574
11.3    0.000010199648141150173
11.4    0.00001010345487056485
11.5    0.000010006089621460623
11.6    9.907629865626202e-6
11.700000000000001    9.808151473237812e-6
11.8    9.707728703443771e-6
11.9    9.60643419718636e-6
12.    9.50433897215405e-6
12.1    9.401512419760134e-6
12.200000000000001    9.29802230404683e-6
12.3    9.19393476241718e-6
12.4    9.08931430810001e-6
12.5    8.984223834256142e-6
12.6    8.878724619637141e-6
12.700000000000001    8.772876335710477e-6
12.8    8.666737055168253e-6
12.9    8.560363261738978e-6
13.    8.453809861224935e-6
13.1    8.347130193690162e-6
13.200000000000001    8.24037604672684e-6
13.3    8.133597669730372e-6
13.4    8.026843789115938e-6
13.5    7.92016162441189e-6
13.6    7.813596905167603e-6
13.700000000000001    7.707193888615914e-6
13.8    7.60099537803242e-6
13.9    7.495042741736275e-6
14.    7.389375932679276e-6
14.1    7.284033508572123e-6
14.200000000000001    7.179052652498913e-6
14.3    7.074469193972764e-6
14.4    6.970317630387761e-6
14.5    6.866631148823895e-6
14.6    6.7634416481640845e-6
14.700000000000001    6.6607797614835e-6
14.8    6.55867487867389e-6
14.9    6.457155169266808e-6
15.    6.356247605421428e-6
15.1    6.255977985044459e-6
15.200000000000001    6.156370955010844e-6
15.3    6.057450034455928e-6
15.4    5.959237638110666e-6
15.5    5.861755099653487e-6
15.6    5.765022695053264e-6
15.700000000000001    5.669059665879492e-6
15.8    5.573884242557045e-6
15.9    5.479513667543914e-6
16.    5.385964218411718e-6
16.1    5.293251230809977e-6
16.200000000000003    5.201389121296054e-6
16.3    5.110391410013926e-6
16.400000000000002    5.020270743205853e-6
16.500000000000004    4.931038915542284e-6
16.6    4.842706892255827e-6
16.700000000000003    4.755284831066573e-6
16.8    4.668782103886548e-6
16.900000000000002    4.583207318292221e-6
17.000000000000004    4.498568338754507e-6
17.1    4.4148723076169325e-6
17.200000000000003    4.33212566581292e-6
17.3    4.250334173314186e-6
17.400000000000002    4.1695029293029e-6
17.500000000000004    4.0896363920609005e-6
17.6    4.010738398569729e-6
17.700000000000003    3.932812183816311e-6
17.8    3.855860399799146e-6
17.900000000000002    3.7798851342308864e-6
18.000000000000004    3.7048879289334766e-6
18.1    3.630869797922592e-6
18.200000000000003    3.5578312451786124e-6
18.3    3.4857722821019533e-6
18.400000000000002    3.4146924446507074e-6
18.500000000000004    3.3445908101593553e-6
18.6    3.2754660138374294e-6
18.700000000000003    3.207316264947511e-6
18.8    3.140139362662295e-6
18.900000000000002    3.0739327116007874e-6
19.000000000000004    3.0086933370440067e-6
19.1    2.944417899830932e-6
19.200000000000003    2.8811027109356475e-6
19.300000000000004    2.8187437457269546e-6
19.400000000000002    2.7573366579120175e-6
19.500000000000004    2.6968767931657414e-6
19.6    2.637359202447985e-6
19.700000000000003    2.578778655010639e-6
19.800000000000004    2.5211296510972186e-6
19.900000000000002    2.4644064343373553e-6
20.000000000000004    2.4086030038390942e-6
20.1    2.3537131259818692e-6
20.200000000000003    2.2997303459133044e-6
20.300000000000004    2.24664799875297e-6
20.400000000000002    2.1944592205065873e-6
20.500000000000004    2.1431569586940296e-6
20.6    2.092733982694799e-6
20.700000000000003    2.0431828938146135e-6
20.800000000000004    1.9944961350768993e-6
20.900000000000002    1.9466660007430565e-6
21.000000000000004    1.899684645565408e-6
21.1    1.853544093776864e-6
21.200000000000003    1.8082362478212952e-6
21.300000000000004    1.7637528968288268e-6
21.400000000000002    1.72008572484012e-6
21.500000000000004    1.6772263187838201e-6
21.6    1.6351661762114912e-6
21.700000000000003    1.5938967127941917e-6
21.800000000000004    1.5534092695849917e-6
21.900000000000002    1.5136951200517153e-6
22.000000000000004    1.4747454768841631e-6
22.1    1.4365514985802044e-6
22.200000000000003    1.3991042958149142e-6
22.300000000000004    1.3623949375971076e-6
22.400000000000002    1.3264144572175684e-6
22.500000000000004    1.2911538579931963e-6
22.6    1.2566041188113554e-6
22.700000000000003    1.2227561994786587e-6
22.800000000000004    1.1896010458783678e-6
22.900000000000002    1.1571295949406361e-6
23.000000000000004    1.125332779429719e-6
23.1    1.0942015325522846e-6
23.200000000000003    1.0637267923909208e-6
23.300000000000004    1.0338995061668988e-6
23.400000000000002    1.0047106343361828e-6
23.500000000000004    9.76151154522688e-7
23.6    9.482120652927118e-7
23.700000000000003    9.20884389774436e-7
23.800000000000004    8.941591791263033e-7
23.900000000000002    8.680275158581451e-7
24.000000000000004    8.424805170087177e-7
24.1    8.175093371834084e-7
24.200000000000003    7.931051714557429e-7
24.300000000000004    7.692592581362865e-7
24.400000000000002    7.45962881412472e-7
24.500000000000004    7.23207373862894e-7
24.6    7.009841188494131e-7
24.700000000000003    6.792845527905898e-7
24.800000000000004    6.581001673196114e-7
24.900000000000002    6.374225113301482e-7
25.000000000000004    6.172431929132134e-7
25.1    5.975538811882954e-7
25.200000000000003    5.783463080318043e-7
25.300000000000004    5.596122697058719e-7
25.400000000000002    5.413436283905774e-7
25.500000000000004    5.235323136224353e-7
25.6    5.061703236420709e-7
25.700000000000003    4.892497266539019e-7
25.800000000000004    4.727626620006196e-7
25.900000000000002    4.56701341255095e-7
26.000000000000004    4.410580492324676e-7
26.1    4.25825144924939e-7
26.200000000000003    4.109950623618628e-7
26.300000000000004    3.965603113975836e-7
26.400000000000002    3.825134784294545e-7
26.500000000000004    3.6884722704851256e-7
26.6    3.555542986249644e-7
26.700000000000003    3.4262751283091276e-7
26.800000000000004    3.300597681024816e-7
26.900000000000002    3.1784404204348926e-7
27.000000000000004    3.059733917728371e-7
27.1    2.944409542176571e-7
27.200000000000003    2.8323994635423146e-7
27.300000000000004    2.723636653986444e-7
27.400000000000002    2.618054889491278e-7
27.500000000000004    2.515588750819476e-7
27.6    2.416173624026213e-7
27.700000000000003    2.3197457005430086e-7
27.800000000000004    2.2262419768501346e-7
27.900000000000002    2.135600253754723e-7
28.000000000000004    2.047759135290796e-7
28.1    1.9626580272572628e-7
28.200000000000003    1.8802371354093102e-7
28.300000000000004    1.8004374633185192e-7
28.400000000000002    1.723200809916172e-7
28.500000000000004    1.648469766734431e-7
28.6    1.576187714858527e-7
28.700000000000003    1.5062988216040667e-7
28.800000000000004    1.438748036932814e-7
28.900000000000002    1.3734810896185429e-7
29.000000000000004    1.3104444831764318e-7
29.1    1.2495854915672e-7
29.200000000000003    1.1908521546886065e-7
29.300000000000004    1.1341932736638754e-7
29.400000000000002    1.079558405939685e-7
29.500000000000004    1.0268978602037811e-7
29.6    9.761626911313492e-8
29.700000000000003    9.27304693971803e-8
29.800000000000004    8.802763989848756e-8
29.900000000000002    8.350310657341407e-8
30.000000000000004    7.915226772493171e-8
30.1    7.49705934064112e-8
30.200000000000003    7.095362481385505e-8
30.300000000000004    6.70969736674432e-8
30.400000000000002    6.339632158311423e-8
30.500000000000004    5.984741943493465e-8
30.6    5.644608670907171e-8
30.700000000000003    5.3188210849978266e-8
30.800000000000004    5.006974659951303e-8
30.900000000000002    4.7086715329656675e-8
31.000000000000004    4.423520436944314e-8
31.1    4.151136632672388e-8
31.200000000000003    3.891141840536079e-8
31.300000000000004    3.643164171837317e-8
31.400000000000002    3.406838059761032e-8
31.500000000000004    3.1818041900510476e-8
31.6    2.967709431434596e-8
31.700000000000003    2.764206765854523e-8
31.800000000000004    2.5709552185475753e-8
31.900000000000002    2.3876197880183436e-8
32.    2.2138713759476553e-8
32.1    2.0493867170766738e-8
32.2    1.8938483091111005e-8
32.300000000000004    1.746944342672374e-8
32.400000000000006    1.6083686313441488e-8
32.5    1.477820541836406e-8
32.6    1.3550049243084931e-8
32.7    1.239632042876137e-8
32.800000000000004    1.1314175063418031e-8
32.900000000000006    1.030082199157333e-8
33.    9.353522126709484e-9
33.1    8.469587766628115e-9
33.2    7.646381912106396e-9
33.300000000000004    6.881317588879225e-9
33.400000000000006    6.171857173401271e-9
33.5    5.515511722438108e-9
33.6    4.909840306713094e-9
33.7    4.3524493487990305e-9
33.800000000000004    3.840991965509022e-9
33.900000000000006    3.373167314799366e-9
34.    2.946719947467062e-9
34.1    2.559439163707226e-9
34.2    2.209158374750614e-9
34.300000000000004    1.8937544696002483e-9
34.400000000000006    1.6111471870637256e-9
34.5    1.3592984932067089e-9
34.6    1.1362119642373123e-9
34.7    9.39932175004548e-10
34.800000000000004    7.685440931506169e-10
34.900000000000006    6.201724790232037e-10
35.    4.929812914169724e-10
35.1    3.851730991884686e-10
35.2    2.949884988028163e-10
35.300000000000004    2.207055379569389e-10
35.400000000000006    1.606391451303842e-10
35.5    1.1314056537875438e-10
35.6    7.659680210993476e-11
35.7    4.943006515546559e-11
35.800000000000004    3.00972249064259e-11
35.900000000000006    1.7089272783888483e-11
36.    8.931518368212705e-12
36.1    4.216183737908441e-12
36.2    1.7636550577360626e-12
36.300000000000004    6.101674965021143e-13
36.400000000000006    1.4321144860410377e-13
36.5    1.1402093804574316e-14
