0.1    3.8396001298905193e-13
0.2    1.4999559770325155e-12
0.30000000000000004    3.323033999316577e-12
0.4    5.828676590933369e-12
0.5    8.99280086163921e-12
0.6    1.2791756536337097e-11
0.7000000000000001    1.7202323801486967e-11
0.8    2.2201710989408024e-11
0.9    2.7767552108203632e-11
1.    3.3877904224811136e-11
1.1    4.051124470845567e-11
1.2000000000000002    4.764646834156961e-11
1.3000000000000003    5.526288430502648e-11
1.4000000000000001    6.334021304433012e-11
1.5000000000000002    7.185858302319824e-11
1.6    8.079852737077999e-11
1.7000000000000002    9.014098042855581e-11
1.8000000000000003    9.986727420277763e-11
1.9000000000000001    1.0995913472812424e-10
2.    1.2039867834806818e-10
2.1    1.311684079172724e-10
2.2    1.4225120893116766e-10
2.3000000000000003    1.5363034558769156e-10
2.4000000000000004    1.6528945678601088e-10
2.5000000000000004    1.7721255206688668e-10
2.6    1.8938400749919028e-10
2.7    2.0178856151692527e-10
2.8000000000000003    2.1441131071096508e-10
2.9000000000000004    2.2723770557957138e-10
3.0000000000000004    2.4025354624161976e-10
3.1    2.5344497811632193e-10
3.2    2.6679848757310434e-10
3.3000000000000003    2.803008975551671e-10
3.4000000000000004    2.9393936318012953e-10
3.5000000000000004    3.0770136732104255e-10
3.6    3.215747161709221e-10
3.7    3.35547534793858e-10
3.8000000000000003    3.496082626656196e-10
3.9000000000000004    3.637456492065849e-10
4.    3.779487493097051e-10
4.1    3.922069188661141e-10
4.2    4.0650981029088986e-10
4.3    4.208473680513785e-10
4.3999999999999995    4.352098242003902e-10
4.5    4.495876939164923e-10
4.6    4.639717710535205e-10
4.7    4.783531237013555e-10
4.8    4.927230897599124e-10
4.9    5.070732725282196e-10
5.    5.213955363103717e-10
5.1    5.356820020400686e-10
5.2    5.499250429253762e-10
5.3    5.641172801152633e-10
5.4    5.782515783894101e-10
5.5    5.923210418726936e-10
5.6    6.063190097757092e-10
5.7    6.202390521626054e-10
5.8    6.340749657474507e-10
5.9    6.478207697202888e-10
6.    6.614707016039795e-10
6.1    6.750192131428575e-10
6.2    6.884609662241973e-10
6.3    7.017908288333964e-10
6.4    7.150038710437669e-10
6.5    7.280953610417339e-10
6.6    7.410607611882278e-10
6.7    7.538957241169844e-10
6.8    7.665960888704247e-10
6.9    7.79157877073747e-10
7.    7.915772891478181e-10
7.1    8.038507005613969e-10
7.2    8.159746581231997e-10
7.3    8.27945876314264e-10
7.4    8.397612336610347e-10
7.5    8.51417769149553e-10
7.6    8.629126786811085e-10
7.7    8.742433115696499e-10
7.8    8.854071670812588e-10
7.9    8.964018910159123e-10
8.    9.072252723317663e-10
8.1    9.1787523981214e-10
8.2    9.283498587753621e-10
8.3    9.38647327827604e-10
8.4    9.487659756588094e-10
8.5    9.587042578817922e-10
8.6    9.684607539145537e-10
8.7    9.780341639058516e-10
8.8    9.87423305704022e-10
8.9    9.966271118690318e-10
9.    1.005644626727733e-9
9.1    1.0144750034722545e-9
9.2    1.023117501301442e-9
9.3    1.0315714826052626e-9
9.4    1.0398364101920512e-9
9.5    1.0479118445584613e-9
9.6    1.0557974412019737e-9
9.700000000000001    1.0634929479757961e-9
9.8    1.070998202485969e-9
9.9    1.0783131295304843e-9
10.    1.0854377385802094e-9
10.1    1.0923721213013784e-9
10.200000000000001    1.0991164491194368e-9
10.3    1.1056709708239713e-9
10.4    1.1120360102144803e-9
10.5    1.1182119637866954e-9
10.6    1.1241992984591996e-9
10.700000000000001    1.1299985493400265e-9
10.8    1.1356103175329505e-9
10.9    1.1410352679831697e-9
11.    1.1462741261592455e-9
11.1    1.1513276633895309e-9
11.200000000000001    1.1561966997495537e-9
11.3    1.1608821106981846e-9
11.4    1.165384825274118e-9
11.5    1.1697058241872723e-9
11.6    1.173846137946574e-9
11.700000000000001    1.1778068450237645e-9
11.8    1.1815890700528898e-9
11.9    1.185193982065123e-9
12.    1.1886227927585553e-9
12.1    1.191876754802608e-9
12.200000000000001    1.194957160176695e-9
12.3    1.1978653385427568e-9
12.4    1.2006026556513163e-9
12.5    1.203170511780654e-9
12.6    1.205570340208757e-9
12.700000000000001    1.207803605717627e-9
12.8    1.2098718031295897e-9
12.9    1.2117764558752085e-9
13.    1.213519114592428e-9
13.1    1.2151013557565419e-9
13.200000000000001    1.216524780340606e-9
13.3    1.217791012505919e-9
13.4    1.2189016983221482e-9
13.5    1.2198585045167446e-9
13.6    1.2206631172532287e-9
13.700000000000001    1.2213172409379746e-9
13.8    1.2218225970550853e-9
13.9    1.222180923028976e-9
14.    1.2223939711142802e-9
14.1    1.2224635073126766e-9
14.200000000000001    1.222391310316247e-9
14.3    1.2221791704769987e-9
14.4    1.221828888802138e-9
14.5    1.2213422759747124e-9
14.6    1.2207211513992648e-9
14.700000000000001    1.2199673422720774e-9
14.8    1.2190826826756504e-9
14.9    1.2180690126970317e-9
15.    1.2169281775696108e-9
15.1    1.2156620268380151e-9
15.200000000000001    1.2142724135457202e-9
15.3    1.2127611934450248e-9
15.4    1.21113022422899e-9
15.5    1.2093813647850172e-9
15.6    1.2075164744696597e-9
15.700000000000001    1.20553741240434e-9
15.8    1.203446036791598e-9
15.9    1.2012442042515141e-9
16.    1.1989337691779652e-9
16.1    1.1965165831143522e-9
16.200000000000003    1.1939944941484624e-9
16.3    1.1913693463261162e-9
16.400000000000002    1.1886429790832589e-9
16.500000000000004    1.1858172266961616e-9
16.6    1.1828939177494044e-9
16.700000000000003    1.1798748746212854e-9
16.8    1.1767619129863677e-9
16.900000000000002    1.1735568413348044e-9
17.000000000000004    1.1702614605081298e-9
17.1    1.166877563251222e-9
17.200000000000003    1.1634069337800905e-9
17.3    1.159851347365192e-9
17.400000000000002    1.1562125699299717e-9
17.500000000000004    1.152492357664324e-9
17.6    1.1486924566526574e-9
17.700000000000003    1.1448146025163e-9
17.8    1.1408605200699114e-9
17.900000000000002    1.1368319229916376e-9
18.000000000000004    1.132730513506729e-9
18.1    1.128557982084311e-9
18.200000000000003    1.1243160071470455e-9
18.3    1.1200062547934159e-9
18.400000000000002    1.1156303785323473e-9
18.500000000000004    1.1111900190298959e-9
18.6    1.1066868038677568e-9
18.700000000000003    1.1021223473133124e-9
18.8    1.0974982501009715e-9
18.900000000000002    1.0928160992245458e-9
19.000000000000004    1.088077467740411e-9
19.1    1.0832839145812063e-9
19.200000000000003    1.0784369843798285e-9
19.300000000000004    1.0735382073034806e-9
19.400000000000002    1.0685890988975356e-9
19.500000000000004    1.0635911599389905e-9
19.6    1.0585458762992823e-9
19.700000000000003    1.05345471881621e-9
19.800000000000004    1.0483191431747937e-9
19.900000000000002    1.0431405897968e-9
20.000000000000004    1.0379204837387508e-9
20.1    1.032660234598188e-9
20.200000000000003    1.0273612364279878e-9
20.300000000000004    1.02202486765852e-9
20.400000000000002    1.0166524910274583e-9
20.500000000000004    1.0112454535170212e-9
20.6    1.0058050862984653e-9
20.700000000000003    1.0003327046836437e-9
20.800000000000004    9.948296080834116e-10
20.900000000000002    9.892970799727302e-10
21.000000000000004    9.837363878622483e-10
21.1    9.781487832762222e-10
21.200000000000003    9.725355017365535e-10
21.300000000000004    9.668977627528085e-10
21.400000000000002    9.612367698180275e-10
21.500000000000004    9.555537104101572e-10
21.6    9.498497559989557e-10
21.700000000000003    9.441260620581976e-10
21.800000000000004    9.383837680830102e-10
21.900000000000002    9.326239976122105e-10
22.000000000000004    9.268478582554697e-10
22.1    9.210564417251616e-10
22.200000000000003    9.152508238727514e-10
22.300000000000004    9.094320647295718e-10
22.400000000000002    9.036012085518538e-10
22.500000000000004    8.977592838698585e-10
22.6    8.919073035410032e-10
22.700000000000003    8.860462648068123e-10
22.800000000000004    8.801771493535801e-10
22.900000000000002    8.743009233766224e-10
23.000000000000004    8.684185376479805e-10
23.1    8.625309275874559e-10
23.200000000000003    8.566390133368587e-10
23.300000000000004    8.507436998373471e-10
23.400000000000002    8.448458769097489e-10
23.500000000000004    8.389464193377375e-10
23.6    8.330461869537748e-10
23.700000000000003    8.271460247276808e-10
23.800000000000004    8.212467628577518e-10
23.900000000000002    8.153492168643081e-10
24.000000000000004    8.094541876855766e-10
24.1    8.035624617757961e-10
24.200000000000003    7.976748112054574e-10
24.300000000000004    7.917919937635941e-10
24.400000000000002    7.85914753062001e-10
24.500000000000004    7.800438186413178e-10
24.6    7.741799060788683e-10
24.700000000000003    7.683237170981861e-10
24.800000000000004    7.624759396801252e-10
24.900000000000002    7.56637248175486e-10
25.000000000000004    7.508083034190548e-10
25.1    7.449897528450142e-10
25.200000000000003    7.391822306036016e-10
25.300000000000004    7.333863576789811e-10
25.400000000000002    7.276027420082254e-10
25.500000000000004    7.218319786013494e-10
25.6    7.160746496623312e-10
25.700000000000003    7.103313247110348e-10
25.800000000000004    7.046025607059764e-10
25.900000000000002    6.988889021678786e-10
26.000000000000004    6.931908813039405e-10
26.1    6.875090181327447e-10
26.200000000000003    6.818438206097804e-10
26.300000000000004    6.761957847534866e-10
26.400000000000002    6.705653947717869e-10
26.500000000000004    6.64953123189027e-10
26.6    6.593594309733026e-10
26.700000000000003    6.537847676640914e-10
26.800000000000004    6.482295715001462e-10
26.900000000000002    6.426942695476189e-10
27.000000000000004    6.371792778283341e-10
27.1    6.316850014481935e-10
27.200000000000003    6.262118347256514e-10
27.300000000000004    6.20760161320216e-10
27.400000000000002    6.153303543609476e-10
27.500000000000004    6.09922776574892e-10
27.6    6.045377804154227e-10
27.700000000000003    5.991757081904478e-10
27.800000000000004    5.938368921904504e-10
27.900000000000002    5.885216548163015e-10
28.000000000000004    5.832303087068545e-10
28.1    5.779631568662298e-10
28.200000000000003    5.727204927908151e-10
28.300000000000004    5.675026005958916e-10
28.400000000000002    5.623097551419085e-10
28.500000000000004    5.571422221603282e-10
28.6    5.520002583790522e-10
28.700000000000003    5.46884111647368e-10
28.800000000000004    5.417940210604087e-10
28.900000000000002    5.367302170830985e-10
29.000000000000004    5.316929216735433e-10
29.1    5.266823484058666e-10
29.200000000000003    5.21698702592432e-10
29.300000000000004    5.167421814054716e-10
29.400000000000002    5.118129739980669e-10
29.500000000000004    5.069112616244741e-10
29.6    5.020372177597642e-10
29.700000000000003    4.971910082187791e-10
29.800000000000004    4.923727912743626e-10
29.900000000000002    4.875827177748503e-10
30.000000000000004    4.828209312608303e-10
30.1    4.780875680811109e-10
30.200000000000003    4.733827575079276e-10
30.300000000000004    4.687066218513342e-10
30.400000000000002    4.6405927657279437e-10
30.500000000000004    4.594408303979462e-10
30.6    4.5485138542852185e-10
30.700000000000003    4.502910372534184e-10
30.800000000000004    4.457598750589199e-10
30.900000000000002    4.412579817380278e-10
31.000000000000004    4.3678543399891555e-10
31.1    4.3234230247249733e-10
31.200000000000003    4.2792865181908284e-10
31.300000000000004    4.235445408341325e-10
31.400000000000002    4.1919002255308165e-10
31.500000000000004    4.1486514435525213e-10
31.6    4.1056994806681723e-10
31.700000000000003    4.063044700628366e-10
31.800000000000004    4.0206874136834343e-10
31.900000000000002    3.97862787758471e-10
32.    3.9368662985764045e-10
32.1    3.895402832377674e-10
32.2    3.854237585155175e-10
32.300000000000004    3.813370614485886e-10
32.400000000000006    3.772801930310184e-10
32.5    3.7325314958751987e-10
32.6    3.692559228668341e-10
32.7    3.652885001341109e-10
32.800000000000004    3.613508642622993e-10
32.900000000000006    3.5744299382256166e-10
33.    3.535648631736963e-10
33.1    3.4971644255058414e-10
33.2    3.4589769815164177e-10
33.300000000000004    3.4210859222529364e-10
33.400000000000006    3.383490831554588e-10
33.5    3.346191255460507e-10
33.6    3.3091867030449656e-10
33.7    3.272476647242736e-10
33.800000000000004    3.236060525664592e-10
33.900000000000006    3.1999377414031296e-10
34.    3.164107663828664e-10
34.1    3.1285696293755e-10
34.2    3.093322942318446e-10
34.300000000000004    3.0583668755395594e-10
34.400000000000006    3.023700671285306e-10
34.5    2.9893235419140584e-10
34.6    2.955234670633963e-10
34.7    2.921433212231249e-10
34.800000000000004    2.88791829378902e-10
34.900000000000006    2.8546890153965444e-10
35.    2.8217444508490944e-10
35.1    2.7890836483383407e-10
35.2    2.7567056311335035e-10
35.300000000000004    2.7246093982530163e-10
35.400000000000006    2.6927939251270705e-10
35.5    2.661258164250849e-10
35.6    2.6300010458286313e-10
35.7    2.59902147840879e-10
35.800000000000004    2.568318349509734e-10
35.900000000000006    2.537890526236764e-10
36.    2.5077368558901265e-10
36.1    2.4778561665640094e-10
36.2    2.44824726773689e-10
36.300000000000004    2.418908950852905e-10
36.400000000000006    2.3898399898946816e-10
36.5    2.3610391419474635e-10
36.6    2.332505147754572e-10
36.7    2.304236732264477e-10
36.800000000000004    2.2762326051692978e-10
36.900000000000006    2.2484914614349957e-10
37.    2.2210119818231675e-10
37.1    2.1937928334046098e-10
37.2    2.166832670064713e-10
37.300000000000004    2.1401301330007088e-10
37.400000000000006    2.1136838512108015e-10
37.5    2.0874924419754555e-10
37.6    2.0615545113305958e-10
37.7    2.0358686545331249e-10
37.800000000000004    2.0104334565184908e-10
37.900000000000006    1.9852474923507036e-10
38.    1.9603093276646327e-10
38.1    1.9356175191007356e-10
38.2    1.9111706147323487e-10
38.300000000000004    1.8869671544855136e-10
38.400000000000006    1.8630056705514629e-10
38.50000000000001    1.8392846877918472e-10
38.6    1.815802724136751e-10
38.7    1.792558290975555e-10
38.800000000000004    1.769549893540813e-10
38.900000000000006    1.7467760312850548e-10
39.00000000000001    1.724235198250727e-10
39.1    1.7019258834333385e-10
39.2    1.679846571137749e-10
39.300000000000004    1.6579957413278233e-10
39.400000000000006    1.6363718699694871e-10
39.50000000000001    1.614973429367214e-10
39.6    1.5937988884940068e-10
39.7    1.5728467133150384e-10
39.800000000000004    1.5521153671049695e-10
39.900000000000006    1.5316033107589502e-10
40.00000000000001    1.5113090030975128e-10
40.1    1.491230901165333e-10
40.2    1.4713674605239291e-10
40.300000000000004    1.4517171355384408e-10
40.400000000000006    1.4322783796584996e-10
40.50000000000001    1.4130496456932796e-10
40.6    1.3940293860808012e-10
40.7    1.3752160531515633e-10
40.800000000000004    1.356608099386569e-10
40.900000000000006    1.3382039776697944e-10
41.00000000000001    1.3200021415352538e-10
41.1    1.3020010454085965e-10
41.2    1.2841991448434157e-10
41.300000000000004    1.266594896752303e-10
41.400000000000006    1.2491867596327272e-10
41.50000000000001    1.2319731937877436e-10
41.6    1.2149526615417177e-10
41.7    1.1981236274510303e-10
41.800000000000004    1.1814845585098627e-10
41.900000000000006    1.1650339243511515e-10
42.00000000000001    1.1487701974427633e-10
42.1    1.1326918532789383e-10
42.2    1.1167973705670841e-10
42.300000000000004    1.1010852314100297e-10
42.400000000000006    1.0855539214836747e-10
42.50000000000001    1.070201930210267e-10
42.6    1.05502775092724e-10
42.7    1.0400298810517357e-10
42.800000000000004    1.025206822240883e-10
42.900000000000006    1.0105570805478286e-10
43.00000000000001    9.960791665736788e-11
43.1    9.817715956153021e-11
43.2    9.676328878091905e-11
43.300000000000004    9.536615682713158e-11
43.400000000000006    9.398561672330529e-11
43.50000000000001    9.262152201733578e-11
43.6    9.127372679471038e-11
43.7    8.99420856909702e-11
43.800000000000004    8.862645390380685e-11
43.900000000000006    8.732668720480032e-11
44.00000000000001    8.60426419507998e-11
44.1    8.477417509495557e-11
44.2    8.352114419740778e-11
44.300000000000004    8.228340743564066e-11
44.400000000000006    8.106082361449475e-11
44.50000000000001    7.985325217586607e-11
44.6    7.866055320806942e-11
44.7    7.74825874548952e-11
44.800000000000004    7.631921632435203e-11
44.900000000000006    7.517030189710107e-11
45.00000000000001    7.403570693459341e-11
45.1    7.29152948869114e-11
45.2    7.180892990031681e-11
45.300000000000004    7.07164768245148e-11
45.400000000000006    6.963780121963949e-11
45.50000000000001    6.857276936296254e-11
45.6    6.752124825532712e-11
45.7    6.648310562732421e-11
45.800000000000004    6.545820994519785e-11
45.900000000000006    6.444643041650347e-11
46.00000000000001    6.344763699550679e-11
46.1    6.246170038833932e-11
46.2    6.148849205790913e-11
46.300000000000004    6.052788422857507e-11
46.400000000000006    5.957974989058737e-11
46.50000000000001    5.864396280429516e-11
46.6    5.772039750413137e-11
46.7    5.6808929302380743e-11
46.800000000000004    5.590943429272159e-11
46.900000000000006    5.5021789353563185e-11
47.00000000000001    5.4145872151172824e-11
47.1    5.328156114259549e-11
47.2    5.24287355783777e-11
47.300000000000004    5.158727550509135e-11
47.400000000000006    5.0757061767666736e-11
47.50000000000001    4.993797601153722e-11
47.6    4.9129900684599274e-11
47.7    4.833271903898848e-11
47.800000000000004    4.754631513268507e-11
47.900000000000006    4.677057383093676e-11
48.00000000000001    4.600538080752018e-11
48.1    4.5250622545829954e-11
48.2    4.450618633980798e-11
48.300000000000004    4.377196029471162e-11
48.400000000000006    4.3047833327729126e-11
48.50000000000001    4.233369516843584e-11
48.6    4.1629436359108314e-11
48.7    4.0934948254889755e-11
48.800000000000004    4.025012302380985e-11
48.900000000000006    3.957485364667059e-11
49.00000000000001    3.89090339167907e-11
49.1    3.8252558439619806e-11
49.2    3.760532263222227e-11
49.300000000000004    3.6967222722631014e-11
49.400000000000006    3.6338155749080315e-11
49.50000000000001    3.571801955911813e-11
49.6    3.5106712808594224e-11
49.7    3.450413496053963e-11
49.800000000000004    3.391018628392941e-11
49.900000000000006    3.332476785233708e-11
50.00000000000001    3.274778154248048e-11
50.1    3.217913003266372e-11
50.2    3.1618716801118425e-11
50.300000000000004    3.106644612424207e-11
50.400000000000006    3.0522223074745745e-11
50.50000000000001    2.9985953519699744e-11
50.6    2.9457544118493977e-11
50.7    2.893690232070721e-11
50.800000000000004    2.84239363638863e-11
50.900000000000006    2.791855527124579e-11
51.00000000000001    2.7420668849280955e-11
51.1    2.6930187685304228e-11
51.2    2.6447023144902227e-11
51.300000000000004    2.5971087369316523e-11
51.400000000000006    2.5502293272752837e-11
51.50000000000001    2.504055453961855e-11
51.6    2.4585785621691477e-11
51.7    2.4137901735219005e-11
51.800000000000004    2.369681885795802e-11
51.900000000000006    2.32624537261453e-11
52.00000000000001    2.283472383141009e-11
52.1    2.2413547417631102e-11
52.2    2.199884347772715e-11
52.300000000000004    2.159053175040318e-11
52.400000000000006    2.1188532716835254e-11
52.50000000000001    2.0792767597308395e-11
52.6    2.0403158347799972e-11
52.7    2.001962765652076e-11
52.800000000000004    1.9642098940404574e-11
52.900000000000006    1.9270496341556498e-11
53.00000000000001    1.8904744723655756e-11
53.1    1.8544769668318215e-11
53.2    1.8190497471421043e-11
53.300000000000004    1.784185513938409e-11
53.400000000000006    1.7498770385419218e-11
53.50000000000001    1.7161171625741373e-11
53.6    1.6828987975748757e-11
53.7    1.6502149246168247e-11
53.800000000000004    1.6180585939170726e-11
53.900000000000006    1.5864229244455555e-11
54.00000000000001    1.5553011035310147e-11
54.1    1.5246863864641067e-11
54.2    1.4945720960975973e-11
54.300000000000004    1.4649516224449967e-11
54.400000000000006    1.4358184222759055e-11
54.50000000000001    1.4071660187098566e-11
54.6    1.3789880008080046e-11
54.7    1.3512780231626562e-11
54.800000000000004    1.3240298054852424e-11
54.900000000000006    1.2972371321923028e-11
55.00000000000001    1.2708938519902983e-11
55.1    1.2449938774584974e-11
55.2    1.2195311846308463e-11
55.300000000000004    1.1944998125763121e-11
55.400000000000006    1.1698938629783154e-11
55.50000000000001    1.1457074997128694e-11
55.6    1.1219349484258613e-11
55.7    1.0985704961094744e-11
55.800000000000004    1.0756084906778886e-11
55.900000000000006    1.053043340542151e-11
56.00000000000001    1.0308695141845701e-11
56.1    1.0090815397326405e-11
56.2    9.87674004532383e-12
56.300000000000004    9.666415547215045e-12
56.400000000000006    9.459788948023785e-12
56.50000000000001    9.256807872146193e-12
56.6    9.057420519077686e-12
56.7    8.861575659138498e-12
56.800000000000004    8.669222629201005e-12
56.900000000000006    8.480311328417253e-12
57.00000000000001    8.29479221394912e-12
57.1    8.112616296701496e-12
57.2    7.933735137058856e-12
57.300000000000004    7.758100840625381e-12
57.400000000000006    7.585666053970374e-12
57.50000000000001    7.416383960378156e-12
57.6    7.250208275606821e-12
57.7    7.087093243649089e-12
57.800000000000004    6.926993632505111e-12
57.900000000000006    6.769864729959477e-12
58.00000000000001    6.6156623393681545e-12
58.1    6.464342775454667e-12
58.2    6.31586286011398e-12
58.300000000000004    6.170179918227983e-12
58.400000000000006    6.027251773491912e-12
58.50000000000001    5.887036744248691e-12
58.6    5.749493639338126e-12
58.7    5.61458175395513e-12
58.800000000000004    5.482260865522515e-12
58.900000000000006    5.352491229575313e-12
59.00000000000001    5.225233575657753e-12
59.1    5.100449103234873e-12
59.2    4.978099477617515e-12
59.300000000000004    4.858146825903247e-12
59.400000000000006    4.740553732927717e-12
59.50000000000001    4.625283237236257e-12
59.6    4.512298827066788e-12
59.7    4.401564436352232e-12
59.800000000000004    4.293044440735423e-12
59.900000000000006    4.186703653601832e-12
60.00000000000001    4.082507322130832e-12
60.1    3.980421123360365e-12
60.2    3.8804111602725665e-12
60.300000000000004    3.782443957894096e-12
60.400000000000006    3.686486459414591e-12
60.50000000000001    3.5925060223270904e-12
60.6    3.500470414580313e-12
60.7    3.4103478107553406e-12
60.800000000000004    3.3221067882572455e-12
60.900000000000006    3.235716323528421e-12
61.00000000000001    3.151145788279253e-12
61.1    3.0683649457380384e-12
61.2    2.9873439469242807e-12
61.300000000000004    2.90805332693546e-12
61.400000000000006    2.8304640012597504e-12
61.50000000000001    2.7545472621061787e-12
61.6    2.6802747747546486e-12
61.7    2.6076185739268028e-12
61.800000000000004    2.53655106018001e-12
61.900000000000006    2.467044996317784e-12
62.00000000000001    2.3990735038254747e-12
62.1    2.3326100593227247e-12
62.2    2.2676284910417705e-12
62.300000000000004    2.2041029753229595e-12
62.400000000000006    2.142008033132942e-12
62.50000000000001    2.0813185266064246e-12
62.6    2.0220096556062905e-12
62.7    1.964056954307827e-12
62.800000000000004    1.9074362878021355e-12
62.900000000000006    1.8521238487251214e-12
63.00000000000001    1.7980961539050877e-12
63.1    1.7453300410327903e-12
63.2    1.6938026653553926e-12
63.300000000000004    1.6434914963910943e-12
63.400000000000006    1.5943743146649252e-12
63.50000000000001    1.546429208469877e-12
63.6    1.4996345706452327e-12
63.7    1.4539690953838227e-12
63.800000000000004    1.4094117750537683e-12
63.900000000000006    1.3659418970501819e-12
64.    1.3235390406636412e-12
64.1    1.2821830739732124e-12
64.2    1.2418541507616827e-12
64.3    1.2025327074530244e-12
64.39999999999999    1.1641994600718488e-12
64.5    1.1268354012263825e-12
64.6    1.0904217971113415e-12
64.7    1.0549401845365031e-12
64.8    1.0203723679742613e-12
64.89999999999999    9.86700416632644e-13
65.    9.539066615467832e-13
65.1    9.2197369269736e-13
65.2    8.908843561469847e-13
65.3    8.606217512003874e-13
65.39999999999999    8.31169227588661e-13
65.5    8.025103826721394e-13
65.6    7.746290586674634e-13
65.7    7.475093398978032e-13
65.8    7.21135550061507e-13
65.89999999999999    6.954922495250197e-13
66.    6.705642326398314e-13
66.1    6.463365250753924e-13
66.2    6.22794381180196e-13
66.3    5.999232813601902e-13
66.39999999999999    5.777089294804234e-13
66.5    5.561372502886695e-13
66.6    5.351943868595095e-13
66.7    5.148666980613138e-13
66.8    4.951407560433511e-13
66.89999999999999    4.760033437430323e-13
67.    4.574414524196935e-13
67.1    4.3944227920209467e-13
67.2    4.2199322466191486e-13
67.3    4.0508189040851986e-13
67.39999999999999    3.8869607670121987e-13
67.5    3.728237800849696e-13
67.6    3.574531910466035e-13
67.7    3.4257269169033705e-13
67.8    3.281708534361291e-13
67.89999999999999    3.142364347360381e-13
68.    3.007583788116966e-13
68.1    2.8772581141396854e-13
68.2    2.751280386006401e-13
68.3    2.6295454453409543e-13
68.39999999999999    2.511949893010051e-13
68.5    2.3983920674954334e-13
68.6    2.288772023480585e-13
68.7    2.1829915106322888e-13
68.8    2.0809539525687325e-13
68.89999999999999    1.982564426034171e-13
69.    1.887729640258542e-13
69.1    1.796357916508184e-13
69.2    1.708359167856322e-13
69.3    1.6236448790859733e-13
69.39999999999999    1.5421280868491658e-13
69.5    1.463723359969515e-13
69.6    1.3883467799515344e-13
69.7    1.3159159216613887e-13
69.8    1.246349834213139e-13
69.89999999999999    1.1795690220293357e-13
70.    1.1154954260728749e-13
70.1    1.0540524052858863e-13
70.2    9.951647181797016e-14
70.3    9.387585046373922e-14
70.39999999999999    8.847612678664664e-14
70.5    8.331018565381175e-14
70.6    7.837104471105389e-14
70.7    7.365185263287064e-14
70.8    6.914588738690082e-14
70.89999999999999    6.484655451973174e-14
71.    6.074738545754214e-14
71.1    5.684203582363667e-14
71.2    5.31242837744522e-14
71.3    4.9588028350382373e-14
71.39999999999999    4.6227287845447335e-14
71.5    4.3036198191031833e-14
71.6    4.0009011359067175e-14
71.7    3.714009377893326e-14
71.8    3.442392477251145e-14
71.89999999999999    3.185509500276507e-14
72.    2.942830494230262e-14
72.1    2.713836335435822e-14
72.2    2.4980185790590425e-14
72.3    2.294879310489265e-14
72.39999999999999    2.103930998324765e-14
72.5    1.9246963487124355e-14
72.6    1.75670816138763e-14
72.7    1.599509187162053e-14
72.8    1.4526519870290956e-14
72.89999999999999    1.3156987924679168e-14
73.    1.1882213676584221e-14
73.1    1.069800872750276e-14
73.2    9.600277289509405e-15
73.3    8.585014846849324e-15
73.39999999999999    7.648306837028873e-15
73.5    6.78632733987063e-15
73.6    5.995337786761447e-15
73.7    5.271685679010509e-15
73.8    4.611803323601694e-15
73.89999999999999    4.012206581335005e-15
74.    3.4694936282937487e-15
74.1    2.980343731833479e-15
74.2    2.541516038876407e-15
74.3    2.1498483789191362e-15
74.39999999999999    1.8022560797800535e-15
74.5    1.4957307953657822e-15
74.6    1.2273393485230858e-15
74.7    9.942225850887858e-16
74.8    7.935942416177921e-16
74.89999999999999    6.227398247753436e-16
75.    4.790155060221627e-16
75.1    3.5984702410092405e-16
75.2    2.6272860551363186e-16
75.3    1.852218918593998e-16
75.39999999999999    1.2495488385670238e-16
75.5    7.96208940809125e-17
75.6    4.6977513466275315e-17
75.7    2.484558966334605e-17
75.8    1.1108214986750785e-17
75.89999999999999    3.709728357642934e-18
76.    6.547278638445696e-19
76.1    7.093381113003158e-21
