0.1    5.75348707223753e-8
0.2    1.1297771579667846e-7
0.30000000000000004    1.6636547359194529e-7
0.4    2.1773561705316352e-7
0.5    2.6712607251773023e-7
0.6    3.1457514301054144e-7
0.7000000000000001    3.60121435833694e-7
0.8    4.0380379427292863e-7
0.9    4.456612332489391e-7
1.    4.857328787475008e-7
1.1    5.240579108680561e-7
1.2000000000000002    5.606755103359158e-7
1.3000000000000003    5.956248083286048e-7
1.4000000000000001    6.289448394721173e-7
1.5000000000000002    6.606744978679105e-7
1.6    6.908524960164175e-7
1.7000000000000002    7.195173265076395e-7
1.8000000000000003    7.467072263540486e-7
1.9000000000000001    7.724601438455437e-7
2.    7.968137078105982e-7
2.1    8.19805199171991e-7
2.2    8.41471524689646e-7
2.3000000000000003    8.618491927871184e-7
2.4000000000000004    8.809742913621407e-7
2.5000000000000004    8.988824674854135e-7
2.6    9.156089088954769e-7
2.7    9.311883272010317e-7
2.8000000000000003    9.456549427054981e-7
2.9000000000000004    9.59042470771929e-7
3.0000000000000004    9.713841096495984e-7
3.1    9.827125296866796e-7
3.2    9.93059863856462e-7
3.3000000000000003    1.0024576995274302e-6
3.4000000000000004    1.0109370714103771e-6
3.5000000000000004    1.0185284556183953e-6
3.6    1.025261764778274e-6
3.7    1.0311663441343177e-6
3.8000000000000003    1.0362709685880944e-6
3.9000000000000004    1.040603840619955e-6
4.    1.0441925890405024e-6
4.1    1.0470642685223354e-6
4.2    1.0492453598645851e-6
4.3    1.0507617709447807e-6
4.3999999999999995    1.0516388383145716e-6
4.5    1.0519013293977634e-6
4.6    1.0515734452509555e-6
4.7    1.0506788238488461e-6
4.8    1.049240543857994e-6
4.9    1.0472811288644751e-6
5.    1.0448225520224574e-6
5.1    1.0418862410922538e-6
5.2    1.0384930833558513e-6
5.3    1.0346633736805647e-6
5.4    1.0304167573590488e-6
5.5    1.0257723478746138e-6
5.6    1.0207487513369221e-6
5.7    1.0153640729859872e-6
5.8    1.0096359239077178e-6
5.9    1.0035814279411555e-6
6.    9.972172287583289e-7
6.1    9.905594970984992e-7
6.2    9.836239381393554e-7
6.3    9.764257989885125e-7
6.4    9.68979876279478e-7
6.5    9.613005238569893e-7
6.6    9.534016605374082e-7
6.7    9.452967779305708e-7
6.8    9.369989483102191e-7
6.9    9.285208325208285e-7
7.    9.198746879093082e-7
7.1    9.110723762707164e-7
7.2    9.021253717977487e-7
7.3    8.930447690243497e-7
7.4    8.838412907544106e-7
7.5    8.74525295967034e-7
7.6    8.651067876904208e-7
7.7    8.555954208369219e-7
7.8    8.460005099923085e-7
7.9    8.36331037152773e-7
8.    8.265956594036508e-7
8.1    8.168027165342428e-7
8.2    8.069602385835901e-7
8.3    7.970759533123892e-7
8.4    7.871572935966643e-7
8.5    7.772114047391294e-7
8.6    7.672451516945519e-7
8.7    7.572651262057338e-7
8.8    7.472776538470457e-7
8.9    7.372888009727405e-7
9.    7.273043815675604e-7
9.1    7.173299639974136e-7
9.2    7.073708776581461e-7
9.3    6.974322195206864e-7
9.4    6.87518860571051e-7
9.5    6.776354521439325e-7
9.6    6.677864321487775e-7
9.700000000000001    6.579760311874708e-7
9.8    6.482082785629121e-7
9.9    6.384870081779404e-7
10.    6.288158643242465e-7
10.1    6.19198307361025e-7
10.200000000000001    6.096376192833047e-7
10.3    6.001369091800005e-7
10.4    5.906991185818583e-7
10.5    5.813270266996055e-7
10.6    5.72023255552699e-7
10.700000000000001    5.627902749891863e-7
10.8    5.536304075972919e-7
10.9    5.445458335094129e-7
11.    5.355385950993098e-7
11.1    5.26610601573354e-7
11.200000000000001    5.177636334567485e-7
11.3    5.089993469757288e-7
11.4    5.003192783367879e-7
11.5    4.91724847904045e-7
11.6    4.832173642759171e-7
11.700000000000001    4.747980282623026e-7
11.8    4.66467936763529e-7
11.9    4.582280865523547e-7
12.    4.5007937796035016e-7
12.1    4.4202261847001493e-7
12.200000000000001    4.3405852621400924e-7
12.3    4.2618773338291264e-7
12.4    4.184107895429374e-7
12.5    4.1072816486503556e-7
12.6    4.0314025326687733e-7
12.700000000000001    3.9564737546915374e-7
12.8    3.8824978196771015e-7
12.9    3.809476559229852e-7
13.    3.737411159682677e-7
13.1    3.666302189382617e-7
13.200000000000001    3.596149625194715e-7
13.3    3.526952878239076e-7
13.4    3.458710818876112e-7
13.5    3.3914218009550304e-7
13.6    3.3250836853404015e-7
13.700000000000001    3.259693862731798e-7
13.8    3.1952492757911184e-7
13.9    3.131746440592484e-7
14.    3.0691814674091486e-7
14.1    3.007550080852024e-7
14.200000000000001    2.9468476393741063e-7
14.3    2.887069154155056e-7
14.4    2.828209307380087e-7
14.5    2.7702624699269813e-7
14.6    2.713222718475203e-7
14.700000000000001    2.6570838520505443e-7
14.8    2.601839408018952e-7
14.9    2.5474826775427176e-7
15.    2.4940067205121865e-7
15.1    2.441404379965947e-7
15.200000000000001    2.3896682960121855e-7
15.3    2.3387909192639002e-7
15.4    2.2887645238001976e-7
15.5    2.2395812196659934e-7
15.6    2.191232964921986e-7
15.700000000000001    2.1437115772568001e-7
15.8    2.0970087451728273e-7
15.9    2.0511160387571929e-7
16.    2.006024920048954e-7
16.1    1.9617267530136795e-7
16.200000000000003    1.9182128131360468e-7
16.3    1.8754742966411173e-7
16.400000000000002    1.833502329354642e-7
16.500000000000004    1.792287975212632e-7
16.6    1.7518222444301115e-7
16.700000000000003    1.7120961013388785e-7
16.8    1.6731004719038293e-7
16.900000000000002    1.6348262509272769e-7
17.000000000000004    1.5972643089503707e-7
17.1    1.5604054988607158e-7
17.200000000000003    1.5242406622148955e-7
17.3    1.4887606352845592e-7
17.400000000000002    1.4539562548344803e-7
17.500000000000004    1.4198183636408128e-7
17.6    1.386337815757566e-7
17.700000000000003    1.3535054815392201e-7
17.8    1.3213122524270533e-7
17.900000000000002    1.2897490455067973e-7
18.000000000000004    1.2588068078448421e-7
18.1    1.2284765206101887e-7
18.200000000000003    1.198749202989082e-7
18.3    1.1696159158991724e-7
18.400000000000002    1.1410677655097902e-7
18.500000000000004    1.1130959065748163e-7
18.6    1.0856915455844674e-7
18.700000000000003    1.0588459437421285e-7
18.8    1.0325504197722052e-7
18.900000000000002    1.0067963525648548e-7
19.000000000000004    9.815751836632503e-8
19.1    9.568784195989366e-8
19.200000000000003    9.326976340806187e-8
19.300000000000004    9.09024470041663e-8
19.400000000000002    8.85850641551393e-8
19.500000000000004    8.631679355951221e-8
19.6    8.40968213727787e-8
19.700000000000003    8.192434136058055e-8
19.800000000000004    7.979855504018e-8
19.900000000000002    7.77186718106539e-8
20.000000000000004    7.568390907224495e-8
20.1    7.369349233528592e-8
20.200000000000003    7.174665531910514e-8
20.300000000000004    6.984264004130343e-8
20.400000000000002    6.798069689779091e-8
20.500000000000004    6.616008473394974e-8
20.6    6.438007090728785e-8
20.700000000000003    6.263993134192856e-8
20.800000000000004    6.09389505752815e-8
20.900000000000002    5.9276421797216874e-8
21.000000000000004    5.7651646882066606e-8
21.1    5.606393641376007e-8
21.200000000000003    5.4512609704391975e-8
21.300000000000004    5.299699480651687e-8
21.400000000000002    5.1516428519445126e-8
21.500000000000004    5.0070256389817334e-8
21.6    4.8657832706718397e-8
21.700000000000003    4.7278520491585314e-8
21.800000000000004    4.5931691483157746e-8
21.900000000000002    4.4616726117706835e-8
22.000000000000004    4.333301350477276e-8
22.1    4.2079951398640034e-8
22.200000000000003    4.0856946165755695e-8
22.300000000000004    3.966341274830801e-8
22.400000000000002    3.849877462416183e-8
22.500000000000004    3.7362463763344636e-8
22.6    3.625392058127479e-8
22.700000000000003    3.517259388890806e-8
22.800000000000004    3.41179408399802e-8
22.900000000000002    3.308942687551347e-8
23.000000000000004    3.20865256657485e-8
23.1    3.110871904965878e-8
23.200000000000003    3.015549697220053e-8
23.300000000000004    2.9226357419438865e-8
23.400000000000002    2.8320806351695846e-8
23.500000000000004    2.7438357634850607e-8
23.6    2.6578532969924142e-8
23.700000000000003    2.5740861821072745e-8
23.800000000000004    2.4924881342110114e-8
23.900000000000002    2.41301363016739e-8
24.000000000000004    2.33561790071466e-8
24.1    2.2602569227440597e-8
24.200000000000003    2.186887411474464e-8
24.300000000000004    2.1154668125335617e-8
24.400000000000002    2.0459532939544783e-8
24.500000000000004    1.978305738097433e-8
24.6    1.9124837335044447e-8
24.700000000000003    1.848447566696107e-8
24.800000000000004    1.786158213917871e-8
24.900000000000002    1.7255773328435973e-8
25.000000000000004    1.666667254243866e-8
25.1    1.6093909736256932e-8
25.200000000000003    1.5537121428505823e-8
25.300000000000004    1.499595061737082e-8
25.400000000000002    1.4470046696541199e-8
25.500000000000004    1.3959065371107773e-8
25.6    1.3462668573479827e-8
25.700000000000003    1.2980524379375344e-8
25.800000000000004    1.251230692393485e-8
25.900000000000002    1.2057696318003325e-8
26.000000000000004    1.1616378564631166e-8
26.1    1.1188045475830352e-8
26.200000000000003    1.0772394589634188e-8
26.300000000000004    1.03691290874922e-8
26.400000000000002    9.977957712041577e-9
26.500000000000004    9.598594685289152e-9
26.6    9.230759627234908e-9
26.700000000000003    8.874177474969243e-9
26.800000000000004    8.528578402273773e-9
26.900000000000002    8.193697739751524e-9
27.000000000000004    7.869275895513989e-9
27.1    7.555058276448313e-9
27.200000000000003    7.250795210087786e-9
27.300000000000004    6.9562418671055315e-9
27.400000000000002    6.671158184454159e-9
27.500000000000004    6.395308789167779e-9
27.6    6.128462922842123e-9
27.700000000000003    5.870394366812565e-9
27.800000000000004    5.620881368041405e-9
27.900000000000002    5.379706565729756e-9
28.000000000000004    5.146656918665061e-9
28.1    4.921523633317608e-9
28.200000000000003    4.704102092693837e-9
28.300000000000004    4.494191785958427e-9
28.400000000000002    4.29159623883051e-9
28.500000000000004    4.09612294476518e-9
28.6    3.907583296923906e-9
28.700000000000003    3.725792520939312e-9
28.800000000000004    3.550569608484232e-9
28.900000000000002    3.3817372516430676e-9
29.000000000000004    3.2191217780905818e-9
29.1    3.062553087085604e-9
29.200000000000003    2.9118645862759418e-9
29.300000000000004    2.7668931293167433e-9
29.400000000000002    2.6274789543083576e-9
29.500000000000004    2.493465623048411e-9
29.6    2.364699961098053e-9
29.700000000000003    2.241031998667742e-9
29.800000000000004    2.122314912313804e-9
29.900000000000002    2.0084049674474896e-9
30.000000000000004    1.8991614616556245e-9
30.1    1.7944466688281572e-9
30.200000000000003    1.6941257840908623e-9
30.300000000000004    1.5980668695374207e-9
30.400000000000002    1.5061408007617088e-9
30.500000000000004    1.418221214181421e-9
30.6    1.3341844551518291e-9
30.700000000000003    1.2539095268648972e-9
30.800000000000004    1.177278040023751e-9
30.900000000000002    1.1041741632979425e-9
31.000000000000004    1.034484574540551e-9
31.1    9.680984127727662e-10
31.200000000000003    9.049072309244578e-10
31.300000000000004    8.448049493241219e-10
31.400000000000002    7.876878099342094e-10
31.500000000000004    7.334543313258654e-10
31.6    6.820052643818328e-10
31.700000000000003    6.332435487267009e-10
31.800000000000004    5.870742698718357e-10
31.900000000000002    5.434046170736174e-10
32.    5.021438418912552e-10
32.1    4.6320321744256355e-10
32.2    4.264959983476399e-10
32.300000000000004    3.9193738135223067e-10
32.400000000000006    3.5944446662421425e-10
32.5    3.2893621971720217e-10
32.6    3.003334341885749e-10
32.7    2.7355869486949697e-10
32.800000000000004    2.485363417769323e-10
32.900000000000006    2.251924346577005e-10
33.    2.0345471816005516e-10
33.1    1.8325258762313885e-10
33.2    1.6451705547723976e-10
33.300000000000004    1.471807182430382e-10
33.400000000000006    1.311777241296089e-10
33.5    1.1644374121468692e-10
33.6    1.0291592620580245e-10
33.7    9.053289376826461e-11
33.800000000000004    7.923468641988284e-11
33.900000000000006    6.896274497587997e-11
34.    5.96598795419768e-11
34.1    5.1270241045273583e-11
34.2    4.373929329771009e-11
34.300000000000004    3.7013785578734464e-11
34.400000000000006    3.10417257351647e-11
34.5    2.577235378895761e-11
34.6    2.115611604237473e-11
34.7    1.7144639676561674e-11
34.800000000000004    1.3690707833762343e-11
34.900000000000006    1.0748235175789096e-11
35.    8.272243914268826e-12
35.1    6.2188402977232184e-12
35.2    4.545191558353325e-12
35.300000000000004    3.20950330292181e-12
35.400000000000006    2.170997343095086e-12
35.5    1.3898899615194618e-12
35.6    8.273705997591756e-13
35.7    4.4558096630551247e-13
35.800000000000004    2.0759455748494981e-13
35.900000000000006    7.73965807347676e-14
36.    1.9864276628428272e-14
36.1    1.896011948487355e-15
