0.1    8.496918285671032e-8
0.2    1.642079337037244e-7
0.30000000000000004    2.3788882555671383e-7
0.4    3.0619233376146537e-7
0.5    3.69305093830306e-7
0.6    4.2741833166449044e-7
0.7000000000000001    4.807264533373578e-7
0.8    5.294257823749565e-7
0.9    5.737134332000303e-7
1.    6.137863101019804e-7
1.1    6.498402217601823e-7
1.2000000000000002    6.820691019813188e-7
1.3000000000000003    7.106643279139124e-7
1.4000000000000001    7.35814127575668e-7
1.5000000000000002    7.577030690724542e-7
1.6    7.765116244025292e-7
1.7000000000000002    7.924158012269207e-7
1.8000000000000003    8.055868364476135e-7
1.9000000000000001    8.161909458702996e-7
2.    8.243891246389461e-7
2.1    8.303369935162048e-7
2.2    8.341846864478385e-7
2.3000000000000003    8.360767751916851e-7
2.4000000000000004    8.361522271133286e-7
2.5000000000000004    8.345443925524254e-7
2.6    8.313809815394472e-7
2.7    8.26783462682025e-7
2.8000000000000003    8.208672515640781e-7
2.9000000000000004    8.137423982289702e-7
3.0000000000000004    8.055136939097209e-7
3.1    7.962807687875247e-7
3.2    7.861382014014488e-7
3.3000000000000003    7.751756379726042e-7
3.4000000000000004    7.634779200432686e-7
3.5000000000000004    7.511252189649515e-7
3.6    7.38193175897654e-7
3.7    7.247530461045559e-7
3.8000000000000003    7.108718464416016e-7
3.9000000000000004    6.96612505049596e-7
4.    6.820340123575215e-7
4.1    6.671915725998595e-7
4.2    6.521367551379943e-7
4.3    6.369176449565209e-7
4.3999999999999995    6.215789917797439e-7
4.5    6.061623573222445e-7
4.6    5.907062602502945e-7
4.7    5.752463184885833e-7
4.8    5.598153885594293e-7
4.9    5.444437016897067e-7
5.    5.291589964644945e-7
5.1    5.139866478461421e-7
5.2    4.989497924134461e-7
5.3    4.840694497081162e-7
5.4    4.6936463960498355e-7
5.5    4.548524956487105e-7
5.6    4.4054837432329394e-7
5.7    4.264659602416643e-7
5.8    4.1261736726135453e-7
5.9    3.9901323554871637e-7
6.    3.8566282462871825e-7
6.1    3.725741024700854e-7
6.2    3.597538306666179e-7
6.3    3.4720764578508083e-7
6.4    3.3494013695825406e-7
6.5    3.2295491980863913e-7
6.6    3.1125470679409525e-7
6.7    2.9984137407144694e-7
6.8    2.887160249778733e-7
6.9    2.7787905023287497e-7
7.    2.6733018496579483e-7
7.1    2.5706856267538816e-7
7.2    2.470927662288206e-7
7.3    2.3740087600784056e-7
7.4    2.279905153097176e-7
7.5    2.1885889310998873e-7
7.6    2.100028442930943e-7
7.7    2.0141886745571353e-7
7.8    1.9310316038605057e-7
7.9    1.850516533204881e-7
8.    1.772600400770127e-7
8.1    1.697238071625935e-7
8.2    1.6243826094933725e-7
8.3    1.5539855301175483e-7
8.4    1.48599703714885e-7
8.5    1.4203662414035379e-7
8.6    1.3570413643472698e-7
8.7    1.2959699266174112e-7
8.8    1.237098922372161e-7
8.9    1.1803749802263826e-7
9.    1.1257445115062102e-7
9.1    1.0731538465264698e-7
9.2    1.0225493595674088e-7
9.3    9.73877583199944e-8
9.4    9.270853125816244e-8
9.5    8.821197003191195e-8
9.6    8.389283424670561e-8
9.700000000000001    7.974593562076854e-8
9.8    7.576614497309661e-8
9.9    7.1948398481068e-8
10.    6.828770325485006e-8
10.1    6.47791422735288e-8
10.200000000000001    6.141787872566906e-8
10.3    5.8199159794876634e-8
10.4    5.5118319928859444e-8
10.5    5.2170783628500265e-8
10.6    4.9352067791512474e-8
10.700000000000001    4.665778364341248e-8
10.8    4.4083638286752175e-8
10.9    4.16254358978422e-8
11.    3.9279078598562174e-8
11.1    3.704056702927431e-8
11.200000000000001    3.4906000647349425e-8
11.3    3.287157777437796e-8
11.4    3.093359541375749e-8
11.5    2.9088448859034685e-8
11.6    2.7332631112124705e-8
11.700000000000001    2.566273212934192e-8
11.8    2.4075437912029222e-8
11.9    2.2567529457494488e-8
12.    2.113588158494673e-8
12.1    1.977746165012143e-8
12.200000000000001    1.848932816138973e-8
12.3    1.7268629309242625e-8
12.4    1.6112601420222778e-8
12.5    1.5018567345588736e-8
12.6    1.3983934794246863e-8
12.700000000000001    1.3006194618787386e-8
12.8    1.208291906279636e-8
12.9    1.1211759976988867e-8
13.    1.0390447011120602e-8
13.1    9.61678578807175e-9
13.200000000000001    8.888656065992104e-9
13.3    8.204009893880726e-9
13.4    7.560869765535767e-9
13.5    6.957326776359089e-9
13.6    6.391538787106136e-9
13.700000000000001    5.861728598287004e-9
13.8    5.366182138568223e-9
13.9    4.9032466701940754e-9
14.    4.4713290141372915e-9
14.1    4.068893797396375e-9
14.200000000000001    3.6944617245892347e-9
14.3    3.346607875743412e-9
14.4    3.0239600319451333e-9
14.5    2.7251970302987022e-9
14.6    2.449047149440693e-9
14.700000000000001    2.194286526677107e-9
14.8    1.9597376076266033e-9
14.9    1.7442676291090816e-9
15.    1.5467871358561515e-9
15.1    1.366248531505786e-9
15.200000000000001    1.2016446641980761e-9
15.3    1.0520074469934067e-9
15.4    9.164065132218297e-10
15.5    7.939479067807409e-10
15.6    6.83772807308847e-10
15.700000000000001    5.850562900939688e-10
15.8    4.970061204918913e-10
15.9    4.1886158257574096e-10
16.    3.4989234168188033e-10
16.1    2.893973404520891e-10
16.200000000000003    2.3670372794764846e-10
16.3    1.911658213527053e-10
16.400000000000002    1.5216409975541692e-10
16.500000000000004    1.1910422946919474e-10
16.6    9.141612031791934e-11
16.700000000000003    6.855301230145529e-11
16.8    4.999059202017186e-11
16.900000000000002    3.522613823936558e-11
17.000000000000004    2.377769594619546e-11
17.1    1.518327825010564e-11
17.200000000000003    9.000095472090254e-12
17.3    4.803810748372379e-12
17.400000000000002    2.187821489869745e-12
17.500000000000004    7.625660249699996e-13
17.6    1.5485475567054146e-13
17.700000000000003    7.225161405365175e-15
