0.1    3.690107769677943e-8
0.2    7.303742997458419e-8
0.30000000000000004    1.0841817581203333e-7
0.4    1.430524176812265e-7
0.5    1.769492387528053e-7
0.6    2.1011770020494198e-7
0.7000000000000001    2.425668386336005e-7
0.8    2.7430566356147116e-7
0.9    3.053431550430366e-7
1.    3.356882613632789e-7
1.1    3.653498968275929e-7
1.2000000000000002    3.94336939640523e-7
1.3000000000000003    4.226582298709908e-7
1.4000000000000001    4.5032256750173263e-7
1.5000000000000002    4.773387105607141e-7
1.6    5.037153733323394e-7
1.7000000000000002    5.294612246463192e-7
1.8000000000000003    5.545848862421081e-7
1.9000000000000001    5.790949312068655e-7
2.    6.029998824849493e-7
2.1    6.263082114569798e-7
2.2    6.490283365865668e-7
2.3000000000000003    6.711686221328343e-7
2.4000000000000004    6.92737376926909e-7
2.5000000000000004    7.137428532105957e-7
2.6    7.341932455354876e-7
2.7    7.540966897208045e-7
2.8000000000000003    7.734612618682989e-7
2.9000000000000004    7.922949774325881e-7
3.0000000000000004    8.106057903453334e-7
3.1    8.284015921916943e-7
3.2    8.456902114375505e-7
3.3000000000000003    8.62479412705997e-7
3.4000000000000004    8.787768961016638e-7
3.5000000000000004    8.945902965814412e-7
3.6    9.099271833702251e-7
3.7    9.247950594203308e-7
3.8000000000000003    9.392013609132518e-7
3.9000000000000004    9.531534568024696e-7
4.    9.666586483960691e-7
4.1    9.797241689779054e-7
4.2    9.923571834661424e-7
4.3    1.0045647881079804e-6
4.3999999999999995    1.0163540102094267e-6
4.5    1.0277318078989959e-6
4.6    1.0387050699242482e-6
4.7    1.0492806154801029e-6
4.8    1.0594651940678814e-6
4.9    1.0692654853840798e-6
5.    1.0786880992378668e-6
5.1    1.0877395754963578e-6
5.2    1.0964263840567118e-6
5.3    1.1047549248441435e-6
5.4    1.112731527834948e-6
5.5    1.1203624531036745e-6
5.6    1.1276538908935878e-6
5.7    1.1346119617095961e-6
5.8    1.1412427164328378e-6
5.9    1.1475521364561303e-6
6.    1.1535461338395227e-6
6.1    1.1592305514851962e-6
6.2    1.164611163330992e-6
6.3    1.169693674561845e-6
6.4    1.1744837218384399e-6
6.5    1.1789868735424138e-6
6.6    1.1832086300374451e-6
6.7    1.1871544239455907e-6
6.8    1.1908296204382555e-6
6.9    1.194239517541176e-6
7.    1.1973893464528376e-6
7.1    1.20028427187575e-6
7.2    1.2029293923600134e-6
7.3    1.2053297406586475e-6
7.4    1.2074902840941346e-6
7.5    1.2094159249356798e-6
7.6    1.2111115007866792e-6
7.7    1.212581784981904e-6
7.8    1.213831486993941e-6
7.9    1.214865252848417e-6
8.    1.215687665547563e-6
8.1    1.2163032455016882e-6
8.2    1.216716450968136e-6
8.3    1.2169316784973069e-6
8.4    1.2169532633853675e-6
8.5    1.216785480133233e-6
8.6    1.2164325429114689e-6
8.7    1.2158986060307351e-6
8.8    1.2151877644174184e-6
8.9    1.2143040540941147e-6
9.    1.2132514526646214e-6
9.1    1.2120338798031225e-6
9.2    1.2106551977472418e-6
9.3    1.2091192117946697e-6
9.4    1.207429670803066e-6
9.5    1.2055902676929467e-6
9.6    1.203604639953284e-6
9.700000000000001    1.2014763701495457e-6
9.8    1.1992089864339198e-6
9.9    1.1968059630574613e-6
10.    1.1942707208839314e-6
10.1    1.1916066279050826e-6
10.200000000000001    1.1888169997571546e-6
10.3    1.1859051002383866e-6
10.4    1.1828741418272984e-6
10.5    1.1797272862015555e-6
10.6    1.1764676447572128e-6
10.700000000000001    1.1730982791281396e-6
10.8    1.169622201705447e-6
10.9    1.1660423760000478e-6
11.    1.1623617102952025e-6
11.1    1.1585830518491715e-6
11.200000000000001    1.1547091977133766e-6
11.3    1.150742898855251e-6
11.4    1.14668686071027e-6
11.5    1.1425437436842826e-6
11.6    1.1383161636547025e-6
11.700000000000001    1.134006692470439e-6
11.8    1.1296178584504269e-6
11.9    1.1251521468806609e-6
12.    1.1206120005096013e-6
12.1    1.1159998200418553e-6
12.200000000000001    1.1113179646300233e-6
12.3    1.106568752364609e-6
12.4    1.1017544607618921e-6
12.5    1.0968773272496715e-6
12.6    1.091939549650793e-6
12.700000000000001    1.0869432866643616e-6
12.8    1.0818906583445666e-6
12.9    1.0767837465770288e-6
13.    1.0716245955526064e-6
13.1    1.0664152122385651e-6
13.200000000000001    1.0611575668470598e-6
13.3    1.055853593300852e-6
13.4    1.0505051896961993e-6
13.5    1.0451142187628526e-6
13.6    1.0396825083211054e-6
13.700000000000001    1.034211851735844e-6
13.8    1.0287040083675311e-6
13.9    1.02316070402009e-6
14.    1.0175836313856222e-6
14.1    1.0119744504859376e-6
14.200000000000001    1.0063347891108293e-6
14.3    1.000666243253066e-6
14.4    9.94970377540073e-7
14.5    9.892487256622373e-7
14.6    9.835027907978436e-7
14.700000000000001    9.777340460345717e-7
14.8    9.719439347875518e-7
14.9    9.661338712139441e-7
15.    9.603052406240114e-7
15.1    9.544593998886734e-7
15.200000000000001    9.485976778435114e-7
15.3    9.427213756892152e-7
15.4    9.368317673884429e-7
15.5    9.309301000590895e-7
15.6    9.250175943639437e-7
15.700000000000001    9.190954448967253e-7
15.8    9.131648205644899e-7
15.9    9.072268649663936e-7
16.    9.012826967688108e-7
16.1    8.95333410076798e-7
16.200000000000003    8.893800748019023e-7
16.3    8.834237370263074e-7
16.400000000000002    8.774654193633162e-7
16.500000000000004    8.715061213141807e-7
16.6    8.655468196212559e-7
16.700000000000003    8.595884686175072e-7
16.8    8.536320005723556e-7
16.900000000000002    8.476783260338777e-7
17.000000000000004    8.417283341673484e-7
17.1    8.35782893090157e-7
17.200000000000003    8.298428502030874e-7
17.3    8.239090325179723e-7
17.400000000000002    8.179822469817347e-7
17.500000000000004    8.120632807968313e-7
17.6    8.061529017380963e-7
17.700000000000003    8.002518584660124e-7
17.8    7.943608808364111e-7
17.900000000000002    7.884806802066167e-7
18.000000000000004    7.826119497380595e-7
18.1    7.76755364695361e-7
18.200000000000003    7.709115827419046e-7
18.3    7.650812442319275e-7
18.400000000000002    7.592649724991291e-7
18.500000000000004    7.534633741418217e-7
18.6    7.476770393046519e-7
18.700000000000003    7.419065419568895e-7
18.8    7.361524401673273e-7
18.900000000000002    7.304152763757905e-7
19.000000000000004    7.246955776612943e-7
19.1    7.189938560068555e-7
19.200000000000003    7.133106085609877e-7
19.300000000000004    7.076463178958994e-7
19.400000000000002    7.020014522624155e-7
19.500000000000004    6.963764658416486e-7
19.6    6.90771798993441e-7
19.700000000000003    6.851878785015902e-7
19.800000000000004    6.796251178159054e-7
19.900000000000002    6.740839172910894e-7
20.000000000000004    6.685646644224949e-7
20.1    6.6306773407876e-7
20.200000000000003    6.575934887313603e-7
20.300000000000004    6.521422786810973e-7
20.400000000000002    6.467144422815459e-7
20.500000000000004    6.413103061594901e-7
20.6    6.35930185432366e-7
20.700000000000003    6.305743839227486e-7
20.800000000000004    6.252431943698917e-7
20.900000000000002    6.199368986383637e-7
21.000000000000004    6.146557679237878e-7
21.1    6.094000629557314e-7
21.200000000000003    6.041700341977488e-7
21.300000000000004    5.989659220446257e-7
21.400000000000002    5.937879570168322e-7
21.500000000000004    5.886363599522234e-7
21.6    5.835113421950037e-7
21.700000000000003    5.784131057819965e-7
21.800000000000004    5.733418436262237e-7
21.900000000000002    5.682977396978387e-7
22.000000000000004    5.632809692024327e-7
22.1    5.582916987567405e-7
22.200000000000003    5.533300865617729e-7
22.300000000000004    5.483962825734018e-7
22.400000000000002    5.434904286704228e-7
22.500000000000004    5.386126588201214e-7
22.6    5.337630992413753e-7
22.700000000000003    5.289418685653087e-7
22.800000000000004    5.241490779935305e-7
22.900000000000002    5.193848314539816e-7
23.000000000000004    5.146492257544195e-7
23.1    5.099423507335578e-7
23.200000000000003    5.052642894098975e-7
23.300000000000004    5.006151181282672e-7
23.400000000000002    4.959949067041008e-7
23.500000000000004    4.914037185654789e-7
23.6    4.868416108929579e-7
23.700000000000003    4.823086347572115e-7
23.800000000000004    4.778048352545127e-7
23.900000000000002    4.7333025164007583e-7
24.000000000000004    4.688849174592924e-7
24.1    4.64468860676874e-7
24.200000000000003    4.600821038039342e-7
24.300000000000004    4.557246640230373e-7
24.400000000000002    4.5139655331122576e-7
24.500000000000004    4.4709777856106643e-7
24.6    4.428283416997228e-7
24.700000000000003    4.385882398060937e-7
24.800000000000004    4.343774652260299e-7
24.900000000000002    4.301960056856574e-7
25.000000000000004    4.26043844402829e-7
25.1    4.2192096019673235e-7
25.200000000000003    4.1782732759566805e-7
25.300000000000004    4.1376291694303197e-7
25.400000000000002    4.0972769450151545e-7
25.500000000000004    4.0572162255554955e-7
25.6    4.0174465951202004e-7
25.700000000000003    3.977967599992653e-7
25.800000000000004    3.9387787496438824e-7
25.900000000000002    3.8998795176890236e-7
26.000000000000004    3.861269342827305e-7
26.1    3.822947629765809e-7
26.200000000000003    3.7849137501271773e-7
26.300000000000004    3.7471670433415526e-7
26.400000000000002    3.709706817522919e-7
26.500000000000004    3.6725323503299685e-7
26.6    3.6356428898119026e-7
26.700000000000003    3.599037655239171e-7
26.800000000000004    3.5627158379194354e-7
26.900000000000002    3.526676601999016e-7
27.000000000000004    3.4909190852498943e-7
27.1    3.455442399842586e-7
27.200000000000003    3.420245633104997e-7
27.300000000000004    3.3853278482675105e-7
27.400000000000002    3.3506880851944794e-7
27.500000000000004    3.3163253611022996e-7
27.6    3.2822386712642666e-7
27.700000000000003    3.2484269897024134e-7
27.800000000000004    3.214889269866502e-7
27.900000000000002    3.181624445300304e-7
28.000000000000004    3.14863143029549e-7
28.1    3.1159091205331164e-7
28.200000000000003    3.0834563937130704e-7
28.300000000000004    3.051272110171478e-7
28.400000000000002    3.019355113486434e-7
28.500000000000004    2.9877042310720284e-7
28.6    2.956318274761024e-7
28.700000000000003    2.925196041376182e-7
28.800000000000004    2.894336313290569e-7
28.900000000000002    2.8637378589768606e-7
29.000000000000004    2.833399433545916e-7
29.1    2.803319779274714e-7
29.200000000000003    2.7734976261238435e-7
29.300000000000004    2.7439316922446973e-7
29.400000000000002    2.7146206844765263e-7
29.500000000000004    2.6855632988335154e-7
29.6    2.65675822098199e-7
29.700000000000003    2.6282041267079793e-7
29.800000000000004    2.599899682375237e-7
29.900000000000002    2.5718435453738284e-7
30.000000000000004    2.5440343645595437e-7
30.1    2.5164707806841363e-7
30.200000000000003    2.4891514268166685e-7
30.300000000000004    2.4620749287559954e-7
30.400000000000002    2.4352399054345816e-7
30.500000000000004    2.408644969313778e-7
30.6    2.382288726770675e-7
30.700000000000003    2.3561697784766897e-7
30.800000000000004    2.3302867197680275e-7
30.900000000000002    2.3046381410080931e-7
31.000000000000004    2.2792226279420294e-7
31.1    2.2540387620435194e-7
31.200000000000003    2.2290851208539297e-7
31.300000000000004    2.2043602783139552e-7
31.400000000000002    2.1798628050878618e-7
31.500000000000004    2.1555912688804992e-7
31.6    2.1315442347471152e-7
31.700000000000003    2.1077202653961813e-7
31.800000000000004    2.0841179214852944e-7
31.900000000000002    2.060735761910252e-7
32.    2.0375723440874932e-7
32.1    2.0146262242299085e-7
32.2    1.991895957616219e-7
32.300000000000004    1.9693800988540006e-7
32.400000000000006    1.9470772021364417e-7
32.5    1.9249858214929673e-7
32.6    1.9031045110338215e-7
32.7    1.8814318251887228e-7
32.800000000000004    1.8599663189396734e-7
32.900000000000006    1.8387065480480468e-7
33.    1.8176510692760195e-7
33.1    1.7967984406024977e-7
33.2    1.7761472214335706e-7
33.300000000000004    1.7556959728076397e-7
33.400000000000006    1.7354432575952782e-7
33.5    1.7153876406939474e-7
33.6    1.69552768921762e-7
33.7    1.6758619726814655e-7
33.800000000000004    1.656389063181574e-7
33.900000000000006    1.637107535569963e-7
34.    1.6180159676247839e-7
34.1    1.5991129402159472e-7
34.2    1.5803970374661956e-7
34.300000000000004    1.5618668469076594e-7
34.400000000000006    1.5435209596340967e-7
34.5    1.5253579704487754e-7
34.6    1.5073764780081507e-7
34.7    1.4895750849613728e-7
34.800000000000004    1.4719523980857525e-7
34.900000000000006    1.4545070284181946e-7
35.    1.437237591382738e-7
35.1    1.4201427069142113e-7
35.2    1.4032209995781548e-7
35.300000000000004    1.3864710986869884e-7
35.400000000000006    1.3698916384125763e-7
35.5    1.3534812578952114e-7
35.6    1.3372386013490885e-7
35.7    1.3211623181643696e-7
35.800000000000004    1.3052510630058663e-7
35.900000000000006    1.2895034959084134e-7
36.    1.2739182823690216e-7
36.1    1.2584940934358333e-7
36.2    1.2432296057940024e-7
36.300000000000004    1.2281235018484654e-7
36.400000000000006    1.2131744698037748e-7
36.5    1.1983812037409774e-7
36.6    1.1837424036916001e-7
36.7    1.1692567757088532e-7
36.800000000000004    1.1549230319360522e-7
36.900000000000006    1.1407398906723314e-7
37.    1.126706076435729e-7
37.1    1.1128203200236365e-7
37.2    1.0990813585707593e-7
37.300000000000004    1.0854879356045402e-7
37.400000000000006    1.0720388010981495e-7
37.5    1.0587327115211231e-7
37.6    1.045568429887598e-7
37.7    1.0325447258023313e-7
37.800000000000004    1.0196603755043982e-7
37.900000000000006    1.0069141619087695e-7
38.    9.943048746456846e-8
38.1    9.81831310097948e-8
38.2    9.694922714361668e-8
38.300000000000004    9.57286568651971e-8
38.400000000000006    9.452130185892628e-8
38.50000000000001    9.33270444973541e-8
38.6    9.214576784393478e-8
38.7    9.097735565558546e-8
38.800000000000004    8.98216923850669e-8
38.900000000000006    8.86786631831868e-8
39.00000000000001    8.754815390082965e-8
39.1    8.643005109082143e-8
39.2    8.532424200962643e-8
39.300000000000004    8.423061461888455e-8
39.400000000000006    8.314905758679324e-8
39.50000000000001    8.207946028933295e-8
39.6    8.102171281134435e-8
39.7    7.997570594745837e-8
39.800000000000004    7.89413312028856e-8
39.900000000000006    7.791848079406163e-8
40.00000000000001    7.690704764916086e-8
40.1    7.590692540847466e-8
40.2    7.491800842465925e-8
40.300000000000004    7.39401917628591e-8
40.400000000000006    7.297337120070545e-8
40.50000000000001    7.201744322819434e-8
40.6    7.107230504744761e-8
40.7    7.013785457235853e-8
40.800000000000004    6.921399042812725e-8
40.900000000000006    6.83006119506853e-8
41.00000000000001    6.739761918601642e-8
41.1    6.650491288937207e-8
41.2    6.562239452438709e-8
41.300000000000004    6.474996626209726e-8
41.400000000000006    6.388753097986272e-8
41.50000000000001    6.303499226019546e-8
41.6    6.219225438949974e-8
41.7    6.135922235672243e-8
41.800000000000004    6.053580185191895e-8
41.900000000000006    5.972189926473515e-8
42.00000000000001    5.8917421682809534e-8
42.1    5.81222768900954e-8
42.2    5.7336373365108014e-8
42.300000000000004    5.655962027909706e-8
42.400000000000006    5.579192749414689e-8
42.50000000000001    5.5033205561207175e-8
42.6    5.4283365718055536e-8
42.7    5.35423198871944e-8
42.800000000000004    5.2809980673684744e-8
42.900000000000006    5.2086261362916846e-8
43.00000000000001    5.1371075918321634e-8
43.1    5.066433897902401e-8
43.2    4.9965965857440194e-8
43.300000000000004    4.9275872536820434e-8
43.400000000000006    4.8593975668737925e-8
43.50000000000001    4.792019257052955e-8
43.6    4.7254441222684776e-8
43.7    4.6596640266188364e-8
43.800000000000004    4.5946708999816244e-8
43.900000000000006    4.530456737738888e-8
44.00000000000001    4.46701360049798e-8
44.1    4.404333613808418e-8
44.2    4.342408967874664e-8
44.300000000000004    4.2812319172654e-8
44.400000000000006    4.22079478061852e-8
44.50000000000001    4.161089940343384e-8
44.6    4.102109842318912e-8
44.7    4.043846995588912e-8
44.800000000000004    3.9862939720541886e-8
44.900000000000006    3.929443406161475e-8
45.00000000000001    3.873287994589698e-8
45.1    3.817820495933472e-8
45.2    3.7630337303838505e-8
45.300000000000004    3.708920579406682e-8
45.400000000000006    3.6554739854186145e-8
45.50000000000001    3.602686951460777e-8
45.6    3.5505525408702256e-8
45.7    3.4990638769495885e-8
45.800000000000004    3.4482141426344226e-8
45.900000000000006    3.397996580159134e-8
46.00000000000001    3.34840449072088e-8
46.1    3.299431234141917e-8
46.2    3.2510702285304754e-8
46.300000000000004    3.203314949940163e-8
46.400000000000006    3.1561589320280415e-8
46.50000000000001    3.109595765711422e-8
46.6    3.0636190988235105e-8
46.7    3.018222635768139e-8
46.800000000000004    2.973400137173173e-8
46.900000000000006    2.92914541954339e-8
47.00000000000001    2.8854523549123177e-8
47.1    2.842314870493386e-8
47.2    2.799726948330478e-8
47.300000000000004    2.7576826249477848e-8
47.400000000000006    2.7161759909992927e-8
47.50000000000001    2.6752011909177204e-8
47.6    2.6347524225631514e-8
47.7    2.5948239368713173e-8
47.800000000000004    2.5554100375018087e-8
47.900000000000006    2.5165050804858846e-8
48.00000000000001    2.478103473874349e-8
48.1    2.4401996773854463e-8
48.2    2.4027882020525594e-8
48.300000000000004    2.3658636098722094e-8
48.400000000000006    2.3294205134522228e-8
48.50000000000001    2.2934535756597904e-8
48.6    2.257957509270143e-8
48.7    2.222927076615424e-8
48.800000000000004    2.1883570892337727e-8
48.900000000000006    2.1542424075190828e-8
49.00000000000001    2.1205779403709813e-8
49.1    2.0873586448455247e-8
49.2    2.0545795258063184e-8
49.300000000000004    2.022235635576285e-8
49.400000000000006    1.990322073590054e-8
49.50000000000001    1.9588339860472364e-8
49.6    1.9277665655660558e-8
49.7    1.897115050838151e-8
49.800000000000004    1.8668747262839136e-8
49.900000000000006    1.8370409217089257e-8
50.00000000000001    1.807609011961042e-8
50.1    1.778574416588545e-8
50.2    1.7499325994992836e-8
50.300000000000004    1.7216790686207348e-8
50.400000000000006    1.6938093755611383e-8
50.50000000000001    1.6663191152716807e-8
50.6    1.6392039257098056e-8
50.7    1.6124594875036416e-8
50.800000000000004    1.586081523617519e-8
50.900000000000006    1.560065799018812e-8
51.00000000000001    1.534408120345809e-8
51.1    1.509104335577025e-8
51.2    1.4841503337016172e-8
51.300000000000004    1.4595420443911342e-8
51.400000000000006    1.4352754376726346e-8
51.50000000000001    1.4113465236030416e-8
51.6    1.3877513519450403e-8
51.7    1.3644860118440037e-8
51.800000000000004    1.341546631506817e-8
51.900000000000006    1.3189293778816494e-8
52.00000000000001    1.2966304563393927e-8
52.1    1.2746461103566652e-8
52.2    1.2529726211999606e-8
52.300000000000004    1.2316063076116706e-8
52.400000000000006    1.2105435254973134e-8
52.50000000000001    1.1897806676145092e-8
52.6    1.1693141632632844e-8
52.7    1.149140477978143e-8
52.800000000000004    1.1292561132215682e-8
52.900000000000006    1.1096576060791292e-8
53.00000000000001    1.090341528956235e-8
53.1    1.0713044892764023e-8
53.2    1.0525431291813127e-8
53.300000000000004    1.0340541252322578e-8
53.400000000000006    1.0158341881134089e-8
53.50000000000001    9.978800623366334e-9
53.6    9.801885259480935e-9
53.7    9.62756390236374e-9
53.800000000000004    9.455804994423436e-9
53.900000000000006    9.286577304706707e-9
54.00000000000001    9.119849926030778e-9
54.1    8.955592272133562e-9
54.2    8.793774074837555e-9
54.300000000000004    8.634365381236254e-9
54.400000000000006    8.47733655089226e-9
54.50000000000001    8.32265825305564e-9
54.6    8.170301463899593e-9
54.7    8.02023746377161e-9
54.800000000000004    7.872437834463784e-9
54.900000000000006    7.726874456498542e-9
55.00000000000001    7.583519506434455e-9
55.1    7.442345454186062e-9
55.2    7.3033250603642905e-9
55.300000000000004    7.1664313736316795e-9
55.400000000000006    7.031637728077426e-9
55.50000000000001    6.898917740608051e-9
55.6    6.768245308355945e-9
55.7    6.63959460610622e-9
55.800000000000004    6.51294008374033e-9
55.900000000000006    6.38825646369704e-9
56.00000000000001    6.2655187384510764e-9
56.1    6.144702168009735e-9
56.2    6.0257822774258694e-9
56.300000000000004    5.908734854329007e-9
56.400000000000006    5.793535946474235e-9
56.50000000000001    5.680161859307399e-9
56.6    5.56858915354895e-9
56.7    5.4587946427936606e-9
56.800000000000004    5.3507553911294235e-9
56.900000000000006    5.244448710771751e-9
57.00000000000001    5.1398521597163555e-9
57.1    5.036943539409133e-9
57.2    4.935700892432714e-9
57.300000000000004    4.836102500210889e-9
57.400000000000006    4.738126880729348e-9
57.50000000000001    4.641752786273668e-9
57.6    4.5469592011858796e-9
57.7    4.453725339635044e-9
57.800000000000004    4.362030643408011e-9
57.900000000000006    4.27185477971468e-9
58.00000000000001    4.183177639010942e-9
58.1    4.095979332839327e-9
58.2    4.010240191684073e-9
58.300000000000004    3.925940762845564e-9
58.400000000000006    3.84306180833e-9
58.50000000000001    3.761584302755104e-9
58.6    3.681489431274039e-9
58.7    3.602758587513685e-9
58.800000000000004    3.5253733715313807e-9
58.900000000000006    3.449315587786687e-9
59.00000000000001    3.3745672431292945e-9
59.1    3.301110544804236e-9
59.2    3.2289278984720726e-9
59.300000000000004    3.1580019062467264e-9
59.400000000000006    3.088315364746345e-9
59.50000000000001    3.0198512631636464e-9
59.6    2.9525927813492304e-9
59.7    2.886523287913143e-9
59.800000000000004    2.8216263383398933e-9
59.900000000000006    2.757885673120035e-9
60.00000000000001    2.6952852158982764e-9
60.1    2.633809071635005e-9
60.2    2.573441524785503e-9
60.300000000000004    2.5141670374926872e-9
60.400000000000006    2.455970247795178e-9
60.50000000000001    2.3988359678529402e-9
60.6    2.342749182184332e-9
60.7    2.2876950459211587e-9
60.800000000000004    2.2336588830770927e-9
60.900000000000006    2.1806261848315203e-9
61.00000000000001    2.1285826078282294e-9
61.1    2.077513972487951e-9
61.2    2.027406261337199e-9
61.300000000000004    1.9782456173495667e-9
61.400000000000006    1.9300183423028997e-9
61.50000000000001    1.882710895151054e-9
61.6    1.8363098904081154e-9
61.7    1.7908020965484223e-9
61.800000000000004    1.7461744344208619e-9
61.900000000000006    1.702413975675621e-9
62.00000000000001    1.659507941206718e-9
62.1    1.6174436996065365e-9
62.2    1.5762087656361706e-9
62.300000000000004    1.5357907987074819e-9
62.400000000000006    1.4961776013797333e-9
62.50000000000001    1.4573571178700858e-9
62.6    1.4193174325766099e-9
62.7    1.3820467686156482e-9
62.800000000000004    1.345533486370513e-9
62.900000000000006    1.3097660820562329e-9
63.00000000000001    1.2747331862952133e-9
63.1    1.2404235627057335e-9
63.2    1.2068261065051264e-9
63.300000000000004    1.1739298431244953e-9
63.400000000000006    1.1417239268357804e-9
63.50000000000001    1.1101976393930287e-9
63.6    1.079340388684007e-9
63.7    1.0491417073970867e-9
63.800000000000004    1.0195912516970876e-9
63.900000000000006    9.90678799917074e-10
64.    9.623942512593715e-10
64.1    9.347276245101844e-10
64.2    9.076690567660831e-10
64.3    8.812088021722134e-10
64.39999999999999    8.553372306719431e-10
64.5    8.300448267698508e-10
64.6    8.053221883040136e-10
64.7    7.811600252322131e-10
64.8    7.575491584279914e-10
64.89999999999999    7.344805184894e-10
65.    7.119451445576031e-10
65.1    6.89934183148468e-10
65.2    6.684388869942075e-10
65.3    6.474506138955254e-10
65.39999999999999    6.269608255871758e-10
65.5    6.069610866114157e-10
65.6    5.874430632044008e-10
65.7    5.683985221930999e-10
65.8    5.498193299016369e-10
65.89999999999999    5.316974510688881e-10
66.    5.140249477781433e-10
66.1    4.96793978394028e-10
66.2    4.799967965128361e-10
66.3    4.636257499209846e-10
66.39999999999999    4.4767327956489467e-10
66.5    4.3213191853008713e-10
66.6    4.169942910310384e-10
66.7    4.0225311141079177e-10
66.8    3.879011831501455e-10
66.89999999999999    3.739313978856141e-10
67.    3.603367344407467e-10
67.1    3.4711025786206136e-10
67.2    3.3424511846780253e-10
67.3    3.2173455090593005e-10
67.39999999999999    3.0957187322008276e-10
67.5    2.9775048592584684e-10
67.6    2.862638710960567e-10
67.7    2.751055914550482e-10
67.8    2.642692894826793e-10
67.89999999999999    2.537486865263021e-10
68.    2.4353758192156666e-10
68.1    2.336298521238598e-10
68.2    2.2401944984702284e-10
68.3    2.1470040320991716e-10
68.39999999999999    2.0566681489427776e-10
68.5    1.9691286130808123e-10
68.6    1.8843279175967622e-10
68.7    1.802209276395629e-10
68.8    1.7227166160982046e-10
68.89999999999999    1.6457945680281997e-10
69.    1.5713884602740677e-10
69.1    1.4994443098313607e-10
69.2    1.4299088148410386e-10
69.3    1.3627293468749133e-10
69.39999999999999    1.297853943336083e-10
69.5    1.235231299917279e-10
69.6    1.174810763137074e-10
69.7    1.116542322958092e-10
69.8    1.060376605480895e-10
69.89999999999999    1.0062648657157321e-10
70.    9.541589804177569e-11
70.1    9.040114410134879e-11
70.2    8.557753465824945e-11
70.3    8.094043969305568e-11
70.39999999999999    7.648528857192994e-11
70.5    7.22075693672809e-11
70.6    6.810282818575956e-11
70.7    6.416666850390415e-11
70.8    6.039475050800169e-11
70.89999999999999    5.6782790444685575e-11
71.    5.3326559975432926e-11
71.1    5.002188553898831e-11
71.2    4.686464772070293e-11
71.3    4.385078062762448e-11
71.39999999999999    4.0976271271164865e-11
71.5    3.8237158955083333e-11
71.6    3.562953467175928e-11
71.7    3.314954050288798e-11
71.8    3.079336902791433e-11
71.89999999999999    2.855726273736033e-11
72.    2.643751345434101e-11
72.1    2.4430461760729366e-11
72.2    2.2532496429283456e-11
72.3    2.0740053862837877e-11
72.39999999999999    1.9049617539428663e-11
72.5    1.745771746188512e-11
72.6    1.5960929615170537e-11
72.7    1.4555875427975368e-11
72.8    1.3239221242154847e-11
72.89999999999999    1.2007677784511112e-11
73.    1.0857999648169224e-11
73.1    9.786984776263398e-12
73.2    8.79147395357083e-12
73.3    7.868350300965506e-12
73.39999999999999    7.014538779450622e-12
73.5    6.2270056945357896e-12
73.6    5.502758210226332e-12
73.7    4.838843865436381e-12
73.8    4.232350097112938e-12
73.89999999999999    3.680403768714064e-12
74.    3.1801707024486874e-12
74.1    2.7288552178930126e-12
74.2    2.323699674729499e-12
74.3    1.9619840211347885e-12
74.39999999999999    1.6410253474026382e-12
74.5    1.3581774426053461e-12
74.6    1.1108303586893863e-12
74.7    8.964099773260218e-13
74.8    7.123775824120452e-13
74.89999999999999    5.562294367260308e-13
75.    4.2549636473286393e-13
75.1    3.1774333683514316e-13
75.2    2.3056906252580296e-13
75.3    1.6160558361061232e-13
75.39999999999999    1.0851787547891304e-13
75.5    6.900345033611166e-14
75.6    4.07919662225568e-14
75.7    2.167045257859047e-14
75.8    9.732587808211589e-15
75.89999999999999    3.265102847820033e-15
76.    5.788841001161214e-16
76.1    6.3003617999392485e-18
