0.1    3.062136160683296e-9
0.2    2.9234335043239985e-9
0.30000000000000004    2.790166067207941e-9
0.4    2.6621793483529082e-9
0.5    2.539318608264179e-9
0.6    2.4214293666980144e-9
0.7000000000000001    2.3083578489577584e-9
0.8    2.1999513845395668e-9
0.9    2.0960587617128687e-9
1.    1.9965305413996478e-9
1.1    1.9012193335071303e-9
1.2000000000000002    1.809980038669222e-9
1.3000000000000003    1.7226700581632517e-9
1.4000000000000001    1.6391494745896362e-9
1.5000000000000002    1.5592812057326933e-9
1.6    1.4829311338606397e-9
1.7000000000000002    1.4099682125712673e-9
1.8000000000000003    1.3402645531469653e-9
1.9000000000000001    1.2736954922477085e-9
2.    1.2101396426434155e-9
2.1    1.1494789285673863e-9
2.2    1.0915986071595936e-9
2.3000000000000003    1.0363872773625115e-9
2.4000000000000004    9.837368775326227e-10
2.5000000000000004    9.3354267293688e-10
2.6    8.857032344645335e-10
2.7    8.401204227524734e-10
2.8000000000000003    7.966993837397171e-10
2.9000000000000004    7.55348504816876e-10
3.0000000000000004    7.159793553685228e-10
3.1    6.785066246194886e-10
3.2    6.428480571369584e-10
3.3000000000000003    6.089243862496913e-10
3.4000000000000004    5.766592656648997e-10
3.5000000000000004    5.459791995706388e-10
3.6    5.16813471510159e-10
3.7    4.890940723073582e-10
3.8000000000000003    4.627556273109839e-10
3.9000000000000004    4.3773532321093607e-10
4.    4.1397283466414356e-10
4.1    3.914102509504674e-10
4.2    3.699920028618237e-10
4.3    3.4966479001035826e-10
4.3999999999999995    3.303775087244993e-10
4.5    3.1208118068520406e-10
4.6    2.9472888243888594e-10
4.7    2.7827567590839885e-10
4.8    2.626785400092083e-10
4.9    2.4789630346445145e-10
5.    2.3388957890004546e-10
5.1    2.206206982892872e-10
5.2    2.080536498055669e-10
5.3    1.9615401613175776e-10
5.4    1.8488891426561638e-10
5.5    1.7422693685205007e-10
5.6    1.6413809506532525e-10
5.7    1.5459376305722093e-10
5.8    1.4556662398069385e-10
5.9    1.370306175927913e-10
6.    1.2896088943527237e-10
6.1    1.2133374158667484e-10
6.2    1.1412658497535066e-10
6.3    1.0731789323916298e-10
6.4    1.0088715811425056e-10
6.5    9.481484633227172e-11
6.6    8.908235800298308e-11
6.7    8.367198645673725e-11
6.8    7.85668795195701e-11
6.9    7.375100219189189e-11
7.    6.92091007003968e-11
7.1    6.492666789168081e-11
7.2    6.088990993511051e-11
7.3    5.7085714301769777e-11
7.4    5.3501618985752086e-11
7.5    5.0125782933695064e-11
7.6    4.694695764820957e-11
7.7    4.3954459930765096e-11
7.8    4.113814572959948e-11
7.9    3.848838505835861e-11
8.    3.599603795139952e-11
8.1    3.365243142197882e-11
8.2    3.144933738995712e-11
8.3    2.937895154608414e-11
8.4    2.7433873120440876e-11
8.5    2.5607085523177963e-11
8.6    2.38919378262846e-11
8.7    2.2282127055765014e-11
8.8    2.077168126426242e-11
8.9    1.935494335487433e-11
9.    1.802655562759954e-11
9.1    1.6781445020606678e-11
9.2    1.5614809019245348e-11
9.3    1.4522102206466117e-11
9.4    1.349902342908428e-11
9.5    1.2541503555065253e-11
9.6    1.164569379777511e-11
9.700000000000001    1.0807954583885539e-11
9.8    1.0024844942377224e-11
9.9    9.29311239281491e-12
10.    8.609683311816231e-12
10.1    7.971653757339555e-12
10.200000000000001    7.376280731139059e-12
10.3    6.820973860428033e-12
10.4    6.303287480474895e-12
10.5    5.820913100528721e-12
10.6    5.371672236125462e-12
10.700000000000001    4.953509591463369e-12
10.8    4.564486576162529e-12
10.9    4.202775141331832e-12
11.    3.8666519204536035e-12
11.1    3.5544926611749993e-12
11.200000000000001    3.264766934650696e-12
11.3    2.9960331096238404e-12
11.4    2.7469335789561673e-12
11.5    2.5161902268253684e-12
11.6    2.3026001253025736e-12
11.700000000000001    2.1050314494911527e-12
11.8    1.9224196008751445e-12
11.9    1.7537635289656046e-12
12.    1.598122241754346e-12
12.1    1.454611495911476e-12
12.200000000000001    1.3224006580442146e-12
12.3    1.200709728727797e-12
12.4    1.088806521386279e-12
12.5    9.86003988447682e-13
12.6    8.916576875503863e-13
12.700000000000001    8.051633808942374e-13
12.8    7.25954761151404e-13
12.9    6.535012976492109e-13
13.    5.873061968299125e-13
13.1    5.269044712705513e-13
13.200000000000001    4.718611118059209e-13
13.3    4.2176935756455303e-13
13.4    3.762490589597298e-13
13.5    3.3494512892187716e-13
13.6    2.975260778765741e-13
13.700000000000001    2.6368262818863126e-13
13.8    2.3312640400028404e-13
13.9    2.0558869258486793e-13
14.    1.8081927352529685e-13
14.1    1.585853122085376e-13
14.200000000000001    1.3867031429569946e-13
14.3    1.208731379918412e-13
14.4    1.050070610967238e-13
14.5    9.089889996621783e-14
14.6    7.838817765695882e-14
14.700000000000001    6.732633865958148e-14
14.8    5.757600776108809e-14
14.9    4.9010290693383924e-14
15.    4.151211435132122e-14
15.1    3.4973604463871274e-14
15.200000000000001    2.929549872264297e-14
15.3    2.4386593461611193e-14
15.4    2.0163222087260224e-14
15.5    1.6548763543950068e-14
15.6    1.3473179195824446e-14
15.700000000000001    1.0872576577992868e-14
15.8    8.688798562209299e-15
15.9    6.869036548737918e-15
16.    5.365466369291372e-15
16.1    4.134905661798135e-15
16.200000000000003    3.1384915308178235e-15
16.3    2.3413773785745775e-15
16.400000000000002    1.7124478477394325e-15
16.500000000000004    1.224050869959946e-15
16.6    8.517458722424649e-16
16.700000000000003    5.740672373518125e-16
16.8    3.7230216993131527e-16
16.900000000000002    2.3028215711640857e-16
17.000000000000004    1.3418726318712215e-16
17.1    7.236253266916329e-17
17.200000000000003    3.5145816592922516e-17
17.3    1.470637873520197e-17
17.400000000000002    4.8936644203537264e-18
17.500000000000004    1.0956540076709212e-18
17.6    1.0625399684307105e-19
17.700000000000003    1.2055309527549579e-21
