0.1    1.2164960157071752e-8
0.2    2.405356713598357e-8
0.30000000000000004    3.56699947842456e-8
0.4    4.701837091958345e-8
0.5    5.8102777617444104e-8
0.6    6.892725150084259e-8
0.7000000000000001    7.949578403242695e-8
0.8    8.9812321808643e-8
0.9    9.988076685588164e-8
1.    1.0970497692849497e-7
1.1    1.1928876580857005e-7
1.2000000000000002    1.2863590360735087e-7
1.3000000000000003    1.3775011706820304e-7
1.4000000000000001    1.4663508987101618e-7
1.5000000000000002    1.5529446293794396e-7
1.6    1.6373183474038079e-7
1.7000000000000002    1.7195076160708027e-7
1.8000000000000003    1.7995475803331954e-7
1.9000000000000001    1.877472969910175e-7
2.    1.9533181023971767e-7
2.1    2.0271168863834648e-7
2.2    2.0989028245766177e-7
2.3000000000000003    2.168709016933087e-7
2.4000000000000004    2.236568163793991e-7
2.5000000000000004    2.3025125690253768e-7
2.6    2.3665741431621468e-7
2.7    2.428784406554906e-7
2.8000000000000003    2.489174492518999e-7
2.9000000000000004    2.5477751504849904e-7
3.0000000000000004    2.6046167491499255e-7
3.1    2.6597292796286515e-7
3.2    2.713142358604567e-7
3.3000000000000003    2.764885231479113e-7
3.4000000000000004    2.8149867755194265e-7
3.5000000000000004    2.863475503003487e-7
3.6    2.9103795643622037e-7
3.7    2.9557267513178277e-7
3.8000000000000003    2.999544500018156e-7
3.9000000000000004    3.041859894165952e-7
4.    3.0826996681430426e-7
4.1    3.1220902101286226e-7
4.2    3.160057565211182e-7
4.3    3.196627438493637e-7
4.3999999999999995    3.231825198191155e-7
4.5    3.265675878721197e-7
4.6    3.2982041837853786e-7
4.7    3.329434489442648e-7
4.8    3.3593908471734224e-7
4.9    3.388096986934214e-7
5.    3.4155763202024126e-7
5.1    3.441851943010768e-7
5.2    3.466946638971259e-7
5.3    3.490882882287965e-7
5.4    3.5136828407585744e-7
5.5    3.5353683787642297e-7
5.6    3.555961060247349e-7
5.7    3.575482151677124e-7
5.8    3.5939526250023846e-7
5.9    3.611393160591539e-7
6.    3.6278241501592983e-7
6.1    3.643265699679927e-7
6.2    3.657737632286738e-7
6.3    3.671259491157573e-7
6.4    3.6838505423860546e-7
6.5    3.695529777838341e-7
6.6    3.7063159179951687e-7
6.7    3.716227414778971e-7
6.8    3.725282454365855e-7
6.9    3.7334989599822434e-7
7.    3.740894594685974e-7
7.1    3.747486764131703e-7
7.2    3.753292619320396e-7
7.3    3.7583290593327737e-7
7.4    3.7626127340465307e-7
7.5    3.7661600468371854e-7
7.6    3.7689871572624075e-7
7.7    3.7711099837296855e-7
7.8    3.772544206147218e-7
7.9    3.773305268557871e-7
8.    3.773408381756122e-7
8.1    3.7728685258878523e-7
8.2    3.7717004530328903e-7
8.3    3.7699186897702126e-7
8.4    3.7675375397257026e-7
8.5    3.7645710861023876e-7
8.6    3.761033194193065e-7
8.7    3.7569375138752403e-7
8.8    3.7522974820883385e-7
8.9    3.747126325293066e-7
9.    3.741437061912927e-7
9.1    3.735242504757807e-7
9.2    3.7285552634295653e-7
9.3    3.7213877467096264e-7
9.4    3.7137521649285125e-7
9.5    3.7056605323172745e-7
9.6    3.6971246693408077e-7
9.700000000000001    3.688156205013029e-7
9.8    3.678766579193878e-7
9.9    3.6689670448681465e-7
10.    3.6587686704061053e-7
10.1    3.6481823418059373e-7
10.200000000000001    3.6372187649179607e-7
10.3    3.6258884676506495e-7
10.4    3.6142018021584616e-7
10.5    3.602168947011441e-7
10.6    3.589799909346684e-7
10.700000000000001    3.577104527001594e-7
10.8    3.5640924706290164e-7
10.9    3.5507732457942264e-7
11.    3.537156195053814e-7
11.1    3.5232505000164983e-7
11.200000000000001    3.509065183385884e-7
11.3    3.4946091109852134e-7
11.4    3.47989099376414e-7
11.5    3.4649193897875527e-7
11.6    3.4497027062065103e-7
11.700000000000001    3.434249201211328e-7
11.8    3.4185669859668516e-7
11.9    3.402664026529972e-7
12.    3.386548145749446e-7
12.1    3.370227025148059e-7
12.200000000000001    3.353708206787187e-7
12.3    3.3369990951138404e-7
12.4    3.320106958790218e-7
12.5    3.3030389325058514e-7
12.6    3.285802018772409e-7
12.700000000000001    3.268403089701202e-7
12.8    3.2508488887635055e-7
12.9    3.2331460325337034e-7
13.    3.2153010124153927e-7
13.1    3.197320196350469e-7
13.200000000000001    3.179209830511309e-7
13.3    3.1609760409760855e-7
13.4    3.142624835387341e-7
13.5    3.124162104593863e-7
13.6    3.105593624275941e-7
13.700000000000001    3.086925056554134e-7
13.8    3.0681619515815535e-7
13.9    3.0493097491198434e-7
14.    3.030373780098845e-7
14.1    3.01135926816012e-7
14.200000000000001    2.9922713311843484e-7
14.3    2.973114982802756e-7
14.4    2.9538951338926096e-7
14.5    2.934616594056886e-7
14.6    2.915284073088251e-7
14.700000000000001    2.8959021824173503e-7
14.8    2.8764754365456053e-7
14.9    2.85700825446254e-7
15.    2.837504961047769e-7
15.1    2.8179697884577245e-7
15.200000000000001    2.7984068774972374e-7
15.3    2.7788202789760504e-7
15.4    2.7592139550503744e-7
15.5    2.739591780549592e-7
15.6    2.7199575442881885e-7
15.700000000000001    2.7003149503630295e-7
15.8    2.680667619436068e-7
15.9    2.661019090002613e-7
16.    2.641372819645209e-7
16.1    2.6217321862732843e-7
16.200000000000003    2.6021004893486353e-7
16.3    2.582480951096852e-7
16.400000000000002    2.562876717704801e-7
16.500000000000004    2.543290860504267e-7
16.6    2.523726377141829e-7
16.700000000000003    2.5041861927351266e-7
16.8    2.484673161015564e-7
16.900000000000002    2.465190065457586e-7
17.000000000000004    2.4457396203946295e-7
17.1    2.4263244721218576e-7
17.200000000000003    2.4069471999857454e-7
17.3    2.387610317460674e-7
17.400000000000002    2.3683162732125925e-7
17.500000000000004    2.3490674521498882e-7
17.6    2.3298661764615327e-7
17.700000000000003    2.3107147066426367e-7
17.8    2.291615242507505e-7
17.900000000000002    2.272569924190295e-7
18.000000000000004    2.2535808331333923e-7
18.1    2.2346499930635887e-7
18.200000000000003    2.2157793709561894e-7
18.3    2.1969708779871235e-7
18.400000000000002    2.1782263704732049e-7
18.500000000000004    2.1595476508005898e-7
18.6    2.1409364683415966e-7
18.700000000000003    2.1223945203599143e-7
18.8    2.103923452904397e-7
18.900000000000002    2.0855248616914508e-7
19.000000000000004    2.0672002929761933e-7
19.1    2.0489512444124316e-7
19.200000000000003    2.0307791659015925e-7
19.300000000000004    2.0126854604306918e-7
19.400000000000002    1.994671484899444e-7
19.500000000000004    1.9767385509366345e-7
19.6    1.9588879257058117e-7
19.700000000000003    1.9411208327004416e-7
19.800000000000004    1.9234384525285904e-7
19.900000000000002    1.9058419236872735e-7
20.000000000000004    1.8883323433265134e-7
20.1    1.8709107680032665e-7
20.200000000000003    1.853578214425277e-7
20.300000000000004    1.836335659793666e-7
20.400000000000002    1.8191840396475891e-7
20.500000000000004    1.8021242502742087e-7
20.6    1.7851571507953172e-7
20.700000000000003    1.7682835641828922e-7
20.800000000000004    1.7515042780646602e-7
20.900000000000002    1.734820045393655e-7
21.000000000000004    1.7182315851085466e-7
21.1    1.7017395827849435e-7
21.200000000000003    1.6853446912776618e-7
21.300000000000004    1.6690475313541336e-7
21.400000000000002    1.652848692318996e-7
21.500000000000004    1.6367487326299725e-7
21.6    1.6207481805051255e-7
21.700000000000003    1.6048475345215884e-7
21.800000000000004    1.5890472642058375e-7
21.900000000000002    1.5733478106156127e-7
22.000000000000004    1.5577495869135727e-7
22.1    1.5422529789327675e-7
22.200000000000003    1.5268583457340062e-7
22.300000000000004    1.5115660201552306e-7
22.400000000000002    1.4963763093529533e-7
22.500000000000004    1.4812894953358667e-7
22.6    1.4663058354906863e-7
22.700000000000003    1.4514255631003348e-7
22.800000000000004    1.4366488878545376e-7
22.900000000000002    1.4219759963529092e-7
23.000000000000004    1.4074070526006227e-7
23.1    1.392942198496743e-7
23.200000000000003    1.3785815543152866e-7
23.300000000000004    1.3643252191791237e-7
23.400000000000002    1.3501732715267697e-7
23.500000000000004    1.3361257695721623e-7
23.6    1.3221827517574961e-7
23.700000000000003    1.308344237199195e-7
23.800000000000004    1.294610226127121e-7
23.900000000000002    1.2809807003170413e-7
24.000000000000004    1.2674556235164948e-7
24.1    1.2540349418640982e-7
24.200000000000003    1.2407185843023722e-7
24.300000000000004    1.2275064629841582e-7
24.400000000000002    1.214398473672727e-7
24.500000000000004    1.201394496135604e-7
24.6    1.1884943945322453e-7
24.700000000000003    1.1756980177955761e-7
24.800000000000004    1.1630052000075155e-7
24.900000000000002    1.1504157607685182e-7
25.000000000000004    1.1379295055612342e-7
25.1    1.1255462261083437e-7
25.200000000000003    1.1132657007246297e-7
25.300000000000004    1.1010876946633794e-7
25.400000000000002    1.0890119604571523e-7
25.500000000000004    1.0770382382530196e-7
25.6    1.0651662561423115e-7
25.700000000000003    1.0533957304849478e-7
25.800000000000004    1.0417263662284377e-7
25.900000000000002    1.0301578572215823e-7
26.000000000000004    1.0186898865229652e-7
26.1    1.0073221267043004e-7
26.200000000000003    9.960542401486834e-8
26.300000000000004    9.848858793438203e-8
26.400000000000002    9.738166871703092e-8
26.500000000000004    9.628462971849954e-8
26.6    9.51974333899522e-8
26.700000000000003    9.412004130540906e-8
26.800000000000004    9.30524141886504e-8
26.900000000000002    9.199451193965662e-8
27.000000000000004    9.094629366058772e-8
27.1    8.990771768131053e-8
27.200000000000003    8.887874158447734e-8
27.300000000000004    8.785932223016266e-8
27.400000000000002    8.684941578006523e-8
27.500000000000004    8.584897772127762e-8
27.6    8.485796288963293e-8
27.700000000000003    8.38763254926312e-8
27.800000000000004    8.2904019131953e-8
27.900000000000002    8.194099682556351e-8
28.000000000000004    8.098721102941673e-8
28.1    8.00426136587585e-8
28.200000000000003    7.910715610904116e-8
28.300000000000004    7.818078927644843e-8
28.400000000000002    7.726346357804187e-8
28.500000000000004    7.635512897152769e-8
28.6    7.545573497465573e-8
28.700000000000003    7.456523068424875e-8
28.800000000000004    7.368356479487399e-8
28.900000000000002    7.281068561715634e-8
29.000000000000004    7.194654109574018e-8
29.1    7.109107882690685e-8
29.200000000000003    7.024424607584846e-8
29.300000000000004    6.940598979360485e-8
29.400000000000002    6.857625663367152e-8
29.500000000000004    6.775499296827516e-8
29.6    6.694214490433038e-8
29.700000000000003    6.613765829907653e-8
29.800000000000004    6.534147877540124e-8
29.900000000000002    6.455355173685431e-8
30.000000000000004    6.377382238235662e-8
30.1    6.300223572060964e-8
30.200000000000003    6.223873658420713e-8
30.300000000000004    6.148326964345678e-8
30.400000000000002    6.073577941991304e-8
30.500000000000004    5.999621029962627e-8
30.6    5.926450654611422e-8
30.700000000000003    5.8540612313056836e-8
30.800000000000004    5.782447165671998e-8
30.900000000000002    5.711602854811322e-8
31.000000000000004    5.6415226884883003e-8
31.1    5.5722010502948104e-8
31.200000000000003    5.503632318787826e-8
31.300000000000004    5.43581086860223e-8
31.400000000000002    5.3687310715387956e-8
31.500000000000004    5.302387297627785e-8
31.6    5.2367739161686376e-8
31.700000000000003    5.171885296745686e-8
31.800000000000004    5.107715810220998e-8
31.900000000000002    5.0442598297039e-8
32.    4.9815117314981444e-8
32.1    4.919465896026698e-8
32.2    4.858116708734792e-8
32.300000000000004    4.797458560971258e-8
32.400000000000006    4.7374858508487596e-8
32.5    4.6781929840830676e-8
32.6    4.619574374811895e-8
32.7    4.56162444639338e-8
32.800000000000004    4.504337632184743e-8
32.900000000000006    4.4477083763013385e-8
33.    4.3917311343564576e-8
33.1    4.336400374182065e-8
33.2    4.2817105765311674e-8
33.300000000000004    4.22765623576136e-8
33.400000000000006    4.1742318605007834e-8
33.5    4.1214319742961106e-8
33.6    4.069251116242992e-8
33.7    4.017683841599524e-8
33.800000000000004    3.9667247223826626e-8
33.900000000000006    3.916368347948167e-8
34.    3.8666093255540176e-8
34.1    3.817442280907969e-8
34.2    3.768861858699212e-8
34.300000000000004    3.720862723114554e-8
34.400000000000006    3.6734395583392996e-8
34.5    3.626587069043222e-8
34.6    3.580299980851574e-8
34.7    3.5345730408020156e-8
34.800000000000004    3.489401017786868e-8
34.900000000000006    3.4447787029817016e-8
35.    3.400700910259956e-8
35.1    3.357162476594262e-8
35.2    3.314158262444328e-8
35.300000000000004    3.271683152131944e-8
35.400000000000006    3.229732054202992e-8
35.5    3.1882999017771954e-8
35.6    3.1473816528851217e-8
35.7    3.106972290793498e-8
35.800000000000004    3.0670668243182726e-8
35.900000000000006    3.02766028812617e-8
36.    2.9887477430247684e-8
36.1    2.950324276241299e-8
36.2    2.912385001690336e-8
36.300000000000004    2.8749250602307495e-8
36.400000000000006    2.8379396199119737e-8
36.5    2.801423876209708e-8
36.6    2.7653730522516454e-8
36.7    2.7297823990328906e-8
36.800000000000004    2.6946471956216728e-8
36.900000000000006    2.659962749355302e-8
37.    2.625724396026676e-8
37.1    2.5919275000614953e-8
37.2    2.5585674546864386e-8
37.300000000000004    2.5256396820881538e-8
37.400000000000006    2.4931396335637534e-8
37.5    2.461062789662642e-8
37.6    2.429404660319755e-8
37.7    2.3981607849808667e-8
37.800000000000004    2.367326732719487e-8
37.900000000000006    2.3368981023460986e-8
38.    2.3068705225094425e-8
38.1    2.2772396517904105e-8
38.2    2.2480011787882036e-8
38.300000000000004    2.2191508221995702e-8
38.400000000000006    2.190684330890533e-8
38.50000000000001    2.1625974839615145e-8
38.6    2.1348860908052397e-8
38.7    2.1075459911583048e-8
38.800000000000004    2.0805730551458776e-8
38.900000000000006    2.0539631833203356e-8
39.00000000000001    2.0277123066932646e-8
39.1    2.001816386761662e-8
39.2    1.976271415527973e-8
39.300000000000004    1.9510734155142422e-8
39.400000000000006    1.926218439770666e-8
39.50000000000001    1.9017025718784654e-8
39.6    1.8775219259472865e-8
39.7    1.853672646607249e-8
39.800000000000004    1.830150908995867e-8
39.900000000000006    1.8069529187396998e-8
40.00000000000001    1.7840749119312065e-8
40.1    1.7615131551005412e-8
40.2    1.739263945182833e-8
40.300000000000004    1.7173236094806208e-8
40.400000000000006    1.695688505621871e-8
40.50000000000001    1.674355021513586e-8
40.6    1.6533195752910602e-8
40.7    1.632578615263001e-8
40.800000000000004    1.6121286198525376e-8
40.900000000000006    1.5919660975341945e-8
41.00000000000001    1.5720875867670457e-8
41.1    1.5524896559241537e-8
41.2    1.5331689032180838e-8
41.300000000000004    1.5141219566230716e-8
41.400000000000006    1.495345473793621e-8
41.50000000000001    1.4768361419796498e-8
41.6    1.4585906779384084e-8
41.7    1.4406058278431513e-8
41.800000000000004    1.4228783671886298e-8
41.900000000000006    1.4054051006936787e-8
42.00000000000001    1.3881828622006764e-8
42.1    1.3712085145723725e-8
42.2    1.3544789495856297e-8
42.300000000000004    1.3379910878227645e-8
42.400000000000006    1.3217418785600402e-8
42.50000000000001    1.3057282996538337e-8
42.6    1.2899473574240695e-8
42.7    1.2743960865355428e-8
42.800000000000004    1.2590715498767215e-8
42.900000000000006    1.2439708384364616e-8
43.00000000000001    1.2290910711784622e-8
43.1    1.214429394913667e-8
43.2    1.1999829841706448e-8
43.300000000000004    1.1857490410639876e-8
43.400000000000006    1.1717247951608463e-8
43.50000000000001    1.1579075033457093e-8
43.6    1.1442944496832306e-8
43.7    1.130882945279637e-8
43.800000000000004    1.117670328142266e-8
43.900000000000006    1.104653963037701e-8
44.00000000000001    1.091831241348349e-8
44.1    1.0791995809274908e-8
44.2    1.0667564259531095e-8
44.300000000000004    1.0544992467802384e-8
44.400000000000006    1.0424255397921217e-8
44.50000000000001    1.0305328272501493e-8
44.6    1.0188186571425694e-8
44.7    1.0072806030321066e-8
44.800000000000004    9.959162639026529e-9
44.900000000000006    9.847232640047091e-9
45.00000000000001    9.736992527001188e-9
45.1    9.628419043056858e-9
45.2    9.52148917936029e-9
45.300000000000004    9.416180173457195e-9
45.400000000000006    9.312469507703591e-9
45.50000000000001    9.210334907673399e-9
45.6    9.109754340554981e-9
45.7    9.01070601354539e-9
45.800000000000004    8.913168372235033e-9
45.900000000000006    8.81712009899038e-9
46.00000000000001    8.722540111328057e-9
46.1    8.629407560287229e-9
46.2    8.537701828795536e-9
46.300000000000004    8.447402530033218e-9
46.400000000000006    8.35848950579118e-9
46.50000000000001    8.270942824828367e-9
46.6    8.184742781224688e-9
46.7    8.099869892731901e-9
46.800000000000004    8.0163048991227e-9
46.900000000000006    7.934028760538369e-9
47.00000000000001    7.853022655833497e-9
47.1    7.773267980921725e-9
47.2    7.694746347118076e-9
47.300000000000004    7.617439579483733e-9
47.400000000000006    7.541329715168716e-9
47.50000000000001    7.466399001754387e-9
47.6    7.39262989559861e-9
47.7    7.320005060178463e-9
47.800000000000004    7.248507364436304e-9
47.900000000000006    7.178119881126773e-9
48.00000000000001    7.1088258851638954e-9
48.1    7.0406088519711865e-9
48.2    6.9734524558336905e-9
48.300000000000004    6.907340568251711e-9
48.400000000000006    6.842257256297126e-9
48.50000000000001    6.77818678097306e-9
48.6    6.715113595575091e-9
48.7    6.653022344057769e-9
48.800000000000004    6.591897859402311e-9
48.900000000000006    6.531725161989405e-9
49.00000000000001    6.472489457974472e-9
49.1    6.414176137668498e-9
49.2    6.356770773922416e-9
49.300000000000004    6.3002591205142835e-9
49.400000000000006    6.244627110543787e-9
49.50000000000001    6.1898608548295004e-9
49.6    6.135946640311622e-9
49.7    6.0828709284603815e-9
49.800000000000004    6.030620353688297e-9
49.900000000000006    5.979181721768809e-9
50.00000000000001    5.928542008261103e-9
50.1    5.878688356938754e-9
50.2    5.829608078226332e-9
50.300000000000004    5.781288647640112e-9
50.400000000000006    5.733717704236129e-9
50.50000000000001    5.686883049064892e-9
50.6    5.640772643630235e-9
50.7    5.5953746083577015e-9
50.800000000000004    5.550677221067012e-9
50.900000000000006    5.506668915453419e-9
51.00000000000001    5.463338279573697e-9
51.1    5.420674054341449e-9
51.2    5.378665132027379e-9
51.300000000000004    5.337300554768475e-9
51.400000000000006    5.29656951308336e-9
51.50000000000001    5.256461344395609e-9
51.6    5.216965531564118e-9
51.7    5.178071701421522e-9
51.800000000000004    5.139769623319632e-9
51.900000000000006    5.102049207683974e-9
52.00000000000001    5.0649005045736585e-9
52.1    5.028313702251683e-9
52.2    4.992279125762212e-9
52.300000000000004    4.95678723551504e-9
52.400000000000006    4.921828625879746e-9
52.50000000000001    4.88739402378675e-9
52.6    4.8534742873371514e-9
52.7    4.820060404420864e-9
52.800000000000004    4.787143491342442e-9
52.900000000000006    4.754714791456778e-9
53.00000000000001    4.7227656738111476e-9
53.1    4.6912876317980944e-9
53.2    4.66027228181426e-9
53.300000000000004    4.629711361930132e-9
53.400000000000006    4.599596730567234e-9
53.50000000000001    4.569920365183603e-9
53.6    4.540674360969232e-9
53.7    4.511850929549198e-9
53.800000000000004    4.4834423976953416e-9
53.900000000000006    4.455441206047902e-9
54.00000000000001    4.42783990784511e-9
54.1    4.400631167661321e-9
54.2    4.373807760155179e-9
54.300000000000004    4.347362568824869e-9
54.400000000000006    4.321288584774209e-9
54.50000000000001    4.295578905486461e-9
54.6    4.270226733606924e-9
54.7    4.245225375735274e-9
54.800000000000004    4.220568241226318e-9
54.900000000000006    4.196248840999793e-9
55.00000000000001    4.172260786358704e-9
55.1    4.1485977878178154e-9
55.2    4.125253653939611e-9
55.300000000000004    4.102222290180255e-9
55.400000000000006    4.079497697743888e-9
55.50000000000001    4.05707397244689e-9
55.6    4.034945303589469e-9
55.7    4.013105972837771e-9
55.800000000000004    3.991550353113878e-9
55.900000000000006    3.9702729074955925e-9
56.00000000000001    3.9492681881244366e-9
56.1    3.928530835122796e-9
56.2    3.90805557552034e-9
56.300000000000004    3.8878372221887486e-9
56.400000000000006    3.867870672785772e-9
56.50000000000001    3.8481509087082275e-9
56.6    3.82867299405301e-9
56.7    3.809432074588299e-9
56.800000000000004    3.7904233767321965e-9
56.900000000000006    3.7716422065411705e-9
57.00000000000001    3.7530839487069836e-9
57.1    3.734744065561909e-9
57.2    3.7166180960938072e-9
57.300000000000004    3.698701654968102e-9
57.400000000000006    3.680990431560693e-9
57.50000000000001    3.663480188997329e-9
57.6    3.646166763203416e-9
57.7    3.629046061961147e-9
57.800000000000004    3.6121140639760845e-9
57.900000000000006    3.5953668179513657e-9
58.00000000000001    3.5788004416718304e-9
58.1    3.562411121095065e-9
58.2    3.546195109451435e-9
58.300000000000004    3.530148726353605e-9
58.400000000000006    3.5142683569126123e-9
58.50000000000001    3.4985504508640462e-9
58.6    3.4829915217011825e-9
58.7    3.467588145816815e-9
58.800000000000004    3.452336961654352e-9
58.900000000000006    3.4372346688651194e-9
59.00000000000001    3.422278027475465e-9
59.1    3.40746385706193e-9
59.2    3.3927890359335074e-9
59.300000000000004    3.3782505003223706e-9
59.400000000000006    3.3638452435834163e-9
59.50000000000001    3.3495703154008446e-9
59.6    3.335422821002888e-9
59.7    3.3213999203844435e-9
59.800000000000004    3.307498827538187e-9
59.900000000000006    3.2937168096923514e-9
60.00000000000001    3.280051186557193e-9
60.1    3.266499329579313e-9
60.2    3.2530586612019263e-9
60.300000000000004    3.2397266541360107e-9
60.400000000000006    3.226500830635105e-9
60.50000000000001    3.2133787617816447e-9
60.6    3.200358066777213e-9
60.7    3.187436412243105e-9
60.800000000000004    3.1746115115262847e-9
60.900000000000006    3.1618811240142362e-9
61.00000000000001    3.1492430544560004e-9
61.1    3.1366951522914295e-9
61.2    3.1242353109864873e-9
61.300000000000004    3.1118614673769555e-9
61.400000000000006    3.0995716010193686e-9
61.50000000000001    3.0873637335474586e-9
61.6    3.075235928037228e-9
61.7    3.0631862883781936e-9
61.800000000000004    3.0512129586529043e-9
61.900000000000006    3.039314122520584e-9
62.00000000000001    3.027488002611097e-9
62.1    3.0157328599233446e-9
62.2    3.0040469932308813e-9
62.300000000000004    2.992428738494963e-9
62.400000000000006    2.9808764682839658e-9
62.50000000000001    2.969388591198644e-9
62.6    2.9579635513052313e-9
62.7    2.946599827574268e-9
62.800000000000004    2.9352959333258466e-9
62.900000000000006    2.9240504156821005e-9
63.00000000000001    2.9128618550250436e-9
63.1    2.901728864461585e-9
63.2    2.890650089294158e-9
63.300000000000004    2.8796242064982843e-9
63.400000000000006    2.868649924205857e-9
63.50000000000001    2.8577259811943587e-9
63.6    2.8468511463831204e-9
63.7    2.8360242183346688e-9
63.800000000000004    2.8252440247621894e-9
63.900000000000006    2.8145094220438698e-9
64.    2.8038192947418285e-9
64.1    2.7931725551279385e-9
64.2    2.7825681427145717e-9
64.3    2.7720050237923977e-9
64.39999999999999    2.761482190972381e-9
64.5    2.750998662734471e-9
64.6    2.7405534829813833e-9
64.7    2.730145720598657e-9
64.8    2.7197744690193694e-9
64.89999999999999    2.7094388457944472e-9
65.    2.6991379921695767e-9
65.1    2.688871072665533e-9
65.2    2.678637274665683e-9
65.3    2.66843580800756e-9
65.39999999999999    2.658265904580532e-9
65.5    2.6481268179278294e-9
65.6    2.638017822854278e-9
65.7    2.6279382150392075e-9
65.8    2.6178873106539803e-9
65.89999999999999    2.6078644459850236e-9
66.    2.597868977061285e-9
66.1    2.5879002792868236e-9
66.2    2.577957747078977e-9
66.3    2.5680407935099695e-9
66.39999999999999    2.5581488499545493e-9
66.5    2.5482813657416034e-9
66.6    2.5384378078109473e-9
66.7    2.5286176603743706e-9
66.8    2.518820424581698e-9
66.89999999999999    2.5090456181908953e-9
67.    2.4992927752432825e-9
67.1    2.4895614457426775e-9
67.2    2.4798511953392875e-9
67.3    2.4701616050181716e-9
67.39999999999999    2.4604922707913513e-9
67.5    2.450842803394963e-9
67.6    2.4412128279901427e-9
67.7    2.4316019838686876e-9
67.8    2.4220099241620995e-9
67.89999999999999    2.412436315555582e-9
68.    2.4028808380054817e-9
68.1    2.3933431844612117e-9
68.2    2.3838230605911927e-9
68.3    2.374320184511907e-9
68.39999999999999    2.364834286522443e-9
68.5    2.3553651088410553e-9
68.6    2.3459124053475417e-9
68.7    2.336475941327702e-9
68.8    2.3270554932226514e-9
68.89999999999999    2.3176508483811476e-9
69.    2.3082618048160836e-9
69.1    2.298888170964701e-9
69.2    2.289529765451839e-9
69.3    2.280186416857267e-9
69.39999999999999    2.27085796348641e-9
69.5    2.261544253144107e-9
69.6    2.2522451429128952e-9
69.7    2.2429604989336017e-9
69.8    2.2336901961896107e-9
69.89999999999999    2.2244341182951502e-9
70.    2.2151921572857385e-9
70.1    2.20596421341305e-9
70.2    2.196750194941878e-9
70.3    2.1875500179513045e-9
70.39999999999999    2.1783636061383736e-9
70.5    2.169190890625199e-9
70.6    2.1600318097688796e-9
70.7    2.150886308974832e-9
70.8    2.1417543405126666e-9
70.89999999999999    2.1326358633357493e-9
71.    2.12353084290271e-9
71.1    2.1144392510028715e-9
71.2    2.1053610655838066e-9
71.3    2.096296270582309e-9
71.39999999999999    2.0872448557576633e-9
71.5    2.0782068165277703e-9
71.6    2.0691821538088176e-9
71.7    2.060170873856378e-9
71.8    2.051172988109783e-9
71.89999999999999    2.0421885130399005e-9
72.    2.033217469997971e-9
72.1    2.0242598850681307e-9
72.2    2.0153157889225047e-9
72.3    2.0063852166781352e-9
72.39999999999999    1.9974682077569767e-9
72.5    1.9885648057481627e-9
72.6    1.9796750582724704e-9
72.7    1.9707990168497075e-9
72.8    1.961936736767987e-9
72.89999999999999    1.9530882769556438e-9
73.    1.9442536998550425e-9
73.1    1.9354330712992146e-9
73.2    1.926626460390662e-9
73.3    1.9178339393814583e-9
73.39999999999999    1.9090555835572854e-9
73.5    1.9002914711217363e-9
73.6    1.8915416830842545e-9
73.7    1.882806303149445e-9
73.8    1.8740854176082134e-9
73.89999999999999    1.865379115231933e-9
74.    1.8566874871677875e-9
74.1    1.8480106268362e-9
74.2    1.8393486298307392e-9
74.3    1.830701593819526e-9
74.39999999999999    1.8220696184486236e-9
74.5    1.8134528052474157e-9
74.6    1.8048512575359916e-9
74.7    1.7962650803340224e-9
74.8    1.7876943802716496e-9
74.89999999999999    1.7791392655023442e-9
75.    1.770599845617236e-9
75.1    1.7620762315614007e-9
75.2    1.7535685355516535e-9
75.3    1.7450768709964127e-9
75.39999999999999    1.736601352416747e-9
75.5    1.7281420953694434e-9
75.6    1.7196992163717687e-9
75.7    1.7112728328273768e-9
75.8    1.7028630629542628e-9
75.89999999999999    1.6944700257139673e-9
76.    1.686093840742882e-9
76.1    1.6777346282839314e-9
76.2    1.6693925091210776e-9
76.3    1.6610676045144937e-9
76.39999999999999    1.6527600361372764e-9
76.5    1.6444699260139077e-9
76.6    1.6361973964597e-9
76.7    1.6279425700219517e-9
76.8    1.6197055694226131e-9
76.9    1.611486517501648e-9
77.    1.6032855371622272e-9
77.1    1.5951027513175224e-9
77.2    1.586938282837924e-9
77.3    1.5787922545003332e-9
77.4    1.5706647889381458e-9
77.5    1.5625560085930423e-9
77.6    1.5544660356673626e-9
77.7    1.546394992078117e-9
77.8    1.538342999411953e-9
77.9    1.530310178881452e-9
78.    1.5222966512824209e-9
78.1    1.514302536952397e-9
78.2    1.5063279557301544e-9
78.3    1.4983730269164617e-9
78.4    1.4904378692356346e-9
78.5    1.4825226007986515e-9
78.6    1.4746273390665836e-9
78.7    1.4667522008157393e-9
78.8    1.4588973021034173e-9
78.9    1.4510627582345737e-9
79.    1.4432486837299421e-9
79.1    1.4354551922946309e-9
79.2    1.4276823967877327e-9
79.3    1.4199304091930564e-9
79.4    1.4121993405907801e-9
79.5    1.4044893011296419e-9
79.6    1.3968004000003579e-9
79.7    1.3891327454098788e-9
79.8    1.381486444556221e-9
79.9    1.3738616036046028e-9
80.    1.3662583276638554e-9
80.1    1.3586767207639559e-9
80.2    1.3511168858344719e-9
80.3    1.3435789246834695e-9
80.4    1.3360629379774087e-9
80.5    1.3285690252215851e-9
80.6    1.3210972847415924e-9
80.7    1.313647813665477e-9
80.8    1.3062207079060782e-9
80.9    1.2988160621447824e-9
81.    1.2914339698158337e-9
81.1    1.284074523090565e-9
81.2    1.2767378128634801e-9
81.3    1.2694239287381483e-9
81.4    1.2621329590137385e-9
81.5    1.2548649906728552e-9
81.6    1.2476201093692179e-9
81.7    1.2403983994162937e-9
81.8    1.2331999437767571e-9
81.9    1.2260248240518363e-9
82.    1.218873120472146e-9
82.1    1.2117449118883058e-9
82.2    1.204640275762294e-9
82.3    1.1975592881599176e-9
82.4    1.1905020237426447e-9
82.5    1.1834685557613078e-9
82.6    1.1764589560491608e-9
82.7    1.1694732950162839e-9
82.8    1.162511641643718e-9
82.9    1.1555740634788529e-9
83.    1.1486606266306038e-9
83.1    1.1417713957655484e-9
83.2    1.1349064341039733e-9
83.3    1.1280658034171103e-9
83.4    1.1212495640240808e-9
83.5    1.1144577747895094e-9
83.6    1.107690493121837e-9
83.7    1.100947774971549e-9
83.8    1.0942296748301512e-9
83.9    1.0875362457293269e-9
84.    1.0808675392407419e-9
84.1    1.0742236054757356e-9
84.2    1.0676044930858507e-9
84.3    1.0610102492635629e-9
84.4    1.0544409197431663e-9
84.5    1.047896548802303e-9
84.6    1.0413771792634757e-9
84.7    1.0348828524962478e-9
84.8    1.0284136084194648e-9
84.9    1.0219694855039418e-9
85.    1.0155505207753142e-9
85.1    1.0091567498173553e-9
85.2    1.0027882067754098e-9
85.3    9.964449243602557e-10
85.4    9.901269338520626e-10
85.5    9.838342651046247e-10
85.6    9.775669465502648e-10
85.7    9.713250052042437e-10
85.8    9.65108466670077e-10
85.9    9.589173551447071e-10
86.    9.527516934239865e-10
86.1    9.466115029086871e-10
86.2    9.404968036101001e-10
86.3    9.344076141564905e-10
86.4    9.283439517993242e-10
86.5    9.22305832419864e-10
86.6    9.162932705359964e-10
86.7    9.103062793092494e-10
86.8    9.043448705516996e-10
86.9    8.984090547334636e-10
87.    8.924988409902867e-10
87.1    8.866142371309923e-10
87.2    8.807552496453852e-10
87.3    8.749218837122385e-10
87.4    8.691141432074281e-10
87.5    8.63332030712216e-10
87.6    8.575755475214928e-10
87.7    8.518446936526172e-10
87.8    8.461394678539585e-10
87.9    8.404598676134996e-10
88.    8.348058891681849e-10
88.1    8.291775275125849e-10
88.2    8.235747764083063e-10
88.3    8.17997628393112e-10
88.4    8.124460747903875e-10
88.5    8.069201057185676e-10
88.6    8.014197101006537e-10
88.7    7.959448756741218e-10
88.8    7.904955890003477e-10
88.9    7.850718354746496e-10
89.    7.796735993361722e-10
89.1    7.743008636778509e-10
89.2    7.689536104564888e-10
89.3    7.636318205029498e-10
89.4    7.583354735322387e-10
89.5    7.530645481539411e-10
89.6    7.478190218823498e-10
89.7    7.425988711471015e-10
89.8    7.374040713033462e-10
89.9    7.32234596642404e-10
90.    7.270904204022451e-10
90.1    7.219715147780342e-10
90.2    7.168778509328233e-10
90.3    7.118093990081165e-10
90.4    7.06766128134667e-10
90.5    7.017480064429934e-10
90.6    6.96755001074353e-10
90.7    6.917870781913892e-10
90.8    6.86844202988945e-10
90.9    6.819263397048464e-10
91.    6.770334516308005e-10
91.1    6.721655011231792e-10
91.2    6.673224496139577e-10
91.3    6.625042576214398e-10
91.4    6.577108847612603e-10
91.5    6.529422897572857e-10
91.6    6.481984304523592e-10
91.7    6.434792638192844e-10
91.8    6.387847459716767e-10
91.9    6.341148321748913e-10
92.    6.294694768568924e-10
92.1    6.248486336189824e-10
92.2    6.202522552467985e-10
92.3    6.156802937212177e-10
92.4    6.111327002289144e-10
92.5    6.066094251735209e-10
92.6    6.021104181861431e-10
92.7    5.976356281362744e-10
92.8    5.931850031425331e-10
92.9    5.887584905834084e-10
93.    5.843560371078542e-10
93.1    5.799775886462012e-10
93.2    5.75623090420609e-10
93.3    5.712924869557336e-10
93.4    5.669857220893641e-10
93.5    5.627027389830181e-10
93.6    5.584434801323505e-10
93.7    5.542078873777658e-10
93.8    5.499959019148318e-10
93.9    5.458074643046545e-10
94.    5.416425144843229e-10
94.1    5.375009917772129e-10
94.2    5.333828349033212e-10
94.3    5.292879819894686e-10
94.4    5.252163705795258e-10
94.5    5.211679376446384e-10
94.6    5.171426195932614e-10
94.7    5.13140352281253e-10
94.8    5.091610710219757e-10
94.9    5.052047105961319e-10
95.    5.012712052618037e-10
95.1    4.973604887642706e-10
95.2    4.934724943458956e-10
95.3    4.896071547557232e-10
95.4    4.857644022594466e-10
95.5    4.819441686488094e-10
95.6    4.781463852514055e-10
95.7    4.743709829401032e-10
95.8    4.706178921426269e-10
95.9    4.668870428508531e-10
96.    4.6317836463030357e-10
96.1    4.5949178662945913e-10
96.2    4.5582723758893584e-10
96.3    4.521846458507164e-10
96.4    4.4856393936726683e-10
96.5    4.449650457106319e-10
96.6    4.4138789208146567e-10
96.7    4.3783240531784e-10
96.8    4.3429851190430757e-10
96.9    4.3078613798057035e-10
97.    4.2729520935038e-10
97.1    4.238256514900278e-10
97.2    4.203773895571636e-10
97.3    4.1695034839916356e-10
97.4    4.135444525618066e-10
97.5    4.1015962629764077e-10
97.6    4.0679579357422043e-10
97.7    4.0345287808252895e-10
97.8    4.001308032451628e-10
97.9    3.968294922244843e-10
98.    3.935488679306601e-10
98.1    3.9028885302982594e-10
98.2    3.8704936995182413e-10
98.3    3.8383034089828627e-10
98.4    3.806316878502942e-10
98.5    3.774533325762188e-10
98.6    3.7429519663938935e-10
98.7    3.7115720140560297e-10
98.8    3.680392680507689e-10
98.9    3.649413175683277e-10
99.    3.6186327077663436e-10
99.1    3.58805048326352e-10
99.2    3.557665707076006e-10
99.3    3.527477582572204e-10
99.4    3.497485311658735e-10
99.5    3.4676880948506167e-10
99.6    3.4380851313414656e-10
99.7    3.408675619072713e-10
99.8    3.379458754800406e-10
99.9    3.350433734165158e-10
100.    3.321599751757344e-10
100.1    3.2929560011840877e-10
100.2    3.264501675135095e-10
100.3    3.236235965446129e-10
100.4    3.208158063165144e-10
100.5    3.1802671586140793e-10
100.6    3.1525624414527864e-10
100.7    3.1250431007401553e-10
100.8    3.097708324995658e-10
100.9    3.070557302261112e-10
101.    3.043589220158443e-10
101.1    3.01680326595207e-10
101.2    2.9901986266042695e-10
101.3    2.963774488834909e-10
101.4    2.9375300391789524e-10
101.5    2.911464464041497e-10
101.6    2.885576949755062e-10
101.7    2.859866682634044e-10
101.8    2.834332849029402e-10
101.9    2.808974635382275e-10
102.    2.7837912282776726e-10
102.1    2.758781814496048e-10
102.2    2.7339455810662294e-10
102.3    2.7092817153153093e-10
102.4    2.684789404920093e-10
102.5    2.6604678379569485e-10
102.6    2.6363162029496674e-10
102.7    2.612333688919827e-10
102.8    2.5885194854332625e-10
102.9    2.564872782647188e-10
103.    2.541392771357937e-10
103.1    2.518078643046051e-10
103.2    2.494929589921162e-10
103.3    2.4719448049672025e-10
103.4    2.4491234819866854e-10
103.5    2.4264648156429973e-10
103.6    2.403968001504113e-10
103.7    2.3816322360838554e-10
103.8    2.359456716884308e-10
103.9    2.3374406424352547e-10
104.    2.3155832123362965e-10
104.1    2.2938836272946346e-10
104.2    2.272341089165322e-10
104.3    2.2509548009888606e-10
104.4    2.2297239670295418e-10
104.5    2.2086477928121116e-10
104.6    2.187725485159314e-10
104.7    2.1669562522262288e-10
104.8    2.1463393035376444e-10
104.9    2.1258738500215687e-10
105.    2.105559104043489e-10
105.1    2.0853942794410786e-10
105.2    2.0653785915561884e-10
105.3    2.0455112572676877e-10
105.4    2.0257914950238624e-10
105.5    2.0062185248729785e-10
105.6    1.986791568495278e-10
105.7    1.9675098492319363e-10
105.8    1.9483725921160851e-10
105.9    1.929379023900672e-10
106.    1.9105283730884722e-10
106.1    1.8918198699590254e-10
106.2    1.8732527465968873e-10
106.3    1.854826236918453e-10
106.4    1.8365395766985788e-10
106.5    1.8183920035963416e-10
106.6    1.8003827571806564e-10
106.7    1.7825110789555531e-10
106.8    1.7647762123841458e-10
106.9    1.7471774029122099e-10
107.    1.7297138979929343e-10
107.1    1.7123849471087167e-10
107.2    1.695189801793786e-10
107.3    1.6781277156566906e-10
107.4    1.6611979444012808e-10
107.5    1.6443997458475665e-10
107.6    1.6277323799529501e-10
107.7    1.6111951088316342e-10
107.8    1.594787196774156e-10
107.9    1.578507910266798e-10
108.    1.562356518010544e-10
108.1    1.5463322909382318e-10
108.2    1.5304345022332254e-10
108.3    1.5146624273463263e-10
108.4    1.4990153440129862e-10
108.5    1.4834925322689457e-10
108.6    1.4680932744666573e-10
108.7    1.452816855291336e-10
108.8    1.4376625617749902e-10
108.9    1.422629683311832e-10
109.    1.4077175116725978e-10
109.1    1.3929253410179258e-10
109.2    1.378252467912088e-10
109.3    1.3636981913358258e-10
109.4    1.3492618126993318e-10
109.5    1.334942635854354e-10
109.6    1.3207399671057603e-10
109.7    1.3066531152230938e-10
109.8    1.2926813914518292e-10
109.9    1.2788241095238521e-10
110.    1.2650805856679655e-10
110.1    1.2514501386193956e-10
110.2    1.2379320896300652e-10
110.3    1.2245257624767932e-10
110.4    1.2112304834708157e-10
110.5    1.198045581466399e-10
110.6    1.184970387868419e-10
110.7    1.1720042366400782e-10
110.8    1.1591464643111571e-10
110.9    1.1463964099840011e-10
111.    1.1337534153409862e-10
111.1    1.1212168246506318e-10
111.2    1.1087859847737927e-10
111.3    1.0964602451692482e-10
111.4    1.0842389578994976e-10
111.5    1.0721214776351005e-10
111.6    1.0601071616603268e-10
111.7    1.0481953698770354e-10
111.8    1.0363854648091078e-10
111.9    1.0246768116061943e-10
112.    1.0130687780475044e-10
112.1    1.0015607345446985e-10
112.2    9.901520541450641e-11
112.3    9.788421125343522e-11
112.4    9.676302880389492e-11
112.5    9.565159616279671e-11
112.6    9.454985169153401e-11
112.7    9.345773401612006e-11
112.8    9.237518202729645e-11
112.9    9.130213488071044e-11
113.    9.023853199690566e-11
113.1    8.918431306140544e-11
113.2    8.813941802477763e-11
113.3    8.710378710257521e-11
113.4    8.607736077531903e-11
113.5    8.506007978851762e-11
113.6    8.405188515248545e-11
113.7    8.305271814233367e-11
113.8    8.206252029778646e-11
113.9    8.108123342311825e-11
114.    8.010879958689758e-11
114.1    7.914516112182969e-11
114.2    7.819026062457266e-11
114.3    7.724404095548862e-11
114.4    7.630644523834067e-11
114.5    7.537741686011536e-11
114.6    7.445689947063925e-11
114.7    7.35448369822892e-11
114.8    7.264117356967697e-11
114.9    7.174585366923793e-11
115.    7.085882197894639e-11
115.1    6.998002345779612e-11
115.2    6.910940332550854e-11
115.3    6.824690706201981e-11
115.4    6.739248040703603e-11
115.5    6.654606935960459e-11
115.6    6.570762017759262e-11
115.7    6.4877079377193e-11
115.8    6.405439373239547e-11
115.9    6.323951027445037e-11
116.    6.243237629132741e-11
116.1    6.163293932713615e-11
116.2    6.084114718151272e-11
116.3    6.005694790906264e-11
116.4    5.928028981871255e-11
116.5    5.85111214730776e-11
116.6    5.774939168783207e-11
116.7    5.6995049531044107e-11
116.8    5.624804432245661e-11
116.9    5.550832563286705e-11
117.    5.4775843283364666e-11
117.1    5.405054734464733e-11
117.2    5.33323881362801e-11
117.3    5.262131622593301e-11
117.4    5.191728242867467e-11
117.5    5.122023780615008e-11
117.6    5.0530133665812756e-11
117.7    4.9846921560157406e-11
117.8    4.91705532859165e-11
117.9    4.850098088319887e-11
118.    4.7838156634718595e-11
118.1    4.718203306491956e-11
118.2    4.653256293914244e-11
118.3    4.5889699262783296e-11
118.4    4.5253395280405174e-11
118.5    4.462360447484064e-11
118.6    4.400028056635908e-11
118.7    4.338337751173726e-11
118.8    4.277284950334837e-11
118.9    4.21686509682488e-11
119.    4.1570736567287434e-11
119.1    4.097906119412106e-11
119.2    4.039357997433665e-11
119.3    3.9814248264419875e-11
119.4    3.924102165090639e-11
119.5    3.867385594931509e-11
119.6    3.8112707203255586e-11
119.7    3.755753168340448e-11
119.8    3.7008285886531185e-11
119.9    3.6464926534532315e-11
120.    3.592741057338977e-11
120.1    3.539569517220658e-11
120.2    3.486973772218289e-11
120.3    3.434949583556804e-11
120.4    3.383492734470755e-11
120.5    3.332599030094433e-11
120.6    3.282264297366067e-11
120.7    3.232484384914431e-11
120.8    3.1832551629634263e-11
120.9    3.134572523224363e-11
121.    3.086432378787492e-11
121.1    3.038830664023603e-11
121.2    2.9917633344698894e-11
121.3    2.9452263667284183e-11
121.4    2.8992157583576817e-11
121.5    2.8537275277682806e-11
121.6    2.808757714110473e-11
121.7    2.7643023771707675e-11
121.8    2.720357597258319e-11
121.9    2.6769194751032312e-11
122.    2.6339841317448178e-11
122.1    2.5915477084196504e-11
122.2    2.5496063664561988e-11
122.3    2.508156287164031e-11
122.4    2.4671936717245747e-11
122.5    2.4267147410796092e-11
122.6    2.3867157358226547e-11
122.7    2.3471929160873484e-11
122.8    2.3081425614404858e-11
122.9    2.2695609707639593e-11
123.    2.231444462153346e-11
123.1    2.193789372801444e-11
123.2    2.1565920588870783e-11
123.3    2.1198488954670188e-11
123.4    2.0835562763615446e-11
123.5    2.0477106140460767e-11
123.6    2.0123083395397764e-11
123.7    1.97734590229185e-11
123.8    1.9428197700742208e-11
123.9    1.9087264288645915e-11
124.    1.875062382742367e-11
124.1    1.841824153770885e-11
124.2    1.809008281891247e-11
124.3    1.7766113248061245e-11
124.4    1.7446298578735666e-11
124.5    1.713060473994283e-11
124.6    1.6818997834984256e-11
124.7    1.6511444140371125e-11
124.8    1.6207910104730035e-11
124.9    1.5908362347652613e-11
125.    1.5612767658637534e-11
125.1    1.53210929959482e-11
125.2    1.503330548554131e-11
125.3    1.4749372419953597e-11
125.4    1.4469261257168465e-11
125.5    1.4192939619600548e-11
125.6    1.3920375292923803e-11
125.7    1.3651536225017486e-11
125.8    1.3386390524837716e-11
125.9    1.3124906461390964e-11
126.    1.286705246259903e-11
126.1    1.2612797114203713e-11
126.2    1.2362109158726958e-11
126.3    1.2114957494358552e-11
126.4    1.1871311173923324e-11
126.5    1.1631139403732563e-11
126.6    1.1394411542574063e-11
126.7    1.1161097100643915e-11
126.8    1.0931165738423227e-11
126.9    1.0704587265690656e-11
127.    1.0481331640408956e-11
127.1    1.0261368967697628e-11
127.2    1.004466949873743e-11
127.3    9.831203629805553e-12
127.4    9.620941901126905e-12
127.5    9.413854995915004e-12
127.6    9.209913739275794e-12
127.7    9.009089097227312e-12
127.8    8.811352175607445e-12
127.9    8.616674219075498e-12
128.    8.425026610121277e-12
128.1    8.236380867964455e-12
128.2    8.050708647622057e-12
128.3    7.867981738858477e-12
128.4    7.688172065151181e-12
128.5    7.51125168274908e-12
128.6    7.337192779615298e-12
128.7    7.165967674469613e-12
128.8    6.997548815777822e-12
128.9    6.831908780780585e-12
129.    6.669020274483284e-12
129.1    6.50885612871812e-12
129.2    6.3513893011257145e-12
129.3    6.196592874251798e-12
129.4    6.0444400544885664e-12
129.5    5.894904171221052e-12
129.6    5.7479586757780746e-12
129.7    5.603577140569723e-12
129.8    5.46173325805848e-12
129.9    5.3224008398867175e-12
130.    5.1855538159186474e-12
130.1    5.0511662332696235e-12
130.2    4.919212255455627e-12
130.3    4.789666161442159e-12
130.4    4.6625023446721944e-12
130.5    4.537695312277695e-12
130.6    4.415219684047618e-12
130.7    4.295050191612264e-12
130.8    4.1771616775187004e-12
130.9    4.061529094359079e-12
131.    3.948127503853505e-12
131.1    3.836932075999574e-12
131.2    3.727918088186733e-12
131.3    3.6210609243646114e-12
131.4    3.5163360741092473e-12
131.5    3.413719131835924e-12
131.6    3.3131857959082872e-12
131.7    3.2147118678142812e-12
131.8    3.1182732512987415e-12
131.9    3.0238459515680824e-12
132.    2.9314060744252174e-12
132.1    2.8409298254519476e-12
132.2    2.7523935092234747e-12
132.3    2.665773528468551e-12
132.4    2.581046383226519e-12
132.5    2.4981886701445495e-12
132.6    2.4171770815815832e-12
132.7    2.3379884048711403e-12
132.8    2.260599521531447e-12
132.9    2.1849874064989675e-12
133.    2.111129127303314e-12
133.1    2.0390018433645865e-12
133.2    1.968582805205633e-12
133.3    1.8998493536761723e-12
133.4    1.832778919239681e-12
133.5    1.7673490212283335e-12
133.6    1.7035372670614118e-12
133.7    1.64132135156267e-12
133.8    1.580679056193872e-12
133.9    1.5215882483973713e-12
134.    1.4640268808004792e-12
134.1    1.407972990561573e-12
134.2    1.3534046986594799e-12
134.3    1.300300209168141e-12
134.4    1.248637808622141e-12
134.5    1.1983958652755652e-12
134.6    1.149552828429661e-12
134.7    1.1020872278295238e-12
134.8    1.0559776728761653e-12
134.9    1.0112028520703361e-12
135.    9.677415323083028e-13
135.1    9.255725582641367e-13
135.2    8.846748516758772e-13
135.3    8.450274108101509e-13
135.4    8.066093097196772e-13
135.5    7.69399697731391e-13
135.6    7.333777987313317e-13
135.7    6.985229106007011e-13
135.8    6.648144045790156e-13
135.9    6.322317247051047e-13
136.    6.007543871721396e-13
136.1    5.703619797585513e-13
136.2    5.410341612490504e-13
136.3    5.127506608434846e-13
136.4    4.854912775894921e-13
136.5    4.592358798277211e-13
136.6    4.3396440458559777e-13
136.7    4.0965685707395474e-13
136.8    3.8629331013167443e-13
136.9    3.6385390363367654e-13
137.    3.423188440050433e-13
137.1    3.2166840365663017e-13
137.2    3.018829204997449e-13
137.3    2.829427973396791e-13
137.4    2.6482850148945046e-13
137.5    2.475205641136071e-13
137.6    2.309995798568108e-13
137.7    2.1524620626729978e-13
137.8    2.0024116331190718e-13
137.9    1.85965232928425e-13
138.    1.7239925848298353e-13
138.1    1.5952414437185416e-13
138.2    1.473208554769332e-13
138.3    1.3577041676128613e-13
138.4    1.2485391277188696e-13
138.5    1.1455248719993773e-13
138.6    1.048473424412316e-13
138.7    9.571973912428951e-14
138.8    8.715099574153598e-14
138.9    7.912248812995515e-14
139.    7.161564910561413e-14
139.1    6.461196804546574e-14
139.2    5.809299044718721e-14
139.3    5.204031751149617e-14
139.4    4.6435605787639406e-14
139.5    4.126056673057547e-14
139.6    3.6496966328231365e-14
139.7    3.2126624695734815e-14
139.8    2.813141573996723e-14
139.9    2.449326674042378e-14
140.    2.1194157967998064e-14
140.1    1.8216122374686742e-14
140.2    1.554124517573424e-14
140.3    1.3151663535933576e-14
140.4    1.1029566197648275e-14
140.5    9.157193142321152e-15
140.6    7.516835248430614e-15
140.7    6.090833959522538e-15
140.8    4.861580962778496e-15
140.9    3.811730181027531e-15
141.    2.925926132045293e-15
141.1    2.189926833021858e-15
141.2    1.5895872111360729e-15
141.3    1.1108491328190472e-15
141.4    7.397409561982433e-16
141.5    4.623771783896694e-16
141.6    2.6495808375436163e-16
141.7    1.3376930354972649e-16
141.8    5.5181546082265143e-17
141.9    1.5650131808889247e-17
142.    1.714696236505214e-18
