0.1    2.8643839183356752e-8
0.2    5.6003953858588175e-8
0.30000000000000004    8.211275792188495e-8
0.4    1.0700256064271379e-7
0.5    1.30705522576652e-7
0.6    1.5325361474036985e-7
0.7000000000000001    1.7467858088596267e-7
0.8    1.9501190271838658e-7
0.9    2.142847679060859e-7
1.    2.3252804074102623e-7
1.1    2.497722353102648e-7
1.2000000000000002    2.660474910469095e-7
1.3000000000000003    2.8138355053384014e-7
1.4000000000000001    2.958097394389018e-7
1.5000000000000002    3.093549484654221e-7
1.6    3.2204761720688005e-7
1.7000000000000002    3.339157197993394e-7
1.8000000000000003    3.4498675226988713e-7
1.9000000000000001    3.552877214837692e-7
2.    3.6484513559721627e-7
2.1    3.7368499592708615e-7
2.2    3.818327901524392e-7
2.3000000000000003    3.8931348676700287e-7
2.4000000000000004    3.961515307051784e-7
2.5000000000000004    4.0237084006779514e-7
2.6    4.079948038772533e-7
2.7    4.1304628079497236e-7
2.8000000000000003    4.1754759873724514e-7
2.9000000000000004    4.2152055532862923e-7
3.0000000000000004    4.249864191349402e-7
3.1    4.279659316207178e-7
3.2    4.304793097787386e-7
3.3000000000000003    4.3254624938173783e-7
3.4000000000000004    4.341859288089957e-7
3.5000000000000004    4.3541701340282556e-7
3.6    4.3625766031229485e-7
3.7    4.367255237837075e-7
3.8000000000000003    4.368377608594818e-7
3.9000000000000004    4.3661103744907076e-7
4.    4.3606153473751287e-7
4.1    4.3520495589905343e-7
4.2    4.3405653308503844e-7
4.3    4.326310346569978e-7
4.3999999999999995    4.3094277263744133e-7
4.5    4.2900561035245714e-7
4.6    4.268329702416826e-7
4.7    4.2443784181263034e-7
4.8    4.2183278971772396e-7
4.9    4.1902996193367704e-7
5.    4.160410980240972e-7
5.1    4.1287753746736895e-7
5.2    4.0955022782320145e-7
5.3    4.0606970964955514e-7
5.4    4.024461019983459e-7
5.5    3.986891555003728e-7
5.6    3.948082672843641e-7
5.7    3.908124891829676e-7
5.8    3.8671053591247406e-7
5.9    3.825107932163747e-7
6.    3.7822132596349537e-7
6.1    3.7384988619207604e-7
6.2    3.694039210917747e-7
6.3    3.648905809161441e-7
6.4    3.6031672681871936e-7
6.5    3.556889386063763e-7
6.6    3.510135224041512e-7
6.7    3.462965182262121e-7
6.8    3.415437074481447e-7
6.9    3.367606201761729e-7
7.    3.319525425093661e-7
7.1    3.2712452369129824e-7
7.2    3.2228138314801624e-7
7.3    3.1742771740953776e-7
7.4    3.12567906912465e-7
7.5    3.0770612268161494e-7
7.6    3.028463328888958e-7
7.7    2.979923092879449e-7
7.8    2.93147633523326e-7
7.9    2.8831570331334587e-7
8.    2.8349973850579653e-7
8.1    2.787027870061548e-7
8.2    2.7392773057800034e-7
8.3    2.691772905155972e-7
8.4    2.644540331887909e-7
8.5    2.5976037546053544e-7
8.6    2.5509858997753575e-7
8.7    2.5047081033464304e-7
8.8    2.458790361137775e-7
8.9    2.4132513779828577e-7
9.    2.368108615637635e-7
9.1    2.3233783394648015e-7
9.2    2.279075663906455e-7
9.3    2.2352145967585363e-7
9.4    2.1918080822612034e-7
9.5    2.1488680430201268e-7
9.6    2.106405420774321e-7
9.700000000000001    2.0644302160268413e-7
9.8    2.022951526555151e-7
9.9    1.9819775848185058e-7
10.    1.941515794280181e-7
10.1    1.901572764662656e-7
10.200000000000001    1.8621543461542983e-7
10.3    1.82326566258634e-7
10.4    1.7849111435991314e-7
10.5    1.7470945558169447e-7
10.6    1.7098190330506678e-7
10.700000000000001    1.6730871055478867e-7
10.8    1.636900728309942e-7
10.9    1.6012613084955479e-7
11.    1.5661697319306145e-7
11.1    1.5316263887439088e-7
11.200000000000001    1.4976311981480842e-7
11.3    1.4641836323856352e-7
11.4    1.431282739859141e-7
11.5    1.3989271674651446e-7
11.6    1.3671151821508029e-7
11.700000000000001    1.3358446917123493e-7
11.8    1.3051132648542036e-7
11.9    1.274918150527397e-7
12.    1.2452562965657816e-7
12.1    1.216124367638286e-7
12.200000000000001    1.1875187625352165e-7
12.3    1.1594356308064436e-7
12.4    1.1318708887689975e-7
12.5    1.1048202349013601e-7
12.6    1.0782791646415394e-7
12.700000000000001    1.0522429846056297e-7
12.8    1.0267068262434166e-7
12.9    1.0016656589471918e-7
13.    9.7711430262975e-8
13.1    9.530474397871896e-8
13.200000000000001    9.294596270618792e-8
13.3    9.063453063206592e-8
13.4    8.836988152630299e-8
13.5    8.61514397573823e-8
13.6    8.397862126344885e-8
13.700000000000001    8.185083448069374e-8
13.8    7.976748123034412e-8
13.9    7.772795756559416e-8
14.    7.573165457977098e-8
14.1    7.377795917700733e-8
14.200000000000001    7.186625480665888e-8
14.3    6.999592216267846e-8
14.4    6.816633984912895e-8
14.5    6.63768850129851e-8
14.6    6.462693394535511e-8
14.700000000000001    6.291586265221045e-8
14.8    6.124304739570061e-8
14.9    5.960786520708864e-8
15.    5.800969437232421e-8
15.1    5.64479148912414e-8
15.200000000000001    5.4921908911340804e-8
15.3    5.343106113709414e-8
15.4    5.197475921567679e-8
15.5    5.055239410001619e-8
15.6    4.916336039001292e-8
15.700000000000001    4.780705665277098e-8
15.8    4.648288572264847e-8
15.9    4.519025498191587e-8
16.    4.3928576622785553e-8
16.1    4.269726789155738e-8
16.200000000000003    4.149575131559722e-8
16.3    4.032345491384828e-8
16.400000000000002    3.917981239155053e-8
16.500000000000004    3.806426331982657e-8
16.6    3.697625330076681e-8
16.700000000000003    3.5915234118631295e-8
16.8    3.488066387776327e-8
16.900000000000002    3.387200712779304e-8
17.000000000000004    3.2888734976687776e-8
17.1    3.1930325192191005e-8
17.200000000000003    3.099626229217075e-8
17.3    3.008603762438384e-8
17.400000000000002    2.9199149436143528e-8
17.500000000000004    2.8335102934362214e-8
17.6    2.74934103364248e-8
17.700000000000003    2.6673590912333354e-8
17.8    2.587517101854582e-8
17.900000000000002    2.50976841239214e-8
18.000000000000004    2.4340670828165308e-8
18.1    2.3603678873155464e-8
18.200000000000003    2.288626314751834e-8
18.3    2.2187985684808226e-8
18.400000000000002    2.150841565563108e-8
18.500000000000004    2.0847129354041256e-8
18.6    2.0203710178527953e-8
18.700000000000003    1.9577748607895824e-8
18.8    1.8968842172332207e-8
18.900000000000002    1.8376595419943076e-8
19.000000000000004    1.7800619879028544e-8
19.1    1.724053401635798e-8
19.200000000000003    1.6695963191694648e-8
19.300000000000004    1.6166539608810387e-8
19.400000000000002    1.5651902263220447e-8
19.500000000000004    1.5151696886859253e-8
19.6    1.4665575889910364e-8
19.700000000000003    1.4193198299992018e-8
19.800000000000004    1.3734229698895146e-8
19.900000000000002    1.3288342157058852e-8
20.000000000000004    1.2855214165962936e-8
20.1    1.2434530568607876e-8
20.200000000000003    1.2025982488246411e-8
20.300000000000004    1.1629267255522347e-8
20.400000000000002    1.1244088334166352e-8
20.500000000000004    1.0870155245391672e-8
20.6    1.0507183491125363e-8
20.700000000000003    1.0154894476205212e-8
20.800000000000004    9.813015429666432e-9
20.900000000000002    9.48127932523583e-9
21.000000000000004    9.159424801145768e-9
21.1    8.847196079375313e-9
21.200000000000003    8.54434288441945e-9
21.300000000000004    8.250620361684341e-9
21.400000000000002    7.96578899559855e-9
21.500000000000004    7.689614527529e-9
21.6    7.421867873583261e-9
21.700000000000003    7.1623250423764505e-9
21.800000000000004    6.910767052837262e-9
21.900000000000002    6.666979852122428e-9
22.000000000000004    6.4307542337055354e-9
22.1    6.20188575570413e-9
22.200000000000003    5.980174659501538e-9
22.300000000000004    5.765425788720447e-9
22.400000000000002    5.557448508599795e-9
22.500000000000004    5.356056625823131e-9
22.6    5.161068308845462e-9
22.700000000000003    4.972306008760175e-9
22.800000000000004    4.789596380747025e-9
22.900000000000002    4.612770206137867e-9
23.000000000000004    4.44166231513526e-9
23.1    4.276111510215998e-9
23.200000000000003    4.115960490249962e-9
23.300000000000004    3.961055775361081e-9
23.400000000000002    3.811247632556713e-9
23.500000000000004    3.666390002148608e-9
23.6    3.526340424986372e-9
23.700000000000003    3.3909599705238995e-9
23.800000000000004    3.2601131657355647e-9
23.900000000000002    3.133667924898975e-9
24.000000000000004    3.011495480257824e-9
24.1    2.8934703135783786e-9
24.200000000000003    2.7794700886104465e-9
24.300000000000004    2.669375584462795e-9
24.400000000000002    2.5630706299014026e-9
24.500000000000004    2.4604420385781615e-9
24.6    2.3613795451953188e-9
24.700000000000003    2.265775742611386e-9
24.800000000000004    2.173526019891343e-9
24.900000000000002    2.0845285013044146e-9
25.000000000000004    1.998683986270964e-9
25.1    1.9158958902589163e-9
25.200000000000003    1.8360701866302935e-9
25.300000000000004    1.7591153494357958e-9
25.400000000000002    1.6849422971570546e-9
25.500000000000004    1.6134643373925849e-9
25.6    1.5445971124852778e-9
25.700000000000003    1.4782585460868798e-9
25.800000000000004    1.414368790655602e-9
25.900000000000002    1.3528501758809325e-9
26.000000000000004    1.2936271580308552e-9
26.1    1.2366262702144735e-9
26.200000000000003    1.1817760735543923e-9
26.300000000000004    1.1290071092608045e-9
26.400000000000002    1.0782518516002978e-9
26.500000000000004    1.0294446617516604e-9
26.6    9.825217425399974e-10
26.700000000000003    9.374210940408033e-10
26.800000000000004    8.940824700452482e-10
26.900000000000002    8.524473353773435e-10
27.000000000000004    8.12458824053687e-10
27.1    7.740616982761308e-10
27.200000000000003    7.372023082474642e-10
27.300000000000004    7.018285528001551e-10
27.400000000000002    6.678898408279372e-10
27.500000000000004    6.353370535100318e-10
27.6    6.04122507316887e-10
27.700000000000003    5.741999177878721e-10
27.800000000000004    5.455243640692318e-10
27.900000000000002    5.180522542022331e-10
28.000000000000004    4.917412911499055e-10
28.1    4.665504395523545e-10
28.200000000000003    4.424398931988964e-10
28.300000000000004    4.193710432064443e-10
28.400000000000002    3.9730644689289476e-10
28.500000000000004    3.76209797334822e-10
28.6    3.560458935980841e-10
28.700000000000003    3.367806116304314e-10
28.800000000000004    3.183808758053756e-10
28.900000000000002    3.0081463110614243e-10
29.000000000000004    2.8405081593852437e-10
29.1    2.6805933556241275e-10
29.200000000000003    2.5281103613073826e-10
29.300000000000004    2.3827767932486277e-10
29.400000000000002    2.2443191757644845e-10
29.500000000000004    2.1124726986435495e-10
29.6    1.9869809807656993e-10
29.700000000000003    1.8675958392652698e-10
29.800000000000004    1.7540770641359155e-10
29.900000000000002    1.6461921981687572e-10
30.000000000000004    1.543716322131062e-10
30.1    1.4464318450771207e-10
30.200000000000003    1.3541282996948098e-10
30.300000000000004    1.2666021425881774e-10
30.400000000000002    1.1836565593985717e-10
30.500000000000004    1.1051012746690665e-10
30.6    1.0307523663549884e-10
30.700000000000003    9.604320848876128e-11
30.800000000000004    8.939686766961393e-11
30.900000000000002    8.31196212101345e-11
31.000000000000004    7.719544174824235e-11
31.1    7.160885116355602e-11
31.200000000000003    6.634490462317479e-11
31.300000000000004    6.138917502874251e-11
31.400000000000002    5.6727737856377574e-11
31.500000000000004    5.234715638112593e-11
31.6    4.8234467277297674e-11
31.700000000000003    4.4377166586786034e-11
31.800000000000004    4.076319604755299e-11
31.900000000000002    3.73809297737298e-11
32.    3.4219161280190895e-11
32.1    3.1267090843667575e-11
32.2    2.8514313192769852e-11
32.300000000000004    2.5950805520031634e-11
32.400000000000006    2.356691580781167e-11
32.5    2.1353351462079393e-11
32.6    1.9301168245902753e-11
32.7    1.7401759506611885e-11
32.800000000000004    1.5646845689621656e-11
32.900000000000006    1.4028464131903406e-11
33.    1.2538959129243694e-11
33.1    1.1170972270338073e-11
33.2    9.917433031910729e-12
33.300000000000004    8.771549628090448e-12
33.400000000000006    7.726800108793041e-12
33.5    6.7769237005652934e-12
33.6    5.915912384366351e-12
33.7    5.138002704438927e-12
33.800000000000004    4.437667803060087e-12
33.900000000000006    3.80960967514523e-12
34.    3.2487516378504903e-12
34.1    2.75023100971297e-12
34.2    2.3093919942645425e-12
34.300000000000004    1.9217787628950183e-12
34.400000000000006    1.5831287322926872e-12
34.5    1.2893660316673634e-12
34.6    1.0365951547764226e-12
34.7    8.210947922633357e-13
34.800000000000004    6.393118399289312e-13
34.900000000000006    4.878555782596522e-13
35.    3.6349201920337525e-13
35.1    2.631384155864125e-13
35.2    1.8385792938274688e-13
35.300000000000004    1.228544545078988e-13
35.400000000000006    7.746759046353777e-14
35.5    4.516776268348444e-14
35.6    2.3551486018323827e-14
35.7    1.0336767488661476e-14
35.800000000000004    3.358644928020493e-15
35.900000000000006    5.64857607088668e-16
36.    1.1645896814321759e-17
36.1    8.32800597647637e-19
