0.1    4.772471504999612e-9
0.2    1.894142366708034e-8
0.30000000000000004    4.228643682953138e-8
0.4    7.459000579228926e-8
0.5    1.1563751860180506e-7
0.6    1.652172352431194e-7
0.7000000000000001    2.2312026624093523e-7
0.8    2.891405511763286e-7
0.9    3.6307483712559006e-7
1.    4.4472265702753993e-7
1.1    5.33886307985521e-7
1.2000000000000002    6.303708295101298e-7
1.3000000000000003    7.339839817086069e-7
1.4000000000000001    8.44536223426673e-7
1.5000000000000002    9.618406903484635e-7
1.6    1.0857131730600736e-6
1.7000000000000002    1.215972095082117e-6
1.8000000000000003    1.3524384908765457e-6
1.9000000000000001    1.494935983832875e-6
2.    1.6432907642388294e-6
2.1    1.797331567240294e-6
2.2    1.9568896507953497e-6
2.3000000000000003    2.121798773627047e-6
2.4000000000000004    2.2918951731794606e-6
2.5000000000000004    2.467017543581445e-6
2.6    2.6470070136224224e-6
2.7    2.8317071247443966e-6
2.8000000000000003    3.020963809054297e-6
2.9000000000000004    3.214625367360647e-6
3.0000000000000004    3.412542447238461e-6
3.1    3.614568021126129e-6
3.2    3.820557364458019e-6
3.3000000000000003    4.030368033836341e-6
3.4000000000000004    4.2438598452458175e-6
3.5000000000000004    4.460894852314515e-6
3.6    4.6813373246241776e-6
3.7    4.9050537260732666e-6
3.8000000000000003    5.13191269329581e-6
3.9000000000000004    5.361785014139145e-6
4.    5.594543606203457e-6
4.1    5.830063495446028e-6
4.2    6.068221794852927e-6
4.3    6.30889768318089e-6
4.3999999999999995    6.55197238377197e-6
4.5    6.797329143443543e-6
4.6    7.044853211456086e-6
4.7    7.294431818561156e-6
4.8    7.545954156131843e-6
4.9    7.799311355378004e-6
5.    8.054396466648344e-6
5.1    8.311104438821575e-6
5.2    8.569332098788533e-6
5.3    8.828978131027357e-6
5.4    9.089943057273503e-6
5.5    9.352129216286544e-6
5.6    9.61544074371538e-6
5.7    9.879783552063708e-6
5.8    0.000010145065310757274
5.9    0.000010411195426314572
6.    0.000010678085022622443
6.1    0.000010945646921318118
6.2    0.000011213795622279035
6.3    0.0000114824472842218
6.4    0.000011751519705411674
6.5    0.000012020932304483656
6.6    0.000012290606101376563
6.7    0.000012560463698381076
6.8    0.000012830429261302882
6.9    0.000013100428500742088
7.    0.000013370388653489655
7.1    0.000013640238464042032
7.2    0.000013909908166234723
7.3    0.00001417932946499573
7.4    0.000014448435518219673
7.5    0.000014717160918763281
7.6    0.000014985441676563099
7.7    0.000015253215200875962
7.8    0.000015520420282642968
7.9    0.000015786997076977543
8.    0.000016052887085778082
8.1    0.000016318033140465793
8.2    0.000016582379384848174
8.3    0.00001684587125810857
8.4    0.00001710845547792222
8.5    0.000017370080023699274
8.6    0.00001763069411995491
8.7    0.00001789024821980712
8.8    0.00001814869398860223
8.9    0.00001840598428766852
9.    0.000018662073158198167
9.1    0.0000189169158052576
9.2    0.000019170468581926527
9.3    0.000019422688973565687
9.4    0.00001967353558221347
9.5    0.00001992296811111151
9.6    0.00002017094734935913
9.700000000000001    0.00002041743515669696
9.8    0.000020662394448419314
9.9    0.000020905789180415703
10.    0.000021147584334341184
10.1    0.00002138774590291545
10.200000000000001    0.000021626240875350735
10.3    0.000021863037222908228
10.4    0.00002209810388458294
10.5    0.000022331410752916875
10.6    0.000022562928659940165
10.700000000000001    0.000022792629363240198
10.8    0.000023020485532158264
10.9    0.00002324647073411366
11.    0.000023470559421054836
11.1    0.0000236927269160374
11.200000000000001    0.000023912949399928646
11.3    0.00002413120389823821
11.4    0.000024347468268074672
11.5    0.00002456172118522759
11.6    0.000024773942131374642
11.700000000000001    0.000024984111381413553
11.8    0.000025192209990918346
11.9    0.000025398219783719452
12.    0.000025602123339607397
12.1    0.000025803903982159456
12.200000000000001    0.000026003545766688866
12.3    0.00002620103346831629
12.4    0.00002639635257016272
12.5    0.000026589489251663643
12.6    0.00002678043037700379
12.700000000000001    0.000026969163483671965
12.8    0.000027155676771135484
12.9    0.000027339959089633623
13.    0.000027521999929089595
13.1    0.0000277017894081404
13.200000000000001    0.00002787931826328403
13.3    0.000028054577838143473
13.4    0.00002822756007284694
13.5    0.000028398257493523575
13.6    0.000028566663201914275
13.700000000000001    0.000028732770865096828
13.8    0.000028896574705324724
13.9    0.000029058069489979267
14.    0.000029217250521634025
14.1    0.000029374113628231255
14.200000000000001    0.00002952865515336938
14.3    0.00002968087194670116
14.4    0.000029830761354441712
14.5    0.000029978321209985666
14.6    0.000030123549824633047
14.700000000000001    0.000030266445978422874
14.8    0.000030407008911074036
14.9    0.00003054523831303268
15.    0.000030681134316625435
15.1    0.000030814697487317685
15.200000000000001    0.000030945928815076435
15.3    0.0000310748297058367
15.4    0.0000312014019730711
15.5    0.000031325647829461756
15.6    0.000031447569878673655
15.700000000000001    0.000031567171107229024
15.8    0.000031684454876481964
15.9    0.000031799424914692365
16.    0.000031912085309198645
16.1    0.00003202244049868856
16.200000000000003    0.00003213049526556722
16.3    0.000032236254728421734
16.400000000000002    0.000032339724334581664
16.500000000000004    0.000032440909852774605
16.6    0.000032539817365876095
16.700000000000003    0.00003263645326375329
16.8    0.00003273082423620143
16.900000000000002    0.00003282293726597261
17.000000000000004    0.000032912799621895776
17.1    0.000033000418852087775
17.200000000000003    0.00003308580277725418
17.3    0.00003316895948407928
17.400000000000002    0.000033249897318704786
17.500000000000004    0.00003332862488029631
17.6    0.00003340515101469664
17.700000000000003    0.00003347948480816566
17.8    0.00003355163558120567
17.900000000000002    0.0000336216128824715
18.000000000000004    0.000033689426482764986
18.1    0.000033755086369112604
18.200000000000003    0.00003381860273892587
18.3    0.000033879985994243634
18.400000000000002    0.00003393924673605569
18.500000000000004    0.000033996395758706715
18.6    0.0000340514440443801
18.700000000000003    0.000034104402757660716
18.8    0.000034155283240176146
18.900000000000002    0.000034204097005315306
19.000000000000004    0.00003425085573302419
19.1    0.00003429557126467761
19.200000000000003    0.00003433825559802647
19.300000000000004    0.000034378920882219806
19.400000000000002    0.00003441757941290074
19.500000000000004    0.00003445424362737603
19.6    0.00003448892609985795
19.700000000000003    0.000034521639536778296
19.800000000000004    0.00003455239677217362
19.900000000000002    0.00003458121076314087
20.000000000000004    0.000034608094585363045
20.1    0.00003463306142870384
20.200000000000003    0.00003465612459279376
20.300000000000004    0.000034677297480263316
20.400000000000002    0.00003469659357967279
20.500000000000004    0.000034714026463958995
20.6    0.000034729609777387755
20.700000000000003    0.000034743357229049234
20.800000000000004    0.00003475528260432355
20.900000000000002    0.000034765399761032616
21.000000000000004    0.00003477372262763672
21.1    0.00003478026520103571
21.200000000000003    0.00003478504154869809
21.300000000000004    0.000034788065805277514
21.400000000000002    0.00003478935216906426
21.500000000000004    0.000034788914898495904
21.6    0.0000347867683087264
21.700000000000003    0.000034782926768253245
21.800000000000004    0.000034777404695601625
21.900000000000002    0.000034770216556065344
22.000000000000004    0.0000347613768585038
22.1    0.000034750900152194276
22.200000000000003    0.000034738801023739125
22.300000000000004    0.00003472509409402711
22.400000000000002    0.000034709794015248295
22.500000000000004    0.00003469291546796202
22.6    0.00003467447315821733
22.700000000000003    0.00003465448181472505
22.800000000000004    0.00003463295618608126
22.900000000000002    0.000034609911038041306
23.000000000000004    0.00003458536115084404
23.1    0.00003455932131658537
23.200000000000003    0.00003453180633664091
23.300000000000004    0.00003450283101913677
23.400000000000002    0.000034472410176468486
23.500000000000004    0.000034440558622866825
23.6    0.00003440729117201053
23.700000000000003    0.000034372622634685023
23.800000000000004    0.000034336567816486854
23.900000000000002    0.000034299141515572947
24.000000000000004    0.000034260358520454705
24.1    0.000034220233607835625
24.200000000000003    0.000034178781540492754
24.300000000000004    0.00003413601706520076
24.400000000000002    0.000034091954910698457
24.500000000000004    0.00003404660978569726
24.6    0.0000339999963769308
24.700000000000003    0.00003395212934724561
24.800000000000004    0.00003390302333373179
24.900000000000002    0.000033852692945893734
25.000000000000004    0.00003380115276386009
25.1    0.0000337484173366324
25.200000000000003    0.00003369450118037227
25.300000000000004    0.00003363941877672613
25.400000000000002    0.00003358318457118746
25.500000000000004    0.000033525812971495836
25.6    0.00003346731834607232
25.700000000000003    0.000033407715022490734
25.800000000000004    0.000033347017285984416
25.900000000000002    0.00003328523937798787
26.000000000000004    0.00003322239549471298
26.1    0.00003315849978575918
26.200000000000003    0.00003309356635275715
26.300000000000004    0.00003302760924804591
26.400000000000002    0.000032960642473382224
26.500000000000004    0.00003289267997868254
26.6    0.000032823735660796584
26.700000000000003    0.00003275382336231228
26.800000000000004    0.00003268295687039176
26.900000000000002    0.00003261114991563772
27.000000000000004    0.00003253841617098987
27.1    0.00003246476925065113
27.200000000000003    0.00003239022270904304
27.300000000000004    0.0000323147900397899
27.400000000000002    0.00003223848467473139
27.500000000000004    0.00003216131998296332
27.6    0.000032083309269905744
27.700000000000003    0.00003200446577639848
27.800000000000004    0.00003192480267782346
27.900000000000002    0.00003184433308325327
28.000000000000004    0.00003176307003462609
28.1    0.000031681026505945974
28.200000000000003    0.00003159821540250866
28.300000000000004    0.00003151464956015197
28.400000000000002    0.000031430341744531215
28.500000000000004    0.000031345304650418234
28.6    0.00003125955090102466
28.700000000000003    0.000031173093047348385
28.800000000000004    0.00003108594356754312
28.900000000000002    0.00003099811486631094
29.000000000000004    0.00003090961927431676
29.1    0.00003082046904762527
29.200000000000003    0.00003073067636715931
29.300000000000004    0.00003064025333817965
29.400000000000002    0.00003054921198978584
29.500000000000004    0.00003045756427443767
29.6    0.000030365322067497036
29.700000000000003    0.000030272497166789722
29.800000000000004    0.000030179101292187112
29.900000000000002    0.00003008514608520701
30.000000000000004    0.000029990643108633722
30.1    0.000029895603846156817
30.200000000000003    0.00002980003970202836
30.300000000000004    0.000029703962000738282
30.400000000000002    0.0000296073819867076
30.500000000000004    0.00002951031082399914
30.6    0.00002941275959604554
30.700000000000003    0.00002931473930539419
30.800000000000004    0.00002921626087346892
30.900000000000002    0.00002911733514034791
31.000000000000004    0.00002901797286455778
31.1    0.00002891818472288359
31.200000000000003    0.000028817981310194157
31.300000000000004    0.0000287173731392829
31.400000000000002    0.00002861637064072342
31.500000000000004    0.000028514984162740037
31.6    0.000028413223971092663
31.700000000000003    0.00002831110024897589
31.800000000000004    0.000028208623096932085
31.900000000000002    0.00002810580253277812
32.    0.000028002648491545572
32.1    0.000027899170825434065
32.2    0.000027795379303777624
32.300000000000004    0.00002769128361302371
32.400000000000006    0.000027586893356724676
32.5    0.000027482218055541514
32.6    0.00002737726714725947
32.7    0.000027272049986815664
32.800000000000004    0.000027166575846337872
32.900000000000006    0.000027060853915194985
33.    0.000026954893300058263
33.1    0.000026848703024973632
33.2    0.0000267422920314445
33.300000000000004    0.00002663566917852506
33.400000000000006    0.00002652884324292386
33.5    0.00002642182291911719
33.6    0.00002631461681947248
33.7    0.000026207233474381184
33.800000000000004    0.000026099681332400982
33.900000000000006    0.000025991968760407383
34.    0.000025884104043754127
34.1    0.000025776095386442372
34.2    0.000025667950911298718
34.300000000000004    0.00002555967866016141
34.400000000000006    0.000025451286594074824
34.5    0.000025342782593492145
34.6    0.000025234174458485692
34.7    0.00002512546990896506
34.800000000000004    0.000025016676584902804
34.900000000000006    0.000024907802046567315
35.    0.00002479885377476297
35.1    0.0000246898391710772
35.2    0.000024580765558134527
35.300000000000004    0.000024471640179856937
35.400000000000006    0.000024362470201731204
35.5    0.000024253262711082146
35.6    0.00002414402471735217
35.7    0.000024034763152386985
35.800000000000004    0.000023925484870727
35.900000000000006    0.000023816196649904474
36.    0.000023706905190746275
36.1    0.000023597617117681973
36.2    0.0000234883389790573
36.300000000000004    0.00002337907724745259
36.400000000000006    0.000023269838320006357
36.5    0.000023160628518743573
36.6    0.000023051454090908745
36.7    0.000022942321209303484
36.800000000000004    0.00002283323597262855
36.900000000000006    0.00002272420440583024
37.    0.000022615232460450797
37.1    0.00002250632601498299
37.2    0.000022397490875228624
37.300000000000004    0.000022288732774660755
37.400000000000006    0.00002218005737478952
37.5    0.000022071470265531796
37.6    0.00002196297696558387
37.7    0.00002185458292279784
37.800000000000004    0.000021746293514560867
37.900000000000006    0.00002163811404817781
38.    0.000021530049761256532
38.1    0.0000214221058220963
38.2    0.000021314287330078848
38.300000000000004    0.00002120659931606212
38.400000000000006    0.000021099046742776478
38.50000000000001    0.000020991634505223474
38.6    0.000020884367431076764
38.7    0.00002077725028108558
38.800000000000004    0.0000206702877494799
38.900000000000006    0.00002056348446437816
39.00000000000001    0.000020456844988196416
39.1    0.000020350373818059864
39.2    0.000020244075386215585
39.300000000000004    0.000020137954060447402
39.400000000000006    0.00002003201414449218
39.50000000000001    0.00001992625987845747
39.6    0.00001982069543924076
39.7    0.000019715324940950002
39.800000000000004    0.00001961015243532524
39.900000000000006    0.000019505181912161665
40.00000000000001    0.000019400417299733452
40.1    0.000019295862465218855
40.2    0.000019191521215125947
40.300000000000004    0.000019087397295719603
40.400000000000006    0.000018983494393448778
40.50000000000001    0.000018879816135374885
40.6    0.00001877636608960055
40.7    0.00001867314776569903
40.800000000000004    0.000018570164615144094
40.900000000000006    0.000018467420031740297
41.00000000000001    0.000018364917352053667
41.1    0.000018262659855842583
41.2    0.000018160650766488947
41.300000000000004    0.00001805889325142946
41.400000000000006    0.000017957390422587043
41.50000000000001    0.000017856145336802217
41.6    0.000017755160996264577
41.7    0.00001765444034894398
41.800000000000004    0.00001755398628902182
41.900000000000006    0.0000174538016573219
42.00000000000001    0.000017353889241741194
42.1    0.00001725425177768023
42.2    0.000017154891948473074
42.300000000000004    0.000017055812385817
42.400000000000006    0.000016957015670201567
42.50000000000001    0.000016858504331337336
42.6    0.00001676028084858377
42.7    0.000016662347651376874
42.800000000000004    0.00001656470711965578
42.900000000000006    0.000016467361584288966
43.00000000000001    0.000016370313327499486
43.1    0.00001627356458328955
43.2    0.00001617711753786408
43.300000000000004    0.000016080974330053655
43.400000000000006    0.00001598513705173632
43.50000000000001    0.000015889607748258423
43.6    0.000015794388418854627
43.7    0.00001569948101706667
43.800000000000004    0.000015604887451161218
43.900000000000006    0.000015510609584546447
44.00000000000001    0.000015416649236187607
44.1    0.000015323008181021302
44.2    0.000015229688150368597
44.300000000000004    0.000015136690832346827
44.400000000000006    0.000015044017872280145
44.50000000000001    0.000014951670873108786
44.6    0.000014859651395796882
44.7    0.00001476796095973896
44.800000000000004    0.000014676601043165015
44.900000000000006    0.000014585573083544175
45.00000000000001    0.000014494878477986778
45.1    0.000014404518583645138
45.2    0.00001431449471811256
45.300000000000004    0.000014224808159821082
45.400000000000006    0.000014135460148437307
45.50000000000001    0.00001404645188525701
45.6    0.000013957784533597724
45.7    0.000013869459219190058
45.800000000000004    0.000013781477030567051
45.900000000000006    0.000013693839019452018
46.00000000000001    0.000013606546201144592
46.1    0.000013519599554905064
46.2    0.000013433000024336927
46.300000000000004    0.000013346748517767756
46.400000000000006    0.000013260845908628177
46.50000000000001    0.000013175293035829041
46.6    0.000013090090704136937
46.7    0.000013005239684547551
46.800000000000004    0.000012920740714657416
46.900000000000006    0.00001283659449903378
47.00000000000001    0.000012752801709582387
47.1    0.000012669362985913593
47.2    0.000012586278935706338
47.300000000000004    0.00001250355013507035
47.400000000000006    0.00001242117712890632
47.50000000000001    0.000012339160431264146
47.6    0.000012257500525699233
47.7    0.000012176197865626585
47.800000000000004    0.000012095252874673389
47.900000000000006    0.000012014665947029005
48.00000000000001    0.000011934437447793392
48.1    0.000011854567713323275
48.2    0.000011775057051576345
48.300000000000004    0.000011695905742453418
48.400000000000006    0.000011617114038138474
48.50000000000001    0.000011538682163436826
48.6    0.00001146061031611092
48.7    0.000011382898667214302
48.800000000000004    0.000011305547361423503
48.900000000000006    0.000011228556517367557
49.00000000000001    0.00001115192622795582
49.1    0.000011075656560703383
49.2    0.000010999747558054463
49.300000000000004    0.000010924199237703825
49.400000000000006    0.000010849011592915847
49.50000000000001    0.00001077418459284161
49.6    0.000010699718182833931
49.7    0.000010625612284760064
49.800000000000004    0.000010551866797312442
49.900000000000006    0.000010478481596317257
50.00000000000001    0.000010405456535040833
50.1    0.000010332791444493931
50.2    0.000010260486133733878
50.300000000000004    0.000010188540390164621
50.400000000000006    0.000010116953979834552
50.50000000000001    0.000010045726647732218
50.6    9.974858118079952e-6
50.7    9.904348094625272e-6
50.800000000000004    9.834196260930192e-6
50.900000000000006    9.764402280658375e-6
51.00000000000001    9.694965797860183e-6
51.1    9.625886437255472e-6
51.2    9.557163804514402e-6
51.300000000000004    9.488797486536e-6
51.400000000000006    9.42078705172463e-6
51.50000000000001    9.353132050264342e-6
51.6    9.285832014391028e-6
51.7    9.21888645866251e-6
51.800000000000004    9.152294880226492e-6
51.900000000000006    9.086056759086372e-6
52.00000000000001    9.020171558364945e-6
52.1    8.95463872456595e-6
52.2    8.889457687833589e-6
52.300000000000004    8.824627862209842e-6
52.400000000000006    8.760148645889748e-6
52.50000000000001    8.696019421474548e-6
52.6    8.63223955622273e-6
52.7    8.568808402298961e-6
52.800000000000004    8.505725297021053e-6
52.900000000000006    8.442989563104676e-6
53.00000000000001    8.380600508906072e-6
53.1    8.318557428662744e-6
53.2    8.256859602731964e-6
53.300000000000004    8.19550629782735e-6
53.400000000000006    8.134496767253315e-6
53.50000000000001    8.073830251137442e-6
53.6    8.01350597666085e-6
53.7    7.953523158286567e-6
53.800000000000004    7.893880997985795e-6
53.900000000000006    7.834578685462203e-6
54.00000000000001    7.775615398374156e-6
54.1    7.716990302554994e-6
54.2    7.65870255223128e-6
54.300000000000004    7.6007512902390025e-6
54.400000000000006    7.543135648237912e-6
54.50000000000001    7.485854746923719e-6
54.6    7.428907696238466e-6
54.7    7.372293595578813e-6
54.800000000000004    7.3160115340024755e-6
54.900000000000006    7.260060590432609e-6
55.00000000000001    7.204439833860308e-6
55.1    7.149148323545164e-6
55.2    7.094185109213923e-6
55.300000000000004    7.039549231257134e-6
55.400000000000006    6.985239720923994e-6
55.50000000000001    6.931255600515245e-6
55.6    6.87759588357416e-6
55.7    6.824259575075672e-6
55.800000000000004    6.77124567161363e-6
55.900000000000006    6.718553161586202e-6
56.00000000000001    6.666181025379329e-6
56.1    6.614128235548484e-6
56.2    6.562393756998465e-6
56.300000000000004    6.510976547161363e-6
56.400000000000006    6.45987555617285e-6
56.50000000000001    6.409089727046451e-6
56.6    6.358617995846174e-6
56.7    6.308459291857262e-6
56.800000000000004    6.258612537755181e-6
56.900000000000006    6.20907664977287e-6
57.00000000000001    6.159850537866178e-6
57.1    6.110933105877554e-6
57.2    6.062323251697992e-6
57.300000000000004    6.014019867427322e-6
57.400000000000006    5.966021839532612e-6
57.50000000000001    5.918328049004975e-6
57.6    5.87093737151468e-6
57.7    5.823848677564471e-6
57.800000000000004    5.777060832641288e-6
57.900000000000006    5.7305726973662615e-6
58.00000000000001    5.684383127643074e-6
58.1    5.638490974804639e-6
58.2    5.592895085758125e-6
58.300000000000004    5.547594303128398e-6
58.400000000000006    5.502587465399782e-6
58.50000000000001    5.457873407056203e-6
58.6    5.413450958719776e-6
58.7    5.369318947287758e-6
58.800000000000004    5.3254761960679055e-6
58.900000000000006    5.281921524912297e-6
59.00000000000001    5.23865375034956e-6
59.1    5.195671685715554e-6
59.2    5.152974141282475e-6
59.300000000000004    5.110559924386511e-6
59.400000000000006    5.068427839553853e-6
59.50000000000001    5.026576688625334e-6
59.6    4.985005270879419e-6
59.7    4.943712383153794e-6
59.800000000000004    4.902696819965448e-6
59.900000000000006    4.861957373629294e-6
60.00000000000001    4.8214928343752885e-6
60.1    4.7813019904641504e-6
60.2    4.741383628301591e-6
60.300000000000004    4.701736532551145e-6
60.400000000000006    4.662359486245587e-6
60.50000000000001    4.623251270896885e-6
60.6    4.584410666604805e-6
60.7    4.5458364521640985e-6
60.800000000000004    4.5075274051703305e-6
60.900000000000006    4.469482302124327e-6
61.00000000000001    4.4316999185352174e-6
61.1    4.394179029022249e-6
61.2    4.356918407415106e-6
61.300000000000004    4.319916826853012e-6
61.400000000000006    4.2831730598824895e-6
61.50000000000001    4.246685878553773e-6
61.6    4.210454054515952e-6
61.7    4.174476359110837e-6
61.800000000000004    4.138751563465519e-6
61.900000000000006    4.103278438583697e-6
62.00000000000001    4.068055755435659e-6
62.1    4.033082285047181e-6
62.2    3.998356798586989e-6
62.300000000000004    3.963878067453135e-6
62.400000000000006    3.929644863358131e-6
62.50000000000001    3.8956559584127815e-6
62.6    3.8619101252089635e-6
62.7    3.828406136901075e-6
62.800000000000004    3.795142767286446e-6
62.900000000000006    3.7621187908844253e-6
63.00000000000001    3.7293329830144507e-6
63.1    3.696784119872885e-6
63.2    3.6644709786087285e-6
63.300000000000004    3.632392337398214e-6
63.400000000000006    3.6005469755182803e-6
63.50000000000001    3.5689336734189216e-6
63.6    3.5375512127944507e-6
63.7    3.506398376653653e-6
63.800000000000004    3.4754739493888875e-6
63.900000000000006    3.4447767168440957e-6
64.    3.4143054663817093e-6
64.1    3.3840589869485947e-6
64.2    3.3540360691408877e-6
64.3    3.324235505267796e-6
64.39999999999999    3.2946560894143883e-6
64.5    3.265296617503369e-6
64.6    3.2361558873558726e-6
64.7    3.2072326987511613e-6
64.8    3.178525853485517e-6
64.89999999999999    3.150034155429901e-6
65.    3.1217564105868833e-6
65.1    3.093691427146498e-6
65.2    3.065838015541114e-6
65.3    3.038194988499456e-6
65.39999999999999    3.0107611610995917e-6
65.5    2.9835353508210943e-6
65.6    2.9565163775962104e-6
65.7    2.9297030638601186e-6
65.8    2.903094234600387e-6
65.89999999999999    2.876688717405417e-6
66.    2.8504853425120365e-6
66.1    2.824482942852323e-6
66.2    2.7986803540993956e-6
66.3    2.773076414712474e-6
66.39999999999999    2.747669965981058e-6
66.5    2.7224598520682444e-6
66.6    2.697444920053228e-6
66.7    2.6726240199729796e-6
66.8    2.6479960048631353e-6
66.89999999999999    2.623559730798017e-6
67.    2.5993140569299206e-6
67.1    2.5752578455275813e-6
67.2    2.551389962013849e-6
67.3    2.527709275002646e-6
67.39999999999999    2.5042146563350493e-6
67.5    2.480904981114745e-6
67.6    2.4577791277426486e-6
67.7    2.434835977950807e-6
67.8    2.4120744168355566e-6
67.89999999999999    2.389493332889999e-6
68.    2.3670916180356517e-6
68.1    2.3448681676535715e-6
68.2    2.322821880614551e-6
68.3    2.300951659308814e-6
68.39999999999999    2.2792564096748994e-6
68.5    2.257735041227916e-6
68.6    2.2363864670871296e-6
68.7    2.215209604002836e-6
68.8    2.1942033723826705e-6
68.89999999999999    2.1733666963171322e-6
69.    2.1526985036045875e-6
69.1    2.132197725775583e-6
69.2    2.111863298116509e-6
69.3    2.0916941596927043e-6
69.39999999999999    2.0716892533708677e-6
69.5    2.0518475258409287e-6
69.6    2.032167927637282e-6
69.7    2.012649413159428e-6
69.8    1.993290940692051e-6
69.89999999999999    1.974091472424473e-6
70.    1.955049974469586e-6
70.1    1.9361654168821743e-6
70.2    1.917436773676706e-6
70.3    1.8988630228445453e-6
70.39999999999999    1.8804431463706356e-6
70.5    1.8621761302496386e-6
70.6    1.8440609645015415e-6
70.7    1.8260966431867278e-6
70.8    1.808282164420526e-6
70.89999999999999    1.7906165303872593e-6
71.    1.7730987473537659e-6
71.1    1.755727825682437e-6
71.2    1.738502779843753e-6
71.3    1.7214226284283038e-6
71.39999999999999    1.7044863941583663e-6
71.5    1.6876931038989724e-6
71.6    1.6710417886685467e-6
71.7    1.654531483648992e-6
71.8    1.6381612281954355e-6
71.89999999999999    1.6219300658454102e-6
72.    1.6058370443276568e-6
72.1    1.5898812155704582e-6
72.2    1.5740616357095385e-6
72.3    1.5583773650955264e-6
72.39999999999999    1.5428274683010139e-6
72.5    1.5274110141271724e-6
72.6    1.51212707560996e-6
72.7    1.4969747300259142e-6
72.8    1.481953058897583e-6
72.89999999999999    1.4670611479984874e-6
73.    1.4522980873577535e-6
73.1    1.4376629712643154e-6
73.2    1.4231548982707666e-6
73.3    1.4087729711968207e-6
73.39999999999999    1.3945162971323886e-6
73.5    1.3803839874403148e-6
73.6    1.3663751577587426e-6
73.7    1.3524889280031038e-6
73.8    1.3387244223677847e-6
73.89999999999999    1.3250807693274462e-6
74.    1.3115571016379606e-6
74.1    1.2981525563370725e-6
74.2    1.2848662747446856e-6
74.3    1.2716974024628295e-6
74.39999999999999    1.258645089375331e-6
74.5    1.2457084896471143e-6
74.6    1.232886761723265e-6
74.7    1.2201790683276877e-6
74.8    1.2075845764615767e-6
74.89999999999999    1.195102457401483e-6
75.    1.1827318866971381e-6
75.1    1.1704720441689999e-6
75.2    1.158322113905466e-6
75.3    1.1462812842598528e-6
75.39999999999999    1.1343487478470764e-6
75.5    1.1225237015400493e-6
75.6    1.1108053464658308e-6
75.7    1.0991928880015251e-6
75.8    1.087685535769849e-6
75.89999999999999    1.0762825036345663e-6
76.    1.0649830096955196e-6
76.1    1.0537862762835703e-6
76.2    1.0426915299551555e-6
76.3    1.0316980014867077e-6
76.39999999999999    1.020804925868785e-6
76.5    1.0100115422999852e-6
76.6    9.993170941806483e-7
76.7    9.887208291062866e-7
76.8    9.782219988608586e-7
76.9    9.67819859409767e-7
77.    9.575136708927005e-7
77.1    9.473026976162128e-7
77.2    9.371862080461186e-7
77.3    9.271634747997362e-7
77.4    9.172337746378098e-7
77.5    9.07396388456391e-7
77.6    8.976506012783937e-7
77.7    8.879957022450543e-7
77.8    8.784309846071543e-7
77.9    8.689557457160922e-7
78.    8.595692870147535e-7
78.1    8.502709140282309e-7
78.2    8.41059936354358e-7
78.3    8.319356676540759e-7
78.4    8.228974256416404e-7
78.5    8.13944532074681e-7
78.6    8.050763127440573e-7
78.7    7.962920974636106e-7
78.8    7.875912200597574e-7
78.9    7.789730183608822e-7
79.    7.704368341866566e-7
79.1    7.619820133371683e-7
79.2    7.536079055819093e-7
79.3    7.453138646486862e-7
79.4    7.370992482122917e-7
79.5    7.289634178831561e-7
79.6    7.209057391957882e-7
79.7    7.129255815971367e-7
79.8    7.050223184348052e-7
79.9    6.971953269451709e-7
80.    6.894439882413497e-7
80.1    6.817676873010851e-7
80.2    6.741658129544957e-7
80.3    6.666377578717402e-7
80.4    6.591829185505401e-7
80.5    6.518006953036508e-7
80.6    6.444904922461564e-7
80.7    6.372517172827473e-7
80.8    6.300837820948321e-7
80.9    6.229861021276082e-7
81.    6.15958096577001e-7
81.1    6.089991883765405e-7
81.2    6.021088041841259e-7
81.3    5.952863743687287e-7
81.4    5.88531332997009e-7
81.5    5.818431178198295e-7
81.6    5.752211702587204e-7
81.7    5.686649353922558e-7
81.8    5.621738619423498e-7
81.9    5.557474022604907e-7
82.    5.493850123139079e-7
82.1    5.430861516716609e-7
82.2    5.368502834906662e-7
82.3    5.306768745016746e-7
82.4    5.245653949951644e-7
82.5    5.185153188071934e-7
82.6    5.125261233051861e-7
82.7    5.065972893736707e-7
82.8    5.007283013999615e-7
82.9    4.949186472597747e-7
83.    4.891678183028264e-7
83.1    4.834753093383511e-7
83.2    4.778406186205933e-7
83.3    4.7226324783425693e-7
83.4    4.6674270207989047e-7
83.5    4.6127848985925943e-7
83.6    4.558701230606625e-7
83.7    4.505171169442205e-7
83.8    4.4521899012711614e-7
83.9    4.399752645688233e-7
84.    4.347854655562814e-7
84.1    4.296491216890495e-7
84.2    4.245657648644247e-7
84.3    4.1953493026256787e-7
84.4    4.145561563315382e-7
84.5    4.0962898477236706e-7
84.6    4.047529605240702e-7
84.7    3.9992763174866467e-7
84.8    3.951525498161434e-7
84.9    3.904272692894478e-7
85.    3.8575134790941823e-7
85.1    3.811243465797249e-7
85.2    3.7654582935179923e-7
85.3    3.720153634097333e-7
85.4    3.6753251905518816e-7
85.5    3.6309686969226816e-7
85.6    3.587079918124151e-7
85.7    3.5436546497927366e-7
85.8    3.5006887181356884e-7
85.9    3.458177979779538e-7
86.    3.4161183216187755e-7
86.1    3.3745056606644426e-7
86.2    3.333335943892698e-7
86.3    3.292605148093321e-7
86.4    3.252309279718391e-7
86.5    3.212444374730793e-7
86.6    3.1730064984530054e-7
86.7    3.1339917454156794e-7
86.8    3.095396239206431e-7
86.9    3.057216132318695e-7
87.    3.0194476060006204e-7
87.1    2.9820868701040725e-7
87.2    2.9451301629337986e-7
87.3    2.9085737510965e-7
87.4    2.8724139293503384e-7
87.5    2.8366470204543363e-7
87.6    2.8012693750179906e-7
87.7    2.766277371350985e-7
87.8    2.7316674153132967e-7
87.9    2.6974359401651285e-7
88.    2.6635794064172603e-7
88.1    2.630094301681472e-7
88.2    2.596977140521269e-7
88.3    2.5642244643027526e-7
88.4    2.531832841045613e-7
88.5    2.499798865274539e-7
88.6    2.4681191578707544e-7
88.7    2.4367903659237066e-7
88.8    2.405809162583197e-7
88.9    2.375172246911559e-7
89.    2.3448763437362808e-7
89.1    2.3149182035028217e-7
89.2    2.285294602127603e-7
89.3    2.2560023408514924e-7
89.4    2.227038246093383e-7
89.5    2.1983991693042318e-7
89.6    2.1700819868212806e-7
89.7    2.1420835997225736e-7
89.8    2.114400933682018e-7
89.9    2.0870309388244388e-7
90.    2.059970589581249e-7
90.1    2.0332168845462488e-7
90.2    2.0067668463319382e-7
90.3    1.9806175214260588e-7
90.4    1.9547659800485386e-7
90.5    1.9292093160087813e-7
90.6    1.9039446465633657e-7
90.7    1.8789691122740391e-7
90.8    1.8542798768661858e-7
90.9    1.8298741270875554e-7
91.    1.805749072567529e-7
91.1    1.7819019456766292e-7
91.2    1.7583300013865377e-7
91.3    1.7350305171304881e-7
91.4    1.7120007926639945e-7
91.5    1.6892381499260908e-7
91.6    1.666739932900964e-7
91.7    1.6445035074799605e-7
91.8    1.6225262613240357e-7
91.9    1.600805603726692e-7
92.    1.5793389654773056e-7
92.1    1.5581237987247828e-7
92.2    1.537157576841956e-7
92.3    1.5164377942900344e-7
92.4    1.4959619664838115e-7
92.5    1.4757276296572948e-7
92.6    1.4557323407294878e-7
92.7    1.4359736771710846e-7
92.8    1.416449236871271e-7
92.9    1.3971566380051874e-7
93.    1.3780935189017585e-7
93.1    1.3592575379120688e-7
93.2    1.3406463732781455e-7
93.3    1.322257723002284e-7
93.4    1.3040893047168054e-7
93.5    1.2861388555543494e-7
93.6    1.2684041320185714e-7
93.7    1.2508829098554492e-7
93.8    1.233572983924949e-7
93.9    1.2164721680733216e-7
94.    1.199578295005721e-7
94.1    1.1828892161596166e-7
94.2    1.1664028015782621e-7
94.3    1.1501169397851691e-7
94.4    1.134029537658657e-7
94.5    1.1181385203072235e-7
94.6    1.102441830945248e-7
94.7    1.0869374307692437e-7
94.8    1.0716232988346356e-7
94.9    1.0564974319331144e-7
95.    1.0415578444703575e-7
95.1    1.0268025683444395e-7
95.2    1.0122296528246264e-7
95.3    9.978371644307832e-8
95.4    9.83623186813254e-8
95.5    9.695858206332884e-8
95.6    9.557231834439513e-8
95.7    9.420334095716616e-8
95.8    9.285146499981273e-8
95.9    9.151650722429264e-8
96.    9.019828602465022e-8
96.1    8.889662142538456e-8
96.2    8.76113350698518e-8
96.3    8.634225020873821e-8
96.4    8.508919168857842e-8
96.5    8.385198594031935e-8
96.6    8.263046096795788e-8
96.7    8.142444633721229e-8
96.8    8.023377316426078e-8
96.9    7.905827410452252e-8
97.    7.789778334150277e-8
97.1    7.675213657568818e-8
97.2    7.562117101348916e-8
97.3    7.450472535624825e-8
97.4    7.340263978929133e-8
97.5    7.231475597104357e-8
97.6    7.124091702218298e-8
97.7    7.018096751487175e-8
97.8    6.913475346201775e-8
97.9    6.810212230660487e-8
98.    6.708292291107016e-8
98.1    6.607700554674102e-8
98.2    6.508422188332031e-8
98.3    6.410442497842923e-8
98.4    6.313746926720323e-8
98.5    6.218321055193976e-8
98.6    6.124150599180453e-8
98.7    6.031221409258603e-8
98.8    5.93951946965106e-8
98.9    5.849030897210377e-8
99.    5.7597419404109117e-8
99.1    5.671638978346694e-8
99.2    5.584708519733061e-8
99.3    5.498937201915607e-8
99.4    5.4143117898828196e-8
99.5    5.3308191752853857e-8
99.6    5.2484463754597625e-8
99.7    5.1671805324578415e-8
99.8    5.087008912081522e-8
99.9    5.007918902923036e-8
100.    4.9298980154101184e-8
100.1    4.852933880856574e-8
100.2    4.777014250518654e-8
100.3    4.7021269946560593e-8
100.4    4.628260101598656e-8
100.5    4.5554016768183825e-8
100.6    4.4835399420062196e-8
100.7    4.412663234154793e-8
100.8    4.34276000464593e-8
100.9    4.273818818343497e-8
101.    4.205828352691726e-8
101.1    4.138777396818433e-8
101.2    4.0726548506434805e-8
101.3    4.0074497239930336e-8
101.4    3.9431511357177474e-8
101.5    3.8797483128174526e-8
101.6    3.8172305895705e-8
101.7    3.755587406667814e-8
101.8    3.69480831035302e-8
101.9    3.634882951566552e-8
102.    3.575801085096335e-8
102.1    3.5175525687318394e-8
102.2    3.460127362424522e-8
102.3    3.403515527453417e-8
102.4    3.3477072255947376e-8
102.5    3.292692718297032e-8
102.6    3.238462365862234e-8
102.7    3.185006626630226e-8
102.8    3.13231605616956e-8
102.9    3.080381306472666e-8
103.    3.029193125156026e-8
103.1    2.9787423546659348e-8
103.2    2.9290199314882672e-8
103.3    2.8800168853637422e-8
103.4    2.831724338508141e-8
103.5    2.7841335048373455e-8
103.6    2.737235689197046e-8
103.7    2.691022286597706e-8
103.8    2.645484781454171e-8
103.9    2.600614746829997e-8
104.    2.556403843687004e-8
104.1    2.5128438201392647e-8
104.2    2.4699265107121167e-8
104.3    2.4276438356057042e-8
104.4    2.385987799963834e-8
104.5    2.3449504931467857e-8
104.6    2.304524088009446e-8
104.7    2.2647008401840818e-8
104.8    2.225473087367525e-8
104.9    2.186833248613588e-8
105.    2.1487738236291172e-8
105.1    2.1112873920761062e-8
105.2    2.074366612877405e-8
105.3    2.0380042235268756e-8
105.4    2.0021930394055013e-8
105.5    1.9669259531004447e-8
105.6    1.9321959337295623e-8
105.7    1.8979960262705858e-8
105.8    1.8643193508942485e-8
105.9    1.8311591023020364e-8
106.    1.7985085490690848e-8
106.1    1.7663610329906323e-8
106.2    1.7347099684335525e-8
106.3    1.703548841691966e-8
106.4    1.672871210347613e-8
106.5    1.642670702634348e-8
106.6    1.6129410168067636e-8
106.7    1.5836759205140644e-8
106.8    1.554869250177479e-8
106.9    1.526514910371834e-8
107.    1.498606873212501e-8
107.1    1.4711391777455278e-8
107.2    1.4441059293425197e-8
107.3    1.4175012990998786e-8
107.4    1.3913195232419092e-8
107.5    1.3655549025284691e-8
107.6    1.3402018016665223e-8
107.7    1.3152546487261762e-8
107.8    1.2907079345607185e-8
107.9    1.2665562122304497e-8
108.    1.2427940964316105e-8
108.1    1.2194162629280027e-8
108.2    1.1964174479879488e-8
108.3    1.1737924478245997e-8
108.4    1.1515361180406684e-8
108.5    1.1296433730765568e-8
108.6    1.1081091856634063e-8
108.7    1.086928586279504e-8
108.8    1.0660966626105563e-8
108.9    1.0456085590144259e-8
109.    1.025459475989356e-8
109.1    1.0056446696463455e-8
109.2    9.861594511851535e-9
109.3    9.669991863743592e-9
109.4    9.481592950354505e-9
109.5    9.296352505302042e-9
109.6    9.11422579252454e-9
109.7    8.93516860123162e-9
109.8    8.759137240896805e-9
109.9    8.586088536284069e-9
110.    8.415979822513536e-9
110.1    8.24876894016479e-9
110.2    8.084414230415649e-9
110.3    7.922874530219205e-9
110.4    7.764109167513149e-9
110.5    7.608077956474523e-9
110.6    7.454741192799843e-9
110.7    7.304059649027832e-9
110.8    7.155994569897885e-9
110.9    7.010507667739822e-9
111.    6.8675611179037955e-9
111.1    6.727117554222498e-9
111.2    6.589140064508217e-9
111.3    6.45359218608759e-9
111.4    6.320437901367665e-9
111.5    6.189641633438215e-9
111.6    6.061168241707363e-9
111.7    5.9349830175717525e-9
111.8    5.8110516801217355e-9
111.9    5.689340371877384e-9
112.    5.5698156545598765e-9
112.1    5.4524445048969e-9
112.2    5.337194310459232e-9
112.3    5.224032865531417e-9
112.4    5.112928367014848e-9
112.5    5.003849410362603e-9
112.6    4.896764985549813e-9
112.7    4.791644473071179e-9
112.8    4.688457639973862e-9
112.9    4.587174635922794e-9
113.    4.4877659892944665e-9
113.1    4.390202603304633e-9
113.2    4.29445575216625e-9
113.3    4.200497077279271e-9
113.4    4.108298583449276e-9
113.5    4.017832635140664e-9
113.6    3.929071952754689e-9
113.7    3.84198960894478e-9
113.8    3.756559024954431e-9
113.9    3.672753966992284e-9
114.    3.5905485426313743e-9
114.1    3.50991719723983e-9
114.2    3.4308347104441306e-9
114.3    3.353276192615291e-9
114.4    3.2772170813900983e-9
114.5    3.2026331382175057e-9
114.6    3.1295004449350756e-9
114.7    3.057795400373851e-9
114.8    2.9874947169920283e-9
114.9    2.918575417534868e-9
115.    2.8510148317254937e-9
115.1    2.784790592981583e-9
115.2    2.7198806351590155e-9
115.3    2.6562631893254272e-9
115.4    2.5939167805596727e-9
115.5    2.5328202247770356e-9
115.6    2.4729526255842234e-9
115.7    2.414293371159172e-9
115.8    2.3568221311576524e-9
115.9    2.3005188536471513e-9
116.    2.245363762066747e-9
116.1    2.1913373522108552e-9
116.2    2.138420389243077e-9
116.3    2.086593904733486e-9
116.4    2.0358391937191647e-9
116.5    1.986137811795632e-9
116.6    1.937471572228238e-9
116.7    1.8898225430923474e-9
116.8    1.8431730444352439e-9
116.9    1.7975056454664154e-9
117.    1.7528031617691979e-9
117.1    1.7090486525385482e-9
117.2    1.6662254178426786e-9
117.3    1.624316995908586e-9
117.4    1.583307160432305e-9
117.5    1.5431799179117957e-9
117.6    1.5039195050037385e-9
117.7    1.4655103859052445e-9
117.8    1.4279372497566473e-9
117.9    1.3911850080684612e-9
118.    1.3552387921719721e-9
118.1    1.3200839506914577e-9
118.2    1.2857060470397504e-9
118.3    1.2520908569365452e-9
118.4    1.2192243659483681e-9
118.5    1.1870927670505087e-9
118.6    1.155682458213177e-9
118.7    1.124980040006298e-9
118.8    1.0949723132287187e-9
118.9    1.0656462765575437e-9
119.    1.0369891242192396e-9
119.1    1.008988243683258e-9
119.2    9.816312133742332e-10
119.3    9.549058004069537e-10
119.4    9.287999583431402e-10
119.5    9.033018249659119e-10
119.6    8.783997200777737e-10
119.7    8.540821433171373e-10
119.8    8.303377719958974e-10
119.9    8.071554589569724e-10
120.    7.845242304517556e-10
120.1    7.624332840376559e-10
120.2    7.408719864947167e-10
120.3    7.198298717621427e-10
120.4    6.992966388949218e-10
120.5    6.792621500379475e-10
120.6    6.597164284214241e-10
120.7    6.406496563731344e-10
120.8    6.220521733514607e-10
120.9    6.039144739953982e-10
121.    5.862272061946302e-10
121.1    5.689811691770912e-10
121.2    5.521673116147988e-10
121.3    5.357767297484682e-10
121.4    5.198006655297867e-10
121.5    5.042305047811828e-10
121.6    4.890577753745411e-10
121.7    4.742741454258026e-10
121.8    4.5987142150867787e-10
121.9    4.4584154688446337e-10
122.    4.321765997507755e-10
122.1    4.188687915046515e-10
122.2    4.059104650257661e-10
122.3    3.932940929738144e-10
122.4    3.810122761045467e-10
122.5    3.690577416010209e-10
122.6    3.574233414225537e-10
122.7    3.461020506685093e-10
122.8    3.3508696595982383e-10
122.9    3.243713038355372e-10
123.    3.139483991657823e-10
123.1    3.0381170358088347e-10
123.2    2.939547839148251e-10
123.3    2.8437132066632155e-10
123.4    2.750551064735219e-10
123.5    2.6600004460563203e-10
123.6    2.5720014746813394e-10
123.7    2.4864953512471217e-10
123.8    2.4034243383294376e-10
123.9    2.3227317459581403e-10
124.    2.2443619172718635e-10
124.1    2.1682602143246475e-10
124.2    2.0943730040357128e-10
124.3    2.0226476442827707e-10
124.4    1.9530324701414312e-10
124.5    1.8854767802638481e-10
124.6    1.81993082339674e-10
124.7    1.756345785040163e-10
124.8    1.6946737742525414e-10
124.9    1.6348678105772427e-10
125.    1.576881811118737e-10
125.1    1.5206705777515656e-10
125.2    1.4661897844556177e-10
125.3    1.413395964794846e-10
125.4    1.3622464995215309e-10
125.5    1.3126996043152483e-10
125.6    1.2647143176453774e-10
125.7    1.2182504887712316e-10
125.8    1.1732687658622518e-10
125.9    1.1297305842488395e-10
126.    1.0875981547989696e-10
126.1    1.0468344524153519e-10
126.2    1.0074032046622061e-10
126.3    9.692688805097911e-11
126.4    9.323966792036825e-11
126.5    8.967525192501148e-11
126.6    8.623030275268587e-11
126.7    8.290155285088807e-11
126.8    7.968580336103938e-11
126.9    7.657992306484152e-11
127.    7.358084734153024e-11
127.1    7.068557713737653e-11
127.2    6.789117794559875e-11
127.3    6.519477879865569e-11
127.4    6.25935712705909e-11
127.5    6.008480849132831e-11
127.6    5.7665804171536916e-11
127.7    5.533393163851613e-11
127.8    5.308662288275099e-11
127.9    5.092136761518624e-11
128.    4.883571233555001e-11
128.1    4.682725941052781e-11
128.2    4.48936661627836e-11
128.3    4.3032643970314285e-11
128.4    4.1241957375841935e-11
128.5    3.9519423206725896e-11
128.6    3.7862909704631444e-11
128.7    3.627033566524563e-11
128.8    3.4739669588204525e-11
128.9    3.326892883633554e-11
129.    3.1856178805099134e-11
129.1    3.0499532101342316e-11
129.2    2.9197147731972306e-11
129.3    2.794723030169259e-11
129.4    2.6748029220419533e-11
129.5    2.559783792000067e-11
129.6    2.4494993080013608e-11
129.7    2.3437873862914132e-11
129.8    2.242490115807086e-11
129.9    2.1454536834924247e-11
130.    2.0525283005006886e-11
130.1    1.9635681292684887e-11
130.2    1.8784312114962754e-11
130.3    1.7969793969625328e-11
130.4    1.7190782731998742e-11
130.5    1.6445970960608127e-11
130.6    1.5734087210859018e-11
130.7    1.5053895357107553e-11
130.8    1.4404193923397039e-11
130.9    1.3783815422064744e-11
131.    1.3191625700436945e-11
131.1    1.2626523295937162e-11
131.2    1.208743879883094e-11
131.3    1.1573334223215246e-11
131.4    1.1083202385471913e-11
131.5    1.0616066290840455e-11
131.6    1.0170978527597036e-11
131.7    9.747020668685966e-12
131.8    9.343302681136641e-12
131.9    8.958962342880118e-12
132.    8.593164667034598e-12
132.1    8.245101333436461e-12
132.2    7.91399012754078e-12
132.3    7.599074386633284e-12
132.4    7.299622452840608e-12
132.5    7.01492713372183e-12
132.6    6.744305169492972e-12
132.7    6.487096707278258e-12
132.8    6.242664782412484e-12
132.9    6.010394806371496e-12
133.    5.789694061464037e-12
133.1    5.579991202404976e-12
133.2    5.380735764341675e-12
133.3    5.191397677379497e-12
133.4    5.011466787849516e-12
133.5    4.840452385889163e-12
133.6    4.6778827392180814e-12
133.7    4.523304633584061e-12
133.8    4.376282919183095e-12
133.9    4.236400063421034e-12
134.    4.103255709654802e-12
134.1    3.976466242256364e-12
134.2    3.855664357437255e-12
134.3    3.740498640134142e-12
134.4    3.6306331468765245e-12
134.5    3.5257469943149665e-12
134.6    3.425533953695819e-12
134.7    3.3297020510029927e-12
134.8    3.2379731726552604e-12
134.9    3.150082677070125e-12
135.    3.0657790115371708e-12
135.1    2.9848233347320995e-12
135.2    2.9069891446699404e-12
135.3    2.832061911939905e-12
135.4    2.7598387184516075e-12
135.5    2.6901279013575326e-12
135.6    2.6227487021961895e-12
135.7    2.5575309213085737e-12
135.8    2.4943145772606975e-12
135.9    2.4329495714914813e-12
136.    2.3732953578040643e-12
136.1    2.3152206170340704e-12
136.2    2.2586029364179752e-12
136.3    2.2033284940725405e-12
136.4    2.1492917481220813e-12
136.5    2.0963951306497157e-12
136.6    2.044548746358963e-12
136.7    1.9936700759854718e-12
136.8    1.9436836842790917e-12
136.9    1.894520932530088e-12
137.    1.8461196956605916e-12
137.1    1.7984240838986342e-12
137.2    1.7513841686676838e-12
137.3    1.704955713111726e-12
137.4    1.6590999068228177e-12
137.5    1.6137831048343113e-12
137.6    1.5689765710674875e-12
137.7    1.524656225741704e-12
137.8    1.4808023971107828e-12
137.9    1.437399577283536e-12
138.    1.3944361821004516e-12
138.1    1.351904315091407e-12
138.2    1.309799535305687e-12
138.3    1.2681206292835326e-12
138.4    1.2268693867626562e-12
138.5    1.1860503803275062e-12
138.6    1.1456707488526297e-12
138.7    1.1057399847675755e-12
138.8    1.066269725002026e-12
138.9    1.0272735457020172e-12
139.    9.887667604692595e-13
139.1    9.507662224458054e-13
139.2    9.132901297567679e-13
139.3    8.763578346176414e-13
139.4    8.399896558278368e-13
139.5    8.042066949300624e-13
139.6    7.690306555856317e-13
139.7    7.344836663955931e-13
139.8    7.005881071640149e-13
139.9    6.673664383223038e-13
140.    6.348410337640161e-13
140.1    6.030340167681842e-13
140.2    5.719670994695125e-13
140.3    5.416615155979501e-13
140.4    5.121379883618309e-13
140.5    4.834163552314141e-13
140.6    4.555153819639457e-13
140.7    4.2845262013861744e-13
140.8    4.02244267321293e-13
140.9    3.7690518446976333e-13
141.    3.5244990453732756e-13
141.1    3.2889156366793946e-13
141.2    3.0624098441243444e-13
141.3    2.845065778943003e-13
141.4    2.6369425542731485e-13
141.5    2.4380734361840733e-13
141.6    2.2484655609497712e-13
141.7    2.068099581871953e-13
141.8    1.896928391025404e-13
141.9    1.7348763342993035e-13
142.    1.5818384975374483e-13
142.1    1.437680008331619e-13
142.2    1.3022408086691199e-13
142.3    1.1753478671146743e-13
142.4    1.0568027102179621e-13
142.5    9.463778764343357e-14
142.6    8.438165304477856e-14
142.7    7.488320865510165e-14
142.8    6.61121793950045e-14
142.9    5.804476994975052e-14
143.    5.065892093520642e-14
143.1    4.3930736916182634e-14
143.2    3.7834465676198857e-14
143.3    3.234248847788481e-14
143.4    2.7425310738651305e-14
143.5    2.305155324002304e-14
143.6    1.918794393426671e-14
143.7    1.579931001042768e-14
143.8    1.2848570697369545e-14
143.9    1.02967304017921e-14
144.    8.103325615877475e-15
144.1    6.236334541210893e-15
144.2    4.672624449480686e-15
144.3    3.3884834620224606e-15
144.4    2.3591913695812716e-15
144.5    1.5590188687785539e-15
144.6    9.612265377885715e-16
144.7    5.380644846654774e-16
144.8    2.607717194256654e-16
144.9    9.957620239787836e-17
145.    2.3694604453495567e-17
145.1    1.3326519316703172e-18
