0.1    1.4132020037534556e-8
0.2    2.7375133315999483e-8
0.30000000000000004    3.976537953745936e-8
0.4    5.133788215396823e-8
0.5    6.212684332203524e-8
0.6    7.216554136521743e-8
0.7000000000000001    8.148633054085863e-8
0.8    9.012064291887331e-8
0.9    9.809899219179922e-8
1.    1.0545097924612898e-7
1.1    1.1220529933519782e-7
1.2000000000000002    1.1838975070367704e-7
1.3000000000000003    1.2403124452301616e-7
1.4000000000000001    1.2915581600600453e-7
1.5000000000000002    1.337886365770186e-7
1.6    1.3795402698248374e-7
1.7000000000000002    1.4167547123364053e-7
1.8000000000000003    1.449756312808722e-7
1.9000000000000001    1.4787636232565305e-7
2.    1.503987286826004e-7
2.1    1.525630201102262e-7
2.2    1.5438876853473494e-7
2.3000000000000003    1.5589476509667934e-7
2.4000000000000004    1.570990774554319e-7
2.5000000000000004    1.5801906729130486e-7
2.6    1.5867140794973924e-7
2.7    1.5907210217632135e-7
2.8000000000000003    1.5923649989547338e-7
2.9000000000000004    1.5917931598950307e-7
3.0000000000000004    1.589146480383328e-7
3.1    1.5845599398362397e-7
3.2    1.578162696842272e-7
3.3000000000000003    1.5700782633288215e-7
3.4000000000000004    1.5604246770693363e-7
3.5000000000000004    1.5493146722845087e-7
3.6    1.5368558481164528e-7
3.7    1.5231508340620834e-7
3.8000000000000003    1.5082974593977414e-7
3.9000000000000004    1.492388931861882e-7
4.    1.4755139983181003e-7
4.1    1.4577570989030026e-7
4.2    1.439198518150303e-7
4.3    1.4199145330161228e-7
4.3999999999999995    1.399977557740211e-7
4.5    1.37945628548904e-7
4.6    1.3584158267374186e-7
4.7    1.3369178443552741e-7
4.8    1.3150206853756913e-7
4.9    1.2927795094290657e-7
5.    1.2702464138364733e-7
5.1    1.24747055536285e-7
5.2    1.2244982686377537e-7
5.3    1.201373181257771e-7
5.4    1.1781363255907479e-7
5.5    1.1548262473073177e-7
5.6    1.1314791106702499e-7
5.7    1.1081288006165888e-7
5.8    1.084807021671633e-7
5.9    1.061543393737455e-7
6.    1.0383655448019279e-7
6.1    1.0152992006171508e-7
6.2    9.92368271398669e-8
6.3    9.695949355992183e-8
6.4    9.469997208125719e-8
6.5    9.24601581864816e-8
6.6    9.02417976151715e-8
6.7    8.804649362820398e-8
6.8    8.587571400876335e-8
6.9    8.373079780617507e-8
7.    8.161296182876807e-8
7.1    7.952330689200925e-8
7.2    7.746282382816675e-8
7.3    7.543239926376609e-8
7.4    7.343282117108917e-8
7.5    7.146478419994834e-8
7.6    6.952889479592756e-8
7.7    6.762567611124118e-8
7.8    6.575557271430436e-8
7.9    6.391895510404517e-8
8.    6.211612403491787e-8
8.1    6.034731465849856e-8
8.2    5.861270048745643e-8
8.3    5.691239718760868e-8
8.4    5.524646620366739e-8
8.5    5.3614918224188016e-8
8.6    5.201771649112806e-8
8.7    5.045477995931493e-8
8.8    4.89259863110139e-8
8.9    4.743117483067768e-8
9.    4.597014914484073e-8
9.1    4.454267983201417e-8
9.2    4.3148506907312986e-8
9.3    4.178734218644029e-8
9.4    4.045887153352597e-8
9.5    3.9162756997211604e-8
9.6    3.789863883924634e-8
9.700000000000001    3.6666137459751226e-8
9.8    3.5464855223185496e-8
9.9    3.4294378188941814e-8
10.    3.315427775037639e-8
10.1    3.204411218597238e-8
10.200000000000001    3.096342812622029e-8
10.3    2.991176193969255e-8
10.4    2.8888641041676992e-8
10.5    2.7893585128631755e-8
10.6    2.6926107341616696e-8
10.700000000000001    2.5985715361751808e-8
10.8    2.507191244065802e-8
10.9    2.4184198368729092e-8
11.    2.3322070383991648e-8
11.1    2.2485024024213942e-8
11.200000000000001    2.167255392482867e-8
11.3    2.0884154565149e-8
11.4    2.0119320965262976e-8
11.5    1.9377549335909628e-8
11.6    1.8658337683552477e-8
11.700000000000001    1.7961186372785746e-8
11.8    1.7285598648127748e-8
11.9    1.6631081117178635e-8
12.    1.599714419704283e-8
12.1    1.538330252584541e-8
12.200000000000001    1.4789075341095944e-8
12.3    1.4213986826589335e-8
12.4    1.365756642946039e-8
12.5    1.3119349148948203e-8
12.6    1.2598875798359917e-8
12.700000000000001    1.2095693241663712e-8
12.8    1.160935460608189e-8
12.9    1.1139419471994845e-8
13.    1.0685454041415825e-8
13.1    1.0247031286236943e-8
13.200000000000001    9.823731077400709e-9
13.3    9.415140296096472e-9
13.4    9.020852928035367e-9
13.5    8.640470141810814e-9
13.6    8.273600352304147e-9
13.700000000000001    7.91985927005478e-9
13.8    7.578869937468848e-9
13.9    7.250262752703798e-9
14.    6.933675482023274e-9
14.1    6.628753261383785e-9
14.200000000000001    6.335148587973724e-9
14.3    6.052521302395465e-9
14.4    5.780538562143678e-9
14.5    5.5188748070049446e-9
14.6    5.267211716968988e-9
14.700000000000001    5.025238163215531e-9
14.8    4.792650152711873e-9
14.9    4.569150766925545e-9
15.    4.354450095136612e-9
15.1    4.148265162803401e-9
15.200000000000001    3.950319855414151e-9
15.3    3.760344838233963e-9
15.4    3.5780774723338097e-9
15.5    3.4032617272670583e-9
15.6    3.235648090740345e-9
15.700000000000001    3.0749934756037316e-9
15.8    2.92106112446962e-9
15.9    2.7736205122489153e-9
16.    2.632447246879871e-9
16.1    2.4973229685047685e-9
16.200000000000003    2.368035247338729e-9
16.3    2.244377480455103e-9
16.400000000000002    2.1261487877036506e-9
16.500000000000004    2.0131539069587903e-9
16.6    1.9052030888867108e-9
16.700000000000003    1.8021119914060262e-9
16.8    1.7037015740052327e-9
16.900000000000002    1.6097979920690733e-9
17.000000000000004    1.5202324913574726e-9
17.1    1.4348413027673288e-9
17.200000000000003    1.3534655375008389e-9
17.3    1.2759510827541328e-9
17.400000000000002    1.202148498031066e-9
17.500000000000004    1.1319129121793413e-9
17.6    1.0651039212388362e-9
17.700000000000003    1.0015854871837267e-9
17.8    9.412258376343792e-10
17.900000000000002    8.838973666076083e-10
18.000000000000004    8.294765363672055e-10
18.1    7.778437804333097e-10
18.200000000000003    7.288834077996621e-10
18.3    6.824835084073949e-10
18.400000000000002    6.385358599145995e-10
18.500000000000004    5.969358357983118e-10
18.6    5.575823148237047e-10
18.700000000000003    5.203775919045787e-10
18.8    4.852272903834249e-10
18.900000000000002    4.520402757485304e-10
19.000000000000004    4.207285708077733e-10
19.1    3.912072723316775e-10
19.200000000000003    3.6339446917726376e-10
19.300000000000004    3.3721116190149024e-10
19.400000000000002    3.1258118386911705e-10
19.500000000000004    2.894311238583819e-10
19.6    2.676902501663367e-10
19.700000000000003    2.472904362113592e-10
19.800000000000004    2.281660876304838e-10
19.900000000000002    2.1025407086682395e-10
20.000000000000004    1.934936432391821e-10
20.1    1.778263844868964e-10
20.200000000000003    1.631961297802361e-10
20.300000000000004    1.4954890418427506e-10
20.400000000000002    1.3683285856392577e-10
20.500000000000004    1.2499820691956867e-10
20.6    1.1399716513423528e-10
20.700000000000003    1.0378389112110199e-10
20.800000000000004    9.431442635343648e-11
20.900000000000002    8.554663875949072e-11
21.000000000000004    7.744016696621432e-11
21.1    6.995636587165656e-11
21.200000000000003    6.30582535302828e-11
21.300000000000004    5.671045932772582e-11
21.400000000000002    5.0879173429188584e-11
21.500000000000004    4.5532097479709566e-11
21.6    4.063839653500492e-11
21.700000000000003    3.6168652204836125e-11
21.800000000000004    3.2094816985278736e-11
21.900000000000002    2.8390169761413698e-11
22.000000000000004    2.5029272457054324e-11
22.1    2.1987927811763787e-11
22.200000000000003    1.9243138264056652e-11
22.300000000000004    1.6773065917597253e-11
22.400000000000002    1.4556993572142747e-11
22.500000000000004    1.2575286794842354e-11
22.6    1.0809357012979086e-11
22.700000000000003    9.241625606340236e-12
22.800000000000004    7.85548897759074e-12
22.900000000000002    6.6352845815737265e-12
23.000000000000004    5.5662578907882765e-12
23.1    4.6345302777385565e-12
23.200000000000003    3.827067794411792e-12
23.300000000000004    3.1316508270810264e-12
23.400000000000002    2.536844608013859e-12
23.500000000000004    2.0319705643093382e-12
23.6    1.607078483463853e-12
23.700000000000003    1.2529194775590444e-12
23.800000000000004    9.609197270374032e-13
23.900000000000002    7.23154984797557e-13
24.000000000000004    5.323258231326207e-13
24.1    3.8173360482649976e-13
24.200000000000003    2.6525716070124037e-13
24.300000000000004    1.7733015750491332e-13
24.400000000000002    1.1291913534255845e-13
24.500000000000004    6.750220323312992e-14
24.6    3.7048370867652415e-14
24.700000000000003    1.799750350798377e-14
24.800000000000004    7.240883154113461e-15
24.900000000000002    2.1023608115940405e-15
25.000000000000004    3.200619466708687e-16
25.1    3.062604881350209e-17
25.200000000000003    2.1409684660441418e-18
25.300000000000004    4.317419214721662e-22
