0.1    0.00010043768890441661
0.2    0.00019709299978534534
0.30000000000000004    0.0002900378046987584
0.4    0.0003793437154172863
0.5    0.0004650830077536531
0.6    0.0005473284852487175
0.7000000000000001    0.0006261533506943106
0.8    0.0007016310851631407
0.9    0.0007738353342290863
1.    0.0008428398010719443
1.1    0.0009087181461711861
1.2000000000000002    0.0009715438933034525
1.3000000000000003    0.0010313903415684438
1.4000000000000001    0.001088330483177501
1.5000000000000002    0.001142436926748555
1.6    0.0011937818258602334
1.7000000000000002    0.0012424368126267744
1.8000000000000003    0.0012884729360640014
1.9000000000000001    0.0013319606050249634
2.    0.001372969535491974
2.1    0.00141156870201963
2.2    0.0014478262931310567
2.3000000000000003    0.0014818096704770267
2.4000000000000004    0.0015135853315747792
2.5000000000000004    0.0015432188759503447
2.6    0.0015707749745149308
2.7    0.0015963173420124657
2.8000000000000003    0.0016199087123817265
2.9000000000000004    0.0016416108168826366
3.0000000000000004    0.001661484364842241
3.1    0.0016795890268816252
3.2    0.0016959834204906142
3.3000000000000003    0.0017107250978224634
3.4000000000000004    0.001723870535585968
3.5000000000000004    0.0017354751269174446
3.6    0.001745593175119915
3.7    0.0017542778891615094
3.8000000000000003    0.0017615813808296696
3.9000000000000004    0.0017675546634420998
4.    0.0017722476520196696
4.1    0.0017757091648305469
4.2    0.0017779869262187994
4.3    0.0017791275706345088
4.3999999999999995    0.0017791766477860997
4.5    0.001778178628839165
4.6    0.001776176913589445
4.7    0.0017732138385409344
4.8    0.00176933068582325
4.9    0.0017645676928854652
5.    0.0017589640629065387
5.1    0.0017525579758653144
5.2    0.0017453865999370983
5.3    0.0017374860486104723
5.4    0.0017288912488495657
5.5    0.001719636095073128
5.6    0.001709753535149351
5.7    0.0016992755851000876
5.8    0.0016882333428876394
5.9    0.0016766570025045443
6.    0.0016645758683320837
6.1    0.001652018369734761
6.2    0.0016390120758594782
6.3    0.0016255837106096504
6.4    0.001611759167765956
6.5    0.0015975635262268314
6.6    0.0015830210653432397
6.7    0.0015681552803235833
6.8    0.0015529888976859516
6.9    0.001537543890736187
7.    0.0015218414950514618
7.1    0.0015059022239502786
7.2    0.0014897458839309493
7.3    0.0014733915900616915
7.4    0.0014568577813066023
7.5    0.0014401622357727306
7.6    0.001423322085864497
7.7    0.0014063538333326314
7.8    0.0013892733642057052
7.9    0.0013720959635932007
8.    0.0013548363303498945
8.1    0.0013375085915920864
8.2    0.0013201263170570115
8.3    0.0013027025332974476
8.4    0.0012852497377042321
8.5    0.0012677799123500624
8.6    0.001250304537648549
8.7    0.001232834605823117
8.8    0.0012153806341808806
8.9    0.0011979526781871646
9.    0.0011805603443368472
9.1    0.0011632128028191842
9.2    0.0011459187999732115
9.3    0.0011286866705312753
9.4    0.0011115243496486297
9.5    0.0010944393847174304
9.6    0.0010774389469638066
9.700000000000001    0.0010605298428270633
9.8    0.0010437185251203423
9.9    0.0010270111039724118
10.    0.0010104133575505304
10.1    0.0009939307425645737
10.200000000000001    0.0009775684045529012
10.3    0.0009613311879506485
10.4    0.0009452236459413437
10.5    0.0009292500500929934
10.6    0.0009134143997799111
10.700000000000001    0.0008977204313917946
10.8    0.0008821716273316975
10.9    0.0008667712248046842
11.    0.0008515222243991245
11.1    0.0008364273984626924
11.200000000000001    0.0008214892992752615
11.3    0.0008067102670210015
11.4    0.0007920924375620669
11.5    0.000777637750016387
11.6    0.0007633479541421127
11.700000000000001    0.0007492246175313827
11.8    0.0007352691326161216
11.9    0.000721482723488636
12.    0.0007078664525398499
12.1    0.0006944212269180396
12.200000000000001    0.0006811478048109897
12.3    0.0006680468015545066
12.4    0.0006551186955702754
12.5    0.0006423638341360428
12.6    0.0006297824389911572
12.700000000000001    0.0006173746117804753
12.8    0.0006051403393396907
12.9    0.0005930794988251092
13.    0.0005811918626909253
13.1    0.000569477103517032
13.200000000000001    0.0005579347986903989
13.3    0.0005465644349430443
13.4    0.0005353654127496056
13.5    0.000524337050587514
13.6    0.0005134785890627406
13.700000000000001    0.0005027891949040793
13.8    0.0004922679648288983
13.9    0.0004819139292832683
14.    0.00047172605605935546
14.1    0.00046170325379293415
14.200000000000001    0.000451844375343841
14.3    0.00044214822106216766
14.4    0.0004326135419429537
14.5    0.00042323904267210283
14.6    0.00041402338456622415
14.700000000000001    0.00040496518840903736
14.8    0.0003960630371869789
14.9    0.0003873154787265784
15.    0.0003787210282361488
15.1    0.00037027817075429756
15.200000000000001    0.00036198536350771357
15.3    0.0003538410381806657
15.4    0.0003458436030985764
15.5    0.0003379914453280306
15.6    0.0003302829326955038
15.700000000000001    0.0003227164157270756
15.8    0.0003152902295113474
15.9    0.00030800269548773087
16.    0.00030085212316224575
16.1    0.00029383681175292026
16.200000000000003    0.000286955051766841
16.3    0.0002802051265108616
16.400000000000002    0.000273585313537935
16.500000000000004    0.000267093886031007
16.6    0.0002607291141263386
16.700000000000003    0.00025448926617811806
16.8    0.0002483726099661583
16.900000000000002    0.00024237741384844984
17.000000000000004    0.000236501947860287
17.1    0.0002307444847616646
17.200000000000003    0.00022510330103458207
17.3    0.00021957667783186803
17.400000000000002    0.00021416290187909628
17.500000000000004    0.00020886026633112965
17.6    0.00020366707158477892
17.700000000000003    0.00019858162604904851
17.8    0.00019360224687438389
17.900000000000002    0.00018872726064231304
18.000000000000004    0.00018395500401683604
18.1    0.00017928382435887958
18.200000000000003    0.00017471208030510067
18.3    0.0001702381423122976
18.400000000000002    0.00016586039316863804
18.500000000000004    0.00016157722847289746
18.6    0.00015738705708286086
18.700000000000003    0.00015328830153401064
18.8    0.00014927939842959527
18.900000000000002    0.00014535879880314104
19.000000000000004    0.000141524968454441
19.1    0.00013777638826002622
19.200000000000003    0.0001341115544590947
19.300000000000004    0.0001305289789158476
19.400000000000002    0.00012702718935915486
19.500000000000004    0.00012360472960044286
19.6    0.00012026015973067762
19.700000000000003    0.00011699205629727798
19.800000000000004    0.00011379901246178856
19.900000000000002    0.00011067963813909619
20.000000000000004    0.00010763256011896514
20.1    0.00010465642217063528
20.200000000000003    0.00010174988513120937
20.300000000000004    0.00009891162697852584
20.400000000000002    0.00009614034288920242
20.500000000000004    0.00009343474528250395
20.6    0.00009079356385067406
20.700000000000003    0.00008821554557634701
20.800000000000004    0.00008569945473763637
20.900000000000002    0.00008324407290147944
21.000000000000004    0.00008084819890579493
21.1    0.00007851064883099575
21.200000000000003    0.00007623025596137717
21.300000000000004    0.00007400587073688939
21.400000000000002    0.00007183636069577908
21.500000000000004    0.00006972061040857071
21.6    0.00006765752140384772
21.700000000000003    0.00006564601208626791
21.800000000000004    0.00006368501764724041
21.900000000000002    0.0000617734899686718
22.000000000000004    0.00005991039752017635
22.1    0.00005809472525013394
22.200000000000003    0.00005632547447095773
22.300000000000004    0.000054601662738928706
22.400000000000002    0.00005292232372893725
22.500000000000004    0.00005128650710445845
22.6    0.000049693278383078356
22.700000000000003    0.00004814171879787462
22.800000000000004    0.000046630925154943146
22.900000000000002    0.00004516000968735296
23.000000000000004    0.00004372809990579899
23.1    0.000042334338446212
23.200000000000003    0.00004097788291457583
23.300000000000004    0.00003965790572919136
23.400000000000002    0.0000383735939606159
23.500000000000004    0.00003712414916949951
23.6    0.00003590878724252944
23.700000000000003    0.000034726738226685334
23.800000000000004    0.00003357724616199767
23.900000000000002    0.000032459568912998554
24.000000000000004    0.00003137297799903888
24.1    0.000030316758423644487
24.200000000000003    0.00002929020850307305
24.300000000000004    0.000028292639694227012
24.400000000000002    0.000027323376422070434
24.500000000000004    0.000026381755906692912
24.6    0.000025467127990152194
24.700000000000003    0.000024578854963229164
24.800000000000004    0.00002371631139221156
24.900000000000002    0.000022878883945829012
25.000000000000004    0.000022065971222445098
25.1    0.000021276983577615616
25.200000000000003    0.00002051134295211069
25.300000000000004    0.000019768482700495464
25.400000000000002    0.000019047847420361868
25.500000000000004    0.000018348892782293072
25.6    0.000017671085360642797
25.700000000000003    0.000017013902465205245
25.800000000000004    0.000016376831973848183
25.900000000000002    0.0000157593721661739
26.000000000000004    0.000015161031558275032
26.1    0.00001458132873864234
26.200000000000003    0.000014019792205281935
26.300000000000004    0.000013475960204093337
26.400000000000002    0.000012949380568556943
26.500000000000004    0.000012439610560780081
26.6    0.000011946216713938182
26.700000000000003    0.000011468774676155832
26.800000000000004    0.00001100686905586207
26.900000000000002    0.00001056009326865301
27.000000000000004    0.000010128049385694382
27.1    9.71034798369169e-6
27.200000000000003    9.306607996453736e-6
27.300000000000004    8.916456568072836e-6
27.400000000000002    8.539528907744434e-6
27.500000000000004    8.175468146244367e-6
27.6    7.823925194079783e-6
27.700000000000003    7.484558601330491e-6
27.800000000000004    7.157034419192717e-6
27.900000000000002    6.841026063237296e-6
28.000000000000004    6.536214178391281e-6
28.1    6.2422865056510465e-6
28.200000000000003    5.95893775053278e-6
28.300000000000004    5.685869453265856e-6
28.400000000000002    5.422789860731596e-6
28.500000000000004    5.169413800150634e-6
28.6    4.925462554517115e-6
28.700000000000003    4.690663739781066e-6
28.800000000000004    4.464751183777892e-6
28.900000000000002    4.247464806898574e-6
29.000000000000004    4.038550504499985e-6
29.1    3.837760031047972e-6
29.200000000000003    3.6448508859902104e-6
29.300000000000004    3.459586201346714e-6
29.400000000000002    3.2817346310155064e-6
29.500000000000004    3.111070241783258e-6
29.6    2.9473724060281177e-6
29.700000000000003    2.7904256961099563e-6
29.800000000000004    2.6400197804350335e-6
29.900000000000002    2.4959493211801755e-6
30.000000000000004    2.3580138736715573e-6
30.1    2.226017787399701e-6
30.200000000000003    2.0997701086591977e-6
30.300000000000004    1.979084484801141e-6
30.400000000000002    1.8637790700823756e-6
30.500000000000004    1.7536764330969594e-6
30.6    1.6486034657774688e-6
30.700000000000003    1.5483912939480704e-6
30.800000000000004    1.4528751894150646e-6
30.900000000000002    1.3618944835792012e-6
31.000000000000004    1.2752924825532315e-6
31.1    1.1929163837685933e-6
31.200000000000003    1.1146171940548661e-6
31.300000000000004    1.040249649174072e-6
31.400000000000002    9.696721347936543e-7
31.500000000000004    9.027466088820698e-7
31.6    8.393385255067901e-7
31.700000000000003    7.793167600204092e-7
31.800000000000004    7.22553535615071e-7
31.900000000000002    6.689243512290995e-7
32.    6.183079107870736e-7
32.1    5.705860537557636e-7
32.2    5.2564368699964e-7
32.300000000000004    4.83368717915235e-7
32.400000000000006    4.43651988830048e-7
32.5    4.063872126448974e-7
32.6    3.7147090970435125e-7
32.7    3.388023458757836e-7
32.800000000000004    3.082834718219958e-7
32.900000000000006    2.798188634444324e-7
33.    2.5331566348626747e-7
33.1    2.2868352427196542e-7
33.2    2.0583455157052315e-7
33.300000000000004    1.8468324955945866e-7
33.400000000000006    1.651464668786188e-7
33.5    1.4714334375234865e-7
33.6    1.30595260163792e-7
33.7    1.1542578506448352e-7
33.800000000000004    1.0156062660451745e-7
33.900000000000006    8.892758336255801e-8
34.    7.745649656253447e-8
34.1    6.707920325847698e-8
34.2    5.772949047343313e-8
34.300000000000004    4.934305027348689e-8
34.400000000000006    4.18574357629612e-8
34.5    3.521201798536283e-8
34.6    2.9347943711996616e-8
34.7    2.4208094105060565e-8
34.800000000000004    1.9737044238651845e-8
34.900000000000006    1.5881023463195916e-8
35.    1.2587876598197172e-8
35.1    9.807025937915924e-9
35.2    7.489434055290793e-9
35.300000000000004    5.587567391938701e-9
35.400000000000006    4.055360614930043e-9
35.5    2.8481817331502905e-9
35.6    1.9227979517885103e-9
35.7    1.2373422582998766e-9
35.800000000000004    7.512807197825388e-10
35.900000000000006    4.2538048461889424e-10
36.    2.2169660212154575e-10
36.1    1.0436096738008286e-10
36.2    4.353396190197172e-11
36.300000000000004    1.5019848750052263e-11
36.400000000000006    3.5156001092634827e-12
36.5    2.791353634293075e-13
