0.1    0.016752153301763998
0.2    0.03232302304822095
0.30000000000000004    0.046751918584137395
0.4    0.060079474110717616
0.5    0.07234729745539786
0.6    0.08359765544996187
0.7000000000000001    0.09387319307948881
0.8    0.10321668374107536
0.9    0.11167080811951521
1.    0.11927795934730534
1.1    0.1260800722686531
1.2000000000000002    0.13211847477176952
1.3000000000000003    0.1374337592908567
1.4000000000000001    0.14206567270905493
1.5000000000000002    0.14605302301644715
1.6    0.14943360119324986
1.7000000000000002    0.15224411689782025
1.8000000000000003    0.1545201466423084
1.9000000000000001    0.15629609323594898
2.    0.15760515536736563
2.1    0.15847930628310067
2.2    0.15894928060014438
2.3000000000000003    0.15904456836575068
2.4000000000000004    0.15879341554854526
2.5000000000000004    0.15822283021108316
2.6    0.15735858898740557
2.7    0.1562251432518238
2.8000000000000003    0.15484563889720898
2.9000000000000004    0.15324206409473534
3.0000000000000004    0.15143528054741845
3.1    0.14944504990922736
3.2    0.14729006221404517
3.3000000000000003    0.1449879659650015
3.4000000000000004    0.14255539956435503
3.5000000000000004    0.1400080237927419
3.6    0.13736055507392733
3.7    0.13462679928703025
3.8000000000000003    0.1318196859124623
3.9000000000000004    0.12895130232047786
4.    0.12603292803231175
4.1    0.1230750688033962
4.2    0.12008749039616894
4.3    0.11707925192657015
4.3999999999999995    0.11405873868354716
4.5    0.11103369433482593
4.6    0.10801125244493207
4.7    0.10499796724303996
4.8    0.1019998435887634
4.9    0.09902236609354884
5.    0.09607052736396599
5.1    0.0931488553409692
5.2    0.09026143971620001
5.3    0.08741195741266668
5.4    0.08460369712273026
5.5    0.08183958290130768
5.6    0.07912219681660689
5.7    0.07645380066459899
5.8    0.0738363567568397
5.9    0.07127154779422393
6.    0.06876079584182718
6.1    0.06630528042219795
6.2    0.0639059557463357
6.3    0.061563567103166295
6.4    0.0592786664296271
6.5    0.05705162708452715
6.6    0.05488265785017847
6.7    0.05277181618642826
6.8    0.05071902076216715
6.9    0.0487240632896846
7.    0.04678661968738355
7.1    0.044906260596388685
7.2    0.0430824612764867
7.3    0.0413146109066454
7.4    0.039602021315076445
7.5    0.03794393516345282
7.6    0.03633953360946974
7.7    0.03478794347146076
7.8    0.033288243918257854
7.9    0.03183947270691775
8.    0.030440631990343064
8.1    0.029090693716200666
8.2    0.027788604637898687
8.3    0.026533290957722895
8.4    0.02532366262156379
8.5    0.02415861728398877
8.6    0.023037043961734248
8.7    0.02195782639301279
8.8    0.02091984611935375
8.9    0.019921985306025052
9.    0.018963129316420347
9.1    0.01804216905514295
9.2    0.0171580030938749
9.3    0.016309539593491275
9.4    0.015495698035264155
9.5    0.014715410773400512
9.6    0.013967624420573548
9.700000000000001    0.013251301077540458
9.8    0.012565419417386465
9.9    0.011908975634404104
10.    0.011280984267098906
10.1    0.01068047890431553
10.200000000000001    0.01010651278299845
10.3    0.00955815928563866
10.4    0.00903451234501359
10.5    0.008534686763400866
10.6    0.008057818453036618
10.700000000000001    0.007603064604197492
10.8    0.007169603786909979
10.9    0.006756635991931066
11.    0.006363382616302661
11.1    0.0059890863984550366
11.200000000000001    0.005633011307522077
11.3    0.005294442391235491
11.4    0.004972685586482583
11.5    0.004667067496343694
11.6    0.004376935137170916
11.700000000000001    0.0041016556590288454
11.8    0.0038406160425876247
11.9    0.003593222775343111
12.    0.00335890150983377
12.1    0.0031370967063288208
12.200000000000001    0.0029272712622808697
12.3    0.0027289061306617975
12.4    0.00254149992913911
12.5    0.0023645685418955545
12.6    0.0021976447157513288
12.700000000000001    0.0020402776521116816
12.8    0.0018920325961357147
12.9    0.0017524904244022956
13.    0.0016212472322371968
13.1    0.0014979139217593588
13.200000000000001    0.0013821157916079224
13.3    0.0012734921292173083
13.4    0.001171695806423631
13.5    0.0010763928791046823
13.6    0.0009872621914816366
13.700000000000001    0.0009039949856407393
13.8    0.0008262945167689769
13.9    0.0007538756745373526
14.    0.0006864646110107005
14.1    0.000623798375410186
14.200000000000001    0.0005656245560080855
14.3    0.0005117009293901382
14.4    0.00046179511727976574
14.5    0.00041568425108198874
14.6    0.0003731546442697581
14.700000000000001    0.0003340014727045412
14.8    0.0002980284629538886
14.9    0.00026504758864287394
15.    0.0002348787748513004
15.1    0.00020734961054858024
15.200000000000001    0.00018229506903645474
15.3    0.00015955723635362857
15.4    0.00013898504757907108
15.5    0.00012043403095751359
15.6    0.00010376605975655337
15.700000000000001    0.00008884911175477452
15.8    0.00007555703624896869
15.9    0.00006376932846027748
16.    0.00005337091121191476
16.1    0.00004425192374293615
16.200000000000003    0.00003630751751872009
16.3    0.000029437658892413
16.400000000000002    0.000023546938468864538
16.500000000000004    0.0000185443870187501
16.6    0.000014343297787861164
16.700000000000003    0.000010861055045729034
16.8    8.018968715227097e-6
16.900000000000002    5.742114924931895e-6
17.000000000000004    3.9591823252563125e-6
17.1    2.602324010040729e-6
17.200000000000003    1.6070148854757834e-6
17.3    9.119143292164358e-7
17.400000000000002    4.587339838402683e-7
17.500000000000004    1.921105309592404e-7
17.6    5.948329262987679e-8
17.700000000000003    1.0977102098652656e-8
17.8    8.617934202911458e-10
17.900000000000002    1.573125077386223e-14
