0.1    5.943172609531409e-13
0.2    2.297105988418136e-12
0.30000000000000004    4.991742787075431e-12
0.4    8.566653603476086e-12
0.5    1.2915529162579008e-11
0.6    1.7937474525396598e-11
0.7000000000000001    2.353710058008747e-11
0.8    2.962456460382063e-11
0.9    3.611556640362389e-11
1.    4.2931305958950495e-11
1.1    4.999840794461777e-11
1.2000000000000002    5.724881800789866e-11
1.3000000000000003    6.461967520573956e-11
1.4000000000000001    7.205316457525568e-11
1.5000000000000002    7.949635341080013e-11
1.6    8.690101445206296e-11
1.7000000000000002    9.422343884795469e-11
1.8000000000000003    1.0142424144865764e-10
1.9000000000000001    1.0846816069145648e-10
2.    1.1532385508313331e-10
2.1    1.219636980412427e-10
2.2    1.2836357263697971e-10
2.3000000000000003    1.3450266758216751e-10
2.4000000000000004    1.4036327562077773e-10
2.5000000000000004    1.4593059532006277e-10
2.6    1.511925303947884e-10
2.7    1.5613937893014212e-10
2.8000000000000003    1.6076365200069365e-10
2.9000000000000004    1.6506000143041223e-10
3.0000000000000004    1.6902505454194742e-10
3.1    1.726572514397291e-10
3.2    1.7595668900351772e-10
3.3000000000000003    1.7892497176199756e-10
3.4000000000000004    1.8156506975145522e-10
3.5000000000000004    1.8388118340776567e-10
3.6    1.8587861549017207e-10
3.7    1.8756364999205917e-10
3.8000000000000003    1.8894343795652205e-10
3.9000000000000004    1.9002589008244606e-10
4.    1.9081957597957115e-10
4.1    1.913336299081208e-10
4.2    1.9157766281960527e-10
4.3    1.9156168049997663e-10
4.3999999999999995    1.9129600760401615e-10
4.5    1.9079121736039175e-10
4.6    1.9005806671985364e-10
4.7    1.891074367143233e-10
4.8    1.8795027779186874e-10
4.9    1.8659755989152984e-10
5.    1.850602270224462e-10
5.1    1.8334915611353746e-10
5.2    1.8147511990292974e-10
5.3    1.794487536402358e-10
5.4    1.7728052537953946e-10
5.5    1.7498070964638136e-10
5.6    1.7255936426805472e-10
5.7    1.7002631016301407e-10
5.8    1.6739111389206075e-10
5.9    1.646630727811161e-10
6.    1.618512024327583e-10
6.1    1.5896422645120398e-10
6.2    1.5601056821299715e-10
6.3    1.5299834452329233e-10
6.4    1.4993536100521709e-10
6.5    1.4682910907734456e-10
6.6    1.4368676438175297e-10
6.7    1.4051518653249216e-10
6.8    1.3732092006144617e-10
6.9    1.3411019644560214e-10
7.    1.3088893710655978e-10
7.1    1.27662757279742e-10
7.2    1.2443697065717045e-10
7.3    1.212165947138691e-10
7.4    1.1800635663390353e-10
7.5    1.1481069975779976e-10
7.6    1.1163379047856287e-10
7.7    1.084795255187681e-10
7.8    1.0535153952621075e-10
7.9    1.0225321293036517e-10
8.    9.918768000645253e-11
8.1    9.615783709821912e-11
8.2    9.316635095461272e-11
8.3    9.021566713940589e-11
8.4    8.730801847646047e-11
8.5    8.444543349676383e-11
8.6    8.16297448566023e-11
8.7    7.886259769927234e-11
8.8    7.61454579355805e-11
8.9    7.347962042104311e-11
9.    7.086621701019559e-11
9.1    6.830622447073453e-11
9.2    6.580047224238279e-11
9.3    6.334965002737717e-11
9.4    6.095431520133671e-11
9.5    5.861490003499649e-11
9.6    5.6331718718881355e-11
9.700000000000001    5.410497418446296e-11
9.8    5.19347647166841e-11
9.9    4.982109035398116e-11
10.    4.776385907305246e-11
10.1    4.57628927566597e-11
10.200000000000001    4.3817932943681743e-11
10.3    4.192864636148922e-11
10.4    4.009463024147058e-11
10.5    3.831541741923627e-11
10.6    3.659048122163223e-11
10.700000000000001    3.4919240143252445e-11
10.8    3.330106231561986e-11
10.9    3.1735269772630656e-11
11.    3.02211425162349e-11
11.1    2.8757922386644e-11
11.200000000000001    2.734481674163081e-11
11.3    2.5981001949723914e-11
11.4    2.4665626702287422e-11
11.5    2.339781514963515e-11
11.6    2.2176669866449727e-11
11.700000000000001    2.1001274651874323e-11
11.8    1.9870697169701748e-11
11.9    1.8783991434127216e-11
12.    1.7740200146557173e-11
12.1    1.6738356888940007e-11
12.200000000000001    1.5777488179086564e-11
12.3    1.485661539338747e-11
12.4    1.3974756562289213e-11
12.5    1.3130928043822063e-11
12.6    1.232414608038778e-11
12.700000000000001    1.1553428243927677e-11
12.8    1.0817794774491244e-11
12.9    1.0116269817117327e-11
13.    9.447882561827351e-12
13.1    8.811668291403335e-12
13.200000000000001    8.206669341514844e-12
13.3    7.631935977609019e-12
13.4    7.086527192868208e-12
13.5    6.569511431390013e-12
13.6    6.0799672406206e-12
13.700000000000001    5.616983856932573e-12
13.8    5.179661728101914e-12
13.9    4.767112976304597e-12
14.    4.378461805119652e-12
14.1    4.012844853888666e-12
14.200000000000001    3.669411502651141e-12
14.3    3.3473241307459644e-12
14.4    3.0457583320358856e-12
14.5    2.7639030895910667e-12
14.6    2.5009609125376973e-12
14.700000000000001    2.2561479376659093e-12
14.8    2.0286939982595044e-12
14.9    1.8178426625095067e-12
15.    1.6228512437441593e-12
15.1    1.4429907846196062e-12
15.200000000000001    1.2775460172867973e-12
15.3    1.125815301465594e-12
15.4    9.871105422481895e-13
15.5    8.607570893606931e-13
15.6    7.460936195154043e-13
15.700000000000001    6.424720034049527e-13
15.8    5.492571587927063e-13
15.9    4.658268910771948e-13
16.    3.9157172263272294e-13
16.1    3.258947121350975e-13
16.200000000000003    2.682112650316223e-13
16.3    2.1794893622437187e-13
16.400000000000002    1.7454722597562645e-13
16.500000000000004    1.3745736998550574e-13
16.6    1.0614212451712402e-13
16.700000000000003    8.007554740352951e-14
16.8    5.874277569382756e-14
16.900000000000002    4.163980066370855e-14
17.000000000000004    2.827324084732669e-14
17.1    1.8160113709292933e-14
17.200000000000003    1.0827606532467999e-14
17.3    5.812847036671387e-15
17.400000000000002    2.6626742249144153e-15
17.500000000000004    9.33409899958254e-16
17.6    1.9063125948611143e-16
17.700000000000003    8.944945974367572e-18
