0.1    0.0000644160108552823
0.2    0.00012740953595922615
0.30000000000000004    0.0001889992275972646
0.4    0.00024920301325550567
0.5    0.0003080387704982783
0.6    0.0003655243218927081
0.7000000000000001    0.0004216774301267245
0.8    0.00047651579331565785
0.9    0.0005300570404926861
1.    0.0005823187272784831
1.1    0.0006333183317255176
1.2000000000000002    0.0006830732503325421
1.3000000000000003    0.0007316007942249072
1.4000000000000001    0.000778918185496417
1.5000000000000002    0.0008250425537085421
1.6    0.0008699909325428807
1.7000000000000002    0.0009137802566028528
1.8000000000000003    0.0009564273583606912
1.9000000000000001    0.000997948965245878
2.    0.001038361696871251
2.1    0.0010776820623930941
2.2    0.0011159264580015889
2.3000000000000003    0.001153111164538098
2.4000000000000004    0.0011892523452358096
2.5000000000000004    0.0012243660435803626
2.6    0.001258468181287128
2.7    0.0012915745563919104
2.8000000000000003    0.001323700841451885
2.9000000000000004    0.0013548625818536766
3.0000000000000004    0.001385075194225531
3.1    0.0014143539649506124
3.2    0.0014427140487785228
3.3000000000000003    0.0014701704675321918
3.4000000000000004    0.0014967381089073678
3.5000000000000004    0.0015224317253619837
3.6    0.0015472659330927417
3.7    0.0015712552110963252
3.8000000000000003    0.0015944139003126845
3.9000000000000004    0.0016167562028479284
4.    0.001638296181274382
4.1    0.00165904775800545
4.2    0.0016790247147429594
4.3    0.0016982406919947219
4.3999999999999995    0.0017167091886601058
4.5    0.0017344435616814453
4.6    0.0017514570257591907
4.7    0.0017677626531287282
4.8    0.0017833733733968538
4.9    0.001798301973435943
5.    0.0018125610973338895
5.1    0.0018261632463979396
5.2    0.0018391207792105917
5.3    0.0018514459117357795
5.4    0.0018631507174735804
5.5    0.0018742471276617725
5.6    0.0018847469315225538
5.7    0.001894661776552819
5.8    0.0019040031688564091
5.9    0.0019127824735167942
6.    0.0019210109150086768
6.1    0.0019286995776470696
6.2    0.0019358594060723898
6.3    0.0019425012057702003
6.4    0.0019486356436242255
6.5    0.001954273248501322
6.6    0.0019594244118671085
6.7    0.001964099388431004
6.8    0.001968308296819439
6.9    0.0019720611202760576
7.    0.0019753677073877317
7.1    0.0019782377728352705
7.2    0.001980680898167707
7.3    0.001982706532599101
7.4    0.0019843239938268043
7.5    0.001985542468870166
7.6    0.001986371014928705
7.7    0.001986818560258763
7.8    0.0019868939050677174
7.9    0.001986605722424836
8.    0.0019859625591878783
8.1    0.0019849728369446024
8.2    0.001983644852968311
8.3    0.001981986781186639
8.4    0.001980006673162791
8.5    0.0019777124590884486
8.6    0.001975111948787605
8.7    0.0019722128327306003
8.8    0.001969022683057657
8.9    0.0019655489546112135
9.    0.001961798985976415
9.1    0.001957780000529097
9.2    0.0019534991074906406
9.3    0.0019489633029891
9.4    0.0019441794711259998
9.5    0.0019391543850482457
9.6    0.0019338947080245737
9.700000000000001    0.0019284069945260363
9.8    0.0019226976913099597
9.9    0.0019167731385069096
10.    0.0019106395707101577
10.1    0.0019043031180671793
10.200000000000001    0.0018977698073727222
10.3    0.0018910455631630215
10.4    0.001884136208810709
10.5    0.001877047467620024
10.6    0.0018697849639219128
10.700000000000001    0.0018623542241686397
10.8    0.0018547606780275356
10.9    0.0018470096593618832
11.    0.0018391064032025662
11.1    0.0018310560373583533
11.200000000000001    0.001822863584887953
11.3    0.0018145339727924073
11.4    0.0018060720379868757
11.5    0.0017974825292980843
11.6    0.0017887701085159016
11.700000000000001    0.0017799393514414384
11.8    0.0017709947489315235
11.9    0.0017619407079393122
12.    0.0017527815525508143
12.1    0.0017435215250171127
12.200000000000001    0.001734164786782059
12.3    0.0017247154195052514
12.4    0.0017151774260800914
12.5    0.0017055547316467247
12.6    0.0016958511845997111
12.700000000000001    0.0016860705575902067
12.8    0.0016762165485225352
12.9    0.0016662927815449574
13.    0.0016563028080345055
13.1    0.0016462501075757197
13.200000000000001    0.0016361380889331585
13.3    0.0016259700910175527
13.4    0.0016157493838454603
13.5    0.0016054791694923164
13.6    0.0015951625830387603
13.700000000000001    0.0015848026935101258
13.8    0.0015744025048089975
13.9    0.0015639649566407331
14.    0.0015534929254318601
14.1    0.0015429892252412662
14.200000000000001    0.0015324566086640852
14.3    0.0015218977677282281
14.4    0.0015113153347834653
14.5    0.0015007118833830042
14.6    0.0014900899291575035
14.700000000000001    0.0014794519306814604
14.8    0.001468800290331915
14.9    0.0014581373551394432
15.    0.0014474654176313661
15.1    0.00143678671666716
15.200000000000001    0.001426103438266018
15.3    0.0014154177164265355
15.4    0.0014047316339384928
15.5    0.0013940472231867044
15.6    0.0013833664669469217
15.700000000000001    0.0013726912991737649
15.8    0.0013620236057806754
15.9    0.0013513652254118736
16.    0.0013407179502063144
16.1    0.0013300835265536378
16.200000000000003    0.0013194636558421127
16.3    0.0013088599951985727
16.400000000000002    0.0012982741582203434
16.500000000000004    0.001287707715699186
16.6    0.001277162196337236
16.700000000000003    0.0012666390874549746
16.8    0.001256139835691238
16.900000000000002    0.0012456658476952733
17.000000000000004    0.001235218490810867
17.1    0.001224799093752568
17.200000000000003    0.0012144089472740243
17.3    0.0012040493048284518
17.400000000000002    0.0011937213832212705
17.500000000000004    0.001183426363254943
17.6    0.0011731653903660157
17.700000000000003    0.0011629395752544359
17.8    0.0011527499945051417
17.900000000000002    0.0011425976912019793
18.000000000000004    0.0011324836755339804
18.1    0.0011224089253940388
18.200000000000003    0.0011123743869700126
18.3    0.001102380975328318
18.400000000000002    0.001092429574990028
18.500000000000004    0.001082521040499541
18.6    0.0010726561969858547
18.700000000000003    0.0010628358407164837
18.8    0.0010530607396440834
18.900000000000002    0.001043331633945814
19.000000000000004    0.0010336492365554976
19.1    0.0010240142336886203
19.200000000000003    0.0010144272853602199
19.300000000000004    0.001004889025895727
19.400000000000002    0.0009954000644347887
19.500000000000004    0.0009859609854281496
19.6    0.0009765723491276296
19.700000000000003    0.0009672346920692487
19.800000000000004    0.0009579485275495726
19.900000000000002    0.0009487143460953101
20.000000000000004    0.0009395326159262323
20.1    0.0009304037834114671
20.200000000000003    0.0009213282735192227
20.300000000000004    0.0009123064902599958
20.400000000000002    0.0009033388171233288
20.500000000000004    0.0008944256175081639
20.6    0.0008855672351468547
20.700000000000003    0.0008767639945229033
20.800000000000004    0.0008680162012824613
20.900000000000002    0.0008593241426396754
21.000000000000004    0.0008506880877759159
21.1    0.0008421082882329653
21.200000000000003    0.000833584978300209
21.300000000000004    0.0008251183753959039
21.400000000000002    0.0008167086804425695
21.500000000000004    0.0008083560782365687
21.6    0.0008000607378119351
21.700000000000003    0.0007918228127985142
21.800000000000004    0.00078364244177446
21.900000000000002    0.0007755197486131646
22.000000000000004    0.0007674548428246704
22.1    0.0007594478198916269
22.200000000000003    0.0007514987615998513
22.300000000000004    0.0007436077363635534
22.400000000000002    0.0007357747995452781
22.500000000000004    0.000727999993770631
22.6    0.0007202833492378453
22.700000000000003    0.0007126248840222449
22.800000000000004    0.0007050246043756624
22.900000000000002    0.0006974825050208745
23.000000000000004    0.0006899985694411092
23.1    0.0006825727701646851
23.200000000000003    0.0006752050690448354
23.300000000000004    0.0006678954175347828
23.400000000000002    0.0006606437569581121
23.500000000000004    0.0006534500187745075
23.6    0.0006463141248409016
23.700000000000003    0.0006392359876681002
23.800000000000004    0.0006322155106729377
23.900000000000002    0.0006252525884260085
24.000000000000004    0.0006183471068950524
24.1    0.0006114989436840196
24.200000000000003    0.0006047079682678976
24.300000000000004    0.0005979740422233365
24.400000000000002    0.0005912970194551329
24.500000000000004    0.0005846767464186299
24.6    0.0005781130623380773
24.700000000000003    0.0005716057994210149
24.800000000000004    0.0005651547830687248
24.900000000000002    0.0005587598320828095
25.000000000000004    0.0005524207588679398
25.1    0.0005461373696308387
25.200000000000003    0.000539909464575536
25.300000000000004    0.0005337368380949564
25.400000000000002    0.0005276192789588838
25.500000000000004    0.0005215565704983554
25.6    0.000515548490786541
25.700000000000003    0.0005095948128161368
25.800000000000004    0.0005036953046733484
25.900000000000002    0.0004978497297084951
26.000000000000004    0.0004920578467032831
26.1    0.00048631941003480486
26.200000000000003    0.0004806341698362994
26.300000000000004    0.00047500187215473343
26.400000000000002    0.0004694222591052394
26.500000000000004    0.0004638950690224558
26.6    0.00045842003660882596
26.700000000000003    0.000452996893079888
26.800000000000004    0.0004476253663066057
26.900000000000002    0.0004423051809547855
27.000000000000004    0.00043703605862162147
27.1    0.00043181771796941095
27.200000000000003    0.0004266498748564835
27.300000000000004    0.00042153224246538844
27.400000000000002    0.0004164645314283793
27.500000000000004    0.0004114464499502374
27.6    0.00040647770392847544
27.700000000000003    0.0004015579970709662
27.800000000000004    0.00039668703101102757
27.900000000000002    0.0003918645054200103
28.000000000000004    0.0003870901181174279
28.1    0.00038236356517866243
28.200000000000003    0.0003776845410402908
28.300000000000004    0.00037305273860306095
28.400000000000002    0.00036846784933257083
28.500000000000004    0.00036392956335766497
28.6    0.0003594375695666082
28.700000000000003    0.00035499155570105557
28.800000000000004    0.0003505912084478658
28.900000000000002    0.00034623621352878367
29.000000000000004    0.0003419262557880367
29.1    0.00033766101927787254
29.200000000000003    0.0003334401873420741
29.300000000000004    0.0003292634426974879
29.400000000000002    0.00032513046751359655
29.500000000000004    0.00032104094349016997
29.6    0.00031699455193302394
29.700000000000003    0.0003129909738279252
29.800000000000004    0.0003090298899126693
29.900000000000002    0.0003051109807473625
30.000000000000004    0.00030123392678294236
30.1    0.00029739840842796293
30.200000000000003    0.0002936041061136804
30.300000000000004    0.00028985070035746335
30.400000000000002    0.0002861378718245584
30.500000000000004    0.00028246530138824463
30.6    0.0002788326701883967
30.700000000000003    0.0002752396596884951
30.800000000000004    0.00027168595173110465
30.900000000000002    0.0002681712285918487
31.000000000000004    0.00026469517303190777
31.1    0.0002612574683490745
31.200000000000003    0.0002578577984273782
31.300000000000004    0.0002544958477853208
31.400000000000002    0.0002511713016227356
31.500000000000004    0.00024788384586630626
31.6    0.00024463316721376
31.700000000000003    0.00024141895317676955
31.800000000000004    0.00023824089212258132
31.900000000000002    0.00023509867331439452
32.    0.00023199198695052065
32.1    0.0002289205242023369
32.2    0.00022588397725106462
32.300000000000004    0.000222882039323393
32.400000000000006    0.0002199144047259672
32.5    0.00021698076887876835
32.6    0.00021408082834739947
32.7    0.00021121428087430975
32.800000000000004    0.00020838082540896495
32.900000000000006    0.00020558016213699588
33.    0.00020281199250833765
33.1    0.00020007601926438486
33.2    0.0001973719464641794
33.300000000000004    0.00019469947950965136
33.400000000000006    0.00019205832516993262
33.5    0.0001894481916047605
33.6    0.00018686878838699192
33.7    0.00018431982652424692
33.800000000000004    0.00018180101847969446
33.900000000000006    0.00017931207819200598
34.    0.0001768527210944876
34.1    0.00017442266413341122
34.2    0.00017202162578556279
34.300000000000004    0.00016964932607501883
34.400000000000006    0.00016730548658917555
34.5    0.0001649898304940395
34.6    0.00016270208254879937
34.7    0.00016044196911969432
34.800000000000004    0.0001582092181931935
34.900000000000006    0.000156003559388501
35.    0.00015382472396940452
35.1    0.0001516724448554761
35.2    0.00014954645663264784
35.300000000000004    0.00014744649556316862
35.400000000000006    0.0001453722995949608
35.5    0.00014332360837038922
35.6    0.0001413001632344538
35.7    0.00013930170724242376
35.800000000000004    0.00013732798516692232
35.900000000000006    0.00013537874350447513
36.    0.00013345373048153725
36.1    0.00013155269606000892
36.2    0.00012967539194225374
36.300000000000004    0.00012782157157562908
36.400000000000006    0.00012599099015654406
36.5    0.00012418340463405167
36.6    0.00012239857371299176
36.7    0.00012063625785669119
36.800000000000004    0.0001188962192892362
36.900000000000006    0.00011717822199732418
37.    0.0001154820317317082
37.1    0.00011380741600824215
37.2    0.00011215414410854024
37.300000000000004    0.00011052198708025664
37.400000000000006    0.00010891071773699715
37.5    0.00010732011065787411
37.6    0.00010574994218671036
37.7    0.00010419999043090584
37.800000000000004    0.00010267003525997038
37.900000000000006    0.00010115985830373921
38.    0.00009966924295027204
38.1    0.00009819797434344927
38.2    0.00009674583938027367
38.300000000000004    0.0000953126267078831
38.400000000000006    0.00009389812672028501
38.50000000000001    0.00009250213155481896
38.6    0.00009112443508835672
38.7    0.00008976483293324591
38.800000000000004    0.00008842312243300578
38.900000000000006    0.00008709910265778347
39.00000000000001    0.00008579257439957443
39.1    0.00008450334016721891
39.2    0.00008323120418117785
39.300000000000004    0.00008197597236809613
39.400000000000006    0.0000807374523551621
39.50000000000001    0.00007951545346426492
39.6    0.00007830978670596152
39.7    0.00007712026477325603
39.800000000000004    0.00007594670203520005
39.900000000000006    0.00007478891453031732
40.00000000000001    0.000073646719959862
40.1    0.00007251993768091316
40.2    0.00007140838869931299
40.300000000000004    0.00007031189566245505
40.400000000000006    0.00006923028285192554
40.50000000000001    0.00006816337617600542
40.6    0.00006711100316203696
40.7    0.00006607299294866055
40.800000000000004    0.00006504917627792784
40.900000000000006    0.00006403938548729339
41.00000000000001    0.00006304345450149308
41.1    0.00006206121882431044
41.2    0.0000610925155302392
41.300000000000004    0.00006013718325604311
41.400000000000006    0.00005919506219222077
41.50000000000001    0.00005826599407437639
41.6    0.000057349822174503456
41.7    0.00005644639129218442
41.800000000000004    0.00005555554774570991
41.900000000000006    0.00005467713936312264
42.00000000000001    0.0000538110154731889
42.1    0.000052957026896301594
42.2    0.00005211502593531851
42.300000000000004    0.00005128486636634108
42.400000000000006    0.00005046640342943322
42.50000000000001    0.000049659493819288236
42.6    0.00004886399567584424
42.7    0.00004807976857485182
42.800000000000004    0.0000473066735183989
42.900000000000006    0.000046544572925393366
43.00000000000001    0.00004579333062200783
43.1    0.00004505281183209059
43.2    0.00004432288316754326
43.300000000000004    0.00004360341261866994
43.400000000000006    0.00004289426954450008
43.50000000000001    0.00004219532466308703
43.6    0.00004150645004178627
43.7    0.00004082751908751511
43.800000000000004    0.000040158406536995735
43.900000000000006    0.000039498988446985733
44.00000000000001    0.000038849142184497114
44.1    0.0000382087464170062
44.2    0.000037577681102657485
44.300000000000004    0.00003695582748046386
44.400000000000006    0.00003634306806050197
44.50000000000001    0.000035739286614112324
44.6    0.0000351443681640962
44.7    0.000034558198974919735
44.800000000000004    0.000033980666542923676
44.900000000000006    0.00003341165958653933
45.00000000000001    0.00003285106803651602
45.1    0.00003229878302615862
45.2    0.00003175469688157872
45.300000000000004    0.000031218703111960464
45.400000000000006    0.00003069069639984292
45.50000000000001    0.000030170572591421086
45.6    0.000029658228686864147
45.7    0.000029153562830658175
45.800000000000004    0.000028656474301968206
45.900000000000006    0.00002816686350502626
46.00000000000001    0.000027684631959543586
46.1    0.000027209682291149614
46.2    0.000026741918221859265
46.300000000000004    0.000026281244560568528
46.400000000000006    0.00002582756719358112
46.50000000000001    0.000025380793075165907
46.6    0.000024940830218147283
46.7    0.00002450758768452945
46.800000000000004    0.000024080975576154498
46.900000000000006    0.000023660905025397273
47.00000000000001    0.000023247288185896146
47.1    0.000022840038223321696
47.2    0.000022439069306184337
47.300000000000004    0.00002204429659668044
47.400000000000006    0.000021655636241579893
47.50000000000001    0.00002127300536315368
47.6    0.00002089632205014436
47.7    0.00002052550534877796
47.800000000000004    0.00002016047525382078
47.900000000000006    0.000019801152699678862
48.00000000000001    0.000019447459551542753
48.1    0.00001909931859657829
48.2    0.00001875665353516205
48.300000000000004    0.000018419388972164202
48.400000000000006    0.000018087450408279255
48.50000000000001    0.000017760764231402434
48.6    0.000017439257708056098
48.7    0.0000171228589748645
48.800000000000004    0.00001681149703007684
48.900000000000006    0.000016505101725140967
49.00000000000001    0.00001620360375632667
49.1    0.000015906934656399178
49.2    0.000015615026786343833
49.300000000000004    0.000015327813327141876
49.400000000000006    0.000015045228271597389
49.50000000000001    0.00001476720641621687
49.6    0.00001449368335313966
49.7    0.000014224595462122039
49.800000000000004    0.00001395987990257303
49.900000000000006    0.000013699474605644074
50.00000000000001    0.000013443318266370635
50.1    0.000013191350335867905
50.2    0.000012943511013580265
50.300000000000004    0.00001269974123958362
50.400000000000006    0.000012459982686942016
50.50000000000001    0.000012224177754118564
50.6    0.000011992269557439898
50.7    0.000011764201923615288
50.800000000000004    0.000011539919382309891
50.900000000000006    0.000011319367158772296
51.00000000000001    0.000011102491166516899
51.1    0.000010889238000060635
51.2    0.000010679554927714214
51.300000000000004    0.000010473389884427944
51.400000000000006    0.000010270691464692426
51.50000000000001    0.000010071408915493604
51.6    9.875492129322946e-6
51.7    9.682891637241023e-6
51.800000000000004    9.493558601997646e-6
51.900000000000006    9.30744481120458e-6
52.00000000000001    9.124502670563807e-6
52.1    8.944685197150273e-6
52.2    8.767946012748282e-6
52.300000000000004    8.594239337243208e-6
52.400000000000006    8.423519982066384e-6
52.50000000000001    8.255743343694686e-6
52.6    8.090865397203973e-6
52.7    7.928842689876715e-6
52.800000000000004    7.769632334862472e-6
52.900000000000006    7.61319200489316e-6
53.00000000000001    7.459479926051025e-6
53.1    7.30845487159e-6
53.2    7.16007615581083e-6
53.300000000000004    7.014303627988693e-6
53.400000000000006    6.871097666353615e-6
53.50000000000001    6.730419172123891e-6
53.6    6.592229563592055e-6
53.7    6.456490770262776e-6
53.800000000000004    6.323165227043273e-6
53.900000000000006    6.19221586848534e-6
54.00000000000001    6.0636061230793544e-6
54.1    5.937299907599814e-6
54.2    5.81326162150151e-6
54.300000000000004    5.691456141367962e-6
54.400000000000006    5.571848815409783e-6
54.50000000000001    5.454405458013693e-6
54.6    5.339092344342633e-6
54.7    5.2258762049850924e-6
54.800000000000004    5.114724220655176e-6
54.900000000000006    5.0056040169417805e-6
55.00000000000001    4.898483659107466e-6
55.1    4.7933316469362096e-6
55.2    4.690116909630597e-6
55.300000000000004    4.588808800756814e-6
55.400000000000006    4.489377093238776e-6
55.50000000000001    4.391791974400376e-6
55.6    4.296024041054582e-6
55.7    4.20204429464132e-6
55.800000000000004    4.109824136412155e-6
55.900000000000006    4.0193353626616335e-6
56.00000000000001    3.930550160005946e-6
56.1    3.84344110070769e-6
56.2    3.7579811380469627e-6
56.300000000000004    3.6741436017381e-6
56.400000000000006    3.591902193392378e-6
56.50000000000001    3.51123098202575e-6
56.6    3.432104399611582e-6
56.7    3.3544972366782425e-6
56.800000000000004    3.2783846379509697e-6
56.900000000000006    3.203742098038156e-6
57.00000000000001    3.130545457160943e-6
57.1    3.058770896926885e-6
57.2    2.9883949361465247e-6
57.300000000000004    2.9193944266930846e-6
57.400000000000006    2.85174654940437e-6
57.50000000000001    2.7854288100276626e-6
57.6    2.720419035206162e-6
57.7    2.6566953685071466e-6
57.800000000000004    2.594236266491798e-6
57.900000000000006    2.5330204948260114e-6
58.00000000000001    2.4730271244318526e-6
58.1    2.4142355276799543e-6
58.2    2.3566253746213253e-6
58.300000000000004    2.3001766292599415e-6
58.400000000000006    2.2448695458645473e-6
58.50000000000001    2.190684665319241e-6
58.6    2.1376028115139523e-6
58.7    2.085605087772915e-6
58.800000000000004    2.034672873321655e-6
58.900000000000006    1.9847878197921838e-6
59.00000000000001    1.9359318477655454e-6
59.1    1.888087143352557e-6
59.2    1.841236154810823e-6
59.300000000000004    1.795361589199207e-6
59.400000000000006    1.7504464090683705e-6
59.50000000000001    1.7064738291880364e-6
59.6    1.663427313309589e-6
59.7    1.6212905709650496e-6
59.800000000000004    1.5800475543006815e-6
59.900000000000006    1.5396824549457806e-6
60.00000000000001    1.50017970091671e-6
60.1    1.4615239535544354e-6
60.2    1.4237001044970772e-6
60.300000000000004    1.3866932726859276e-6
60.400000000000006    1.350488801404624e-6
60.50000000000001    1.3150722553524618e-6
60.6    1.2804294177497063e-6
60.7    1.2465462874761862e-6
60.800000000000004    1.2134090762421004e-6
60.900000000000006    1.1810042057906584e-6
61.00000000000001    1.1493183051329018e-6
61.1    1.1183382078137204e-6
61.2    1.0880509492090942e-6
61.300000000000004    1.0584437638546608e-6
61.400000000000006    1.0295040828041833e-6
61.50000000000001    1.00121953101921e-6
61.6    9.735779247880516e-7
61.7    9.465672691751838e-7
61.800000000000004    9.201757554997292e-7
61.900000000000006    8.943917588433384e-7
62.00000000000001    8.692038355871958e-7
62.1    8.446007209773859e-7
62.2    8.205713267189681e-7
62.300000000000004    7.97104738597955e-7
62.400000000000006    7.741902141314257e-7
62.50000000000001    7.518171802449265e-7
62.6    7.299752309776568e-7
62.7    7.086541252143278e-7
62.800000000000004    6.878437844437323e-7
62.900000000000006    6.675342905445277e-7
63.00000000000001    6.477158835966878e-7
63.1    6.283789597189339e-7
63.2    6.095140689326038e-7
63.300000000000004    5.911119130503678e-7
63.400000000000006    5.73163343590362e-7
63.50000000000001    5.556593597155891e-7
63.6    5.38591106197832e-7
63.7    5.219498714060398e-7
63.800000000000004    5.057270853192163e-7
63.900000000000006    4.899143175630812e-7
64.    4.745032754705713e-7
64.1    4.594858021659928e-7
64.2    4.448538746722719e-7
64.3    4.305996020413562e-7
64.39999999999999    4.167152235073511e-7
64.5    4.031931066624224e-7
64.6    3.900257456546862e-7
64.7    3.7720575940857174e-7
64.8    3.647258898667738e-7
64.89999999999999    3.52579000254186e-7
65.    3.4075807336275873e-7
65.1    3.2925620985800037e-7
65.2    3.1806662660632776e-7
65.3    3.0718265502293937e-7
65.39999999999999    2.9659773944047063e-7
65.5    2.863054354979787e-7
65.6    2.762994085497537e-7
65.7    2.665734320942659e-7
65.8    2.571213862226175e-7
65.89999999999999    2.479372560865666e-7
66.    2.3901513038570587e-7
66.1    2.3034919987354545e-7
66.2    2.2193375588291304e-7
66.3    2.1376318886917587e-7
66.39999999999999    2.0583198697286122e-7
66.5    1.9813473459936486e-7
66.6    1.9066611101772012e-7
66.7    1.8342088897671793e-7
66.8    1.7639393333837715e-7
66.89999999999999    1.695801997293108e-7
67.    1.629747332092017e-7
67.1    1.565726669561374e-7
67.2    1.5036922096902556e-7
67.3    1.4435970078639066e-7
67.39999999999999    1.3853949622210286e-7
67.5    1.329040801168824e-7
67.6    1.2744900710617816e-7
67.7    1.2216991240396188e-7
67.8    1.1706251060244193e-7
67.89999999999999    1.1212259448695329e-7
68.    1.0734603386629367e-7
68.1    1.0272877441875455e-7
68.2    9.826683655284206e-8
68.3    9.395631428251096e-8
68.39999999999999    8.979337411806196e-8
68.5    8.577425397038308e-8
68.6    8.189526207062119e-8
68.7    7.815277590353326e-8
68.8    7.454324115468085e-8
68.89999999999999    7.106317067208243e-8
69.    6.770914344104142e-8
69.1    6.447780357282484e-8
69.2    6.136585930666963e-8
69.3    5.8370082025041165e-8
69.39999999999999    5.548730528173864e-8
69.5    5.271442384359556e-8
69.6    5.004839274398209e-8
69.7    4.748622634985983e-8
69.8    4.50249974407114e-8
69.89999999999999    4.266183630016205e-8
70.    4.0393929819532724e-8
70.1    3.8218520613541386e-8
70.2    3.613290614804654e-8
70.3    3.413443787926962e-8
70.39999999999999    3.222052040490278e-8
70.5    3.0388610626468555e-8
70.6    2.86362169231125e-8
70.7    2.6960898336877318e-8
70.8    2.536026376835831e-8
70.89999999999999    2.383197118420397e-8
71.    2.2373726834530997e-8
71.1    2.0983284481712436e-8
71.2    1.965844463936022e-8
71.3    1.839705382180602e-8
71.39999999999999    1.7197003803821766e-8
71.5    1.6056230890640896e-8
71.6    1.497271519787885e-8
71.7    1.3944479941529837e-8
71.8    1.2969590737574673e-8
71.89999999999999    1.2046154911443009e-8
72.    1.1172320816937457e-8
72.1    1.0346277164643855e-8
72.2    9.566252359611163e-9
72.3    8.830513848389749e-9
72.39999999999999    8.137367474967404e-9
72.5    7.485156845813963e-9
72.6    6.872262703907325e-9
72.7    6.297102311128175e-9
72.8    5.758128839969489e-9
72.89999999999999    5.253830773013662e-9
73.    4.782731311507188e-9
73.1    4.3433877919160705e-9
73.2    3.9343911109506955e-9
73.3    3.5543651582339623e-9
73.39999999999999    3.2019662577905693e-9
73.5    2.875882616668829e-9
73.6    2.574833781909749e-9
73.7    2.2975701050928083e-9
73.8    2.0428722142840744e-9
73.89999999999999    1.809550494024932e-9
74.    1.5964445722182401e-9
74.1    1.4024228147519263e-9
74.2    1.226381827091801e-9
74.3    1.0672459632921414e-9
74.39999999999999    9.239668418861382e-10
74.5    7.955228688190288e-10
74.6    6.809187672497225e-10
74.7    5.791851142227461e-10
74.8    4.893778839089164e-10
74.89999999999999    4.1057799763078916e-10
75.    3.418908804430124e-10
75.1    2.824460238127438e-10
75.2    2.3139655528065357e-10
75.3    1.8791881390030184e-10
75.39999999999999    1.512119478905348e-10
75.5    1.2050036222971538e-10
75.6    9.50365110221484e-11
75.7    7.410283025599305e-11
75.8    5.708697030649998e-11
75.89999999999999    4.344567040900404e-11
76.    3.2658312980087716e-11
76.1    2.4233470003709698e-11
76.2    1.770403730861804e-11
76.3    1.2692092650071732e-11
76.39999999999999    8.873932687190335e-12
76.5    5.9873867445083985e-12
76.6    3.872215002783863e-12
76.7    2.3832365679384127e-12
76.8    1.3798370201114211e-12
76.9    7.269046529193542e-13
77.    3.2384059744839934e-13
77.1    1.075165151014376e-13
77.2    1.871748721043545e-14
77.3    1.8246469253828835e-16
