0.1    7.345838187625583e-13
0.2    2.827904539651954e-12
0.30000000000000004    6.172411139586302e-12
0.4    1.0664217938938185e-11
0.5    1.620318853324025e-11
0.6    2.2692996868877917e-11
0.7000000000000001    3.004116752936453e-11
0.8    3.815909716419558e-11
0.9    4.6962058864600813e-11
1.    5.636919116948938e-11
1.1    6.630347327025489e-11
1.2000000000000002    7.669168787461718e-11
1.3000000000000003    8.746437308707253e-11
1.4000000000000001    9.855576456656397e-11
1.5000000000000002    1.0990372913042148e-10
1.6    1.2144969088722877e-10
1.7000000000000002    1.3313855089982276e-10
1.8000000000000003    1.4491860130289396e-10
1.9000000000000001    1.5674143472743044e-10
2.    1.685618498163102e-10
2.1    1.803377535515053e-10
2.2    1.920300610534224e-10
2.3000000000000003    2.0360259345666725e-10
2.4000000000000004    2.150219744138198e-10
2.5000000000000004    2.2625752572945112e-10
2.6    2.3728116258044723e-10
2.7    2.480672887355541e-10
2.8000000000000003    2.585926921467733e-10
2.9000000000000004    2.6883644124766804e-10
3.0000000000000004    2.787797822586384e-10
3.1    2.8840603776664913e-10
3.2    2.977005068166261e-10
3.3000000000000003    3.066503667236326e-10
3.4000000000000004    3.152445767888864e-10
3.5000000000000004    3.2347378407856007e-10
3.6    3.313302314020118e-10
3.7    3.38807637735282e-10
3.8000000000000003    3.459010074320191e-10
3.9000000000000004    3.5260663517986824e-10
4.    3.589220593556883e-10
4.1    3.648459832325709e-10
4.2    3.7037819875168934e-10
4.3    3.7551951289004214e-10
4.3999999999999995    3.802716766426035e-10
4.5    3.846373166267227e-10
4.6    3.886198693069309e-10
4.7    3.922235178295999e-10
4.8    3.9545313144901917e-10
4.9    3.983142075194652e-10
5.    4.0081281602153276e-10
5.1    4.029555465854646e-10
5.2    4.0474945796931264e-10
5.3    4.0620202994547194e-10
5.4    4.073211175454108e-10
5.5    4.081149076092249e-10
5.6    4.0859187758391553e-10
5.7    4.087607565120301e-10
5.8    4.0863048815042526e-10
5.9    4.0821019615743787e-10
6.    4.0750915128557966e-10
6.1    4.0653674051606033e-10
6.2    4.0530243807087496e-10
6.3    4.0381577823791347e-10
6.4    4.020863299445012e-10
6.5    4.0012367301492255e-10
6.6    3.979373760478575e-10
6.7    3.9553697585016546e-10
6.8    3.9293195836414203e-10
6.9    3.90131741026192e-10
7.    3.8714565649579797e-10
7.1    3.839829376947207e-10
7.2    3.8065270409749e-10
7.3    3.7716394921549755e-10
7.4    3.7352552921826075e-10
7.5    3.6974615263681197e-10
7.6    3.6583437109554297e-10
7.7    3.617985710202904e-10
7.8    3.576469662719195e-10
7.9    3.533875916561534e-10
8.    3.4902829726192853e-10
8.1    3.445767435820566e-10
8.2    3.4004039737153684e-10
8.3    3.3542652820036497e-10
8.4    3.307422056592404e-10
8.5    3.25994297178072e-10
8.6    3.211894664186853e-10
8.7    3.163341722046605e-10
8.8    3.1143466795264806e-10
8.9    3.064970015710006e-10
9.    3.015270157929659e-10
9.1    2.9653034891307957e-10
9.2    2.9151243589678636e-10
9.3    2.8647850983462603e-10
9.4    2.8143360371367093e-10
9.5    2.763825524801354e-10
9.6    2.7132999536835253e-10
9.700000000000001    2.6628037847250897e-10
9.8    2.6123795753870856e-10
9.9    2.562068009560648e-10
10.    2.5119079292665196e-10
10.1    2.4619363679517835e-10
10.200000000000001    2.4121885852031725e-10
10.3    2.3626981027060095e-10
10.4    2.3134967412876665e-10
10.5    2.2646146588935947e-10
10.6    2.2160803893529998e-10
10.700000000000001    2.167920881799898e-10
10.8    2.1201615406234158e-10
10.9    2.0728262658292437e-10
11.    2.0259374937018445e-10
11.1    1.9795162376641573e-10
11.200000000000001    1.933582129238655e-10
11.3    1.8881534590203112e-10
11.4    1.843247217578302e-10
11.5    1.7988791362095874e-10
11.6    1.7550637274730813e-10
11.700000000000001    1.7118143254389588e-10
11.8    1.6691431255926648e-10
11.9    1.627061224338394e-10
12.    1.5855786580515346e-10
12.1    1.5447044416340987e-10
12.200000000000001    1.5044466065314367e-10
12.3    1.4648122381727123e-10
12.4    1.4258075128012765e-10
12.5    1.387437733664986e-10
12.6    1.3497073665397058e-10
12.700000000000001    1.3126200745625946e-10
12.8    1.2761787523549035e-10
12.9    1.2403855594166817e-10
13.    1.205241952778754e-10
13.1    1.1707487188996188e-10
13.200000000000001    1.13690600479747e-10
13.3    1.1037133484096939e-10
13.4    1.0711697081742896e-10
13.5    1.0392734918295206e-10
13.6    1.0080225844301315e-10
13.700000000000001    9.774143755797948e-11
13.8    9.474457858813769e-11
13.9    9.181132926077316e-11
14.    8.894129545972905e-11
14.1    8.613404363798036e-11
14.200000000000001    8.338910315387912e-11
14.3    8.070596853181783e-11
14.4    7.808410164817141e-11
14.5    7.552293384344123e-11
14.6    7.302186796162028e-11
14.700000000000001    7.058028031785675e-11
14.8    6.81975225955553e-11
14.9    6.587292367412744e-11
15.    6.360579138862722e-11
15.1    6.139541422256443e-11
15.200000000000001    5.924106293523351e-11
15.3    5.714199212490885e-11
15.4    5.5097441729297854e-11
15.5    5.310663846466456e-11
15.6    5.116879720504826e-11
15.700000000000001    4.9283122303021044e-11
15.8    4.744880885343734e-11
15.9    4.566504390163093e-11
16.    4.393100759752685e-11
16.1    4.224587429712555e-11
16.200000000000003    4.0608813612817864e-11
16.3    3.9018991413989845e-11
16.400000000000002    3.747557077935787e-11
16.500000000000004    3.597771290247305e-11
16.6    3.452457795181802e-11
16.700000000000003    3.3115325886906976e-11
16.8    3.174911723177665e-11
16.900000000000002    3.0425113807257135e-11
17.000000000000004    2.914247942336843e-11
17.1    2.7900380533187157e-11
17.200000000000003    2.6697986849497774e-11
17.3    2.5534471925530145e-11
17.400000000000002    2.4409013701041284e-11
17.500000000000004    2.3320795015004817e-11
17.6    2.2269004086122515e-11
17.700000000000003    2.1252834962357746e-11
17.8    2.027148794066974e-11
17.900000000000002    1.932416995808618e-11
18.000000000000004    1.841009495524529e-11
18.1    1.7528484213493995e-11
18.200000000000003    1.6678566666617444e-11
18.3    1.585957918823215e-11
18.400000000000002    1.5070766855866405e-11
18.500000000000004    1.4311383192709353e-11
18.6    1.358069038798863e-11
18.700000000000003    1.2877959496919712e-11
18.8    1.2202470621122414e-11
18.900000000000002    1.1553513070391539e-11
19.000000000000004    1.0930385506683892e-11
19.1    1.033239607113182e-11
19.200000000000003    9.758862494913138e-12
19.300000000000004    9.209112194728888e-12
19.400000000000002    8.682482353664498e-12
19.500000000000004    8.178319988151312e-12
19.6    7.695982001734467e-12
19.700000000000003    7.234835226336109e-12
19.800000000000004    6.7942564516578466e-12
19.900000000000002    6.373632443376301e-12
20.000000000000004    5.972359950721559e-12
20.1    5.589845704052543e-12
20.200000000000003    5.225506402976623e-12
20.300000000000004    4.878768695579571e-12
20.400000000000002    4.549069149280482e-12
20.500000000000004    4.23585421382426e-12
20.6    3.93858017690003e-12
20.700000000000003    3.656713112850116e-12
20.800000000000004    3.3897288249239584e-12
20.900000000000002    3.1371127815034722e-12
21.000000000000004    2.898360046717939e-12
21.1    2.6729752058462967e-12
21.200000000000003    2.4604722858784275e-12
21.300000000000004    2.2603746716087435e-12
21.400000000000002    2.0722150176070577e-12
21.500000000000004    1.8955351563968795e-12
21.6    1.729886003160425e-12
21.700000000000003    1.5748274572756216e-12
21.800000000000004    1.42992830097305e-12
21.900000000000002    1.2947660953858352e-12
22.000000000000004    1.1689270742637082e-12
22.1    1.052006035592793e-12
22.200000000000003    9.436062313632845e-13
22.300000000000004    8.433392557120048e-13
22.400000000000002    7.508249316519672e-13
22.500000000000004    6.656911965980072e-13
22.6    5.875739868751975e-13
22.700000000000003    5.161171213973317e-13
22.800000000000004    4.5097218469271273e-13
22.900000000000002    3.9179840942660816e-13
23.000000000000004    3.382625585969049e-13
23.1    2.900388075265803e-13
23.200000000000003    2.468086258087854e-13
23.300000000000004    2.082606593223045e-13
23.400000000000002    1.7409061244373268e-13
23.500000000000004    1.4400113056927422e-13
23.6    1.1770168305560485e-13
23.700000000000003    9.490844667465389e-14
23.800000000000004    7.534418968391184e-14
23.900000000000002    5.873815659021154e-14
24.000000000000004    4.4825953693923205e-14
24.1    3.334943549010459e-14
24.200000000000003    2.405659199475438e-14
24.300000000000004    1.670143705104322e-14
24.400000000000002    1.104389770189932e-14
24.500000000000004    6.84970464392364e-15
24.6    3.890283856130522e-15
24.700000000000003    1.94264941458098e-15
24.800000000000004    7.892975528294261e-16
24.900000000000002    2.1810200124617624e-16
25.000000000000004    2.221063618343128e-17
