0.1    1990.069903470579
0.2    1937.6013432942143
0.30000000000000004    1886.0362506628423
0.4    1835.387219636049
0.5    1785.6645239699078
0.6    1736.8762694315897
0.7000000000000001    1689.0285385379107
0.8    1642.1255280274845
0.9    1596.1696793663093
1.    1551.1618025769803
1.1    1507.101193672177
1.2000000000000002    1463.9857459637562
1.3000000000000003    1421.812055509596
1.4000000000000001    1380.5755209513572
1.5000000000000002    1340.270437987538
1.6    1300.8900887175712
1.7000000000000002    1262.4268260843285
1.8000000000000003    1224.8721536341673
1.9000000000000001    1188.2168008056574
2.    1152.4507939503185
2.1    1117.5635232810885
2.2    1083.5438059368598
2.3000000000000003    1050.3799453442105
2.4000000000000004    1018.0597870504783
2.5000000000000004    986.5707711955309
2.6    955.899981782992
2.7    926.0341929053002
2.8000000000000003    896.9599120707755
2.9000000000000004    868.6634207748698
3.0000000000000004    841.1308124519597
3.1    814.3480279384293
3.2    788.3008885723316
3.3000000000000003    762.9751270496793
3.4000000000000004    738.356416152318
3.5000000000000004    714.4303954574353
3.6    691.1826961070743
3.7    668.5989068775336
3.8000000000000003    646.6644229122783
3.9000000000000004    625.3646689145706
4.    604.6851947292738
4.1    584.6116850043938
4.2    565.1299681747652
4.3    546.2260250620715
4.3999999999999995    527.8859970236169
4.5    510.0961936023446
4.6    492.8430996465445
4.7    476.1133818803942
4.8    459.89389491652344
4.9    444.17168670973916
5.    428.9340034572763
5.1    414.1682939557873
5.2    399.86221342902155
5.3    386.0036268429765
5.4    372.5806117273771
5.5    359.58146052387
5.6    346.99468248229476
5.7    334.809005127056
5.8    323.0133753159027
5.9    311.59695991349236
6.    300.5491461019661
6.1    289.8595413504554
6.2    279.5179730650061
6.3    269.51448793987487
6.4    259.83935103054375
6.5    250.48304456813548
6.6    241.4362665342078
6.7    232.68992901417494
6.8    224.23515634685054
6.9    216.0632830868554
7.    208.1658517958708
7.1    200.53461067796513
7.2    193.16151107347935
7.3    186.03870482522152
7.4    179.15854153000723
7.5    172.51356568788412
7.6    166.09651376070155
7.7    159.90031115102715
7.8    153.91806911178264
7.9    148.14308159635146
8.    142.56882205833222
8.1    137.18894020953417
8.2    131.99725874428125
8.3    126.98777003756068
8.4    122.15463282406417
8.5    117.49216886468956
8.6    112.99485960662066
8.7    108.65734284267457
8.8    104.47440937519008
8.9    100.44099968934636
9.    96.55220064042719
9.1    92.80324215919643
9.2    89.18949397921726
9.3    85.70646238963019
9.4    82.3497870166115
9.5    79.11523763644378
9.6    75.99871102287209
9.700000000000001    72.99622783116214
9.8    70.1039295210418
9.9    67.31807532048337
10.    64.63503923207593
10.1    62.05130708353555
10.200000000000001    59.563473623719794
10.3    57.168239665336635
10.4    54.8624092753737
10.5    52.642887014124604
10.6    50.5066752235416
10.700000000000001    48.45087136551456
10.8    46.47266541054857
10.9    44.56933727719789
11.    42.73825432250578
11.1    40.976868883599245
11.200000000000001    39.282715870494606
11.3    37.65341041008337
11.4    36.08664554118825
11.5    34.58018996050634
11.6    33.13188581918646
11.700000000000001    31.739646569728492
11.8    30.40145486283255
11.9    29.115360493774944
12.    27.879478397840888
12.1    26.69198669429841
12.200000000000001    25.55112477836181
12.3    24.455191460554612
12.4    23.4025431528524
12.5    22.39159210095669
12.6    21.420804662026203
12.700000000000001    20.488699627169122
12.8    19.593846587981538
12.9    18.734864346400098
13.    17.9104193671222
13.1    17.119224271836142
13.200000000000001    16.360036374492594
13.3    15.631656256842225
13.4    14.93292638345707
13.5    14.262729755449833
13.6    13.619988602102573
13.700000000000001    13.003663109614626
13.8    12.41275018618024
13.9    11.846282262607675
14.    11.303326127694305
14.1    10.782981797575784
14.200000000000001    10.284381418272394
14.3    9.806688200660703
14.4    9.349095387106166
14.5    8.910825248997902
14.6    8.491128114436709
14.700000000000001    8.08928142533427
14.8    7.704588823191018
14.9    7.336379262830788
15.    6.9840061533784175
15.1    6.646846525778436
15.200000000000001    6.324300226163381
15.3    6.015789134390895
15.4    5.720756407080466
15.5    5.438665744492406
15.6    5.169000680602659
15.700000000000001    4.911263895740135
15.8    4.664976551163781
15.9    4.429677644970307
16.    4.204923388734138
16.1    3.9902866042948975
16.200000000000003    3.7853561401183535
16.3    3.589736306670748
16.400000000000002    3.403046330256822
16.500000000000004    3.2249198247859305
16.6    3.0550042809408726
16.700000000000003    2.8929605722376333
16.8    2.7384624774752426
16.900000000000002    2.5911962190874425
17.000000000000004    2.4508600169188326
17.1    2.3171636569607617
17.200000000000003    2.1898280745928758
17.3    2.0685849518879906
17.400000000000002    1.9531763285490273
17.500000000000004    1.8433542260580742
17.6    1.7388802846278064
17.700000000000003    1.6395254125571928
17.8    1.5450694476030031
17.900000000000002    1.4553008299896208
18.000000000000004    1.370016286689777
18.1    1.2890205266182704
18.200000000000003    1.212125946391436
18.3    1.1391523463138944
18.400000000000002    1.0699266562641092
18.500000000000004    1.0042826711595019
18.6    0.9420607956902444
18.700000000000003    0.883107798020939
18.8    0.8272765721667351
18.900000000000002    0.7744259087600271
19.000000000000004    0.724420273931372
19.1    0.6771295960368657
19.200000000000003    0.6324290599719375
19.300000000000004    0.5901989088191923
19.400000000000002    0.550324252585677
19.500000000000004    0.5126948837922116
19.6    0.47720509968443875
19.700000000000003    0.4437535308426046
19.800000000000004    0.41224297597366377
19.900000000000002    0.3825802426759064
20.000000000000004    0.35467599397314836
20.1    0.32844460042138823
20.200000000000003    0.3038039975971859
20.300000000000004    0.28067554878318457
20.400000000000002    0.25898391267187165
20.500000000000004    0.23865691591387964
20.6    0.21962543034383014
20.700000000000003    0.2018232547206824
20.800000000000004    0.18518700082571934
20.900000000000002    0.16965598376613197
21.000000000000004    0.15517211633681202
21.1    0.1416798072982425
21.200000000000003    0.12912586343230573
21.300000000000004    0.11745939524337219
21.400000000000002    0.10663172617528105
21.500000000000004    0.09659630521982535
21.6    0.08730862279641514
21.700000000000003    0.0787261297861028
21.800000000000004    0.07080815960774718
21.900000000000002    0.06351585322714642
22.000000000000004    0.056812086994314115
22.1    0.05066140320705581
22.200000000000003    0.045029943302620945
22.300000000000004    0.03988538358286553
22.400000000000002    0.03519687338084541
22.500000000000004    0.03093497558078828
22.6    0.027071609405637468
22.700000000000003    0.023579995389749153
22.800000000000004    0.02043460245708746
22.900000000000002    0.017611097027778567
23.000000000000004    0.015086294078971763
23.1    0.012838110088145876
23.200000000000003    0.010845517789603593
23.300000000000004    0.009088502677521261
23.400000000000002    0.007548021190944018
23.500000000000004    0.006205960518529405
23.6    0.005045099963136232
23.700000000000003    0.004049073808246561
23.800000000000004    0.0032023356303773026
23.900000000000002    0.0024901240036816633
24.000000000000004    0.0018984295446850933
24.1    0.0014139632471081274
24.200000000000003    0.0010241260584463799
24.300000000000004    0.0007169796515684898
24.400000000000002    0.00048121834677922393
24.500000000000004    0.00030614214047575003
24.6    0.0001816307991871105
24.700000000000003    0.00009811897842669405
24.800000000000004    0.00004657232764904245
24.900000000000002    0.000018464543893918816
25.000000000000004    5.758835426982809e-6
25.1    1.3087398770542203e-6
25.200000000000003    1.5811900689890782e-7
25.300000000000004    2.6453642965728296e-10
