0.1    0.000505111610244248
0.2    0.0004892258018729705
0.30000000000000004    0.00047376937471999974
0.4    0.0004587341415531326
0.5    0.0004441118790723139
0.6    0.00042989434285069776
0.7000000000000001    0.0004160732812341685
0.8    0.0004026404482524043
0.9    0.00038958761559235015
1.    0.0003769065836828335
1.1    0.00036458919193696937
1.2000000000000002    0.00035262732819701215
1.3000000000000003    0.0003410129374243834
1.4000000000000001    0.0003297380296757232
1.5000000000000002    0.0003187946874040329
1.6    0.00030817507212223277
1.7000000000000002    0.0002978714304647875
1.8000000000000003    0.0002878760996814416
1.9000000000000001    0.0002781815125955677
2.    0.0002687802020581103
2.1    0.0002596648049267094
2.2    0.00025082806559817097
2.3000000000000003    0.0002422628391211504
2.4000000000000004    0.0002339620939146206
2.5000000000000004    0.0002259189141164844
2.6    0.0002181265015855032
2.7    0.0002105781775785883
2.8000000000000003    0.0002032673841244239
2.9000000000000004    0.00019618768511333478
3.0000000000000004    0.00018933276712233295
3.1    0.00018269643999330748
3.2    0.00017627263718142025
3.3000000000000003    0.0001700554158898767
3.4000000000000004    0.0001640389570064229
3.5000000000000004    0.00015821756485609044
3.6    0.00015258566678397044
3.7    0.00014713781251190274
3.8000000000000003    0.00014186867397215116
3.9000000000000004    0.00013677304601514303
4.    0.0001318458454008829
4.1    0.0001270821093699983
4.2    0.00012247699416159433
4.3    0.00011802577348034344
4.3999999999999995    0.0001137238369155801
4.5    0.00010956668831557714
4.6    0.0001055499441204526
4.7    0.00010166933165733277
4.8    0.0000979206874014963
4.9    0.0000942999552072536
5.    0.00009080318451230517
5.1    0.00008742652851926262
5.2    0.00008416624235793764
5.3    0.00008101868123189125
5.4    0.0000779802985526155
5.5    0.00007504764406457976
5.6    0.00007221736196423055
5.7    0.00006948618901588054
5.8    0.0000668509526672685
5.9    0.00006430856916741609
6.    0.0000618560416892518
6.1    0.00005949045845931976
6.2    0.00005720899089673641
6.3    0.000055008891763415464
6.4    0.00005288749332743369
6.5    0.00005084220554127277
6.6    0.000048870514236538244
6.7    0.000046969979336626575
6.8    0.000045138233088688366
6.9    0.00004337297831611632
7.    0.000041671986692673395
7.1    0.000040033097039269735
7.2    0.00003845421364429241
7.3    0.000036933304608297015
7.4    0.00003546840021377486
7.5    0.000034057591320625877
7.6    0.00003269902778788113
7.7    0.00003139091692214421
7.8    0.000030131521953145842
7.9    0.000028919160536737172
8.    0.000027752203285584324
8.1    0.000026629072327764185
8.2    0.000025548239893405972
8.3    0.000024508226929470793
8.4    0.000023507601742710494
8.5    0.000022544978670802344
8.6    0.000021619016781613897
8.7    0.00002072841860051178
8.8    0.000019871928865591665
8.9    0.00001904833331067459
9.    0.00001825645747588056
9.1    0.00001749516554556573
9.2    0.00001676335921337951
9.3    0.00001605997657417697
9.4    0.000015383991042498048
9.5    0.000014734410297306928
9.6    0.000014110275252665804
9.700000000000001    0.00001351065905400262
9.8    0.000012934666099616223
9.9    0.000012381431087051966
10.    0.000011850118083967309
10.1    0.000011339919623098666
10.200000000000001    0.000010850055820931757
10.3    0.000010379773519670593
10.4    9.928345452093698e-6
10.5    9.495069428882178e-6
10.6    9.07926754799954e-6
10.700000000000001    8.680285425699596e-6
10.8    8.29749144873876e-6
10.9    7.93027604736495e-6
11.    7.5780509886571265e-6
11.1    7.240248689788375e-6
11.200000000000001    6.916321550786405e-6
11.3    6.605741306367525e-6
11.4    6.307998396420804e-6
11.5    6.02260135472326e-6
11.6    5.74907621546831e-6
11.700000000000001    5.486965937194309e-6
11.8    5.235829843703237e-6
11.9    4.995243081563781e-6
12.    4.764796093797622e-6
12.1    4.5440941093530255e-6
12.200000000000001    4.332756647973451e-6
12.3    4.130417040076278e-6
12.4    3.936721961260096e-6
12.5    3.7513309810663477e-6
12.6    3.5739161256261333e-6
12.700000000000001    3.404161453828955e-6
12.8    3.24176264665704e-6
12.9    3.0864266093337234e-6
13.    2.937871085942603e-6
13.1    2.7958242861782786e-6
13.200000000000001    2.66002452389823e-6
13.3    2.530219867149924e-6
13.4    2.4061677993548248e-6
13.5    2.287634891337425e-6
13.6    2.1743964838932707e-6
13.700000000000001    2.0662363805973514e-6
13.8    1.9629465505597964e-6
13.9    1.8643268408432385e-6
14.    1.7701846982616178e-6
14.1    1.6803349002876617e-6
14.200000000000001    1.5945992948013905e-6
14.3    1.5128065484195727e-6
14.4    1.434791903151072e-6
14.5    1.3603969411302203e-6
14.6    1.2894693571854312e-6
14.700000000000001    1.2218627390071769e-6
14.8    1.157436354684947e-6
14.9    1.0960549473881464e-6
15.    1.0375885369729426e-6
15.1    9.819122283013775e-7
15.200000000000001    9.289060260653783e-7
15.3    8.784546559137001e-7
15.4    8.304473916849759e-7
15.5    7.847778885555105e-7
15.6    7.413440219157897e-7
15.700000000000001    7.000477317942875e-7
15.8    6.607948726528294e-7
15.9    6.234950683818468e-7
16.    5.880615723295877e-7
16.1    5.544111322030263e-7
16.200000000000003    5.224638596839161e-7
16.3    4.921431046066458e-7
16.400000000000002    4.6337533355038043e-7
16.500000000000004    4.360900127008628e-7
16.6    4.1021949484259857e-7
16.700000000000003    3.856989103455432e-7
16.8    3.624660620147072e-7
16.900000000000002    3.4046132367476386e-7
17.000000000000004    3.196275423661151e-7
17.1    2.999099440317963e-7
17.200000000000003    2.812560425788518e-7
17.3    2.6361555220114464e-7
17.400000000000002    2.4694030285394034e-7
17.500000000000004    2.311841587740338e-7
17.6    2.163029399425322e-7
17.700000000000003    2.022543463904309e-7
17.8    1.8899788525038346e-7
17.900000000000002    1.7649480046102466e-7
18.000000000000004    1.6470800503295743e-7
18.1    1.536020157889034e-7
18.200000000000003    1.431428904924803e-7
18.3    1.332981672837636e-7
18.400000000000002    1.2403680634147718e-7
18.500000000000004    1.1532913369464441e-7
18.6    1.0714678710949183e-7
18.700000000000003    9.94626639785375e-8
18.8    9.22508711426693e-8
18.900000000000002    8.548667657794592e-8
19.000000000000004    7.914646288210279e-8
19.1    7.320768249716316e-8
19.200000000000003    6.764881460699863e-8
19.300000000000004    6.244932365073483e-8
19.400000000000002    5.7589619394570065e-8
19.500000000000004    5.305101850669651e-8
19.6    4.8815707581976526e-8
19.700000000000003    4.4866707564405386e-8
19.800000000000004    4.118783951752827e-8
19.900000000000002    3.776369169452728e-8
20.000000000000004    3.4579587861106817e-8
20.1    3.16215568262786e-8
20.200000000000003    2.8876303137504318e-8
20.300000000000004    2.6331178897894344e-8
20.400000000000002    2.397415666482714e-8
20.500000000000004    2.179380339119604e-8
20.6    1.9779255370571713e-8
20.700000000000003    1.792019415037641e-8
20.800000000000004    1.6206823377431387e-8
20.900000000000002    1.4629846541651642e-8
21.000000000000004    1.3180445585205077e-8
21.1    1.1850260345019734e-8
21.200000000000003    1.0631368798454763e-8
21.300000000000004    9.516268081806531e-9
21.400000000000002    8.497856253730132e-9
21.500000000000004    7.569414775704812e-9
21.6    6.72459168277968e-9
21.700000000000003    5.957385419361752e-9
21.800000000000004    5.262129314817838e-9
21.900000000000002    4.63347667542294e-9
22.000000000000004    4.0663864692463444e-9
22.1    3.5561095819991916e-9
22.200000000000003    3.098175622443512e-9
22.300000000000004    2.6883802563949112e-9
22.400000000000002    2.3227730498879695e-9
22.500000000000004    1.9976458017892536e-9
22.6    1.7095213477079565e-9
22.700000000000003    1.4551428172343125e-9
22.800000000000004    1.2314633271991922e-9
22.900000000000002    1.0356360946486077e-9
23.000000000000004    8.650049532237727e-10
23.1    7.170952577358197e-10
23.200000000000003    5.896051621799205e-10
23.300000000000004    4.803972566254704e-10
23.400000000000002    3.874905494332342e-10
23.500000000000004    3.090527815047894e-10
23.6    2.4339305962668595e-10
23.700000000000003    1.8895479675346042e-10
23.800000000000004    1.443089473438868e-10
23.900000000000002    1.081475262266916e-10
24.000000000000004    7.927740012367048e-11
24.1    5.6614341139502004e-11
24.200000000000003    3.917733202545473e-11
24.300000000000004    2.6083113594556082e-11
24.400000000000002    1.654096429475039e-11
24.500000000000004    9.84770364141456e-12
24.6    5.38290995361567e-12
24.700000000000003    2.604344430845691e-12
24.800000000000004    1.043573314431252e-12
24.900000000000002    3.0178038766212864e-13
25.000000000000004    4.575906482766031e-14
25.1    4.361143283524806e-15
25.200000000000003    3.036636699858278e-16
25.300000000000004    6.099395646142994e-20
