0.1    0.007274883383929841
0.2    0.014375326424210244
0.30000000000000004    0.021303815038175546
0.4    0.02806282249231273
0.5    0.034654808827721185
0.6    0.041082220311411344
0.7000000000000001    0.04734748891273559
0.8    0.053453031804260344
0.9    0.05940125088640347
1.    0.06519453233517554
1.1    0.07083524617237867
1.2000000000000002    0.07632574585763062
1.3000000000000003    0.08166836790159586
1.4000000000000001    0.08686543149981923
1.5000000000000002    0.09191923818657138
1.6    0.09683207150812818
1.7000000000000002    0.10160619671491981
1.8000000000000003    0.10624386047199742
1.9000000000000001    0.11074729058727814
2.    0.115118695757042
2.1    0.1193602653281648
2.2    0.12347416907658507
2.3000000000000003    0.1274625570015128
2.4000000000000004    0.1313275591349003
2.5000000000000004    0.13507128536570634
2.6    0.13869582527849528
2.7    0.1422032480059244
2.8000000000000003    0.14559560209468264
2.9000000000000004    0.14887491538445405
3.0000000000000004    0.1520431948994906
3.1    0.15510242675238703
3.2    0.158054576059662
3.3000000000000003    0.1609015868687578
3.4000000000000004    0.16364538209608176
3.5000000000000004    0.16628786347572
3.6    0.16883091151846455
3.7    0.17127638548080257
3.8000000000000003    0.17362612334352637
3.9000000000000004    0.17588194179962907
4.    0.17804563625116226
4.1    0.1801189808147367
4.2    0.18210372833535787
4.3    0.18400161040829374
4.3999999999999995    0.18581433740868183
4.5    0.18754359852858768
4.6    0.18919106182123657
4.7    0.19075837425214634
4.8    0.19224716175689482
4.9    0.1936590293052657
5.    0.19499556097151952
5.1    0.1962583200105457
5.2    0.19744884893965658
5.3    0.19856866962579203
5.4    0.19961928337790702
5.5    0.20060217104432376
5.6    0.20151879311483298
5.7    0.20237058982733616
5.8    0.2031589812788269
5.9    0.20388536754051234
6.    0.20455112877688464
6.1    0.20515762536855445
6.2    0.2057061980386665
6.3    0.20619816798271873
6.4    0.2066348370016161
6.5    0.2070174876377909
6.6    0.2073473833142275
6.7    0.20762576847623582
6.8    0.20785386873581863
6.9    0.20803289101848702
7.    0.20816402371237713
7.1    0.20824843681953087
7.2    0.2082872821092031
7.3    0.20828169327306517
7.4    0.20823278608217588
7.5    0.20814165854559616
7.6    0.20800939107052857
7.7    0.20783704662386376
7.8    0.20762567089502118
7.9    0.20737629245997585
8.    0.20708992294636366
8.1    0.20676755719956394
8.2    0.2064101734496591
8.3    0.206018733479175
8.4    0.20559418279151032
8.5    0.2051374507799633
8.6    0.20464945089726916
8.7    0.20413108082556483
8.8    0.20358322264669892
8.9    0.2030067430128077
9.    0.20240249331708254
9.1    0.20177130986465447
9.2    0.2011140140435249
9.3    0.20043141249547475
9.4    0.19972429728688618
9.5    0.19899344607941277
9.6    0.19823962230043687
9.700000000000001    0.19746357531325634
9.8    0.19666604058694193
9.9    0.19584773986581278
10.    0.19500938133847556
10.1    0.194151659806378
10.200000000000001    0.193275256851827
10.3    0.19238084100542638
10.4    0.1914690679128875
10.5    0.19054058050117115
10.6    0.18959600914391878
10.700000000000001    0.18863597182613406
10.8    0.18766107430807688
10.9    0.18667191027395164
11.    0.18566906099304878
11.1    0.18465309449885545
11.200000000000001    0.18362456608508113
11.3    0.18258401928338935
11.4    0.18153198641972487
11.5    0.18046898884294574
11.6    0.17939553707829795
11.700000000000001    0.178312130979867
11.8    0.17721925988199377
11.9    0.1761174027496316
12.    0.1750070283276255
12.1    0.17388859528889442
12.200000000000001    0.17276255238149746
12.3    0.17162933857456816
12.4    0.17048938320309953
12.5    0.16934310611156386
12.6    0.16819091779635614
12.700000000000001    0.16703321954704242
12.8    0.16587040358640567
12.9    0.16470285320927322
13.    0.16353094292011736
13.1    0.1623550385694178
13.200000000000001    0.16117549748877635
13.3    0.15999266862477654
13.4    0.15880689267157827
13.5    0.15761850220224197
13.6    0.15642782179877526
13.700000000000001    0.1552351681808963
13.8    0.15404085033350828
13.9    0.15284516963288158
14.    0.1516484199715388
14.1    0.1504508878818403
14.200000000000001    0.1492528526582662
14.3    0.14805458647839503
14.4    0.14685635452257517
14.5    0.14565841509228938
14.6    0.1444610197272123
14.700000000000001    0.14326441332095954
14.8    0.14206883423553038
14.9    0.14087451441444462
15.    0.13968167949457416
15.1    0.13849054891667262
15.200000000000001    0.13730133603460454
15.3    0.13611424822327725
15.4    0.13492948698527749
15.5    0.1337472480562183
15.6    0.13256772150879803
15.700000000000001    0.13139109185557699
15.8    0.13021753815047565
15.9    0.1290472340889997
16.    0.1278803481071971
16.1    0.12671704347935178
16.200000000000003    0.12555747841442186
16.3    0.12440180615122573
16.400000000000002    0.1232501750523842
16.500000000000004    0.12210272869702572
16.6    0.12095960597225901
16.700000000000003    0.1198209411634228
16.8    0.11868686404311865
16.900000000000002    0.11755749995903471
17.000000000000004    0.11643296992056716
17.1    0.11531339068424942
17.200000000000003    0.11419887483799473
17.3    0.11308953088416149
17.400000000000002    0.11198546332144986
17.500000000000004    0.11088677272563843
17.6    0.10979355582916778
17.700000000000003    0.1087059055995825
17.8    0.10762391131683888
17.900000000000002    0.10654765864948704
18.000000000000004    0.10547722972973822
18.1    0.10441270322742549
18.200000000000003    0.1033541544228668
18.3    0.10230165527864142
18.400000000000002    0.10125527451028782
18.500000000000004    0.1002150776559332
18.6    0.09918112714486506
18.700000000000003    0.09815348236505281
18.8    0.09713219972963166
18.900000000000002    0.09611733274235655
19.000000000000004    0.09510893206203727
19.1    0.09410704556596454
19.200000000000003    0.09311171841233638
19.300000000000004    0.09212299310169654
19.400000000000002    0.0911409095373925
19.500000000000004    0.09016550508506575
19.6    0.0891968146311833
19.700000000000003    0.08823487064061922
19.800000000000004    0.08727970321329982
19.900000000000002    0.08633134013991874
20.000000000000004    0.08538980695673497
20.1    0.08445512699946234
20.200000000000003    0.08352732145626146
20.300000000000004    0.08260640941984389
20.400000000000002    0.08169240793869877
20.500000000000004    0.08078533206745199
20.6    0.07988519491636774
20.700000000000003    0.0789920077000034
20.800000000000004    0.0781057797850263
20.900000000000002    0.07722651873720429
21.000000000000004    0.07635423036757771
21.1    0.07548891877782556
21.200000000000003    0.07463058640483283
21.300000000000004    0.07377923406447139
21.400000000000002    0.0729348609946026
21.500000000000004    0.07209746489731202
21.6    0.07126704198038594
21.700000000000003    0.07044358699803983
21.800000000000004    0.06962709329090741
21.900000000000002    0.0688175528253005
22.000000000000004    0.06801495623174936
22.1    0.0672192928428328
22.200000000000003    0.06643055073030704
22.300000000000004    0.06564871674154378
22.400000000000002    0.06487377653528531
22.500000000000004    0.06410571461672715
22.6    0.06334451437193708
22.700000000000003    0.06259015810161903
22.800000000000004    0.06184262705423198
22.900000000000002    0.06110190145847142
23.000000000000004    0.0603679605551242
23.1    0.05964078262830363
23.200000000000003    0.0589203450360748
23.300000000000004    0.058206624240478816
23.400000000000002    0.057499595836963784
23.500000000000004    0.05679923458323212
23.6    0.0561055144275118
23.700000000000003    0.05541840853626059
23.800000000000004    0.05473788932131136
23.900000000000002    0.05406392846646636
24.000000000000004    0.05339649695354983
24.1    0.05273556508792539
24.200000000000003    0.052081102523487605
24.300000000000004    0.0514330782871353
24.400000000000002    0.05079146080273413
24.500000000000004    0.05015621791457673
24.6    0.049527316910347834
24.700000000000003    0.04890472454360231
24.800000000000004    0.04828840705576338
24.900000000000002    0.04767833019764893
25.000000000000004    0.04707445925053245
25.1    0.04647675904674757
25.200000000000003    0.04588519398984161
25.300000000000004    0.04529972807428662
25.400000000000002    0.04472032490475457
25.500000000000004    0.04414694771496346
25.6    0.04357955938610227
25.700000000000003    0.04301812246484001
25.800000000000004    0.04246259918092736
25.900000000000002    0.04191295146439671
26.000000000000004    0.04136914096236718
26.1    0.04083112905546174
26.200000000000003    0.04029887687384218
26.300000000000004    0.03977234531286925
26.400000000000002    0.039251495048393675
26.500000000000004    0.03873628655168399
26.6    0.03822668010399861
26.700000000000003    0.03772263581080697
26.800000000000004    0.03722411361566628
26.900000000000002    0.03673107331376014
27.000000000000004    0.03624347456510432
27.1    0.03576127690742603
27.200000000000003    0.035284439768721934
27.300000000000004    0.03481292247950116
27.400000000000002    0.03434668428471825
27.500000000000004    0.033885684355402124
27.6    0.033429881799985975
27.700000000000003    0.032979235675344144
27.800000000000004    0.032533704997540575
27.900000000000002    0.032093248752294384
28.000000000000004    0.03165782590516804
28.1    0.031227395411482516
28.200000000000003    0.030801916225965176
28.300000000000004    0.030381347312134554
28.400000000000002    0.029965647651428194
28.500000000000004    0.029554776252076448
28.6    0.029148692157729063
28.700000000000003    0.02874735445583761
28.800000000000004    0.02835072228579944
28.900000000000002    0.02795875484686687
29.000000000000004    0.027571411405826907
29.1    0.027188651304455375
29.200000000000003    0.026810433966749817
29.300000000000004    0.026436718905945858
29.400000000000002    0.026067465731320943
29.500000000000004    0.025702634154789624
29.6    0.025342183997294574
29.700000000000003    0.024986075194997428
29.800000000000004    0.02463426780527351
29.900000000000002    0.024286722012513914
30.000000000000004    0.02394339813373953
30.1    0.023604256624030026
30.200000000000003    0.023269258081772364
30.300000000000004    0.02293836325373196
30.400000000000002    0.022611533039950046
30.500000000000004    0.02228872849847155
30.6    0.021969910849905985
30.700000000000003    0.021655041481825836
30.800000000000004    0.021344081953005217
30.900000000000002    0.021036993997502192
31.000000000000004    0.020733739528588188
31.1    0.0204342806425283
31.200000000000003    0.020138579622214298
31.300000000000004    0.019846598940655175
31.400000000000002    0.019558301264326897
31.500000000000004    0.019273649456385513
31.6    0.018992606579745663
31.700000000000003    0.018715135900028317
31.800000000000004    0.018441200888380034
31.900000000000002    0.018170765224166746
32.    0.017903792797545223
32.1    0.01764024771191422
32.2    0.0173800942862489
32.300000000000004    0.017123297057320616
32.400000000000006    0.016869820781804816
32.5    0.016619630438279784
32.6    0.01637269122911844
32.7    0.016128968582276262
32.800000000000004    0.01588842815297693
32.900000000000006    0.01565103582529906
33.    0.015416757713665524
33.1    0.015185560164238294
33.2    0.01495740975622079
33.300000000000004    0.014732273303070045
33.400000000000006    0.014510117853620899
33.5    0.014290910693124338
33.6    0.014074619344202153
33.7    0.013861211567720142
33.800000000000004    0.013650655363581388
33.900000000000006    0.013442918971442439
34.    0.013237970871353559
34.1    0.013035779784325414
34.2    0.012836314672824298
34.300000000000004    0.012639544741197009
34.400000000000006    0.012445439436028157
34.5    0.012253968446430964
34.6    0.012065101704273615
34.7    0.01187880938434301
34.800000000000004    0.011695061904447353
34.900000000000006    0.011513829925459393
35.    0.01133508435130203
35.1    0.011158796328877563
35.2    0.010984937247942675
35.300000000000004    0.010813478740930197
35.400000000000006    0.010644392682719403
35.5    0.010477651190356438
35.6    0.010313226622725902
35.7    0.010151091580175582
35.800000000000004    0.009991218904095366
35.900000000000006    0.009833581676451665
36.    0.009678153219278965
36.1    0.009524907094129594
36.2    0.009373817101483169
36.300000000000004    0.0092248572801167
36.400000000000006    0.009078001906437054
36.5    0.008933225493776453
36.6    0.008790502791652657
36.7    0.008649808784994653
36.800000000000004    0.008511118693335292
36.900000000000006    0.008374407969971687
37.    0.0082396523010947
37.1    0.008106827604888444
37.2    0.00797591003060101
37.300000000000004    0.007846875957587233
37.400000000000006    0.007719701994324587
37.5    0.007594364977403347
37.6    0.007470841970491664
37.7    0.007349110263276904
37.800000000000004    0.007229147370383605
37.900000000000006    0.007110931030269657
38.    0.006994439204100918
38.1    0.0068796500746055545
38.2    0.006766542044908807
38.300000000000004    0.00665509373734899
38.400000000000006    0.0065452839922755576
38.50000000000001    0.006437091866829967
38.6    0.006330496633710256
38.7    0.0062254777799198415
38.800000000000004    0.006122015005501551
38.900000000000006    0.006020088222257417
39.00000000000001    0.005919677552454922
39.1    0.005820763327520524
39.2    0.005723326086721015
39.300000000000004    0.005627346575833326
39.400000000000006    0.005532805745803681
39.50000000000001    0.005439684751396261
39.6    0.005347964949832426
39.7    0.005257627899420841
39.800000000000004    0.005168655358179194
39.900000000000006    0.0050810292824479365
40.00000000000001    0.004994731825496803
40.1    0.004909745336124406
40.2    0.004826052357251594
40.300000000000004    0.004743635624509083
40.400000000000006    0.004662478064819738
40.50000000000001    0.004582562794976093
40.6    0.004503873120213524
40.7    0.0044263925327795595
40.800000000000004    0.0043501047104998235
40.900000000000006    0.004274993515340914
41.00000000000001    0.004201042991970779
41.1    0.0041282373663168925
41.2    0.004056561044122748
41.300000000000004    0.003985998609502899
41.400000000000006    0.003916534823497186
41.50000000000001    0.0038481546226241435
41.6    0.003780843117434312
41.7    0.0037145855910635977
41.800000000000004    0.0036493674977870648
41.900000000000006    0.0035851744615735155
42.00000000000001    0.003521992274641138
42.1    0.003459806896014567
42.2    0.0033986044500836123
42.300000000000004    0.003338371225164058
42.400000000000006    0.003279093672060634
42.50000000000001    0.003220758402632615
42.6    0.003163352188362219
42.7    0.0031068619589260443
42.800000000000004    0.0030512748007699244
42.900000000000006    0.0029965779556872622
43.00000000000001    0.0029427588194011946
43.1    0.002889804940150852
43.2    0.0028377040172817766
43.300000000000004    0.0027864438998408763
43.400000000000006    0.002736012585176033
43.50000000000001    0.0026863982175405715
43.6    0.0026375890867027974
43.7    0.002589573626560812
43.800000000000004    0.002542340413762687
43.900000000000006    0.0024958781663323424
44.00000000000001    0.0024501757423010953
44.1    0.0024052221383451884
44.2    0.0023610064884293704
44.300000000000004    0.002317518062456791
44.400000000000006    0.0022747462649250682
44.50000000000001    0.0022326806335891875
44.6    0.0021913108381307013
44.7    0.0021506266788339115
44.800000000000004    0.00211061808526892
44.900000000000006    0.0020712751149815785
45.00000000000001    0.0020325879521906937
45.1    0.001994546906492355
45.2    0.0019571424115716308
45.300000000000004    0.0019203650239216778
45.400000000000006    0.001884205421570366
45.50000000000001    0.0018486544028145464
45.6    0.0018137028849618856
45.7    0.0017793419030806342
45.800000000000004    0.0017455626087570864
45.900000000000006    0.0017123562688610519
46.00000000000001    0.0016797142643192632
46.1    0.0016476280888968202
46.2    0.0016160893479867798
46.300000000000004    0.0015850897574078509
46.400000000000006    0.0015546211422103459
46.50000000000001    0.0015246754354903704
46.6    0.0014952446772123218
46.7    0.0014663210130397592
46.800000000000004    0.0014378966931746144
46.900000000000006    0.0014099640712048943
47.00000000000001    0.001382515602960774
47.1    0.0013555438453792207
47.2    0.001329041455377132
47.300000000000004    0.0013030011887329817
47.400000000000006    0.0012774158989770762
47.50000000000001    0.0012522785362903337
47.6    0.00122758214641173
47.7    0.0012033198695542606
47.800000000000004    0.001179484939329641
47.900000000000006    0.001156070681681542
48.00000000000001    0.0011330705138274883
48.1    0.001110477943209457
48.2    0.0010882865664530268
48.300000000000004    0.001066490068335227
48.400000000000006    0.0010450822207610617
48.50000000000001    0.0010240568817485762
48.6    0.0010034079944226267
48.7    0.0009831295860173
48.800000000000004    0.000963215766886849
48.900000000000006    0.0009436607295253318
49.00000000000001    0.0009244587475947954
49.1    0.0009056041749620249
49.2    0.0008870914447438844
49.300000000000004    0.0008689150683611717
49.400000000000006    0.0008510696346010012
49.50000000000001    0.0008335498086877211
49.6    0.0008163503313622279
49.7    0.0007994660179698268
49.800000000000004    0.0007828917575564493
49.900000000000006    0.0007666225119733334
50.00000000000001    0.0007506533149900182
50.1    0.0007349792714157114
50.2    0.0007195955562290012
50.300000000000004    0.0007044974137157957
50.400000000000006    0.0006896801566155323
50.50000000000001    0.0006751391652756436
50.6    0.0006608698868141501
50.7    0.0006468678342904361
50.800000000000004    0.0006331285858841217
50.900000000000006    0.0006196477840820107
51.00000000000001    0.0006064211348730816
51.1    0.0005934444069514661
51.2    0.000580713430927398
51.300000000000004    0.0005682240985460509
51.400000000000006    0.0005559723619142863
51.50000000000001    0.0005439542327351987
51.6    0.0005321657815505068
51.7    0.0005206031369905923
51.800000000000004    0.0005092624850323725
51.900000000000006    0.0004981400682647204
52.00000000000001    0.0004872321851615417
52.1    0.0004765351893624443
52.2    0.00046604548896087044
52.300000000000004    0.0004557595457997746
52.400000000000006    0.0004456738747746612
52.50000000000001    0.0004357850431440451
52.6    0.00042608966984723464
52.7    0.00041658442482940696
52.800000000000004    0.00040726602837388976
52.900000000000006    0.00039813125044166944
53.00000000000001    0.00038917691001800906
53.1    0.0003803998744661564
53.2    0.0003717970588881119
53.300000000000004    0.00036336542549236686
53.400000000000006    0.0003551019829685697
53.50000000000001    0.0003470037858690957
53.6    0.00033906793399745866
53.7    0.0003312915718034901
53.800000000000004    0.0003236718877852626
53.900000000000006    0.00031620611389768965
54.00000000000001    0.00030889152496777275
54.1    0.00030172543811641454
54.2    0.00029470521218674645
54.300000000000004    0.00028782824717897906
54.400000000000006    0.00028109198369163853
54.50000000000001    0.0002744939023691721
54.6    0.00026803152335591764
54.7    0.0002617024057562912
54.800000000000004    0.00025550414710123813
54.900000000000006    0.000249434382820816
55.00000000000001    0.00024349078572291532
55.1    0.00023767106547802053
55.2    0.00023197296811001326
55.300000000000004    0.00022639427549289297
55.400000000000006    0.00022093280485343983
55.50000000000001    0.00021558640827973793
55.6    0.00021035297223544712
55.7    0.00020523041707989846
55.800000000000004    0.00020021669659385814
55.900000000000006    0.00019530979751092417
56.00000000000001    0.00019050773905456028
56.1    0.00018580857248065076
56.2    0.0001812103806255687
56.300000000000004    0.00017671127745967323
56.400000000000006    0.00017230940764622777
56.50000000000001    0.00016800294610564554
56.6    0.00016379009758503505
56.7    0.00015966909623299765
56.800000000000004    0.00015563820517961024
56.900000000000006    0.00015169571612157415
57.00000000000001    0.00014783994891243474
57.1    0.00014406925115787329
57.2    0.00014038199781598196
57.300000000000004    0.0001367765908025053
57.400000000000006    0.00013325145860095208
57.50000000000001    0.00012980505587760076
57.6    0.00012643586310128791
57.7    0.0001231423861679483
57.800000000000004    0.00011992315602988259
57.900000000000006    0.00011677672832967681
58.00000000000001    0.00011370168303873407
58.1    0.00011069662410039461
58.2    0.00010776017907753704
58.300000000000004    0.00010489099880470268
58.400000000000006    0.0001020877570446307
58.50000000000001    0.00009934915014914992
58.6    0.0000966738967244587
58.7    0.00009406073730066023
58.800000000000004    0.00009150843400555639
58.900000000000006    0.00008901577024265281
59.00000000000001    0.00008658155037330135
59.1    0.00008420459940299571
59.2    0.00008188376267169449
59.300000000000004    0.00007961790554820399
59.400000000000006    0.00007740591312851975
59.50000000000001    0.00007524668993813572
59.6    0.0000731391596382235
59.7    0.00007108226473570166
59.800000000000004    0.00006907496629708777
59.900000000000006    0.00006711624366613154
60.00000000000001    0.00006520509418519905
60.1    0.0000633405329203103
60.2    0.00006152159238986022
60.300000000000004    0.00005974732229693631
60.400000000000006    0.000058016789265184054
60.50000000000001    0.000056329076578242285
60.6    0.000054683283922626496
60.7    0.0000530785271340858
60.800000000000004    0.000051513937947367526
60.900000000000006    0.00004998866374933996
61.00000000000001    0.00004850186733546865
61.1    0.00004705272666957457
61.2    0.00004564043464684769
61.300000000000004    0.00004426419886010208
61.400000000000006    0.00004292324136917997
61.50000000000001    0.00004161679847354059
61.6    0.00004034412048792245
61.7    0.00003910447152110966
61.800000000000004    0.00003789712925771766
61.900000000000006    0.000036721384742986246
62.00000000000001    0.00003557654217054691
62.1    0.00003446191867310994
62.2    0.00003337684411605989
62.300000000000004    0.000032320660893906315
62.400000000000006    0.000031292723729573
62.50000000000001    0.00003029239947646859
62.6    0.00002931906692334203
62.7    0.000028372116601847314
62.800000000000004    0.000027450950596800914
62.900000000000006    0.00002655498235913162
63.00000000000001    0.00002568363652143748
63.1    0.000024836348716138712
63.2    0.000024012565396228032
63.300000000000004    0.000023211743658529818
63.400000000000006    0.00002243335106947403
63.50000000000001    0.0000216768654933524
63.6    0.000020941774923015044
63.7    0.00002022757731297655
63.800000000000004    0.00001953378041491863
63.900000000000006    0.00001885990161554109
64.    0.000018205467776738164
64.1    0.000017570015078081703
64.2    0.000016953088861563502
64.3    0.000016354243478585116
64.39999999999999    0.000015773042139153108
64.5    0.000015209056763272977
64.6    0.000014661867834482374
64.7    0.000014131064255530823
64.8    0.000013616243206151705
64.89999999999999    0.000013117010002922652
65.    0.000012632977961161184
65.1    0.000012163768258856705
65.2    0.00001170900980260164
65.3    0.000011268339095481688
65.39999999999999    0.000010841400106929955
65.5    0.000010427844144497367
65.6    0.000010027329727517929
65.7    9.6395224626526e-6
65.8    9.264094921278485e-6
65.89999999999999    8.900726518707399e-6
66.    8.54910339520306e-6
66.1    8.208918298772295e-6
66.2    7.879870469727601e-6
66.3    7.5616655269546e-6
66.39999999999999    7.254015355923635e-6
66.5    6.9566379983468486e-6
66.6    6.669257543539819e-6
66.7    6.391604021405912e-6
66.8    6.123413297035932e-6
66.89999999999999    5.864426966920206e-6
67.    5.614392256739318e-6
67.1    5.3730619207004516e-6
67.2    5.140194142424169e-6
67.3    4.915552437332004e-6
67.39999999999999    4.69890555655072e-6
67.5    4.49002739227135e-6
67.6    4.28869688457413e-6
67.7    4.094697929691427e-6
67.8    3.907819289690174e-6
67.89999999999999    3.727854503542438e-6
68.    3.5546017995737624e-6
68.1    3.387864009291097e-6
68.2    3.2274484825381057e-6
68.3    3.0731670039625758e-6
68.39999999999999    2.924835710823509e-6
68.5    2.7822750120427155e-6
68.6    2.6453095085651413e-6
68.7    2.5137679149533015e-6
68.8    2.3874829822098146e-6
68.89999999999999    2.266291421839111e-6
69.    2.150033831092463e-6
69.1    2.03855461940737e-6
69.2    1.9317019360134914e-6
69.3    1.829327598692051e-6
69.39999999999999    1.7312870236625929e-6
69.5    1.6374391566128217e-6
69.6    1.5476464048005118e-6
69.7    1.4617745702762943e-6
69.8    1.3796927841593997e-6
69.89999999999999    1.301273441985039e-6
70.    1.2263921400871395e-6
70.1    1.1549276130146417e-6
70.2    1.0867616719667965e-6
70.3    1.021779144220004e-6
70.39999999999999    9.598678135499327e-7
70.5    9.009183616194029e-7
70.6    8.448243103260438e-7
70.7    7.914819651057333e-7
70.8    7.407903591440231e-7
70.89999999999999    6.926511985357959e-7
71.    6.469688083203942e-7
71.1    6.036500794319467e-7
71.2    5.626044165169451e-7
71.3    5.237436866221814e-7
71.39999999999999    4.869821687328894e-7
71.5    4.5223650415928635e-7
71.6    4.194256477470004e-7
71.7    3.8847081990947277e-7
71.8    3.592954594603021e-7
71.89999999999999    3.3182517724691826e-7
72.    3.059877105597479e-7
72.1    2.817128783177654e-7
72.2    2.589325370087952e-7
72.3    2.3758053738448194e-7
72.39999999999999    2.1759268188694338e-7
72.5    1.9890668280376196e-7
72.6    1.814621211454337e-7
72.7    1.652004062131375e-7
72.8    1.5006473588376475e-7
72.89999999999999    1.36000057554799e-7
73.    1.229530297843256e-7
73.1    1.1087198458455759e-7
73.2    9.970689037662287e-8
73.3    8.94093155773547e-8
73.39999999999999    7.993239284320858e-8
73.5    7.123078391777607e-8
73.6    6.326064511002813e-8
73.7    5.597959337635927e-8
73.8    4.934667299266878e-8
73.89999999999999    4.332232283198599e-8
74.    3.78683442045318e-8
74.1    3.294786928185574e-8
74.2    2.8525330075571507e-8
74.3    2.4566427976470484e-8
74.39999999999999    2.103810383575613e-8
74.5    1.7908508583620187e-8
74.6    1.5146974378805742e-8
74.7    1.2723986278747496e-8
74.8    1.061115442094089e-8
74.89999999999999    8.781186713161768e-9
75.    7.207862020706128e-9
75.1    5.8660038360224325e-9
75.2    4.731454444754766e-9
75.3    3.781049554055031e-9
75.39999999999999    2.9925939565071324e-9
75.5    2.3449384090879553e-9
75.6    1.8180661847197102e-9
75.7    1.3931000162008361e-9
75.8    1.0544650734393816e-9
75.89999999999999    7.887719031051405e-10
76.    5.834395543967062e-10
76.1    4.2687723738825206e-10
76.2    3.0827895539361306e-10
76.3    2.1910918012507594e-10
76.39999999999999    1.5223729162790228e-10
76.5    1.0210418558859187e-10
76.6    6.563710591062973e-11
76.7    4.015276445810108e-11
76.8    2.3104570179096352e-11
76.9    1.209576822303556e-11
77.    5.3549428646755345e-12
77.1    1.766645684100499e-12
77.2    3.056015519283528e-13
77.3    2.9600796909194358e-15
