0.1    2.58104723214212e-13
0.2    1.0217211433644774e-12
0.30000000000000004    2.274993984400372e-12
0.4    4.002322639369339e-12
0.5    6.188360495396092e-12
0.6    8.818014145728296e-12
0.7000000000000001    1.1876442493806952e-11
0.8    1.5349055754174548e-11
0.9    1.922151435489211e-11
1.    2.3479727745997776e-11
1.1    2.8109853118404303e-11
1.2000000000000002    3.30982940375011e-11
1.3000000000000003    3.843169899559773e-11
1.4000000000000001    4.409695988722005e-11
1.5000000000000002    5.0081210411147956e-11
1.6    5.637182440296427e-11
1.7000000000000002    6.295641410176718e-11
1.8000000000000003    6.98228283545863e-11
1.9000000000000001    7.695915076192949e-11
2.    8.435369776778283e-11
2.1    9.199501669727677e-11
2.2    9.9871883745132e-11
2.3000000000000003    1.0797330191789759e-10
2.4000000000000004    1.1628849893289522e-10
2.5000000000000004    1.2480692507669012e-10
2.6    1.3351825102581522e-10
2.7    1.4241236563238577e-10
2.8000000000000003    1.514793736771531e-10
2.9000000000000004    1.607095935924599e-10
3.0000000000000004    1.7009355515747973e-10
3.1    1.7962199716803474e-10
3.2    1.8928586508321541e-10
3.3000000000000003    1.9907630865094163e-10
3.4000000000000004    2.089846795145345e-10
3.5000000000000004    2.1900252880229186e-10
3.6    2.2912160470199068e-10
3.7    2.3933385002217255e-10
3.8000000000000003    2.496313997419957e-10
3.9000000000000004    2.6000657855137744e-10
4.    2.704518983830837e-10
4.1    2.809600559383612e-10
4.2    2.9152393020764676e-10
4.3    3.021365799878324e-10
4.3999999999999995    3.127912413975037e-10
4.5    3.234813253915166e-10
4.6    3.342004152762229e-10
4.7    3.4494226422660335e-10
4.8    3.5570079280651176e-10
4.9    3.6647008649319407e-10
5.    3.7724439320718396e-10
5.1    3.8801812084864576e-10
5.2    3.987858348411757e-10
5.3    4.0954225568404e-10
5.4    4.202822565137749e-10
5.5    4.3100086067604584e-10
5.6    4.416932393086056e-10
5.7    4.523547089361685e-10
5.8    4.629807290779688e-10
5.9    4.735668998687401e-10
6.    4.841089596938132e-10
6.1    4.946027828389994e-10
6.2    5.050443771558904e-10
6.3    5.154298817431706e-10
6.4    5.257555646445132e-10
6.5    5.360178205635926e-10
6.6    5.462131685967239e-10
6.7    5.563382499836041e-10
6.8    5.663898258766076e-10
6.9    5.763647751290619e-10
7.    5.862600921028929e-10
7.1    5.960728844960247e-10
7.2    6.058003711898682e-10
7.3    6.15439880117236e-10
7.4    6.24988846150972e-10
7.5    6.344448090135877e-10
7.6    6.438054112081562e-10
7.7    6.530683959706997e-10
7.8    6.622316052442976e-10
7.9    6.712929776751015e-10
8.    6.802505466304474e-10
8.1    6.89102438239221e-10
8.2    6.978468694546233e-10
8.3    7.064821461394621e-10
8.4    7.150066611740873e-10
8.5    7.23418892587057e-10
8.6    7.317174017086249e-10
8.7    7.399008313471125e-10
8.8    7.479679039882164e-10
8.9    7.559174200172956e-10
9.    7.637482559646641e-10
9.1    7.714593627739031e-10
9.2    7.790497640931958e-10
9.3    7.865185545896735e-10
9.4    7.938648982867628e-10
9.5    8.010880269244918e-10
9.6    8.081872383427234e-10
9.700000000000001    8.151618948872641e-10
9.8    8.220114218387873e-10
9.9    8.287353058645054e-10
10.    8.353330934925164e-10
10.1    8.418043896087332e-10
10.200000000000001    8.481488559763094e-10
10.3    8.543662097774647e-10
10.4    8.604562221775937e-10
10.5    8.664187169115521e-10
10.6    8.722535688920003e-10
10.700000000000001    8.779607028396703e-10
10.8    8.835400919354371e-10
10.9    8.889917563745928e-10
11.    8.943157567736771e-10
11.1    8.995121877380284e-10
11.200000000000001    9.045811842023642e-10
11.3    9.095229229335341e-10
11.4    9.143376213590223e-10
11.5    9.190255363786393e-10
11.6    9.23586963196371e-10
11.700000000000001    9.280222341722264e-10
11.8    9.323317176939166e-10
11.9    9.36515817068203e-10
12.    9.40574969431741e-10
12.1    9.445096446812578e-10
12.200000000000001    9.483203444228782e-10
12.3    9.520076009404272e-10
12.4    9.555719761825267e-10
12.5    9.59014060768304e-10
12.6    9.623344730115344e-10
12.700000000000001    9.655338579630168e-10
12.8    9.686128864710075e-10
12.9    9.715722542595172e-10
13.    9.744126810242815e-10
13.1    9.771349095462053e-10
13.200000000000001    9.797397048220976e-10
13.3    9.822278532124948e-10
13.4    9.846001616063777e-10
13.5    9.868574566025863e-10
13.6    9.890005837077315e-10
13.700000000000001    9.910304065504176e-10
13.8    9.929478061115556e-10
13.9    9.947536799705937e-10
14.    9.964489415674426e-10
14.1    9.98034519479917e-10
14.200000000000001    9.995113567164783e-10
14.3    1.0008804100240854e-9
14.4    1.0021426492109642e-9
14.5    1.0032990564840721e-9
14.6    1.004350625801095e-9
14.700000000000001    1.0052983622367418e-9
14.8    1.0061432813631671e-9
14.9    1.0068864086443126e-9
15.    1.0075287788439707e-9
15.1    1.008071435447382e-9
15.200000000000001    1.0085154300961633e-9
15.3    1.0088618220363843e-9
15.4    1.0091116775795815e-9
15.5    1.0092660695765417e-9
15.6    1.0093260769036398e-9
15.700000000000001    1.0092927839615629e-9
15.8    1.0091672801862126e-9
15.9    1.0089506595716168e-9
16.    1.0086440202046462e-9
16.1    1.0082484638113648e-9
16.200000000000003    1.007765095314828e-9
16.3    1.007195022404135e-9
16.400000000000002    1.0065393551145714e-9
16.500000000000004    1.0057992054186482e-9
16.6    1.0049756868278682e-9
16.700000000000003    1.0040699140050386e-9
16.8    1.0030830023869516e-9
16.900000000000002    1.0020160678172741e-9
17.000000000000004    1.0008702261894462e-9
17.1    9.996465930994491e-10
17.200000000000003    9.983462835082588e-10
17.3    9.969704114138087e-10
17.400000000000002    9.955200895323107e-10
17.500000000000004    9.939964289887714e-10
17.6    9.92400539016519e-10
17.700000000000003    9.907335266656142e-10
17.8    9.889964965199508e-10
17.900000000000002    9.871905504229128e-10
18.000000000000004    9.853167872114234e-10
18.1    9.833763024582336e-10
18.200000000000003    9.813701882222893e-10
18.3    9.792995328070456e-10
18.400000000000002    9.771654205265579e-10
18.500000000000004    9.749689314792117e-10
18.6    9.727111413289574e-10
18.700000000000003    9.703931210938782e-10
18.8    9.680159369419789e-10
18.900000000000002    9.655806499940345e-10
19.000000000000004    9.630883161333725e-10
19.1    9.605399858224428e-10
19.200000000000003    9.579367039260458e-10
19.300000000000004    9.552795095410855e-10
19.400000000000002    9.525694358327089e-10
19.500000000000004    9.498075098767144e-10
19.6    9.469947525080928e-10
19.700000000000003    9.441321781755633e-10
19.800000000000004    9.412207948020111e-10
19.900000000000002    9.382616036506666e-10
20.000000000000004    9.352555991969358e-10
20.1    9.322037690057361e-10
20.200000000000003    9.291070936142436e-10
20.300000000000004    9.259665464199162e-10
20.400000000000002    9.227830935736902e-10
20.500000000000004    9.195576938782318e-10
20.6    9.162912986911263e-10
20.700000000000003    9.129848518329172e-10
20.800000000000004    9.096392894998558e-10
20.900000000000002    9.062555401812839e-10
21.000000000000004    9.028345245815182e-10
21.1    8.993771555461654e-10
21.200000000000003    8.958843379927258e-10
21.300000000000004    8.923569688454261e-10
21.400000000000002    8.88795936974152e-10
21.500000000000004    8.852021231374006e-10
21.6    8.815763999291448e-10
21.700000000000003    8.779196317295385e-10
21.800000000000004    8.742326746593347e-10
21.900000000000002    8.705163765379579e-10
22.000000000000004    8.667715768451237e-10
22.1    8.629991066859252e-10
22.200000000000003    8.591997887592938e-10
22.300000000000004    8.553744373297554e-10
22.400000000000002    8.515238582023923e-10
22.500000000000004    8.476488487009289e-10
22.6    8.437501976488731e-10
22.700000000000003    8.398286853536121e-10
22.800000000000004    8.35885083593401e-10
22.900000000000002    8.319201556071596e-10
23.000000000000004    8.27934656087012e-10
23.1    8.239293311734745e-10
23.200000000000003    8.199049184532441e-10
23.300000000000004    8.158621469594986e-10
23.400000000000002    8.118017371746392e-10
23.500000000000004    8.077244010354211e-10
23.6    8.036308419403838e-10
23.700000000000003    7.995217547595284e-10
23.800000000000004    7.953978258461769e-10
23.900000000000002    7.912597330509363e-10
24.000000000000004    7.871081457377269e-10
24.1    7.829437248017867e-10
24.200000000000003    7.787671226896109e-10
24.300000000000004    7.745789834207647e-10
24.400000000000002    7.703799426114976e-10
24.500000000000004    7.661706275001239e-10
24.6    7.619516569740869e-10
24.700000000000003    7.577236415986813e-10
24.800000000000004    7.534871836473548e-10
24.900000000000002    7.492428771335499e-10
25.000000000000004    7.449913078440268e-10
25.1    7.407330533736276e-10
25.200000000000003    7.364686831614169e-10
25.300000000000004    7.321987585281641e-10
25.400000000000002    7.279238327151104e-10
25.500000000000004    7.236444509239751e-10
25.6    7.193611503581649e-10
25.700000000000003    7.150744602651256e-10
25.800000000000004    7.107849019798024e-10
25.900000000000002    7.064929889691682e-10
26.000000000000004    7.021992268777708e-10
26.1    6.9790411357426e-10
26.200000000000003    6.936081391988537e-10
26.300000000000004    6.893117862117077e-10
26.400000000000002    6.85015529442153e-10
26.500000000000004    6.807198361387409e-10
26.6    6.764251660200956e-10
26.700000000000003    6.721319713265074e-10
26.800000000000004    6.67840696872241e-10
26.900000000000002    6.63551780098535e-10
27.000000000000004    6.59265651127239e-10
27.1    6.549827328150758e-10
27.200000000000003    6.507034408084781e-10
27.300000000000004    6.464281835989835e-10
27.400000000000002    6.421573625791467e-10
27.500000000000004    6.378913720989468e-10
27.6    6.336305995226503e-10
27.700000000000003    6.293754252861135e-10
27.800000000000004    6.251262229544901e-10
27.900000000000002    6.208833592803058e-10
28.000000000000004    6.166471942619053e-10
28.1    6.124180812022032e-10
28.200000000000003    6.08196366767753e-10
28.300000000000004    6.039823910480749e-10
28.400000000000002    5.997764876152559e-10
28.500000000000004    5.955789835837566e-10
28.6    5.913901996704422e-10
28.700000000000003    5.872104502547815e-10
28.800000000000004    5.8304004343922e-10
28.900000000000002    5.788792811096841e-10
29.000000000000004    5.747284589962124e-10
29.1    5.705878667336819e-10
29.200000000000003    5.66457787922617e-10
29.300000000000004    5.623385001900594e-10
29.400000000000002    5.582302752504826e-10
29.500000000000004    5.541333789667316e-10
29.6    5.500480714109652e-10
29.700000000000003    5.459746069255969e-10
29.800000000000004    5.41913234184209e-10
29.900000000000002    5.378641962524154e-10
30.000000000000004    5.338277306486846e-10
30.1    5.298040694050709e-10
30.200000000000003    5.257934391278773e-10
30.300000000000004    5.217960610582048e-10
30.400000000000002    5.17812151132391e-10
30.500000000000004    5.138419200423241e-10
30.6    5.098855732956085e-10
30.700000000000003    5.059433112755821e-10
30.800000000000004    5.020153293011709e-10
30.900000000000002    4.981018176865577e-10
31.000000000000004    4.942029618006673e-10
31.1    4.903189421264523e-10
31.200000000000003    4.864499343199674e-10
31.300000000000004    4.825961092692221e-10
31.400000000000002    4.787576331528021e-10
31.500000000000004    4.749346674982563e-10
31.6    4.711273692402243e-10
31.700000000000003    4.673358907783148e-10
31.800000000000004    4.6356038003471324e-10
31.900000000000002    4.598009805115106e-10
32.    4.5605783134775776e-10
32.1    4.5233106737621845e-10
32.2    4.486208191798303e-10
32.300000000000004    4.4492721314786055e-10
32.400000000000006    4.412503715317466e-10
32.5    4.375904125006178e-10
32.6    4.33947450196494e-10
32.7    4.3032159478915294e-10
32.800000000000004    4.267129525306574e-10
32.900000000000006    4.2312162580954645e-10
33.    4.1954771320466876e-10
33.1    4.159913095386762e-10
33.2    4.124525059311481e-10
33.300000000000004    4.089313898513616e-10
33.400000000000006    4.0542804517068995e-10
33.5    4.0194255221463624e-10
33.6    3.984749878144852e-10
33.7    3.9502542535858876e-10
33.800000000000004    3.915939348432528e-10
33.900000000000006    3.8818058292325897e-10
34.    3.847854329619813e-10
34.1    3.814085450811235e-10
34.2    3.7804997621005997e-10
34.300000000000004    3.7470978013477465e-10
34.400000000000006    3.71388007546412e-10
34.5    3.680847060894207e-10
34.6    3.647999204092965e-10
34.7    3.6153369219991847e-10
34.800000000000004    3.582860602504858e-10
34.900000000000006    3.550570604920391e-10
35.    3.5184672604357915e-10
35.1    3.4865508725777e-10
35.2    3.454821717662378e-10
35.300000000000004    3.4232800452444947e-10
35.400000000000006    3.391926078561853e-10
35.5    3.3607600149759417e-10
35.6    3.3297820264083373e-10
35.7    3.298992259773002e-10
35.800000000000004    3.268390837404415e-10
35.900000000000006    3.2379778574815143e-10
36.    3.2077533944475514e-10
36.1    3.1777174994257295e-10
36.2    3.147870200630787e-10
36.300000000000004    3.118211503776296e-10
36.400000000000006    3.088741392477953e-10
36.5    3.059459828652676e-10
36.6    3.030366752913526e-10
36.7    3.0014620849605786e-10
36.800000000000004    2.972745723967647e-10
36.900000000000006    2.9442175489648627e-10
37.    2.9158774192172227e-10
37.1    2.8877251745989536e-10
37.2    2.8597606359639157e-10
37.300000000000004    2.83198360551184e-10
37.400000000000006    2.8043938671505117e-10
37.5    2.776991186854019e-10
37.6    2.7497753130168013e-10
37.7    2.7227459768038766e-10
37.800000000000004    2.695902892496873e-10
37.900000000000006    2.66924575783626e-10
38.    2.642774254359471e-10
38.1    2.61648804773515e-10
38.2    2.590386788093456e-10
38.300000000000004    2.5644701103524347e-10
38.400000000000006    2.538737634540511e-10
38.50000000000001    2.513188966115088e-10
38.6    2.4878236962773244e-10
38.7    2.4626414022830125e-10
38.800000000000004    2.437641647749713e-10
38.900000000000006    2.4128239829600546e-10
39.00000000000001    2.388187945161232e-10
39.1    2.3637330588608375e-10
39.2    2.3394588361188735e-10
39.300000000000004    2.3153647768360846e-10
39.400000000000006    2.2914503690386647e-10
39.50000000000001    2.2677150891592138e-10
39.6    2.244158402314103e-10
39.7    2.2207797625772075e-10
39.800000000000004    2.197578613250115e-10
39.900000000000006    2.1745543871286382e-10
40.00000000000001    2.1517065067659328e-10
40.1    2.129034384732006e-10
40.2    2.1065374238697393e-10
40.300000000000004    2.0842150175475004e-10
40.400000000000006    2.0620665499082643e-10
40.50000000000001    2.04009139611535e-10
40.6    2.018288922594749e-10
40.7    1.9966584872741e-10
40.800000000000004    1.9751994398183426e-10
40.900000000000006    1.9539111218620265e-10
41.00000000000001    1.93279286723839e-10
41.1    1.9118440022051308e-10
41.2    1.891063845666974e-10
41.300000000000004    1.8704517093950272e-10
41.400000000000006    1.8500068982430048e-10
41.50000000000001    1.8297287103602105e-10
41.6    1.8096164374014995e-10
41.7    1.789669364734079e-10
41.800000000000004    1.7698867716412776e-10
41.900000000000006    1.75026793152325e-10
42.00000000000001    1.7308121120947046e-10
42.1    1.7115185755795977e-10
42.2    1.692386578902921e-10
42.300000000000004    1.6734153738795292e-10
42.400000000000006    1.6546042074000681e-10
42.50000000000001    1.6359523216140405e-10
42.6    1.6174589541100053e-10
42.7    1.599123338092967e-10
42.800000000000004    1.580944702558996e-10
42.900000000000006    1.5629222724670391e-10
43.00000000000001    1.5450552689080161e-10
43.1    1.5273429092712017e-10
43.2    1.5097844074079376e-10
43.300000000000004    1.4923789737926737e-10
43.400000000000006    1.475125815681351e-10
43.50000000000001    1.45802413726726e-10
43.6    1.4410731398342516e-10
43.7    1.4242720219074306e-10
43.800000000000004    1.4076199794013054e-10
43.900000000000006    1.3911162057655006e-10
44.00000000000001    1.3747598921279255e-10
44.1    1.3585502274355518e-10
44.2    1.342486398592736e-10
44.300000000000004    1.3265675905972472e-10
44.400000000000006    1.3107929866737529e-10
44.50000000000001    1.2951617684052079e-10
44.6    1.2796731158616994e-10
44.7    1.2643262077271574e-10
44.800000000000004    1.249120221423781e-10
44.900000000000006    1.2340543332341716e-10
45.00000000000001    1.2191277184213237e-10
45.1    1.2043395513464247e-10
45.2    1.1896890055844575e-10
45.300000000000004    1.1751752540377068e-10
45.400000000000006    1.1607974690471655e-10
45.50000000000001    1.1465548225018469e-10
45.6    1.1324464859460085e-10
45.7    1.1184716306844289e-10
45.800000000000004    1.1046294278855562e-10
45.900000000000006    1.0909190486828046e-10
46.00000000000001    1.0773396642738044e-10
46.1    1.063890446017726e-10
46.2    1.0505705655307262e-10
46.300000000000004    1.0373791947794867e-10
46.400000000000006    1.0243155061728926e-10
46.50000000000001    1.0113786726518618e-10
46.6    9.985678677773591e-11
46.7    9.858822658166647e-11
46.800000000000004    9.73321041827761e-11
46.900000000000006    9.608833717420932e-11
47.00000000000001    9.485684324455276e-11
47.1    9.363754018576269e-11
47.2    9.243034590092589e-11
47.300000000000004    9.12351784118512e-11
47.400000000000006    9.005195586650175e-11
47.50000000000001    8.888059654626163e-11
47.6    8.772101887304561e-11
47.7    8.657314141624924e-11
47.800000000000004    8.543688289954916e-11
47.900000000000006    8.43121622075422e-11
48.00000000000001    8.319889839223925e-11
48.1    8.209701067941149e-11
48.2    8.100641847478265e-11
48.300000000000004    7.992704137008328e-11
48.400000000000006    7.885879914896317e-11
48.50000000000001    7.780161179275244e-11
48.6    7.675539948609573e-11
48.7    7.572008262244583e-11
48.800000000000004    7.469558180941704e-11
48.900000000000006    7.368181787401449e-11
49.00000000000001    7.267871186772376e-11
49.1    7.168618507147844e-11
49.2    7.070415900049594e-11
49.300000000000004    6.973255540898854e-11
49.400000000000006    6.877129629475036e-11
49.50000000000001    6.782030390362891e-11
49.6    6.687950073386349e-11
49.7    6.594880954031901e-11
49.800000000000004    6.502815333859345e-11
49.900000000000006    6.411745540901918e-11
50.00000000000001    6.321663930054252e-11
50.1    6.232562883449725e-11
50.2    6.144434810826888e-11
50.300000000000004    6.057272149884842e-11
50.400000000000006    5.97106736662816e-11
50.50000000000001    5.885812955701248e-11
50.6    5.801501440712546e-11
50.7    5.718125374548566e-11
50.800000000000004    5.6356773396776876e-11
50.900000000000006    5.554149948444661e-11
51.00000000000001    5.473535843354787e-11
51.1    5.393827697349313e-11
51.2    5.3150182140709025e-11
51.300000000000004    5.23710012812005e-11
51.400000000000006    5.160066205302663e-11
51.50000000000001    5.0839092428683556e-11
51.6    5.0086220697406606e-11
51.7    4.9341975467373535e-11
51.800000000000004    4.8606285667840864e-11
51.900000000000006    4.787908055118002e-11
52.00000000000001    4.7160289694839586e-11
52.1    4.644984300323085e-11
52.2    4.574767070952233e-11
52.300000000000004    4.505370337737008e-11
52.400000000000006    4.436787190256047e-11
52.50000000000001    4.3690107514585935e-11
52.6    4.3020341778139103e-11
52.7    4.23585065945419e-11
52.800000000000004    4.170453420309845e-11
52.900000000000006    4.105835718237869e-11
53.00000000000001    4.041990845143494e-11
53.1    3.978912127094769e-11
53.2    3.9165929244311194e-11
53.300000000000004    3.8550266318644884e-11
53.400000000000006    3.7942066785747734e-11
53.50000000000001    3.7341265282986013e-11
53.6    3.6747796794123797e-11
53.7    3.6161596650087975e-11
53.800000000000004    3.558260052967589e-11
53.900000000000006    3.5010744460203614e-11
54.00000000000001    3.444596481809885e-11
54.1    3.3888198329440026e-11
54.2    3.333738207042811e-11
54.300000000000004    3.27934534678246e-11
54.400000000000006    3.225635029931622e-11
54.50000000000001    3.172601069383919e-11
54.6    3.120237313185261e-11
54.7    3.0685376445555447e-11
54.800000000000004    3.017495981906135e-11
54.900000000000006    2.967106278851821e-11
55.00000000000001    2.917362524219095e-11
55.1    2.8682587420485418e-11
55.2    2.8197889915939225e-11
55.300000000000004    2.7719473673158185e-11
55.400000000000006    2.7247279988718678e-11
55.50000000000001    2.678125051102042e-11
55.6    2.6321327240099257e-11
55.7    2.5867452527402607e-11
55.800000000000004    2.5419569075522192e-11
55.900000000000006    2.497761993788752e-11
56.00000000000001    2.4541548518421925e-11
56.1    2.4111298571163303e-11
56.2    2.36868141998442e-11
56.300000000000004    2.3268039857438847e-11
56.400000000000006    2.2854920345676798e-11
56.50000000000001    2.2447400814518044e-11
56.6    2.2045426761599795e-11
56.7    2.1648944031644956e-11
56.800000000000004    2.1257898815845402e-11
56.900000000000006    2.0872237651208048e-11
57.00000000000001    2.049190741987367e-11
57.1    2.011685534840661e-11
57.2    1.9747029007053146e-11
57.300000000000004    1.938237630897428e-11
57.400000000000006    1.9022845509447763e-11
57.50000000000001    1.8668385205043795e-11
57.6    1.8318944332780656e-11
57.7    1.7974472169242772e-11
57.800000000000004    1.763491832968672e-11
57.900000000000006    1.730023276711334e-11
58.00000000000001    1.6970365771319414e-11
58.1    1.6645267967929963e-11
58.2    1.6324890317398588e-11
58.300000000000004    1.6009184113996832e-11
58.400000000000006    1.5698100984776523e-11
58.50000000000001    1.5391592888509204e-11
58.6    1.508961211461221e-11
58.7    1.4792111282046758e-11
58.800000000000004    1.4499043338205301e-11
58.900000000000006    1.421036155777504e-11
59.00000000000001    1.3926019541583014e-11
59.1    1.3645971215428222e-11
59.2    1.3370170828892034e-11
59.300000000000004    1.3098572954138726e-11
59.400000000000006    1.2831132484687824e-11
59.50000000000001    1.256780463418568e-11
59.6    1.2308544935150146e-11
59.7    1.2053309237711056e-11
59.800000000000004    1.180205370832723e-11
59.900000000000006    1.1554734828493863e-11
60.00000000000001    1.1311309393440785e-11
60.1    1.1071734510809448e-11
60.2    1.0835967599327234e-11
60.300000000000004    1.0603966387462365e-11
60.400000000000006    1.0375688912067794e-11
60.50000000000001    1.0151093517024164e-11
60.6    9.93013885185673e-12
60.7    9.7127838703547e-12
60.800000000000004    9.498987829174218e-12
60.900000000000006    9.288710286434344e-12
61.00000000000001    9.081911100304376e-12
61.1    8.878550427578968e-12
61.2    8.678588722252174e-12
61.300000000000004    8.48198673407482e-12
61.400000000000006    8.288705507110375e-12
61.50000000000001    8.098706378284696e-12
61.6    7.91195097592106e-12
61.7    7.728401218275654e-12
61.800000000000004    7.54801931206756e-12
61.900000000000006    7.370767750996145e-12
62.00000000000001    7.196609314260874e-12
62.1    7.0255070650678485e-12
62.2    6.8574243491403345e-12
62.300000000000004    6.69232479321607e-12
62.400000000000006    6.530172303544531e-12
62.50000000000001    6.370931064381711e-12
62.6    6.214565536477142e-12
62.7    6.061040455561925e-12
62.800000000000004    5.910320830825135e-12
62.900000000000006    5.762371943399917e-12
63.00000000000001    5.617159344837491e-12
63.1    5.474648855577966e-12
63.2    5.33480656342689e-12
63.300000000000004    5.197598822024218e-12
63.400000000000006    5.062992249309914e-12
63.50000000000001    4.930953725995037e-12
63.6    4.801450394021804e-12
63.7    4.674449655035108e-12
63.800000000000004    4.5499191688380715e-12
63.900000000000006    4.427826851863333e-12
64.    4.308140875630685e-12
64.1    4.190829665211222e-12
64.2    4.0758618976907955e-12
64.3    3.963206500632768e-12
64.39999999999999    3.852832650539337e-12
64.5    3.744709771320569e-12
64.6    3.638807532753528e-12
64.7    3.5350958489528893e-12
64.8    3.433544876835234e-12
64.89999999999999    3.3341250145904615e-12
65.    3.2368069001479838e-12
65.1    3.1415614096524992e-12
65.2    3.048359655936559e-12
65.3    2.957172986992503e-12
65.39999999999999    2.867972984457566e-12
65.5    2.78073146208756e-12
65.6    2.6954204642426516e-12
65.7    2.6120122643747467e-12
65.8    2.5304793635119722e-12
65.89999999999999    2.4507944887491393e-12
66.    2.372930591748471e-12
66.1    2.2968608472289797e-12
66.2    2.222558651473338e-12
66.3    2.1499976208283417e-12
66.39999999999999    2.079151590214754e-12
66.5    2.0099946116367577e-12
66.6    1.9425009526987014e-12
66.7    1.8766450951249615e-12
66.8    1.812401733282567e-12
66.89999999999999    1.7497457727032883e-12
67.    1.6886523286271262e-12
67.1    1.6290967245267928e-12
67.2    1.5710544906520152e-12
67.3    1.5145013625773764e-12
67.39999999999999    1.4594132797482122e-12
67.5    1.4057663840359642e-12
67.6    1.3535370182974716e-12
67.7    1.3027017249382733e-12
67.8    1.2532372444842109e-12
67.89999999999999    1.205120514153202e-12
68.    1.1583286664317423e-12
68.1    1.1128390276651767e-12
68.2    1.0686291166462361e-12
68.3    1.0256766432049205e-12
68.39999999999999    9.839595068165726e-13
68.5    9.434557952010286e-13
68.6    9.041437829382967e-13
68.7    8.660019300863377e-13
68.8    8.290088808013049e-13
68.89999999999999    7.931434619685163e-13
69.    7.583846818358515e-13
69.1    7.247117286527555e-13
69.2    6.921039693227078e-13
69.3    6.60540948045968e-13
69.39999999999999    6.300023849857629e-13
69.5    6.004681749307325e-13
69.6    5.719183859636297e-13
69.7    5.443332581386765e-13
69.8    5.176932021648849e-13
69.89999999999999    4.919787980967842e-13
70.    4.671707940258923e-13
70.1    4.4325010478685145e-13
70.2    4.2019781066099854e-13
70.3    3.9799515609545824e-13
70.39999999999999    3.76623548420977e-13
70.5    3.560645565788837e-13
70.6    3.362999098557594e-13
70.7    3.173114966277304e-13
70.8    2.990813630977586e-13
70.89999999999999    2.8159171205847225e-13
71.    2.6482490164710757e-13
71.1    2.4876344411277955e-13
71.2    2.333900045914366e-13
71.3    2.186873998830246e-13
71.39999999999999    2.0463859724027264e-13
71.5    1.9122671315815206e-13
71.6    1.7843501217916658e-13
71.7    1.6624690569548738e-13
71.8    1.5464595076479793e-13
71.89999999999999    1.436158489259224e-13
72.    1.33140445031072e-13
72.1    1.2320372607725798e-13
72.2    1.1378982004373242e-13
72.3    1.0488299474132095e-13
72.39999999999999    9.64676566682681e-14
72.5    8.852834986544712e-14
72.6    8.104975478782011e-14
72.7    7.401668717474821e-14
72.8    6.741409693765024e-14
72.89999999999999    6.122706703734963e-14
73.    5.544081238824045e-14
73.1    5.0040678752499774e-14
73.2    4.501214165332399e-14
73.3    4.0340805281288016e-14
73.39999999999999    3.6012401428664724e-14
73.5    3.2012788404702574e-14
73.6    2.8327949979586082e-14
73.7    2.494399432049431e-14
73.8    2.1847152942006406e-14
73.89999999999999    1.902377966416918e-14
74.    1.6460349570246174e-14
74.1    1.4143457977885762e-14
74.2    1.2059819412322106e-14
74.3    1.0196266589743363e-14
74.39999999999999    8.53974940894958e-15
74.5    7.0773339401107855e-15
74.6    5.79620143371038e-15
74.7    4.68364732558948e-15
74.8    3.727080253374043e-15
74.89999999999999    2.91402107673137e-15
75.    2.232101912113276e-15
75.1    1.669065157591005e-15
75.2    1.2127625470616753e-15
75.3    8.51154187748573e-16
75.39999999999999    5.723076230754544e-16
75.5    3.6439688916710146e-16
75.6    2.1570158529623326e-16
75.7    1.1474156341687144e-16
75.8    5.160056279393446e-17
75.89999999999999    1.7333870342733682e-17
76.    3.077245289761038e-18
76.1    3.3535674718892827e-20
