0.1    0.00041232021682339364
0.2    0.0004027243941434746
0.30000000000000004    0.00039332355662636604
0.4    0.0003841147372850874
0.5    0.0003750949746348558
0.6    0.0003662613147607433
0.7000000000000001    0.0003576108132700773
0.8    0.000349140537134068
0.9    0.00034084756642297956
1.    0.0003327289959390402
1.1    0.00032478193675114384
1.2000000000000002    0.0003170035176352713
1.3000000000000003    0.0003093908864244203
1.4000000000000001    0.0003019412112717255
1.5000000000000002    0.00029465168183031367
1.6    0.00028751951035333075
1.7000000000000002    0.0002805419327174618
1.8000000000000003    0.0002737162093731497
1.9000000000000001    0.00026703962622461703
2.    0.00026050949544268235
2.1    0.0002541231562132697
2.2    0.0002478779754243998
2.3000000000000003    0.00024177134829436758
2.4000000000000004    0.00023580069894370357
2.5000000000000004    0.00022996348091343754
2.6    0.0002242571776320894
2.7    0.00021867930283372194
2.8000000000000003    0.00021322740092931877
2.9000000000000004    0.0002078990473336573
3.0000000000000004    0.00020269184874977938
3.1    0.00019760344341307354
3.2    0.00019263150129692746
3.3000000000000003    0.00018777372428181453
3.4000000000000004    0.00018302784628963448
3.5000000000000004    0.0001783916333850346
3.6    0.00017386288384540097
3.7    0.00016943942820111938
3.8000000000000003    0.00016511912924766363
3.9000000000000004    0.0001608998820310027
4.    0.00015677961380775794
4.1    0.0001527562839814947
4.2    0.00014882788401646908
4.3    0.00014499243733010647
4.3999999999999995    0.00014124799916543398
4.5    0.00013759265644464308
4.6    0.00013402452760490893
4.7    0.00013054176241754798
4.8    0.00012714254179155607
4.9    0.00012382507756251792
5.    0.00012058761226784649
5.1    0.00011742841890926666
5.2    0.00011434580070339636
5.3    0.00011133809077011823
5.4    0.0001084036518771197
5.5    0.00010554087654410266
5.6    0.00010274818678848762
5.7    0.00010002403378005921
5.8    0.00009736689749311199
5.9    0.00009477528635637865
6.    0.000092247736900886
6.1    0.00008978281340591003
6.2    0.00008737910754322064
6.3    0.00008503523801981747
6.4    0.00008274985021937452
6.5    0.00008052161584261151
6.6    0.00007834923254682219
6.7    0.00007623142358478489
6.8    0.00007416693744328669
6.9    0.00007215454748148784
7.    0.00007019305156935095
7.1    0.00006828127172635758
7.2    0.00006641805376072756
7.3    0.00006460226690935325
7.4    0.00006283280347865179
7.5    0.00006110857848653645
7.6    0.00005942852930569598
7.7    0.00005779161530836715
7.8    0.00005619681751277812
7.9    0.000054643138231429556
8.    0.00005312960072137657
8.1    0.000051655248836664984
8.2    0.00005021914668306681
8.3    0.00004882037827525462
8.4    0.00004745804719654462
8.5    0.00004613127626133217
8.6    0.0000448392071803348
8.7    0.0000435810002287531
8.8    0.00004235583391744931
8.9    0.00004116290466723961
9.    0.00004000142648638775
9.1    0.0000388706306513816
9.2    0.0000377697653910684
9.3    0.000036698095574217235
9.4    0.0000356549024005723
9.5    0.00003463948309545515
9.6    0.00003365115060796672
9.700000000000001    0.000032689233312837323
9.8    0.0000317530747159653
9.9    0.00003084203316368167
10.    0.000029955481555772502
10.1    0.00002909280706228706
10.200000000000001    0.000028253410844154475
10.3    0.000027436707777628345
10.4    0.00002664212618257471
10.5    0.000025869107554614086
10.6    0.000025117106301125966
10.700000000000001    0.00002438558948112037
10.8    0.000023674036548976926
10.9    0.00002298193910204951
11.    0.000022308800632132593
11.1    0.00002165413628078012
11.200000000000001    0.00002101747259846786
11.3    0.000020398347307585015
11.4    0.00001979630906924172
11.5    0.00001921091725387259
11.6    0.000018641741715619265
11.700000000000001    0.000018088362570467912
11.8    0.00001755036997812074
11.9    0.000017027363927574252
12.    0.000016518954026378652
12.1    0.000016024759293549585
12.200000000000001    0.000015544407956102814
12.3    0.00001507753724918037
12.4    0.000014623793219735823
12.5    0.000014182830533745733
12.6    0.000013754312286912147
12.700000000000001    0.000013337909818820847
12.8    0.000012933302530519179
12.9    0.00001254017770547575
13.    0.000012158230333884703
13.1    0.000011787162940275192
13.200000000000001    0.000011426685414387535
13.3    0.000011076514845275736
13.4    0.000010736375358596256
13.5    0.000010405997957042642
13.6    0.00001008512036388456
13.700000000000001    9.77348686957006e-6
13.8    9.470848181349494e-6
13.9    9.176961275879214e-6
14.    8.891589254762999e-6
14.1    8.614501202989043e-6
14.200000000000001    8.345472050220502e-6
14.3    8.084282434897134e-6
14.4    7.830718571105827e-6
14.5    7.584572118177816e-6
14.6    7.345640052970269e-6
14.700000000000001    7.113724544790643e-6
14.8    6.888632832920995e-6
14.9    6.6701771067012195e-6
15.    6.458174388129272e-6
15.1    6.2524464169368645e-6
15.200000000000001    6.052819538099599e-6
15.3    5.8591245917404486e-6
15.4    5.671196805385879e-6
15.5    5.4888756885344125e-6
15.6    5.312004929497263e-6
15.700000000000001    5.14043229447139e-6
15.8    4.9740095288054775e-6
15.9    4.812592260419767e-6
16.    4.65603990534109e-6
16.1    4.5042155753144655e-6
16.200000000000003    4.356985987453685e-6
16.3    4.214221375892854e-6
16.400000000000002    4.0757954054022544e-6
16.500000000000004    3.941585086931221e-6
16.6    3.8114706950420873e-6
16.700000000000003    3.685335687199189e-6
16.8    3.563066624877435e-6
16.900000000000002    3.4445530964553265e-6
17.000000000000004    3.329687641858205e-6
17.1    3.2183656789170883e-6
17.200000000000003    3.11048543140989e-6
17.3    3.0059478587516342e-6
17.400000000000002    2.90465658730064e-6
17.500000000000004    2.8065178432490834e-6
17.6    2.7114403870652805e-6
17.700000000000003    2.6193354494569813e-6
17.8    2.5301166688244413e-6
17.900000000000002    2.443700030172943e-6
18.000000000000004    2.3600038054548215e-6
18.1    2.278948495311517e-6
18.200000000000003    2.2004567721864305e-6
18.3    2.1244534247803725e-6
18.400000000000002    2.0508653038211207e-6
18.500000000000004    1.979621269119665e-6
18.6    1.9106521378859246e-6
18.700000000000003    1.8438906342770098e-6
18.8    1.7792713401520637e-6
18.900000000000002    1.7167306470075796e-6
19.000000000000004    1.6562067090678768e-6
19.1    1.5976393975058142e-6
19.200000000000003    1.5409702557691488e-6
19.300000000000004    1.4861424559887202e-6
19.400000000000002    1.4331007564443167e-6
19.500000000000004    1.3817914600655688e-6
19.6    1.332162373944604e-6
19.700000000000003    1.2841627698384195e-6
19.800000000000004    1.2377433456388507e-6
19.900000000000002    1.1928561877884952e-6
20.000000000000004    1.1494547346216825e-6
20.1    1.1074937406095564e-6
20.200000000000003    1.0669292414889229e-6
20.300000000000004    1.0277185202550196e-6
20.400000000000002    9.898200739985001e-7
20.500000000000004    9.531935815674708e-7
20.6    9.177998720358089e-7
20.700000000000003    8.836008939592903e-7
20.800000000000004    8.505596854013834e-7
20.900000000000002    8.186403447110629e-7
21.000000000000004    7.878080020351863e-7
21.1    7.580287915485552e-7
21.200000000000003    7.292698243848294e-7
21.300000000000004    7.014991622520699e-7
21.400000000000002    6.746857917168292e-7
21.500000000000004    6.487995991412108e-7
21.6    6.238113462574749e-7
21.700000000000003    5.996926463652256e-7
21.800000000000004    5.764159411364013e-7
21.900000000000002    5.539544780136918e-7
22.000000000000004    5.322822881883955e-7
22.1    5.113741651436834e-7
22.200000000000003    4.912056437499763e-7
22.300000000000004    4.7175297989915865e-7
22.400000000000002    4.5299313066460096e-7
22.500000000000004    4.349037349744866e-7
22.6    4.1746309478600606e-7
22.700000000000003    4.0065015674822276e-7
22.800000000000004    3.844444943419112e-7
22.900000000000002    3.6882629048466515e-7
23.000000000000004    3.5377632059006975e-7
23.1    3.392759360696751e-7
23.200000000000003    3.2530704826713617e-7
23.300000000000004    3.1185211281377125e-7
23.400000000000002    2.9889411439532197e-7
23.500000000000004    2.8641655191963413e-7
23.6    2.7440342407550044e-7
23.700000000000003    2.6283921527290406e-7
23.800000000000004    2.5170888195531715e-7
23.900000000000002    2.4099783927463365e-7
24.000000000000004    2.306919481199034e-7
24.1    2.2077750249095661e-7
24.200000000000003    2.1124121720823762e-7
24.300000000000004    2.0207021595060016e-7
24.400000000000002    1.9325201961263633e-7
24.500000000000004    1.8477453497364276e-7
24.6    1.7662604367039596e-7
24.700000000000003    1.6879519146585724e-7
24.800000000000004    1.612709778066406e-7
24.900000000000002    1.540427456616565e-7
25.000000000000004    1.471001716349239e-7
25.1    1.4043325634558145e-7
25.200000000000003    1.34032315068233e-7
25.300000000000004    1.2788796862705616e-7
25.400000000000002    1.2199113453707866e-7
25.500000000000004    1.1633301838639892e-7
25.6    1.109051054531446e-7
25.700000000000003    1.0569915255108369e-7
25.800000000000004    1.0070718009799395e-7
25.900000000000002    9.592146440118722e-8
26.000000000000004    9.133453015435473e-8
26.1    8.693914314047205e-8
26.200000000000003    8.27283031352422e-8
26.300000000000004    7.869523700602029e-8
26.400000000000002    7.483339200109133e-8
26.500000000000004    7.113642922415277e-8
26.6    6.759821728955207e-8
26.700000000000003    6.421282615317773e-8
26.800000000000004    6.0974521114588e-8
26.900000000000002    5.787775698590083e-8
27.000000000000004    5.4917172422947595e-8
27.1    5.208758441453914e-8
27.200000000000003    4.938398292558848e-8
27.300000000000004    4.680152569011476e-8
27.400000000000002    4.433553315007717e-8
27.500000000000004    4.198148353618116e-8
27.6    3.973500808701451e-8
27.700000000000003    3.7591886402680714e-8
27.800000000000004    3.5548041929455915e-8
27.900000000000002    3.359953757189655e-8
28.000000000000004    3.1742571429099414e-8
28.1    2.9973472651677746e-8
28.200000000000003    2.8288697416337948e-8
28.300000000000004    2.6684825014800456e-8
28.400000000000002    2.51585540540937e-8
28.500000000000004    2.3706698765093384e-8
28.6    2.232618541656204e-8
28.700000000000003    2.1014048831732757e-8
28.800000000000004    1.97674290046143e-8
28.900000000000002    1.8583567813505905e-8
29.000000000000004    1.7459805828912467e-8
29.1    1.6393579213409428e-8
29.200000000000003    1.5382416710819798e-8
29.300000000000004    1.4423936722522548e-8
29.400000000000002    1.3515844468248401e-8
29.500000000000004    1.2655929229173644e-8
29.6    1.1842061671166316e-8
29.700000000000003    1.1072191245801926e-8
29.800000000000004    1.0344343667074286e-8
29.900000000000002    9.656618461916582e-9
30.000000000000004    9.00718659216689e-9
30.1    8.394288146274784e-9
30.200000000000003    7.816230098755119e-9
30.300000000000004    7.2713841354607666e-9
30.400000000000002    6.758184542928517e-9
30.500000000000004    6.27512616002591e-9
30.6    5.820762390069298e-9
30.700000000000003    5.393703271875085e-9
30.800000000000004    4.992613608026465e-9
30.900000000000002    4.616211148771576e-9
31.000000000000004    4.263264830015023e-9
31.1    3.932593063893756e-9
31.200000000000003    3.623062080430911e-9
31.300000000000004    3.3335843189198434e-9
31.400000000000002    3.0631168675829183e-9
31.500000000000004    2.810659950105194e-9
31.6    2.5752554578691237e-9
31.700000000000003    2.3559855264593977e-9
31.800000000000004    2.1519711552610196e-9
31.900000000000002    1.9623708689275207e-9
32.    1.7863794195283678e-9
32.1    1.6232265282406299e-9
32.2    1.472175665407819e-9
32.300000000000004    1.332522867974301e-9
32.400000000000006    1.2035955931242654e-9
32.5    1.0847516071850797e-9
32.6    9.753779087401311e-10
32.7    8.748896850008558e-10
32.800000000000004    7.82729300397598e-10
32.900000000000006    6.98365316692035e-10
33.    6.212915434054207e-10
33.1    5.510261179458936e-10
33.2    4.871106143808441e-10
33.300000000000004    4.2910918027166674e-10
33.400000000000006    3.766077004808074e-10
33.5    3.2921298736181805e-10
33.6    2.865519965287153e-10
33.7    2.482710674655356e-10
33.800000000000004    2.1403518816093833e-10
33.900000000000006    1.8352728323320375e-10
34.    1.5644752474113034e-10
34.1    1.3251266507569716e-10
34.2    1.1145539122671396e-10
34.300000000000004    9.302369989195298e-11
34.400000000000006    7.698029275787217e-11
34.5    6.310199132004918e-11
34.6    5.1179170777807524e-11
34.7    4.101521236442193e-11
34.800000000000004    3.242597358252077e-11
34.900000000000006    2.5239275827945716e-11
35.    1.9294408860331915e-11
35.1    1.4441651668510665e-11
35.2    1.0541809224000468e-11
35.300000000000004    7.465764585568626e-12
35.400000000000006    5.094046059607937e-12
35.5    3.3164087319987817e-12
35.6    2.031430212029435e-12
35.7    1.1461198969818022e-12
35.800000000000004    5.75541594870308e-13
35.900000000000006    2.4244888049880833e-13
36.    7.693247022481809e-14
36.1    1.6120246068847597e-14
36.2    3.947419171990928e-15
36.300000000000004    1.0336465662136187e-15
36.400000000000006    1.615978766875391e-16
36.5    5.530603121616955e-18
