energy 	 rate 
0.1 	 6.202160675472837e-15 
1.1 	 6.0217986471211e-14 
2.1 	 1.0135397071742947e-13 
3.1 	 1.3175472718022797e-13 
4.1 	 1.5327234607067785e-13 
5.1 	 1.675000108824864e-13 
6.1 	 1.7580248105839052e-13 
7.1 	 1.7934363306810186e-13 
8.1 	 1.7911125751995716e-13 
9.1 	 1.7593931073326811e-13 
10.1 	 1.7052781667843486e-13 
11.1 	 1.6346061011084303e-13 
12.1 	 1.552211047200777e-13 
13.1 	 1.462062617170598e-13 
14.1 	 1.3673892492413472e-13 
15.1 	 1.2707867847295866e-13 
16.1 	 1.1743137294030316e-13 
17.1 	 1.0795745539303721e-13 
18.1 	 9.877922855219595e-14 
19.1 	 8.99871542628621e-14 
20.1 	 8.164530677799329e-14 
21.1 	 7.37960724244401e-14 
22.1 	 6.646418712126254e-14 
23.1 	 5.966018549576824e-14 
24.1 	 5.33833268095446e-14 
25.1 	 4.7624069552976976e-14 
26.1 	 4.236615329929354e-14 
27.1 	 3.7588339077383295e-14 
28.1 	 3.3265853913235204e-14 
29.1 	 2.9371580070988285e-14 
30.1 	 2.587702486898147e-14 
31.1 	 2.2753102726257252e-14 
32.1 	 1.9970757282689945e-14 
33.1 	 1.750144800306412e-14 
34.1 	 1.5317522594097726e-14 
35.1 	 1.3392493806350232e-14 
36.1 	 1.1701236733730398e-14 
37.1 	 1.0220120536532109e-14 
38.1 	 8.927086575481268e-15 
39.1 	 7.801683231366618e-15 
40.1 	 6.825066175949261e-15 
41.1 	 5.9799715350999894e-15 
42.1 	 5.2506682257669015e-15 
43.1 	 4.622894737430751e-15 
44.1 	 4.083784750099753e-15 
45.1 	 3.6217852203758434e-15 
46.1 	 3.226569911265765e-15 
47.1 	 2.8889507782599247e-15 
48.1 	 2.600789142823976e-15 
49.1 	 2.35490817497386e-15 
50.1 	 2.145007860147728e-15 
51.1 	 1.965583334231962e-15 
52.1 	 1.811847227097245e-15 
53.1 	 1.6796564531518391e-15 
54.1 	 1.5654437214339099e-15 
55.1 	 1.4661539026675208e-15 
56.1 	 1.3791852821587996e-15 
57.1 	 1.3023356413303388e-15 
58.1 	 1.2337530438472175e-15 
59.1 	 1.1718911515311577e-15 
60.1 	 1.1154688580594163e-15 
61.1 	 1.0634340025186462e-15 
62.1 	 1.0149309081945103e-15 
63.1 	 9.692714829739733e-16 
64.1 	 9.259096147612542e-16 
65.1 	 8.844185973336567e-16 
66.1 	 8.444713278422786e-16 
67.1 	 8.058230259168317e-16 
68.1 	 7.68296235266173e-16 
69.1 	 7.317678811531355e-16 
70.1 	 6.961581706251861e-16 
71.1 	 6.614211365286839e-16 
72.1 	 6.275366406866434e-16 
73.1 	 5.945036659980714e-16 
74.1 	 5.623347413063697e-16 
75.1 	 5.310513565977862e-16 
76.1 	 5.00680239230826e-16 
77.1 	 4.712503744063552e-16 
78.1 	 4.4279066491283784e-16 
79.1 	 4.1532813623388025e-16 
80.1 	 3.888866034041565e-16 
81.1 	 3.634857255507848e-16 
82.1 	 3.391403828117022e-16 
83.1 	 3.1586031836285336e-16 
84.1 	 2.9364999560360565e-16 
85.1 	 2.725086271740323e-16 
86.1 	 2.5243033846160037e-16 
87.1 	 2.3340443362685565e-16 
88.1 	 2.1541573697946662e-16 
89.1 	 1.9844498680003114e-16 
90.1 	 1.82469262488163e-16 
91.1 	 1.6746242924543765e-16 
92.1 	 1.5339558741627604e-16 
93.1 	 1.4023751615708327e-16 
94.1 	 1.2795510330355004e-16 
95.1 	 1.1651375520223172e-16 
96.1 	 1.0587778189801934e-16 
97.1 	 9.601075444001414e-17 
98.1 	 8.68758322284813e-17 
99.1 	 7.843605929007855e-17 
100.1 	 7.065462915724291e-17 
101.1 	 6.349511867510863e-17 
102.1 	 5.692169157142674e-17 
103.1 	 5.0899273021394374e-17 
104.1 	 4.5393696747046875e-17 
105.1 	 4.037182640431375e-17 
106.1 	 3.5801653161344266e-17 
107.1 	 3.165237146170411e-17 
108.1 	 2.7894434998794865e-17 
109.1 	 2.4499594932844918e-17 
110.1 	 2.1440922338298167e-17 
111.1 	 1.869281681395884e-17 
112.1 	 1.6231003099764798e-17 
113.1 	 1.403251744851033e-17 
114.1 	 1.2075685388846126e-17 
115.1 	 1.0340092399856354e-17 
116.1 	 8.806548892584427e-18 
117.1 	 7.457050772890804e-18 
118.1 	 6.274736733521978e-18 
119.1 	 5.2438433022506e-18 
120.1 	 4.349658555403759e-18 
121.1 	 3.578475290914929e-18 
122.1 	 2.917544347725876e-18 
123.1 	 2.3550286559216217e-18 
124.1 	 1.8799585062163713e-18 
125.1 	 1.4821884392731726e-18 
126.1 	 1.1523560727543046e-18 
127.1 	 8.81843110107538e-19 
128.1 	 6.62738706826826e-19 
129.1 	 4.878053092680448e-19 
130.1 	 3.50447026966477e-19 
131.1 	 2.446805506976491e-19 
132.1 	 1.651085876771535e-19 
133.1 	 1.0689574801851231e-19 
134.1 	 6.574678687611297e-20 
135.1 	 3.7887079675589347e-20 
136.1 	 2.0045187918981317e-20 
137.1 	 9.437355364374677e-21 
138.1 	 3.7537620127960235e-21 
139.1 	 1.146353904556408e-21 
140.1 	 2.1806036920051577e-22 
141.1 	 1.3189883600407167e-23 
142.1 	 0.0 
143.1 	 0.0 
144.1 	 0.0 
145.1 	 0.0 
146.1 	 0.0 
147.1 	 0.0 
148.1 	 0.0 
149.1 	 0.0 
150.1 	 0.0 
151.1 	 0.0 
152.1 	 0.0 
153.1 	 0.0 
154.1 	 0.0 
155.1 	 0.0 
156.1 	 0.0 
157.1 	 0.0 
158.1 	 0.0 
159.1 	 0.0 
160.1 	 0.0 
161.1 	 0.0 
162.1 	 0.0 
163.1 	 0.0 
164.1 	 0.0 
165.1 	 0.0 
166.1 	 0.0 
167.1 	 0.0 
168.1 	 0.0 
169.1 	 0.0 
170.1 	 0.0 
171.1 	 0.0 
172.1 	 0.0 
173.1 	 0.0 
174.1 	 0.0 
175.1 	 0.0 
176.1 	 0.0 
177.1 	 0.0 
178.1 	 0.0 
179.1 	 0.0 
180.1 	 0.0 
181.1 	 0.0 
182.1 	 0.0 
183.1 	 0.0 
184.1 	 0.0 
185.1 	 0.0 
186.1 	 0.0 
187.1 	 0.0 
188.1 	 0.0 
189.1 	 0.0 
190.1 	 0.0 
191.1 	 0.0 
192.1 	 0.0 
193.1 	 0.0 
194.1 	 0.0 
195.1 	 0.0 
196.1 	 0.0 
197.1 	 0.0 
198.1 	 0.0 
199.1 	 0.0 
200.1 	 0.0 
201.1 	 0.0 
202.1 	 0.0 
203.1 	 0.0 
204.1 	 0.0 
205.1 	 0.0 
206.1 	 0.0 
207.1 	 0.0 
208.1 	 0.0 
209.1 	 0.0 
210.1 	 0.0 
211.1 	 0.0 
212.1 	 0.0 
213.1 	 0.0 
214.1 	 0.0 
215.1 	 0.0 
216.1 	 0.0 
217.1 	 0.0 
218.1 	 0.0 
219.1 	 0.0 
220.1 	 0.0 
221.1 	 0.0 
222.1 	 0.0 
223.1 	 0.0 
224.1 	 0.0 
225.1 	 0.0 
226.1 	 0.0 
227.1 	 0.0 
228.1 	 0.0 
229.1 	 0.0 
230.1 	 0.0 
231.1 	 0.0 
232.1 	 0.0 
233.1 	 0.0 
234.1 	 0.0 
235.1 	 0.0 
236.1 	 0.0 
237.1 	 0.0 
238.1 	 0.0 
239.1 	 0.0 
240.1 	 0.0 
241.1 	 0.0 
242.1 	 0.0 
243.1 	 0.0 
244.1 	 0.0 
245.1 	 0.0 
246.1 	 0.0 
247.1 	 0.0 
248.1 	 0.0 
249.1 	 0.0 
250.1 	 0.0 
251.1 	 0.0 
252.1 	 0.0 
253.1 	 0.0 
254.1 	 0.0 
255.1 	 0.0 
256.1 	 0.0 
257.1 	 0.0 
258.1 	 0.0 
259.1 	 0.0 
260.1 	 0.0 
261.1 	 0.0 
262.1 	 0.0 
263.1 	 0.0 
264.1 	 0.0 
265.1 	 0.0 
266.1 	 0.0 
267.1 	 0.0 
268.1 	 0.0 
269.1 	 0.0 
270.1 	 0.0 
271.1 	 0.0 
272.1 	 0.0 
273.1 	 0.0 
274.1 	 0.0 
275.1 	 0.0 
276.1 	 0.0 
277.1 	 0.0 
278.1 	 0.0 
279.1 	 0.0 
280.1 	 0.0 
281.1 	 0.0 
282.1 	 0.0 
283.1 	 0.0 
284.1 	 0.0 
285.1 	 0.0 
286.1 	 0.0 
287.1 	 0.0 
288.1 	 0.0 
289.1 	 0.0 
290.1 	 0.0 
291.1 	 0.0 
292.1 	 0.0 
293.1 	 0.0 
294.1 	 0.0 
295.1 	 0.0 
296.1 	 0.0 
297.1 	 0.0 
298.1 	 0.0 
299.1 	 0.0 
300.1 	 0.0 
301.1 	 0.0 
302.1 	 0.0 
303.1 	 0.0 
304.1 	 0.0 
305.1 	 0.0 
306.1 	 0.0 
307.1 	 0.0 
308.1 	 0.0 
309.1 	 0.0 
310.1 	 0.0 
311.1 	 0.0 
312.1 	 0.0 
313.1 	 0.0 
314.1 	 0.0 
315.1 	 0.0 
316.1 	 0.0 
317.1 	 0.0 
318.1 	 0.0 
319.1 	 0.0 
320.1 	 0.0 
321.1 	 0.0 
322.1 	 0.0 
323.1 	 0.0 
324.1 	 0.0 
325.1 	 0.0 
326.1 	 0.0 
327.1 	 0.0 
328.1 	 0.0 
329.1 	 0.0 
330.1 	 0.0 
331.1 	 0.0 
332.1 	 0.0 
333.1 	 0.0 
334.1 	 0.0 
335.1 	 0.0 
336.1 	 0.0 
337.1 	 0.0 
338.1 	 0.0 
339.1 	 0.0 
340.1 	 0.0 
341.1 	 0.0 
342.1 	 0.0 
343.1 	 0.0 
344.1 	 0.0 
345.1 	 0.0 
346.1 	 0.0 
347.1 	 0.0 
348.1 	 0.0 
349.1 	 0.0 
350.1 	 0.0 
351.1 	 0.0 
352.1 	 0.0 
353.1 	 0.0 
354.1 	 0.0 
355.1 	 0.0 
356.1 	 0.0 
357.1 	 0.0 
358.1 	 0.0 
359.1 	 0.0 
360.1 	 0.0 
361.1 	 0.0 
362.1 	 0.0 
363.1 	 0.0 
364.1 	 0.0 
365.1 	 0.0 
366.1 	 0.0 
367.1 	 0.0 
368.1 	 0.0 
369.1 	 0.0 
370.1 	 0.0 
371.1 	 0.0 
372.1 	 0.0 
373.1 	 0.0 
374.1 	 0.0 
375.1 	 0.0 
376.1 	 0.0 
377.1 	 0.0 
378.1 	 0.0 
379.1 	 0.0 
380.1 	 0.0 
381.1 	 0.0 
382.1 	 0.0 
383.1 	 0.0 
384.1 	 0.0 
385.1 	 0.0 
386.1 	 0.0 
387.1 	 0.0 
388.1 	 0.0 
389.1 	 0.0 
390.1 	 0.0 
391.1 	 0.0 
392.1 	 0.0 
393.1 	 0.0 
394.1 	 0.0 
395.1 	 0.0 
396.1 	 0.0 
397.1 	 0.0 
398.1 	 0.0 
399.1 	 0.0 
400.1 	 0.0 
401.1 	 0.0 
402.1 	 0.0 
403.1 	 0.0 
404.1 	 0.0 
405.1 	 0.0 
406.1 	 0.0 
407.1 	 0.0 
408.1 	 0.0 
409.1 	 0.0 
410.1 	 0.0 
411.1 	 0.0 
412.1 	 0.0 
413.1 	 0.0 
414.1 	 0.0 
415.1 	 0.0 
416.1 	 0.0 
417.1 	 0.0 
418.1 	 0.0 
419.1 	 0.0 
420.1 	 0.0 
421.1 	 0.0 
422.1 	 0.0 
423.1 	 0.0 
424.1 	 0.0 
425.1 	 0.0 
426.1 	 0.0 
427.1 	 0.0 
428.1 	 0.0 
429.1 	 0.0 
430.1 	 0.0 
431.1 	 0.0 
432.1 	 0.0 
433.1 	 0.0 
434.1 	 0.0 
435.1 	 0.0 
436.1 	 0.0 
437.1 	 0.0 
438.1 	 0.0 
439.1 	 0.0 
440.1 	 0.0 
441.1 	 0.0 
442.1 	 0.0 
443.1 	 0.0 
444.1 	 0.0 
445.1 	 0.0 
446.1 	 0.0 
447.1 	 0.0 
448.1 	 0.0 
449.1 	 0.0 
450.1 	 0.0 
451.1 	 0.0 
452.1 	 0.0 
453.1 	 0.0 
454.1 	 0.0 
455.1 	 0.0 
456.1 	 0.0 
457.1 	 0.0 
458.1 	 0.0 
459.1 	 0.0 
460.1 	 0.0 
461.1 	 0.0 
462.1 	 0.0 
463.1 	 0.0 
464.1 	 0.0 
465.1 	 0.0 
466.1 	 0.0 
467.1 	 0.0 
468.1 	 0.0 
469.1 	 0.0 
470.1 	 0.0 
471.1 	 0.0 
472.1 	 0.0 
473.1 	 0.0 
474.1 	 0.0 
475.1 	 0.0 
476.1 	 0.0 
477.1 	 0.0 
478.1 	 0.0 
479.1 	 0.0 
480.1 	 0.0 
481.1 	 0.0 
482.1 	 0.0 
483.1 	 0.0 
484.1 	 0.0 
485.1 	 0.0 
486.1 	 0.0 
487.1 	 0.0 
488.1 	 0.0 
489.1 	 0.0 
490.1 	 0.0 
491.1 	 0.0 
492.1 	 0.0 
493.1 	 0.0 
494.1 	 0.0 
495.1 	 0.0 
496.1 	 0.0 
497.1 	 0.0 
498.1 	 0.0 
499.1 	 0.0 
500.1 	 0.0 
501.1 	 0.0 
502.1 	 0.0 
503.1 	 0.0 
504.1 	 0.0 
505.1 	 0.0 
506.1 	 0.0 
507.1 	 0.0 
508.1 	 0.0 
509.1 	 0.0 
510.1 	 0.0 
511.1 	 0.0 
512.1 	 0.0 
513.1 	 0.0 
514.1 	 0.0 
515.1 	 0.0 
516.1 	 0.0 
517.1 	 0.0 
518.1 	 0.0 
519.1 	 0.0 
520.1 	 0.0 
521.1 	 0.0 
522.1 	 0.0 
523.1 	 0.0 
524.1 	 0.0 
525.1 	 0.0 
526.1 	 0.0 
527.1 	 0.0 
528.1 	 0.0 
529.1 	 0.0 
530.1 	 0.0 
531.1 	 0.0 
532.1 	 0.0 
533.1 	 0.0 
534.1 	 0.0 
535.1 	 0.0 
536.1 	 0.0 
537.1 	 0.0 
538.1 	 0.0 
539.1 	 0.0 
540.1 	 0.0 
541.1 	 0.0 
542.1 	 0.0 
543.1 	 0.0 
544.1 	 0.0 
545.1 	 0.0 
546.1 	 0.0 
547.1 	 0.0 
548.1 	 0.0 
549.1 	 0.0 
550.1 	 0.0 
551.1 	 0.0 
552.1 	 0.0 
553.1 	 0.0 
554.1 	 0.0 
555.1 	 0.0 
556.1 	 0.0 
557.1 	 0.0 
558.1 	 0.0 
559.1 	 0.0 
560.1 	 0.0 
561.1 	 0.0 
562.1 	 0.0 
563.1 	 0.0 
564.1 	 0.0 
565.1 	 0.0 
566.1 	 0.0 
567.1 	 0.0 
568.1 	 0.0 
569.1 	 0.0 
570.1 	 0.0 
571.1 	 0.0 
572.1 	 0.0 
573.1 	 0.0 
574.1 	 0.0 
575.1 	 0.0 
576.1 	 0.0 
577.1 	 0.0 
578.1 	 0.0 
579.1 	 0.0 
580.1 	 0.0 
581.1 	 0.0 
582.1 	 0.0 
583.1 	 0.0 
584.1 	 0.0 
585.1 	 0.0 
586.1 	 0.0 
587.1 	 0.0 
588.1 	 0.0 
589.1 	 0.0 
590.1 	 0.0 
591.1 	 0.0 
592.1 	 0.0 
593.1 	 0.0 
594.1 	 0.0 
595.1 	 0.0 
596.1 	 0.0 
597.1 	 0.0 
598.1 	 0.0 
599.1 	 0.0 
600.1 	 0.0 
601.1 	 0.0 
602.1 	 0.0 
603.1 	 0.0 
604.1 	 0.0 
605.1 	 0.0 
606.1 	 0.0 
607.1 	 0.0 
608.1 	 0.0 
609.1 	 0.0 
610.1 	 0.0 
611.1 	 0.0 
612.1 	 0.0 
613.1 	 0.0 
614.1 	 0.0 
615.1 	 0.0 
616.1 	 0.0 
617.1 	 0.0 
618.1 	 0.0 
619.1 	 0.0 
620.1 	 0.0 
621.1 	 0.0 
622.1 	 0.0 
623.1 	 0.0 
624.1 	 0.0 
625.1 	 0.0 
626.1 	 0.0 
627.1 	 0.0 
628.1 	 0.0 
629.1 	 0.0 
630.1 	 0.0 
631.1 	 0.0 
632.1 	 0.0 
633.1 	 0.0 
634.1 	 0.0 
635.1 	 0.0 
636.1 	 0.0 
637.1 	 0.0 
638.1 	 0.0 
639.1 	 0.0 
640.1 	 0.0 
641.1 	 0.0 
642.1 	 0.0 
643.1 	 0.0 
644.1 	 0.0 
645.1 	 0.0 
646.1 	 0.0 
647.1 	 0.0 
648.1 	 0.0 
649.1 	 0.0 
650.1 	 0.0 
651.1 	 0.0 
652.1 	 0.0 
653.1 	 0.0 
654.1 	 0.0 
655.1 	 0.0 
656.1 	 0.0 
657.1 	 0.0 
658.1 	 0.0 
659.1 	 0.0 
660.1 	 0.0 
661.1 	 0.0 
662.1 	 0.0 
663.1 	 0.0 
664.1 	 0.0 
665.1 	 0.0 
666.1 	 0.0 
667.1 	 0.0 
668.1 	 0.0 
669.1 	 0.0 
670.1 	 0.0 
671.1 	 0.0 
672.1 	 0.0 
673.1 	 0.0 
674.1 	 0.0 
675.1 	 0.0 
676.1 	 0.0 
677.1 	 0.0 
678.1 	 0.0 
679.1 	 0.0 
680.1 	 0.0 
681.1 	 0.0 
682.1 	 0.0 
683.1 	 0.0 
684.1 	 0.0 
685.1 	 0.0 
686.1 	 0.0 
687.1 	 0.0 
688.1 	 0.0 
689.1 	 0.0 
690.1 	 0.0 
691.1 	 0.0 
692.1 	 0.0 
693.1 	 0.0 
694.1 	 0.0 
695.1 	 0.0 
696.1 	 0.0 
697.1 	 0.0 
698.1 	 0.0 
699.1 	 0.0 
700.1 	 0.0 
701.1 	 0.0 
702.1 	 0.0 
703.1 	 0.0 
704.1 	 0.0 
705.1 	 0.0 
706.1 	 0.0 
707.1 	 0.0 
708.1 	 0.0 
709.1 	 0.0 
710.1 	 0.0 
711.1 	 0.0 
712.1 	 0.0 
713.1 	 0.0 
714.1 	 0.0 
715.1 	 0.0 
716.1 	 0.0 
717.1 	 0.0 
718.1 	 0.0 
719.1 	 0.0 
720.1 	 0.0 
721.1 	 0.0 
722.1 	 0.0 
723.1 	 0.0 
724.1 	 0.0 
725.1 	 0.0 
726.1 	 0.0 
727.1 	 0.0 
728.1 	 0.0 
729.1 	 0.0 
730.1 	 0.0 
731.1 	 0.0 
732.1 	 0.0 
733.1 	 0.0 
734.1 	 0.0 
735.1 	 0.0 
736.1 	 0.0 
737.1 	 0.0 
738.1 	 0.0 
739.1 	 0.0 
740.1 	 0.0 
741.1 	 0.0 
742.1 	 0.0 
743.1 	 0.0 
744.1 	 0.0 
745.1 	 0.0 
746.1 	 0.0 
747.1 	 0.0 
748.1 	 0.0 
749.1 	 0.0 
750.1 	 0.0 
751.1 	 0.0 
752.1 	 0.0 
753.1 	 0.0 
754.1 	 0.0 
755.1 	 0.0 
756.1 	 0.0 
757.1 	 0.0 
758.1 	 0.0 
759.1 	 0.0 
760.1 	 0.0 
761.1 	 0.0 
762.1 	 0.0 
763.1 	 0.0 
764.1 	 0.0 
765.1 	 0.0 
766.1 	 0.0 
767.1 	 0.0 
768.1 	 0.0 
769.1 	 0.0 
770.1 	 0.0 
771.1 	 0.0 
772.1 	 0.0 
773.1 	 0.0 
774.1 	 0.0 
775.1 	 0.0 
776.1 	 0.0 
777.1 	 0.0 
778.1 	 0.0 
779.1 	 0.0 
780.1 	 0.0 
781.1 	 0.0 
782.1 	 0.0 
783.1 	 0.0 
784.1 	 0.0 
785.1 	 0.0 
786.1 	 0.0 
787.1 	 0.0 
788.1 	 0.0 
789.1 	 0.0 
790.1 	 0.0 
791.1 	 0.0 
792.1 	 0.0 
793.1 	 0.0 
794.1 	 0.0 
795.1 	 0.0 
796.1 	 0.0 
797.1 	 0.0 
798.1 	 0.0 
799.1 	 0.0 
800.1 	 0.0 
801.1 	 0.0 
802.1 	 0.0 
803.1 	 0.0 
804.1 	 0.0 
805.1 	 0.0 
806.1 	 0.0 
807.1 	 0.0 
808.1 	 0.0 
809.1 	 0.0 
810.1 	 0.0 
811.1 	 0.0 
812.1 	 0.0 
813.1 	 0.0 
814.1 	 0.0 
815.1 	 0.0 
816.1 	 0.0 
817.1 	 0.0 
818.1 	 0.0 
819.1 	 0.0 
820.1 	 0.0 
821.1 	 0.0 
822.1 	 0.0 
823.1 	 0.0 
824.1 	 0.0 
825.1 	 0.0 
826.1 	 0.0 
827.1 	 0.0 
828.1 	 0.0 
829.1 	 0.0 
830.1 	 0.0 
831.1 	 0.0 
832.1 	 0.0 
833.1 	 0.0 
834.1 	 0.0 
835.1 	 0.0 
836.1 	 0.0 
837.1 	 0.0 
838.1 	 0.0 
839.1 	 0.0 
840.1 	 0.0 
841.1 	 0.0 
842.1 	 0.0 
843.1 	 0.0 
844.1 	 0.0 
845.1 	 0.0 
846.1 	 0.0 
847.1 	 0.0 
848.1 	 0.0 
849.1 	 0.0 
850.1 	 0.0 
851.1 	 0.0 
852.1 	 0.0 
853.1 	 0.0 
854.1 	 0.0 
855.1 	 0.0 
856.1 	 0.0 
857.1 	 0.0 
858.1 	 0.0 
859.1 	 0.0 
860.1 	 0.0 
861.1 	 0.0 
862.1 	 0.0 
863.1 	 0.0 
864.1 	 0.0 
865.1 	 0.0 
866.1 	 0.0 
867.1 	 0.0 
868.1 	 0.0 
869.1 	 0.0 
870.1 	 0.0 
871.1 	 0.0 
872.1 	 0.0 
873.1 	 0.0 
874.1 	 0.0 
875.1 	 0.0 
876.1 	 0.0 
877.1 	 0.0 
878.1 	 0.0 
879.1 	 0.0 
880.1 	 0.0 
881.1 	 0.0 
882.1 	 0.0 
883.1 	 0.0 
884.1 	 0.0 
885.1 	 0.0 
886.1 	 0.0 
887.1 	 0.0 
888.1 	 0.0 
889.1 	 0.0 
890.1 	 0.0 
891.1 	 0.0 
892.1 	 0.0 
893.1 	 0.0 
894.1 	 0.0 
895.1 	 0.0 
896.1 	 0.0 
897.1 	 0.0 
898.1 	 0.0 
899.1 	 0.0 
900.1 	 0.0 
901.1 	 0.0 
902.1 	 0.0 
903.1 	 0.0 
904.1 	 0.0 
905.1 	 0.0 
906.1 	 0.0 
907.1 	 0.0 
908.1 	 0.0 
909.1 	 0.0 
910.1 	 0.0 
911.1 	 0.0 
912.1 	 0.0 
913.1 	 0.0 
914.1 	 0.0 
915.1 	 0.0 
916.1 	 0.0 
917.1 	 0.0 
918.1 	 0.0 
919.1 	 0.0 
920.1 	 0.0 
921.1 	 0.0 
922.1 	 0.0 
923.1 	 0.0 
924.1 	 0.0 
925.1 	 0.0 
926.1 	 0.0 
927.1 	 0.0 
928.1 	 0.0 
929.1 	 0.0 
930.1 	 0.0 
931.1 	 0.0 
932.1 	 0.0 
933.1 	 0.0 
934.1 	 0.0 
935.1 	 0.0 
936.1 	 0.0 
937.1 	 0.0 
938.1 	 0.0 
939.1 	 0.0 
940.1 	 0.0 
941.1 	 0.0 
942.1 	 0.0 
943.1 	 0.0 
944.1 	 0.0 
945.1 	 0.0 
946.1 	 0.0 
947.1 	 0.0 
948.1 	 0.0 
949.1 	 0.0 
950.1 	 0.0 
951.1 	 0.0 
952.1 	 0.0 
953.1 	 0.0 
954.1 	 0.0 
955.1 	 0.0 
956.1 	 0.0 
957.1 	 0.0 
958.1 	 0.0 
959.1 	 0.0 
960.1 	 0.0 
961.1 	 0.0 
962.1 	 0.0 
963.1 	 0.0 
964.1 	 0.0 
965.1 	 0.0 
966.1 	 0.0 
967.1 	 0.0 
968.1 	 0.0 
969.1 	 0.0 
970.1 	 0.0 
971.1 	 0.0 
972.1 	 0.0 
973.1 	 0.0 
974.1 	 0.0 
975.1 	 0.0 
976.1 	 0.0 
977.1 	 0.0 
978.1 	 0.0 
979.1 	 0.0 
980.1 	 0.0 
981.1 	 0.0 
982.1 	 0.0 
983.1 	 0.0 
984.1 	 0.0 
985.1 	 0.0 
986.1 	 0.0 
987.1 	 0.0 
988.1 	 0.0 
989.1 	 0.0 
990.1 	 0.0 
991.1 	 0.0 
992.1 	 0.0 
993.1 	 0.0 
994.1 	 0.0 
995.1 	 0.0 
996.1 	 0.0 
997.1 	 0.0 
998.1 	 0.0 
999.1 	 0.0 
1000.1 	 0.0 
1000.1 	 0.0 
