energy 	 rate 
0.1 	 6.103165538146143e-10 
1.1 	 6.194173725166863e-09 
2.1 	 1.0902995984379998e-08 
3.1 	 1.4829194116866698e-08 
4.1 	 1.8057408768031195e-08 
5.1 	 2.066506271805355e-08 
6.1 	 2.272287893750997e-08 
7.1 	 2.4295366307704353e-08 
8.1 	 2.5441274796284987e-08 
9.1 	 2.621402178960669e-08 
10.1 	 2.666209119819919e-08 
11.1 	 2.68294068704569e-08 
12.1 	 2.675568177211109e-08 
13.1 	 2.6476744315034754e-08 
14.1 	 2.6024843148313096e-08 
15.1 	 2.5428931657149694e-08 
16.1 	 2.4714933350933418e-08 
17.1 	 2.3905989260532673e-08 
18.1 	 2.3022688406487475e-08 
19.1 	 2.2083282344113352e-08 
20.1 	 2.110388473849918e-08 
21.1 	 2.009865687186076e-08 
22.1 	 1.9079979937597107e-08 
23.1 	 1.8058614929581343e-08 
24.1 	 1.7043850891606295e-08 
25.1 	 1.6043642250397643e-08 
26.1 	 1.5064735916116042e-08 
27.1 	 1.4112788796703337e-08 
28.1 	 1.319247633670352e-08 
29.1 	 1.230759265722488e-08 
30.1 	 1.1461142841427602e-08 
31.1 	 1.0655427879245546e-08 
32.1 	 9.892122755911364e-09 
33.1 	 9.17234814117943e-09 
34.1 	 8.49673610986811e-09 
35.1 	 7.865490299403026e-09 
36.1 	 7.278440886383458e-09 
37.1 	 6.735094741745353e-09 
38.1 	 6.2346811028119246e-09 
39.1 	 5.776193080344361e-09 
40.1 	 5.358425299584432e-09 
41.1 	 4.980007956163386e-09 
42.1 	 4.639437550598841e-09 
43.1 	 4.335104548854974e-09 
44.1 	 4.06531820107436e-09 
45.1 	 3.8283287360428965e-09 
46.1 	 3.622347135200048e-09 
47.1 	 3.445562677002872e-09 
48.1 	 3.296158430166225e-09 
49.1 	 3.172324862696202e-09 
50.1 	 3.0722717226740962e-09 
51.1 	 2.9942383364029297e-09 
52.1 	 2.9365024597731657e-09 
53.1 	 2.897387809497015e-09 
54.1 	 2.875270392186263e-09 
55.1 	 2.8685837410771295e-09 
56.1 	 2.875823162503558e-09 
57.1 	 2.8955490869781234e-09 
58.1 	 2.9263896129204943e-09 
59.1 	 2.967042324661618e-09 
60.1 	 3.016275460331848e-09 
61.1 	 3.0729284995738423e-09 
62.1 	 3.1359122357175754e-09 
63.1 	 3.2042083920611675e-09 
64.1 	 3.276868837232983e-09 
65.1 	 3.35301445022884e-09 
66.1 	 3.4318336816150697e-09 
67.1 	 3.5125808535517416e-09 
68.1 	 3.5945742376989823e-09 
69.1 	 3.6771939467183787e-09 
70.1 	 3.7598796719418524e-09 
71.1 	 3.842128296869216e-09 
72.1 	 3.9234914134202784e-09 
73.1 	 4.003572765336928e-09 
74.1 	 4.082025640767512e-09 
75.1 	 4.1585502338679274e-09 
76.1 	 4.232890993222505e-09 
77.1 	 4.304833972985877e-09 
78.1 	 4.374204200905198e-09 
79.1 	 4.440863075750107e-09 
80.1 	 4.504705805187219e-09 
81.1 	 4.565658893742941e-09 
82.1 	 4.623677689230006e-09 
83.1 	 4.678743994830915e-09 
84.1 	 4.730863752958326e-09 
85.1 	 4.780064806017602e-09 
86.1 	 4.826394738292098e-09 
87.1 	 4.869918802342396e-09 
88.1 	 4.910717932554868e-09 
89.1 	 4.9488868477883785e-09 
90.1 	 4.9845322444437255e-09 
91.1 	 5.017771080715704e-09 
92.1 	 5.048728952283683e-09 
93.1 	 5.077538559229076e-09 
94.1 	 5.104338263575014e-09 
95.1 	 5.129270736459449e-09 
96.1 	 5.152481693651073e-09 
97.1 	 5.174118717813237e-09 
98.1 	 5.194330165686939e-09 
99.1 	 5.213264158137236e-09 
100.1 	 5.23106765082912e-09 
101.1 	 5.247885583134753e-09 
102.1 	 5.26386010274516e-09 
103.1 	 5.279129863350509e-09 
104.1 	 5.293829392664175e-09 
105.1 	 5.3080885280019865e-09 
106.1 	 5.322031916573126e-09 
107.1 	 5.335778577613397e-09 
108.1 	 5.349441523470483e-09 
109.1 	 5.363127436745341e-09 
110.1 	 5.376936400604622e-09 
111.1 	 5.390961679398853e-09 
112.1 	 5.405289546744545e-09 
113.1 	 5.419999158276429e-09 
114.1 	 5.435162466311833e-09 
115.1 	 5.450844173725043e-09 
116.1 	 5.467101724394321e-09 
117.1 	 5.483985327636115e-09 
118.1 	 5.501538014121375e-09 
119.1 	 5.519795720832187e-09 
120.1 	 5.5387874027029045e-09 
121.1 	 5.558535168648399e-09 
122.1 	 5.5790544397921055e-09 
123.1 	 5.6003541277568686e-09 
124.1 	 5.6224368309896526e-09 
125.1 	 5.645299047154576e-09 
126.1 	 5.66893139973433e-09 
127.1 	 5.693318877041674e-09 
128.1 	 5.71844108194634e-09 
129.1 	 5.7442724906906985e-09 
130.1 	 5.770782719257898e-09 
131.1 	 5.797936795846064e-09 
132.1 	 5.825695438051903e-09 
133.1 	 5.8540153334915584e-09 
134.1 	 5.88284942262248e-09 
135.1 	 5.9121471826283486e-09 
136.1 	 5.941854911297093e-09 
137.1 	 5.971916009894524e-09 
138.1 	 6.002271264106037e-09 
139.1 	 6.032859122186286e-09 
140.1 	 6.063615969519176e-09 
141.1 	 6.094476398866219e-09 
142.1 	 6.125373475622747e-09 
143.1 	 6.156238997485822e-09 
144.1 	 6.1870037479679065e-09 
145.1 	 6.2175977432610545e-09 
146.1 	 6.2479504720181085e-09 
147.1 	 6.277991127631291e-09 
148.1 	 6.307648832684852e-09 
149.1 	 6.336852855262393e-09 
150.1 	 6.365532816856174e-09 
151.1 	 6.393618891661145e-09 
152.1 	 6.421041997076229e-09 
153.1 	 6.447733975264346e-09 
154.1 	 6.473627765679246e-09 
155.1 	 6.4986575684643794e-09 
156.1 	 6.522758998705219e-09 
157.1 	 6.545869231503914e-09 
158.1 	 6.567927137901004e-09 
159.1 	 6.588873411676977e-09 
160.1 	 6.608650687102333e-09 
161.1 	 6.627203647716594e-09 
162.1 	 6.644479126249275e-09 
163.1 	 6.6604261957999705e-09 
164.1 	 6.674996252423613e-09 
165.1 	 6.688143089277556e-09 
166.1 	 6.699822962506942e-09 
167.1 	 6.70999464903921e-09 
168.1 	 6.718619496511632e-09 
169.1 	 6.725661465509065e-09 
170.1 	 6.73108716434868e-09 
171.1 	 6.734865876632568e-09 
172.1 	 6.736969581794652e-09 
173.1 	 6.737372968890182e-09 
174.1 	 6.7360534438591604e-09 
175.1 	 6.732991130521997e-09 
176.1 	 6.7281688655492344e-09 
177.1 	 6.721572187670427e-09 
178.1 	 6.713189321361697e-09 
179.1 	 6.703011155279964e-09 
180.1 	 6.691031215694723e-09 
181.1 	 6.677245635173675e-09 
182.1 	 6.661653116780225e-09 
183.1 	 6.6442548940298645e-09 
184.1 	 6.625054686858285e-09 
185.1 	 6.604058653857039e-09 
186.1 	 6.5812753410085836e-09 
187.1 	 6.556715627175312e-09 
188.1 	 6.530392666573502e-09 
189.1 	 6.502321827428802e-09 
190.1 	 6.472520622213638e-09 
191.1 	 6.44100864665283e-09 
192.1 	 6.407807516083323e-09 
193.1 	 6.372940796346679e-09 
194.1 	 6.3364339326286924e-09 
195.1 	 6.2983141714939354e-09 
196.1 	 6.258610488591175e-09 
197.1 	 6.21735351931519e-09 
198.1 	 6.174575483391826e-09 
199.1 	 6.1303101085558605e-09 
200.1 	 6.084592553665832e-09 
201.1 	 6.0374593314255135e-09 
202.1 	 5.988948230869196e-09 
203.1 	 5.939098239763787e-09 
204.1 	 5.887949467080686e-09 
205.1 	 5.835543065666559e-09 
206.1 	 5.781921155258252e-09 
207.1 	 5.727126745964046e-09 
208.1 	 5.671203662331699e-09 
209.1 	 5.614196468123888e-09 
210.1 	 5.556150391902587e-09 
211.1 	 5.49711125353412e-09 
212.1 	 5.437125391704129e-09 
213.1 	 5.376239592540737e-09 
214.1 	 5.314501019422481e-09 
215.1 	 5.251957144060181e-09 
216.1 	 5.188655678921975e-09 
217.1 	 5.124644511068979e-09 
218.1 	 5.059971637468178e-09 
219.1 	 4.994685101836483e-09 
220.1 	 4.9288329330796355e-09 
221.1 	 4.862463085356866e-09 
222.1 	 4.795623379824891e-09 
223.1 	 4.7283614481087264e-09 
224.1 	 4.660724677510118e-09 
225.1 	 4.592760158006032e-09 
226.1 	 4.52451463105307e-09 
227.1 	 4.456034440213665e-09 
228.1 	 4.3873654836312245e-09 
229.1 	 4.318553168370068e-09 
230.1 	 4.249642366612041e-09 
231.1 	 4.180677373737333e-09 
232.1 	 4.111701868284255e-09 
233.1 	 4.042758873783025e-09 
234.1 	 3.973890722466383e-09 
235.1 	 3.905139020850416e-09 
236.1 	 3.8365446171777185e-09 
237.1 	 3.768147570705705e-09 
238.1 	 3.6999871228309476e-09 
239.1 	 3.6321016700334935e-09 
240.1 	 3.564528738619477e-09 
241.1 	 3.4973049612437203e-09 
242.1 	 3.4304660551833487e-09 
243.1 	 3.3640468023541974e-09 
244.1 	 3.2980810310152737e-09 
245.1 	 3.2326015991672226e-09 
246.1 	 3.1676403795863167e-09 
247.1 	 3.103228246476852e-09 
248.1 	 3.0393950637109018e-09 
249.1 	 2.9761696746146624e-09 
250.1 	 2.913579893268149e-09 
251.1 	 2.85165249729134e-09 
252.1 	 2.790413222069085e-09 
253.1 	 2.7298867563848733e-09 
254.1 	 2.670096739413451e-09 
255.1 	 2.6110657590613703e-09 
256.1 	 2.5528153515770695e-09 
257.1 	 2.4953660024283734e-09 
258.1 	 2.438737148377531e-09 
259.1 	 2.3829471807392556e-09 
260.1 	 2.328013449758445e-09 
261.1 	 2.273952270083918e-09 
262.1 	 2.220778927286033e-09 
263.1 	 2.1685076853902637e-09 
264.1 	 2.117151795365206e-09 
265.1 	 2.0667235045540085e-09 
266.1 	 2.0172340669759615e-09 
267.1 	 1.9686937544904808e-09 
268.1 	 1.921111868751616e-09 
269.1 	 1.8744967539404993e-09 
270.1 	 1.8288558102256995e-09 
271.1 	 1.7841955079022776e-09 
272.1 	 1.7405214021949127e-09 
273.1 	 1.697838148661891e-09 
274.1 	 1.656149519181244e-09 
275.1 	 1.6154584184744247e-09 
276.1 	 1.5757669011295886e-09 
277.1 	 1.5370761890949397e-09 
278.1 	 1.49938668959572e-09 
279.1 	 1.4626980134616875e-09 
280.1 	 1.42700899380616e-09 
281.1 	 1.3923177050394553e-09 
282.1 	 1.358621482179542e-09 
283.1 	 1.3259169404358865e-09 
284.1 	 1.2941999950168048e-09 
285.1 	 1.2634658811537764e-09 
286.1 	 1.2337091742959527e-09 
287.1 	 1.2049238104550182e-09 
288.1 	 1.1771031066730388e-09 
289.1 	 1.1502397815735494e-09 
290.1 	 1.1243259759962732e-09 
291.1 	 1.0993532736579184e-09 
292.1 	 1.0753127218416022e-09 
293.1 	 1.0521948520772064e-09 
294.1 	 1.0299897007878333e-09 
295.1 	 1.008686829893092e-09 
296.1 	 9.882753473361852e-10 
297.1 	 9.687439275185883e-10 
298.1 	 9.500808316243793e-10 
299.1 	 9.322739278112903e-10 
300.1 	 9.153107112533507e-10 
301.1 	 8.991783240171807e-10 
302.1 	 8.838635747579233e-10 
303.1 	 8.693529582136957e-10 
304.1 	 8.556326744866383e-10 
305.1 	 8.426886480988564e-10 
306.1 	 8.305065468046532e-10 
307.1 	 8.190718001500052e-10 
308.1 	 8.083696177637573e-10 
309.1 	 7.983850073805146e-10 
310.1 	 7.891027925597479e-10 
311.1 	 7.805076301242221e-10 
312.1 	 7.725840272763382e-10 
313.1 	 7.653163584140418e-10 
314.1 	 7.586888816066695e-10 
315.1 	 7.526857547551703e-10 
316.1 	 7.472910514004913e-10 
317.1 	 7.424887761971792e-10 
318.1 	 7.382628800391066e-10 
319.1 	 7.345972748207617e-10 
320.1 	 7.314758478469259e-10 
321.1 	 7.288824758804733e-10 
322.1 	 7.268010388185093e-10 
323.1 	 7.252154330007796e-10 
324.1 	 7.241095841542319e-10 
325.1 	 7.234674599511421e-10 
326.1 	 7.232730822023429e-10 
327.1 	 7.235105386694172e-10 
328.1 	 7.241639945070564e-10 
329.1 	 7.25217703317257e-10 
330.1 	 7.266560178402275e-10 
331.1 	 7.284634002600886e-10 
332.1 	 7.306244321423795e-10 
333.1 	 7.331238239945409e-10 
334.1 	 7.35946424452327e-10 
335.1 	 7.390772291070929e-10 
336.1 	 7.425013889573224e-10 
337.1 	 7.462042184930138e-10 
338.1 	 7.501712034316653e-10 
339.1 	 7.543880080823171e-10 
340.1 	 7.588404823632214e-10 
341.1 	 7.635146684690574e-10 
342.1 	 7.683968071818423e-10 
343.1 	 7.734733438542331e-10 
344.1 	 7.787309340408142e-10 
345.1 	 7.84156448806359e-10 
346.1 	 7.897369796955694e-10 
347.1 	 7.95459843389167e-10 
348.1 	 8.01312586034618e-10 
349.1 	 8.072829872649091e-10 
350.1 	 8.133590639119975e-10 
351.1 	 8.195290734157755e-10 
352.1 	 8.25781516938025e-10 
353.1 	 8.321051421824474e-10 
354.1 	 8.384889459358151e-10 
355.1 	 8.449221763252038e-10 
356.1 	 8.513943348045789e-10 
357.1 	 8.578951778750027e-10 
358.1 	 8.644147185454772e-10 
359.1 	 8.709432275357786e-10 
360.1 	 8.774712342375948e-10 
361.1 	 8.839895274295903e-10 
362.1 	 8.904891557603241e-10 
363.1 	 8.969614279996222e-10 
364.1 	 9.033979130732488e-10 
365.1 	 9.097904398743461e-10 
366.1 	 9.161310968740606e-10 
367.1 	 9.224122315205697e-10 
368.1 	 9.286264494517316e-10 
369.1 	 9.34766613508101e-10 
370.1 	 9.4082584256853e-10 
371.1 	 9.46797510206031e-10 
372.1 	 9.52675243172936e-10 
373.1 	 9.584529197235375e-10 
374.1 	 9.64124667775436e-10 
375.1 	 9.696848629179334e-10 
376.1 	 9.751281262810699e-10 
377.1 	 9.804493222548395e-10 
378.1 	 9.856435560797781e-10 
379.1 	 9.90706171313578e-10 
380.1 	 9.956327471641753e-10 
381.1 	 1.0004190957177574e-09 
382.1 	 1.005061259049247e-09 
383.1 	 1.009555506231473e-09 
384.1 	 1.0138983302398286e-09 
385.1 	 1.0180864447717587e-09 
386.1 	 1.022116780965344e-09 
387.1 	 1.0259864840486563e-09 
388.1 	 1.029692909897432e-09 
389.1 	 1.0332336215298e-09 
390.1 	 1.0366063855281976e-09 
391.1 	 1.0398091683998685e-09 
392.1 	 1.042840132877844e-09 
393.1 	 1.045697634170793e-09 
394.1 	 1.0483802161613133e-09 
395.1 	 1.050886607561758e-09 
396.1 	 1.0532157180308752e-09 
397.1 	 1.0553666342512837e-09 
398.1 	 1.057338615980872e-09 
399.1 	 1.0591310920737395e-09 
400.1 	 1.060743656477457e-09 
401.1 	 1.0621760642129363e-09 
402.1 	 1.0634282273394005e-09 
403.1 	 1.0645002109059943e-09 
404.1 	 1.0653922288940434e-09 
405.1 	 1.066104640160181e-09 
406.1 	 1.0666379443713647e-09 
407.1 	 1.0669927779472293e-09 
408.1 	 1.0671699100058984e-09 
409.1 	 1.0671702383159171e-09 
410.1 	 1.0669947852649232e-09 
411.1 	 1.0666446938369968e-09 
412.1 	 1.0661212236119448e-09 
413.1 	 1.0654257467779268e-09 
414.1 	 1.0645597441754778e-09 
415.1 	 1.0635248013562101e-09 
416.1 	 1.0623226046772786e-09 
417.1 	 1.0609549374203755e-09 
418.1 	 1.059423675944707e-09 
419.1 	 1.0577307858693661e-09 
420.1 	 1.05587831830124e-09 
421.1 	 1.053868406089178e-09 
422.1 	 1.0517032601260032e-09 
423.1 	 1.0493851656869765e-09 
424.1 	 1.0469164788145091e-09 
425.1 	 1.0442996227460963e-09 
426.1 	 1.0415370843874474e-09 
427.1 	 1.0386314108346468e-09 
428.1 	 1.0355852059447726e-09 
429.1 	 1.0324011269557133e-09 
430.1 	 1.0290818811573731e-09 
431.1 	 1.0256302226163045e-09 
432.1 	 1.0220489489530076e-09 
433.1 	 1.0183408981714332e-09 
434.1 	 1.0145089455489843e-09 
435.1 	 1.0105560005755928e-09 
436.1 	 1.0064850039557753e-09 
437.1 	 1.0022989246626458e-09 
438.1 	 9.98000757054167e-10 
439.1 	 9.935935180456556e-10 
440.1 	 9.890802443416583e-10 
441.1 	 9.844639897266043e-10 
442.1 	 9.797478224168855e-10 
443.1 	 9.749348224706409e-10 
444.1 	 9.700280792603969e-10 
445.1 	 9.650306890029451e-10 
446.1 	 9.599457523537003e-10 
447.1 	 9.547763720579774e-10 
448.1 	 9.495256506652004e-10 
449.1 	 9.441966883027598e-10 
450.1 	 9.387925805119617e-10 
451.1 	 9.333164161418967e-10 
452.1 	 9.27771275306548e-10 
453.1 	 9.221602273994884e-10 
454.1 	 9.164863291704311e-10 
455.1 	 9.107526228604375e-10 
456.1 	 9.049621343970844e-10 
457.1 	 8.991178716477074e-10 
458.1 	 8.93222822732147e-10 
459.1 	 8.872799543934466e-10 
460.1 	 8.812922104259131e-10 
461.1 	 8.752625101616083e-10 
462.1 	 8.691937470117487e-10 
463.1 	 8.630887870658471e-10 
464.1 	 8.569504677471091e-10 
465.1 	 8.507815965199182e-10 
466.1 	 8.445849496565321e-10 
467.1 	 8.383632710520975e-10 
468.1 	 8.321192710979687e-10 
469.1 	 8.258556256047788e-10 
470.1 	 8.195749747770187e-10 
471.1 	 8.132799222414884e-10 
472.1 	 8.069730341224995e-10 
473.1 	 8.006568381701373e-10 
474.1 	 7.943338229350114e-10 
475.1 	 7.880064369926584e-10 
476.1 	 7.816770882140507e-10 
477.1 	 7.753481430846387e-10 
478.1 	 7.690219260665866e-10 
479.1 	 7.627007190070993e-10 
480.1 	 7.563867605929806e-10 
481.1 	 7.500822458436575e-10 
482.1 	 7.437893256526342e-10 
483.1 	 7.37510106364922e-10 
484.1 	 7.312466493985873e-10 
485.1 	 7.250009709059729e-10 
486.1 	 7.18775041472705e-10 
487.1 	 7.125707858558096e-10 
488.1 	 7.06390082757932e-10 
489.1 	 7.002347646411646e-10 
490.1 	 6.941066175714699e-10 
491.1 	 6.880073811025453e-10 
492.1 	 6.819387481911338e-10 
493.1 	 6.75902365144646e-10 
494.1 	 6.698998316043008e-10 
495.1 	 6.639327005545015e-10 
496.1 	 6.580024783677376e-10 
497.1 	 6.521106248754007e-10 
498.1 	 6.462585534686317e-10 
499.1 	 6.404476312273921e-10 
500.1 	 6.346791790758054e-10 
501.1 	 6.289544719639384e-10 
502.1 	 6.232747390750471e-10 
503.1 	 6.17641164057752e-10 
504.1 	 6.120548852808539e-10 
505.1 	 6.065169961111367e-10 
506.1 	 6.010285452151537e-10 
507.1 	 5.95590536880039e-10 
508.1 	 5.902039313552841e-10 
509.1 	 5.848696452161602e-10 
510.1 	 5.795885517428864e-10 
511.1 	 5.743614813211979e-10 
512.1 	 5.691892218582735e-10 
513.1 	 5.640725192159081e-10 
514.1 	 5.590120776602436e-10 
515.1 	 5.540085603255908e-10 
516.1 	 5.490625896950938e-10 
517.1 	 5.441747480918319e-10 
518.1 	 5.393455781858942e-10 
519.1 	 5.345755835132324e-10 
520.1 	 5.298652290058241e-10 
521.1 	 5.252149415327853e-10 
522.1 	 5.206251104536728e-10 
523.1 	 5.160960881790091e-10 
524.1 	 5.116281907430691e-10 
525.1 	 5.072216983825623e-10 
526.1 	 5.028768561253691e-10 
527.1 	 4.985938743855419e-10 
528.1 	 4.943729295659272e-10 
529.1 	 4.902141646662309e-10 
530.1 	 4.861176898987492e-10 
531.1 	 4.820835833060486e-10 
532.1 	 4.781118913869053e-10 
533.1 	 4.742026297241539e-10 
534.1 	 4.703557836168111e-10 
535.1 	 4.665713087155175e-10 
536.1 	 4.628491316610315e-10 
537.1 	 4.591891507234479e-10 
538.1 	 4.55591236445212e-10 
539.1 	 4.5205523228468866e-10 
540.1 	 4.4858095525939e-10 
541.1 	 4.4516819659135953e-10 
542.1 	 4.4181672235215843e-10 
543.1 	 4.385262741066273e-10 
544.1 	 4.3529656955765577e-10 
545.1 	 4.3212730318746956e-10 
546.1 	 4.2901814689988605e-10 
547.1 	 4.259687506593738e-10 
548.1 	 4.2297874312737664e-10 
549.1 	 4.2004773229813287e-10 
550.1 	 4.171753061294473e-10 
551.1 	 4.14361033172161e-10 
552.1 	 4.116044631947043e-10 
553.1 	 4.089051278048747e-10 
554.1 	 4.062625410674924e-10 
555.1 	 4.0367620011724135e-10 
556.1 	 4.0114558576721367e-10 
557.1 	 3.9867016311335993e-10 
558.1 	 3.9624938213274927e-10 
559.1 	 3.938826782774846e-10 
560.1 	 3.915694730626417e-10 
561.1 	 3.8930917464887255e-10 
562.1 	 3.8710117841864633e-10 
563.1 	 3.849448675465678e-10 
564.1 	 3.8283961356460117e-10 
565.1 	 3.8078477691835036e-10 
566.1 	 3.7877970751937655e-10 
567.1 	 3.7682374528888516e-10 
568.1 	 3.7491622069584325e-10 
569.1 	 3.7305645528659645e-10 
570.1 	 3.712437622092688e-10 
571.1 	 3.694774467285495e-10 
572.1 	 3.6775680673499475e-10 
573.1 	 3.6608113324605557e-10 
574.1 	 3.6444971089895054e-10 
575.1 	 3.6286181843734546e-10 
576.1 	 3.6131672918814504e-10 
577.1 	 3.5981371153216644e-10 
578.1 	 3.583520293659357e-10 
579.1 	 3.5693094255629573e-10 
580.1 	 3.555497073856097e-10 
581.1 	 3.5420757698982e-10 
582.1 	 3.5290380178878724e-10 
583.1 	 3.5163762990673055e-10 
584.1 	 3.5040830758608664e-10 
585.1 	 3.4921507959238676e-10 
586.1 	 3.4805718961069244e-10 
587.1 	 3.4693388063412563e-10 
588.1 	 3.458443953436965e-10 
589.1 	 3.4478797648010413e-10 
590.1 	 3.4376386720709713e-10 
591.1 	 3.427713114662166e-10 
592.1 	 3.418095543239815e-10 
593.1 	 3.4087784230976564e-10 
594.1 	 3.3997542374617337e-10 
595.1 	 3.3910154907072387e-10 
596.1 	 3.3825547114978794e-10 
597.1 	 3.374364455833872e-10 
598.1 	 3.366437310029767e-10 
599.1 	 3.3587658936012243e-10 
600.1 	 3.3513428620762033e-10 
601.1 	 3.344160909723601e-10 
602.1 	 3.3372127722067043e-10 
603.1 	 3.3304912291439026e-10 
604.1 	 3.3239891066083057e-10 
605.1 	 3.3176992795368625e-10 
606.1 	 3.3116146740660955e-10 
607.1 	 3.305728269785981e-10 
608.1 	 3.300033101926668e-10 
609.1 	 3.2945222634611394e-10 
610.1 	 3.289188907136702e-10 
611.1 	 3.284026247429349e-10 
612.1 	 3.2790275624300694e-10 
613.1 	 3.2741861956523025e-10 
614.1 	 3.2694955577706363e-10 
615.1 	 3.264949128287097e-10 
616.1 	 3.2605404571305947e-10 
617.1 	 3.2562631661834357e-10 
618.1 	 3.252110950737229e-10 
619.1 	 3.248077580886976e-10 
620.1 	 3.24415690285826e-10 
621.1 	 3.240342840260669e-10 
622.1 	 3.236629395284926e-10 
623.1 	 3.2330106498333034e-10 
624.1 	 3.229480766584585e-10 
625.1 	 3.226033990001278e-10 
626.1 	 3.2226646472735407e-10 
627.1 	 3.219367149201283e-10 
628.1 	 3.216135991019528e-10 
629.1 	 3.212965753168632e-10 
630.1 	 3.2098511020000806e-10 
631.1 	 3.206786790430607e-10 
632.1 	 3.2037676585448843e-10 
633.1 	 3.200788634132907e-10 
634.1 	 3.197844733189408e-10 
635.1 	 3.194931060347228e-10 
636.1 	 3.192042809269489e-10 
637.1 	 3.1891752629863733e-10 
638.1 	 3.186323794184152e-10 
639.1 	 3.183483865449952e-10 
640.1 	 3.1806510294614795e-10 
641.1 	 3.177820929139969e-10 
642.1 	 3.174989297752504e-10 
643.1 	 3.1721519589702574e-10 
644.1 	 3.169304826888905e-10 
645.1 	 3.1664439060003446e-10 
646.1 	 3.1635652911302284e-10 
647.1 	 3.160665167329134e-10 
648.1 	 3.157739809730403e-10 
649.1 	 3.154785583366982e-10 
650.1 	 3.1517989429514967e-10 
651.1 	 3.1487764326226714e-10 
652.1 	 3.145714685653283e-10 
653.1 	 3.1426104241269383e-10 
654.1 	 3.1394604585812326e-10 
655.1 	 3.1362616876168217e-10 
656.1 	 3.1330110974785046e-10 
657.1 	 3.129705761603764e-10 
658.1 	 3.1263428401427574e-10 
659.1 	 3.1229195794503165e-10 
660.1 	 3.1194333115488187e-10 
661.1 	 3.1158814535674647e-10 
662.1 	 3.1122615071526456e-10 
663.1 	 3.10857105785624e-10 
664.1 	 3.1048077744971905e-10 
665.1 	 3.10096940850307e-10 
666.1 	 3.097053793226146e-10 
667.1 	 3.0930588432417706e-10 
668.1 	 3.088982553622625e-10 
669.1 	 3.0848229991953323e-10 
670.1 	 3.080578333777598e-10 
671.1 	 3.07624678939743e-10 
672.1 	 3.0718266754945693e-10 
673.1 	 3.0673163781053083e-10 
674.1 	 3.062714359031921e-10 
675.1 	 3.058019154997273e-10 
676.1 	 3.0532293767844265e-10 
677.1 	 3.048343708362446e-10 
678.1 	 3.0433609060002375e-10 
679.1 	 3.038279797367204e-10 
680.1 	 3.0330992806244533e-10 
681.1 	 3.0278183235022035e-10 
682.1 	 3.0224359623684855e-10 
683.1 	 3.016951301289922e-10 
684.1 	 3.0113635110808735e-10 
685.1 	 3.005671828346262e-10 
686.1 	 2.9998755545162405e-10 
687.1 	 2.993974054873801e-10 
688.1 	 2.987966757576355e-10 
689.1 	 2.981853152671859e-10 
690.1 	 2.9756327911081076e-10 
691.1 	 2.96930528373913e-10 
692.1 	 2.9628703003275937e-10 
693.1 	 2.956327568541476e-10 
694.1 	 2.9496768729500924e-10 
695.1 	 2.942918054017016e-10 
696.1 	 2.936051007090559e-10 
697.1 	 2.9290756813917217e-10 
698.1 	 2.921992079003581e-10 
699.1 	 2.914800253859195e-10 
700.1 	 2.907500310727369e-10 
701.1 	 2.9000924042018975e-10 
702.1 	 2.8925767376893344e-10 
703.1 	 2.8849535623991383e-10 
704.1 	 2.87722317633508e-10 
705.1 	 2.8693859232884023e-10 
706.1 	 2.8614421918340677e-10 
707.1 	 2.853392414328846e-10 
708.1 	 2.845237065913664e-10 
709.1 	 2.836976663518147e-10 
710.1 	 2.828611764871193e-10 
711.1 	 2.8201429675125214e-10 
712.1 	 2.811570907812016e-10 
713.1 	 2.8028962599922534e-10 
714.1 	 2.794119735156312e-10 
715.1 	 2.785242080320572e-10 
716.1 	 2.7762640774551297e-10 
717.1 	 2.7671865425282813e-10 
718.1 	 2.758010324558065e-10 
719.1 	 2.7487363046700445e-10 
720.1 	 2.73936539516308e-10 
721.1 	 2.729898538580477e-10 
722.1 	 2.7203367067890725e-10 
723.1 	 2.7106809000668294e-10 
724.1 	 2.700932146196092e-10 
725.1 	 2.691091499566717e-10 
726.1 	 2.6811600402865927e-10 
727.1 	 2.671138873299697e-10 
728.1 	 2.6610291275139527e-10 
729.1 	 2.650831954936973e-10 
730.1 	 2.6405485298207573e-10 
731.1 	 2.630180047815316e-10 
732.1 	 2.619727725131324e-10 
733.1 	 2.609192797712932e-10 
734.1 	 2.598576520418449e-10 
735.1 	 2.587880166211786e-10 
736.1 	 2.577105025362885e-10 
737.1 	 2.5662524046581654e-10 
738.1 	 2.5553236266209734e-10 
739.1 	 2.5443200287415e-10 
740.1 	 2.5332429627172496e-10 
741.1 	 2.522093793703123e-10 
742.1 	 2.5108738995723803e-10 
743.1 	 2.4995846701870954e-10 
744.1 	 2.4882275066798104e-10 
745.1 	 2.476803820744454e-10 
746.1 	 2.465315033939034e-10 
747.1 	 2.453762576997754e-10 
748.1 	 2.442147889154261e-10 
749.1 	 2.430472417475257e-10 
750.1 	 2.418737616204516e-10 
751.1 	 2.406944946118443e-10 
752.1 	 2.395095873890488e-10 
753.1 	 2.3831918714685494e-10 
754.1 	 2.371234415460883e-10 
755.1 	 2.359224986533987e-10 
756.1 	 2.347165068821259e-10 
757.1 	 2.3350561493410324e-10 
758.1 	 2.322899717426729e-10 
759.1 	 2.3106972641672637e-10 
760.1 	 2.2984502818570454e-10 
761.1 	 2.2861602634582493e-10 
762.1 	 2.273828702072871e-10 
763.1 	 2.2614570904244862e-10 
764.1 	 2.2490469203526283e-10 
765.1 	 2.2365996823154234e-10 
766.1 	 2.2241168649044553e-10 
767.1 	 2.2115999543685098e-10 
768.1 	 2.1990504341491812e-10 
769.1 	 2.1864697844256605e-10 
770.1 	 2.1738594816701704e-10 
771.1 	 2.1612209982140814e-10 
772.1 	 2.1485558018228184e-10 
773.1 	 2.1358653552828756e-10 
774.1 	 2.1231511159968927e-10 
775.1 	 2.1104145355897467e-10 
776.1 	 2.097657059524575e-10 
777.1 	 2.0848801267279977e-10 
778.1 	 2.0720851692255515e-10 
779.1 	 2.0592736117868045e-10 
780.1 	 2.0464468715796658e-10 
781.1 	 2.0336063578346874e-10 
782.1 	 2.0207534715183856e-10 
783.1 	 2.0078896050161453e-10 
784.1 	 1.9950161418244711e-10 
785.1 	 1.982134456251695e-10 
786.1 	 1.9692459131290503e-10 
787.1 	 1.9563518675293904e-10 
788.1 	 1.9434536644956277e-10 
789.1 	 1.9305526387778911e-10 
790.1 	 1.9176501145788345e-10 
791.1 	 1.904747405308367e-10 
792.1 	 1.8918458133462125e-10 
793.1 	 1.8789466298132854e-10 
794.1 	 1.8660511343513557e-10 
795.1 	 1.8531605949104387e-10 
796.1 	 1.8402762675451925e-10 
797.1 	 1.827399396218342e-10 
798.1 	 1.8145312126128507e-10 
799.1 	 1.801672935951416e-10 
800.1 	 1.788825772823468e-10 
801.1 	 1.7759909170207462e-10 
802.1 	 1.7631695493790445e-10 
803.1 	 1.7503628376282441e-10 
804.1 	 1.7375719362496264e-10 
805.1 	 1.7247979863395224e-10 
806.1 	 1.7120421154811887e-10 
807.1 	 1.6993054376227985e-10 
808.1 	 1.6865890529624731e-10 
809.1 	 1.6738940478403267e-10 
810.1 	 1.6612214946368598e-10 
811.1 	 1.6485724516779722e-10 
812.1 	 1.6359479631463823e-10 
813.1 	 1.6233490589995426e-10 
814.1 	 1.6107767548933062e-10 
815.1 	 1.5982320521123316e-10 
816.1 	 1.5857159375059262e-10 
817.1 	 1.5732293834300113e-10 
818.1 	 1.5607733476949934e-10 
819.1 	 1.548348773518974e-10 
820.1 	 1.5359565894868774e-10 
821.1 	 1.5235977095147441e-10 
822.1 	 1.5112730328196517e-10 
823.1 	 1.498983443894711e-10 
824.1 	 1.486729812489275e-10 
825.1 	 1.4745129935940703e-10 
826.1 	 1.4623338274316372e-10 
827.1 	 1.4501931394510937e-10 
828.1 	 1.4380917403280174e-10 
829.1 	 1.4260304259688052e-10 
830.1 	 1.4140099775197014e-10 
831.1 	 1.4020311613800082e-10 
832.1 	 1.3900947292199578e-10 
833.1 	 1.378201418002533e-10 
834.1 	 1.3663519500096028e-10 
835.1 	 1.354547032872051e-10 
836.1 	 1.3427873596038448e-10 
837.1 	 1.3310736086398676e-10 
838.1 	 1.3194064438778092e-10 
839.1 	 1.3077865147232464e-10 
840.1 	 1.2962144561386915e-10 
841.1 	 1.2846908886959594e-10 
842.1 	 1.273216418631848e-10 
843.1 	 1.2617916379073396e-10 
844.1 	 1.2504171242697077e-10 
845.1 	 1.2390934413179334e-10 
846.1 	 1.22782113857114e-10 
847.1 	 1.216600751539871e-10 
848.1 	 1.2054328018003737e-10 
849.1 	 1.1943177970713607e-10 
850.1 	 1.183256231293906e-10 
851.1 	 1.1722485847134722e-10 
852.1 	 1.1612953239647822e-10 
853.1 	 1.1503969021589299e-10 
854.1 	 1.139553758973034e-10 
855.1 	 1.1287663207420169e-10 
856.1 	 1.1180350005525641e-10 
857.1 	 1.1073601983394252e-10 
858.1 	 1.0967423009834423e-10 
859.1 	 1.086181682411871e-10 
860.1 	 1.0756787037002961e-10 
861.1 	 1.0652337131767303e-10 
862.1 	 1.0548470465269663e-10 
863.1 	 1.0445190269021881e-10 
864.1 	 1.0342499650276798e-10 
865.1 	 1.0240401593134853e-10 
866.1 	 1.0138898959661777e-10 
867.1 	 1.0037994491023663e-10 
868.1 	 9.937690808632516e-11 
869.1 	 9.837990415307803e-11 
870.1 	 9.738895696446409e-11 
871.1 	 9.640408921207574e-11 
872.1 	 9.542532243705782e-11 
873.1 	 9.445267704216757e-11 
874.1 	 9.348617230390249e-11 
875.1 	 9.252582638474412e-11 
876.1 	 9.157165634547481e-11 
877.1 	 9.062367815756592e-11 
878.1 	 8.968190671566468e-11 
879.1 	 8.874635585012305e-11 
880.1 	 8.781703833961213e-11 
881.1 	 8.68939659237716e-11 
882.1 	 8.597714931593166e-11 
883.1 	 8.50665982158802e-11 
884.1 	 8.416232132265444e-11 
885.1 	 8.326432634739902e-11 
886.1 	 8.237262002623334e-11 
887.1 	 8.148720813315314e-11 
888.1 	 8.060809549297482e-11 
889.1 	 7.973528599426631e-11 
890.1 	 7.886878260232671e-11 
891.1 	 7.800858737214344e-11 
892.1 	 7.715470146139243e-11 
893.1 	 7.630712514340351e-11 
894.1 	 7.54658578201583e-11 
895.1 	 7.463089803526107e-11 
896.1 	 7.380224348690255e-11 
897.1 	 7.297989104082347e-11 
898.1 	 7.216383674324668e-11 
899.1 	 7.135407583380076e-11 
900.1 	 7.055060275841e-11 
901.1 	 6.975341118216836e-11 
902.1 	 6.896249400217313e-11 
903.1 	 6.817784336033154e-11 
904.1 	 6.739945065613136e-11 
905.1 	 6.662730655936118e-11 
906.1 	 6.586140102281084e-11 
907.1 	 6.51017232948961e-11 
908.1 	 6.434826193226132e-11 
909.1 	 6.36010048123227e-11 
910.1 	 6.285993914574527e-11 
911.1 	 6.21250514888896e-11 
912.1 	 6.139632775617028e-11 
913.1 	 6.067375323238003e-11 
914.1 	 5.995731258493382e-11 
915.1 	 5.924698987605112e-11 
916.1 	 5.854276857487042e-11 
917.1 	 5.784463156950303e-11 
918.1 	 5.715256117899375e-11 
919.1 	 5.646653916523092e-11 
920.1 	 5.578654674476393e-11 
921.1 	 5.511256460055389e-11 
922.1 	 5.4444572893631396e-11 
923.1 	 5.3782551274692736e-11 
924.1 	 5.312647889559228e-11 
925.1 	 5.2476334420765296e-11 
926.1 	 5.183209603855763e-11 
927.1 	 5.1193741472469476e-11 
928.1 	 5.056124799231034e-11 
929.1 	 4.9934592425264775e-11 
930.1 	 4.9313751166863645e-11 
931.1 	 4.8698700191867396e-11 
932.1 	 4.808941506504864e-11 
933.1 	 4.748587095188769e-11 
934.1 	 4.688804262916452e-11 
935.1 	 4.6295904495459045e-11 
936.1 	 4.5709430581549075e-11 
937.1 	 4.5128594560712275e-11 
938.1 	 4.455336975892803e-11 
939.1 	 4.398372916497868e-11 
940.1 	 4.341964544044559e-11 
941.1 	 4.2861090929607554e-11 
942.1 	 4.230803766923459e-11 
943.1 	 4.176045739828046e-11 
944.1 	 4.121832156746904e-11 
945.1 	 4.068160134877389e-11 
946.1 	 4.015026764479929e-11 
947.1 	 3.962429109804932e-11 
948.1 	 3.910364210009653e-11 
949.1 	 3.858829080064142e-11 
950.1 	 3.807820711646368e-11 
951.1 	 3.757336074027147e-11 
952.1 	 3.7073721149442996e-11 
953.1 	 3.657925761465575e-11 
954.1 	 3.608993920841389e-11 
955.1 	 3.5605734813465047e-11 
956.1 	 3.5126613131114986e-11 
957.1 	 3.4652542689422456e-11 
958.1 	 3.4183491851304215e-11 
959.1 	 3.3719428822517266e-11 
960.1 	 3.326032165953867e-11 
961.1 	 3.2806138277341834e-11 
962.1 	 3.2356846457057116e-11 
963.1 	 3.191241385353681e-11 
964.1 	 3.147280800279937e-11 
965.1 	 3.1037996329377695e-11 
966.1 	 3.060794615355801e-11 
967.1 	 3.018262469850594e-11 
968.1 	 2.9761999097296034e-11 
969.1 	 2.934603639983238e-11 
970.1 	 2.8934703579655976e-11 
971.1 	 2.8527967540661165e-11 
972.1 	 2.8125795123693206e-11 
973.1 	 2.77281531130524e-11 
974.1 	 2.7335008242886772e-11 
975.1 	 2.6946327203485287e-11 
976.1 	 2.6562076647467456e-11 
977.1 	 2.6182223195868547e-11 
978.1 	 2.580673344412266e-11 
979.1 	 2.543557396794946e-11 
980.1 	 2.5068711329132768e-11 
981.1 	 2.4706112081199874e-11 
982.1 	 2.4347742775008225e-11 
983.1 	 2.3993569964222305e-11 
984.1 	 2.3643560210698908e-11 
985.1 	 2.3297680089772252e-11 
986.1 	 2.2955896195440035e-11 
987.1 	 2.261817514545491e-11 
988.1 	 2.228448358631992e-11 
989.1 	 2.195478819818517e-11 
990.1 	 2.1629055699653752e-11 
991.1 	 2.1307252852490826e-11 
992.1 	 2.0989346466239875e-11 
993.1 	 2.0675303402746646e-11 
994.1 	 2.0365090580590588e-11 
995.1 	 2.0058674979425305e-11 
996.1 	 1.975602364423187e-11 
997.1 	 1.9457103689470917e-11 
998.1 	 1.9161882303162873e-11 
999.1 	 1.8870326750866034e-11 
1000.1 	 1.8582404379572436e-11 
1001.0 	 1.8326353696086985e-11 
