energy 	 rate 
0.1 	 2.1398915872485984e-06 
1.1 	 2.2517515242799514e-05 
2.1 	 4.1117570422842756e-05 
3.1 	 5.804837175449825e-05 
4.1 	 7.34127326386595e-05 
5.1 	 8.730821206069717e-05 
6.1 	 9.982735135694253e-05 
7.1 	 0.00011105790131256963 
8.1 	 0.00012108303995352702 
9.1 	 0.00012998158138261738 
10.1 	 0.00013782817599766828 
11.1 	 0.00014469350241797085 
12.1 	 0.00015064445143377457 
13.1 	 0.00015574430228260282 
14.1 	 0.000160052891545486 
15.1 	 0.00016362677494588732 
16.1 	 0.0001665193823241067 
17.1 	 0.00016878116605028649 
18.1 	 0.00017045974312979536 
19.1 	 0.00017160003124572267 
20.1 	 0.00017224437897447398 
21.1 	 0.0001724326904019983 
22.1 	 0.00017220254436000173 
23.1 	 0.0001715893084935947 
24.1 	 0.00017062624836417523 
25.1 	 0.00016934463178396183 
26.1 	 0.00016777382857144672 
27.1 	 0.0001659414059101356 
28.1 	 0.00016387321948627164 
29.1 	 0.00016159350057479111 
30.1 	 0.00015912493923653313 
31.1 	 0.00015648876378370678 
32.1 	 0.00015370481666480602 
33.1 	 0.00015079162691455022 
34.1 	 0.0001477664793090029 
35.1 	 0.00014464548036078844 
36.1 	 0.00014144362128426676 
37.1 	 0.00013817483805564628 
38.1 	 0.00013485206868830356 
39.1 	 0.00013148730783902552 
40.1 	 0.00012809165885650296 
41.1 	 0.00012467538337916423 
42.1 	 0.00012124794858534939 
43.1 	 0.0001178180721948799 
44.1 	 0.00011439376531727227 
45.1 	 0.00011098237323817081 
46.1 	 0.00010759061423203503 
47.1 	 0.00010422461648569802 
48.1 	 0.00010088995321412084 
49.1 	 9.759167604648849e-05 
50.1 	 9.433434675773266e-05 
51.1 	 9.112206741761155e-05 
52.1 	 8.795850902663425e-05 
53.1 	 8.4846938705369e-05 
54.1 	 8.179024550103683e-05 
55.1 	 7.879096487273996e-05 
56.1 	 7.585130191422236e-05 
57.1 	 7.297315337069538e-05 
58.1 	 7.015812850398179e-05 
59.1 	 6.740756885804011e-05 
60.1 	 6.472256697481745e-05 
61.1 	 6.210398410834338e-05 
62.1 	 5.955246698302188e-05 
63.1 	 5.706846364018866e-05 
64.1 	 5.465223841518982e-05 
65.1 	 5.2303886085488305e-05 
66.1 	 5.0023345228624596e-05 
67.1 	 4.781041082724015e-05 
68.1 	 4.566474615681547e-05 
69.1 	 4.3585893990278246e-05 
70.1 	 4.1573287152196325e-05 
71.1 	 3.9626258453884904e-05 
72.1 	 3.7744050039426416e-05 
73.1 	 3.5925822171322125e-05 
74.1 	 3.417066148325956e-05 
75.1 	 3.247758872630127e-05 
76.1 	 3.0845566033660746e-05 
77.1 	 2.9273503728138363e-05 
78.1 	 2.7760266695241688e-05 
79.1 	 2.6304680344004747e-05 
80.1 	 2.4905536176551325e-05 
81.1 	 2.356159698651936e-05 
82.1 	 2.227160170556683e-05 
83.1 	 2.1034269916323957e-05 
84.1 	 1.98483060493309e-05 
85.1 	 1.871240328071278e-05 
86.1 	 1.7625247146580733e-05 
87.1 	 1.658551888942421e-05 
88.1 	 1.5591898551058544e-05 
89.1 	 1.4643067826022405e-05 
90.1 	 1.3737712688678684e-05 
91.1 	 1.2874525806653239e-05 
92.1 	 1.2052208752660087e-05 
93.1 	 1.1269474026189286e-05 
94.1 	 1.0525046895996548e-05 
95.1 	 9.8176670738107e-06 
96.1 	 9.146090229176163e-06 
97.1 	 8.509089354874483e-06 
98.1 	 7.905455991905843e-06 
99.1 	 7.334001322579189e-06 
100.1 	 6.793557139837301e-06 
101.1 	 6.282976700544016e-06 
102.1 	 5.80113547007338e-06 
103.1 	 5.3469317651802125e-06 
104.1 	 4.919287301771238e-06 
105.1 	 4.5171476538676695e-06 
106.1 	 4.139482629723554e-06 
107.1 	 3.7852865707606976e-06 
108.1 	 3.453578578684181e-06 
109.1 	 3.1434026758646825e-06 
110.1 	 2.8538279038028316e-06 
111.1 	 2.583948364238999e-06 
112.1 	 2.3328832072221186e-06 
113.1 	 2.0997765702218486e-06 
114.1 	 1.8837974721446917e-06 
115.1 	 1.6841396659003235e-06 
116.1 	 1.5000214529638718e-06 
117.1 	 1.3306854631855279e-06 
118.1 	 1.1753984029128528e-06 
119.1 	 1.033450774320184e-06 
120.1 	 9.041565686658192e-07 
121.1 	 7.868529360414783e-07 
122.1 	 6.808998340288894e-07 
123.1 	 5.856796575281441e-07 
124.1 	 5.005968518881426e-07 
125.1 	 4.250775113403986e-07 
126.1 	 3.585689646065138e-07 
127.1 	 3.0053934943924104e-07 
128.1 	 2.5047717773776467e-07 
129.1 	 2.0789089277387765e-07 
130.1 	 1.7230841996506198e-07 
131.1 	 1.4327671253129335e-07 
132.1 	 1.203612932827334e-07 
133.1 	 1.0314579369853307e-07 
134.1 	 9.123149137453879e-08 
135.1 	 8.423684683873687e-08 
136.1 	 8.179704066032452e-08 
137.1 	 8.356351170919217e-08 
138.1 	 8.920349735328278e-08 
139.1 	 9.83995763225116e-08 
140.1 	 1.1084921490621561e-07 
141.1 	 1.2626431709537854e-07 
142.1 	 1.4437077922816122e-07 
143.1 	 1.649080496497997e-07 
144.1 	 1.8762869384519151e-07 
145.1 	 2.122979654647056e-07 
146.1 	 2.386933836186941e-07 
147.1 	 2.6660431677392226e-07 
148.1 	 2.9583157355608127e-07 
149.1 	 3.2618700072077777e-07 
150.1 	 3.5749308852271725e-07 
151.1 	 3.8958258369066857e-07 
152.1 	 4.222981101739642e-07 
153.1 	 4.554917978126016e-07 
154.1 	 4.890249190469533e-07 
155.1 	 5.227675337678919e-07 
156.1 	 5.565981423808065e-07 
157.1 	 5.904033471386099e-07 
158.1 	 6.240775217813265e-07 
159.1 	 6.575224894980131e-07 
160.1 	 6.906472092148612e-07 
161.1 	 7.233674701960696e-07 
162.1 	 7.556055949285506e-07 
163.1 	 7.87290150252184e-07 
164.1 	 8.183556666819778e-07 
165.1 	 8.487423658587088e-07 
166.1 	 8.783958960564705e-07 
167.1 	 9.072670756620501e-07 
168.1 	 9.353116445371061e-07 
169.1 	 9.624900231645353e-07 
170.1 	 9.887670794714616e-07 
171.1 	 1.0141119032201915e-06 
172.1 	 1.0384975878482587e-06 
173.1 	 1.0619010196353068e-06 
174.1 	 1.0843026740703786e-06 
175.1 	 1.1056864192909353e-06 
176.1 	 1.1260393264566867e-06 
177.1 	 1.1453514869248074e-06 
178.1 	 1.1636158360861147e-06 
179.1 	 1.1808279837210368e-06 
180.1 	 1.196986050732837e-06 
181.1 	 1.2120905121162192e-06 
182.1 	 1.2261440460132257e-06 
183.1 	 1.2391513887137688e-06 
184.1 	 1.251119195454351e-06 
185.1 	 1.262055906868747e-06 
186.1 	 1.2719716209459776e-06 
187.1 	 1.2808779703338231e-06 
188.1 	 1.2887880048692828e-06 
189.1 	 1.295716079163414e-06 
190.1 	 1.3016777448189901e-06 
191.1 	 1.3066896479551471e-06 
192.1 	 1.310769431325323e-06 
193.1 	 1.313935640765442e-06 
194.1 	 1.3162076361399279e-06 
195.1 	 1.3176055061055593e-06 
196.1 	 1.3181499873994011e-06 
197.1 	 1.317862388202306e-06 
198.1 	 1.3167645144356852e-06 
199.1 	 1.3148786012239812e-06 
200.1 	 1.3122272476041424e-06 
201.1 	 1.3088333543961638e-06 
202.1 	 1.3047200654019237e-06 
203.1 	 1.2999107114878838e-06 
204.1 	 1.2944287582820505e-06 
205.1 	 1.288297757086877e-06 
206.1 	 1.281541298386292e-06 
207.1 	 1.2741829681342722e-06 
208.1 	 1.266246306510136e-06 
209.1 	 1.2577547692594034e-06 
210.1 	 1.248731692154963e-06 
211.1 	 1.239200257484046e-06 
212.1 	 1.2291834627690902e-06 
213.1 	 1.2187040916838897e-06 
214.1 	 1.207784687078406e-06 
215.1 	 1.1964475260198048e-06 
216.1 	 1.1847145967681793e-06 
217.1 	 1.1726075776012855e-06 
218.1 	 1.1601478174083102e-06 
219.1 	 1.1473563179743844e-06 
220.1 	 1.134253717879736e-06 
221.1 	 1.1208602779380034e-06 
222.1 	 1.1071958681057726e-06 
223.1 	 1.0932799557895497e-06 
224.1 	 1.079131595486074e-06 
225.1 	 1.0647694196898925e-06 
226.1 	 1.050211631005256e-06 
227.1 	 1.0354759954011139e-06 
228.1 	 1.0205798365515245e-06 
229.1 	 1.0055400312031187e-06 
230.1 	 9.903730055163757e-07 
231.1 	 9.750947323258167e-07 
232.1 	 9.597207292707111e-07 
233.1 	 9.442660577435645e-07 
234.1 	 9.287453226125988e-07 
235.1 	 9.131726726695797e-07 
236.1 	 8.975618017606135e-07 
237.1 	 8.819259505575818e-07 
238.1 	 8.662779089282656e-07 
239.1 	 8.506300188672634e-07 
240.1 	 8.349941779503327e-07 
241.1 	 8.193818432745257e-07 
242.1 	 8.038040358514971e-07 
243.1 	 7.882713454190453e-07 
244.1 	 7.727939356410159e-07 
245.1 	 7.57381549662741e-07 
246.1 	 7.420435159953254e-07 
247.1 	 7.267887546997039e-07 
248.1 	 7.116257838431849e-07 
249.1 	 6.965627262051815e-07 
250.1 	 6.816073162053079e-07 
251.1 	 6.667669070328203e-07 
252.1 	 6.520484779547018e-07 
253.1 	 6.374586417800895e-07 
254.1 	 6.230036524636509e-07 
255.1 	 6.086894128264026e-07 
256.1 	 5.945214823779739e-07 
257.1 	 5.805050852215029e-07 
258.1 	 5.666451180263418e-07 
259.1 	 5.52946158052227e-07 
260.1 	 5.394124712114027e-07 
261.1 	 5.260480201534592e-07 
262.1 	 5.128564723619687e-07 
263.1 	 4.998412082486743e-07 
264.1 	 4.870053292353645e-07 
265.1 	 4.7435166581171513e-07 
266.1 	 4.6188278555885095e-07 
267.1 	 4.496010011302581e-07 
268.1 	 4.375083781800153e-07 
269.1 	 4.256067432302181e-07 
270.1 	 4.138976914703758e-07 
271.1 	 4.0238259448150236e-07 
272.1 	 3.910626078773903e-07 
273.1 	 3.799386788585815e-07 
274.1 	 3.6901155367121995e-07 
275.1 	 3.582817849676545e-07 
276.1 	 3.477497390621331e-07 
277.1 	 3.374156030789328e-07 
278.1 	 3.272793919876051e-07 
279.1 	 3.1734095552229113e-07 
280.1 	 3.0759998498182895e-07 
281.1 	 2.9805601990845255e-07 
282.1 	 2.887084546405257e-07 
283.1 	 2.795565447399084e-07 
284.1 	 2.7059941328937747e-07 
285.1 	 2.618360570603697e-07 
286.1 	 2.532653525483147e-07 
287.1 	 2.4488606187571303e-07 
288.1 	 2.3669683856054053e-07 
289.1 	 2.286962331510568e-07 
290.1 	 2.2088269872500437e-07 
291.1 	 2.1325459625407836e-07 
292.1 	 2.0581019983318247e-07 
293.1 	 1.9854770177448422e-07 
294.1 	 1.914652175670821e-07 
295.1 	 1.8456079070214085e-07 
296.1 	 1.7783239736477038e-07 
297.1 	 1.7127795099291204e-07 
298.1 	 1.6489530670452563e-07 
299.1 	 1.5868226559364743e-07 
300.1 	 1.5263657889711017e-07 
301.1 	 1.4675595203272631e-07 
302.1 	 1.4103804851031243e-07 
303.1 	 1.354804937172808e-07 
304.1 	 1.3008087857978814e-07 
305.1 	 1.248367631020916e-07 
306.1 	 1.1974567978465508e-07 
307.1 	 1.148051369231428e-07 
308.1 	 1.1001262179066066e-07 
309.1 	 1.0536560370443407e-07 
310.1 	 1.0086153697906903e-07 
311.1 	 9.649786376836194e-08 
312.1 	 9.227201679781676e-08 
313.1 	 8.818142198940302e-08 
314.1 	 8.422350098142371e-08 
315.1 	 8.03956735447457e-08 
316.1 	 7.669535989800923e-08 
317.1 	 7.311998292367338e-08 
318.1 	 6.966697028739225e-08 
319.1 	 6.633375646245282e-08 
320.1 	 6.311778466144365e-08 
321.1 	 6.00165086779373e-08 
322.1 	 5.702739463936175e-08 
323.1 	 5.4147922674033526e-08 
324.1 	 5.1375588494157186e-08 
325.1 	 4.870790489670985e-08 
326.1 	 4.6142403184995175e-08 
327.1 	 4.367663451234475e-08 
328.1 	 4.130817115022254e-08 
329.1 	 3.903460768312442e-08 
330.1 	 3.685356213205951e-08 
331.1 	 3.476267700867981e-08 
332.1 	 3.275962030219239e-08 
333.1 	 3.084208640090817e-08 
334.1 	 2.9007796950811393e-08 
335.1 	 2.7254501652483298e-08 
336.1 	 2.5579978998774245e-08 
337.1 	 2.3982036955032627e-08 
338.1 	 2.2458513583899856e-08 
339.1 	 2.100727761603955e-08 
340.1 	 1.9626228969072954e-08 
341.1 	 1.8313299216728046e-08 
342.1 	 1.7066452009019376e-08 
343.1 	 1.5883683446504485e-08 
344.1 	 1.4763022408919411e-08 
345.1 	 1.3702530841051777e-08 
346.1 	 1.2700303996895787e-08 
347.1 	 1.1754470643569527e-08 
348.1 	 1.086319322706665e-08 
349.1 	 1.0024668000971498e-08 
350.1 	 9.237125119626561e-09 
351.1 	 8.49882869772162e-09 
352.1 	 7.808076837036892e-09 
353.1 	 7.16320162231026e-09 
354.1 	 6.562569087182606e-09 
355.1 	 6.004579152050988e-09 
356.1 	 5.487665534621642e-09 
357.1 	 5.010295634721094e-09 
358.1 	 4.570970394473339e-09 
359.1 	 4.168224135460724e-09 
360.1 	 3.8006243731653575e-09 
361.1 	 3.4667716108004895e-09 
362.1 	 3.1652991131791895e-09 
363.1 	 2.894872661590786e-09 
364.1 	 2.6541902909091076e-09 
365.1 	 2.441982010182812e-09 
366.1 	 2.2570095071449054e-09 
367.1 	 2.0980658381336283e-09 
368.1 	 1.963975103976989e-09 
369.1 	 1.8535921130746885e-09 
370.1 	 1.7658020322417624e-09 
371.1 	 1.6995200264188643e-09 
372.1 	 1.65369088779683e-09 
373.1 	 1.6272886554302766e-09 
374.1 	 1.6193162260032778e-09 
375.1 	 1.6288049562995527e-09 
376.1 	 1.6548142584601271e-09 
377.1 	 1.6964311882871795e-09 
378.1 	 1.7527700277286965e-09 
379.1 	 1.8229718616770595e-09 
380.1 	 1.9062041501175944e-09 
381.1 	 2.001660296111617e-09 
382.1 	 2.108559209929962e-09 
383.1 	 2.226144870251234e-09 
384.1 	 2.3536858826725467e-09 
385.1 	 2.4904750362856303e-09 
386.1 	 2.6358288585538123e-09 
387.1 	 2.789087169035072e-09 
388.1 	 2.9496126325881655e-09 
389.1 	 3.116790312121931e-09 
390.1 	 3.2900272216797247e-09 
391.1 	 3.468751879958845e-09 
392.1 	 3.6524138646884908e-09 
393.1 	 3.840483368384337e-09 
394.1 	 4.0324507556412484e-09 
395.1 	 4.227826122373656e-09 
396.1 	 4.426138857119566e-09 
397.1 	 4.626937205147475e-09 
398.1 	 4.829787834955475e-09 
399.1 	 5.034275408181553e-09 
400.1 	 5.2400021524766854e-09 
401.1 	 5.446587438063588e-09 
402.1 	 5.653667357972237e-09 
403.1 	 5.860894312134155e-09 
404.1 	 6.067936595693805e-09 
405.1 	 6.274477991508565e-09 
406.1 	 6.4802173672120194e-09 
407.1 	 6.684868276687705e-09 
408.1 	 6.888158566574048e-09 
409.1 	 7.089829987426109e-09 
410.1 	 7.2896378100020295e-09 
411.1 	 7.487350446622828e-09 
412.1 	 7.682749077778672e-09 
413.1 	 7.875627283967841e-09 
414.1 	 8.0657906831684e-09 
415.1 	 8.253056573481201e-09 
416.1 	 8.437253581526959e-09 
417.1 	 8.618221316425249e-09 
418.1 	 8.79581002934816e-09 
419.1 	 8.969880278806337e-09 
420.1 	 9.140302601822823e-09 
421.1 	 9.306957190588627e-09 
422.1 	 9.469733575204915e-09 
423.1 	 9.628530312040215e-09 
424.1 	 9.78325467808975e-09 
425.1 	 9.933822370953986e-09 
426.1 	 1.008015721486971e-08 
427.1 	 1.022219087243999e-08 
428.1 	 1.0359862562235665e-08 
429.1 	 1.0493118782210085e-08 
430.1 	 1.0621913038890536e-08 
431.1 	 1.0746205582348422e-08 
432.1 	 1.0865963146887214e-08 
433.1 	 1.0981158697584899e-08 
434.1 	 1.1091771182232979e-08 
435.1 	 1.1197785289258955e-08 
436.1 	 1.1299191210989634e-08 
437.1 	 1.139598441261136e-08 
438.1 	 1.148816540661579e-08 
439.1 	 1.1575739532662712e-08 
440.1 	 1.1658716742939016e-08 
441.1 	 1.1737111392830313e-08 
442.1 	 1.181094203687163e-08 
443.1 	 1.1880231230000217e-08 
444.1 	 1.1945005333982904e-08 
445.1 	 1.2005294328912806e-08 
446.1 	 1.2061131629840557e-08 
447.1 	 1.2112553908301251e-08 
448.1 	 1.2159600918931439e-08 
449.1 	 1.2202315330773792e-08 
450.1 	 1.224074256342751e-08 
451.1 	 1.2274930627990478e-08 
452.1 	 1.2304929972589553e-08 
453.1 	 1.233079333245626e-08 
454.1 	 1.2352575584580371e-08 
455.1 	 1.2370333606742764e-08 
456.1 	 1.2384126140945201e-08 
457.1 	 1.2394013661087784e-08 
458.1 	 1.2400058244859565e-08 
459.1 	 1.240232344979841e-08 
460.1 	 1.2400874193372253e-08 
461.1 	 1.2395776637077392e-08 
462.1 	 1.238709807437251e-08 
463.1 	 1.2374906822558923e-08 
464.1 	 1.2359272118334623e-08 
465.1 	 1.2340264017035078e-08 
466.1 	 1.2317953295500878e-08 
467.1 	 1.2292411358534932e-08 
468.1 	 1.2263710148668162e-08 
469.1 	 1.223192205948339e-08 
470.1 	 1.2197119852112748e-08 
471.1 	 1.2159376575064363e-08 
472.1 	 1.211876548714277e-08 
473.1 	 1.2075359983538761e-08 
474.1 	 1.202923352484762e-08 
475.1 	 1.1980459569130494e-08 
476.1 	 1.1929111506797371e-08 
477.1 	 1.1875262598289681e-08 
478.1 	 1.1818985914563263e-08 
479.1 	 1.1760354280194525e-08 
480.1 	 1.1699440219103835e-08 
481.1 	 1.1636315902818028e-08 
482.1 	 1.157105310121432e-08 
483.1 	 1.1503723135642926e-08 
484.1 	 1.1434396834427417e-08 
485.1 	 1.1363144490644263e-08 
486.1 	 1.1290035822052606e-08 
487.1 	 1.121513993327936e-08 
488.1 	 1.1138525280039772e-08 
489.1 	 1.1060259635366616e-08 
490.1 	 1.0980410057898249e-08 
491.1 	 1.0899042861989535e-08 
492.1 	 1.0816223589759963e-08 
493.1 	 1.0732016984906014e-08 
494.1 	 1.0646486968248693e-08 
495.1 	 1.0559696615021968e-08 
496.1 	 1.0471708133769537e-08 
497.1 	 1.0382582846831186e-08 
498.1 	 1.0292381172368511e-08 
499.1 	 1.0201162607907829e-08 
500.1 	 1.0108985715246745e-08 
501.1 	 1.00159081068611e-08 
502.1 	 9.92198643351523e-09 
503.1 	 9.827276373304302e-09 
504.1 	 9.731832621845764e-09 
505.1 	 9.635708883730103e-09 
506.1 	 9.538957865107427e-09 
507.1 	 9.441631267381368e-09 
508.1 	 9.343779782027098e-09 
509.1 	 9.245453086389947e-09 
510.1 	 9.146699840523788e-09 
511.1 	 9.047567684918617e-09 
512.1 	 8.94810323924351e-09 
513.1 	 8.848352101891443e-09 
514.1 	 8.748358850386686e-09 
515.1 	 8.648167042619587e-09 
516.1 	 8.547819218831007e-09 
517.1 	 8.44735690437053e-09 
518.1 	 8.346820613094371e-09 
519.1 	 8.246249851531688e-09 
520.1 	 8.145683123600835e-09 
521.1 	 8.045157936016977e-09 
522.1 	 7.944710804225657e-09 
523.1 	 7.844377258915016e-09 
524.1 	 7.744191853046495e-09 
525.1 	 7.644188169412e-09 
526.1 	 7.544398828610714e-09 
527.1 	 7.444855497509619e-09 
528.1 	 7.345588898133931e-09 
529.1 	 7.246628816916471e-09 
530.1 	 7.1480041143467126e-09 
531.1 	 7.0497427349660785e-09 
532.1 	 6.951871717694569e-09 
533.1 	 6.854417206451162e-09 
534.1 	 6.757404461065998e-09 
535.1 	 6.660857868473306e-09 
536.1 	 6.564800954111678e-09 
537.1 	 6.469256393597287e-09 
538.1 	 6.374246024582572e-09 
539.1 	 6.2797908587880795e-09 
540.1 	 6.185911094248591e-09 
541.1 	 6.09262612767795e-09 
542.1 	 5.9999545670027715e-09 
543.1 	 5.907914244000275e-09 
544.1 	 5.816522227062831e-09 
545.1 	 5.725794834050464e-09 
546.1 	 5.635747645236056e-09 
547.1 	 5.5463955162892054e-09 
548.1 	 5.457752591374345e-09 
549.1 	 5.369832316222033e-09 
550.1 	 5.2826474512887385e-09 
551.1 	 5.196210084918056e-09 
552.1 	 5.110531646499168e-09 
553.1 	 5.025622919648249e-09 
554.1 	 4.941494055362268e-09 
555.1 	 4.858154585155151e-09 
556.1 	 4.77561343418242e-09 
557.1 	 4.69387893429225e-09 
558.1 	 4.612958837068513e-09 
559.1 	 4.532860326797647e-09 
560.1 	 4.453590033368876e-09 
561.1 	 4.375154045129522e-09 
562.1 	 4.297557921639266e-09 
563.1 	 4.2208067063476655e-09 
564.1 	 4.1449049391956766e-09 
565.1 	 4.069856669110153e-09 
566.1 	 3.995665466390274e-09 
567.1 	 3.922334435012472e-09 
568.1 	 3.849866224799726e-09 
569.1 	 3.778263043490917e-09 
570.1 	 3.707526668679973e-09 
571.1 	 3.6376584596428724e-09 
572.1 	 3.568659369021197e-09 
573.1 	 3.5005299543856546e-09 
574.1 	 3.433270389667344e-09 
575.1 	 3.3668804764297792e-09 
576.1 	 3.301359655031039e-09 
577.1 	 3.236707015614318e-09 
578.1 	 3.1729213089692938e-09 
579.1 	 3.1100009572331408e-09 
580.1 	 3.0479440644551294e-09 
581.1 	 2.9867484269955345e-09 
582.1 	 2.926411543772016e-09 
583.1 	 2.8669306263600784e-09 
584.1 	 2.808302608930335e-09 
585.1 	 2.750524158020255e-09 
586.1 	 2.6935916821614e-09 
587.1 	 2.637501341333458e-09 
588.1 	 2.5822490562726028e-09 
589.1 	 2.5278305175970653e-09 
590.1 	 2.47424119479506e-09 
591.1 	 2.421476345032386e-09 
592.1 	 2.3695310218112743e-09 
593.1 	 2.318400083457996e-09 
594.1 	 2.26807820145007e-09 
595.1 	 2.218559868590809e-09 
596.1 	 2.1698394070082044e-09 
597.1 	 2.1219109760078324e-09 
598.1 	 2.074768579754656e-09 
599.1 	 2.0284060747986274e-09 
600.1 	 1.9828171774429898e-09 
601.1 	 1.9379954709562266e-09 
602.1 	 1.8939344126178913e-09 
603.1 	 1.8506273406217708e-09 
604.1 	 1.8080674808080323e-09 
605.1 	 1.76624795325865e-09 
606.1 	 1.7251617787281922e-09 
607.1 	 1.6848018849222345e-09 
608.1 	 1.6451611126345739e-09 
609.1 	 1.606232221731067e-09 
610.1 	 1.5680078969781723e-09 
611.1 	 1.5304807537432957e-09 
612.1 	 1.4936433435311557e-09 
613.1 	 1.4574881593890218e-09 
614.1 	 1.4220076411706516e-09 
615.1 	 1.3871941806535457e-09 
616.1 	 1.353040126524916e-09 
617.1 	 1.3195377892247389e-09 
618.1 	 1.2866794456648219e-09 
619.1 	 1.2544573438021578e-09 
620.1 	 1.2228637070879427e-09 
621.1 	 1.1918907387919311e-09 
622.1 	 1.1615306261880634e-09 
623.1 	 1.1317755446224718e-09 
624.1 	 1.1026176614565401e-09 
625.1 	 1.0740491398906483e-09 
626.1 	 1.0460621426564405e-09 
627.1 	 1.0186488356068105e-09 
628.1 	 9.918013911791898e-10 
629.1 	 9.655119917497592e-10 
630.1 	 9.39772832867559e-10 
631.1 	 9.145761263916613e-10 
632.1 	 8.899141035072154e-10 
633.1 	 8.657790176390705e-10 
634.1 	 8.42163147264491e-10 
635.1 	 8.190587986174495e-10 
636.1 	 7.964583082969795e-10 
637.1 	 7.743540457728007e-10 
638.1 	 7.527384157943379e-10 
639.1 	 7.316038607106107e-10 
640.1 	 7.109428626870291e-10 
641.1 	 6.907479458369404e-10 
642.1 	 6.71011678266733e-10 
643.1 	 6.517266740254352e-10 
644.1 	 6.328855949724541e-10 
645.1 	 6.144811525647704e-10 
646.1 	 5.965061095574801e-10 
647.1 	 5.789532816245193e-10 
648.1 	 5.618155389024399e-10 
649.1 	 5.450858074573346e-10 
650.1 	 5.287570706783311e-10 
651.1 	 5.128223705912097e-10 
652.1 	 4.972748091113626e-10 
653.1 	 4.821075492183799e-10 
654.1 	 4.673138160636764e-10 
655.1 	 4.528868980188807e-10 
656.1 	 4.3882014764807575e-10 
657.1 	 4.251069826277408e-10 
658.1 	 4.1174088659851876e-10 
659.1 	 3.9871540996076214e-10 
660.1 	 3.860241706088068e-10 
661.1 	 3.736608546112199e-10 
662.1 	 3.6161921683395166e-10 
663.1 	 3.4989308151310575e-10 
664.1 	 3.3847634276882687e-10 
665.1 	 3.2736296507793656e-10 
666.1 	 3.1654698368882703e-10 
667.1 	 3.060225049928801e-10 
668.1 	 2.9578370684889947e-10 
669.1 	 2.858248388618114e-10 
670.1 	 2.761402226183395e-10 
671.1 	 2.6672425188106764e-10 
672.1 	 2.575713927389915e-10 
673.1 	 2.4867618372151097e-10 
674.1 	 2.4003323587063493e-10 
675.1 	 2.316372327796226e-10 
676.1 	 2.234829305939164e-10 
677.1 	 2.1556515797613876e-10 
678.1 	 2.078788160383681e-10 
679.1 	 2.004188782450191e-10 
680.1 	 1.9318039027838392e-10 
681.1 	 1.8615846987999107e-10 
682.1 	 1.7934830665906683e-10 
683.1 	 1.7274516187514816e-10 
684.1 	 1.6634436819201517e-10 
685.1 	 1.601413294075878e-10 
686.1 	 1.541315201573434e-10 
687.1 	 1.4831048559544818e-10 
688.1 	 1.4267384105035787e-10 
689.1 	 1.372172716615717e-10 
690.1 	 1.319365319940506e-10 
691.1 	 1.268274456311086e-10 
692.1 	 1.218859047498772e-10 
693.1 	 1.1710786967831695e-10 
694.1 	 1.1248936843334855e-10 
695.1 	 1.0802649624262092e-10 
696.1 	 1.0371541505238765e-10 
697.1 	 9.955235301703942e-11 
698.1 	 9.553360397656568e-11 
699.1 	 9.165552691951562e-11 
700.1 	 8.791454543379785e-11 
701.1 	 8.43071471437629e-11 
702.1 	 8.082988313770903e-11 
703.1 	 7.747936738336266e-11 
704.1 	 7.425227613347434e-11 
705.1 	 7.114534732200903e-11 
706.1 	 6.815537995186281e-11 
707.1 	 6.527923347331787e-11 
708.1 	 6.251382715573396e-11 
709.1 	 5.98561394520636e-11 
710.1 	 5.7303207355636936e-11 
711.1 	 5.4852125753382856e-11 
712.1 	 5.250004677034314e-11 
713.1 	 5.024417911289806e-11 
714.1 	 4.808178740378499e-11 
715.1 	 4.601019151608033e-11 
716.1 	 4.402676590195538e-11 
717.1 	 4.212893891994186e-11 
718.1 	 4.031419215700585e-11 
719.1 	 3.858005975159658e-11 
720.1 	 3.6924127712366365e-11 
721.1 	 3.5344033236726405e-11 
722.1 	 3.3837464028603646e-11 
723.1 	 3.2402157614121896e-11 
724.1 	 3.103590065919059e-11 
725.1 	 2.973652828489502e-11 
726.1 	 2.8501923385272518e-11 
727.1 	 2.7330015944685683e-11 
728.1 	 2.6218782356164833e-11 
729.1 	 2.516624474196546e-11 
730.1 	 2.4170470274815926e-11 
731.1 	 2.3229570502304093e-11 
732.1 	 2.234170067133728e-11 
733.1 	 2.1505059057912184e-11 
734.1 	 2.0717886296811873e-11 
735.1 	 1.9978464716313185e-11 
736.1 	 1.9285117674567677e-11 
737.1 	 1.8636208900525107e-11 
738.1 	 1.803014183785324e-11 
739.1 	 1.7465358991986428e-11 
740.1 	 1.69403412829506e-11 
741.1 	 1.645360740030941e-11 
742.1 	 1.6003713164189342e-11 
743.1 	 1.5589250889083544e-11 
744.1 	 1.5208848754338214e-11 
745.1 	 1.4861170177088765e-11 
746.1 	 1.4544913192174362e-11 
747.1 	 1.4258809836205302e-11 
748.1 	 1.4001625536794103e-11 
749.1 	 1.3772158507301027e-11 
750.1 	 1.35692391468389e-11 
751.1 	 1.3391729446047038e-11 
752.1 	 1.3238522398697936e-11 
753.1 	 1.3108541418328786e-11 
754.1 	 1.3000739761105109e-11 
755.1 	 1.2914099955014327e-11 
756.1 	 1.2847633234191693e-11 
757.1 	 1.2800378979756447e-11 
758.1 	 1.2771404166984914e-11 
759.1 	 1.2759802818195321e-11 
760.1 	 1.2764695461878318e-11 
761.1 	 1.2785228598780079e-11 
762.1 	 1.2820574172809636e-11 
763.1 	 1.2869929050479522e-11 
764.1 	 1.2932514504635843e-11 
765.1 	 1.3007575705616678e-11 
766.1 	 1.3094381219073198e-11 
767.1 	 1.3192222509682847e-11 
768.1 	 1.3300413451362664e-11 
769.1 	 1.3418289844483094e-11 
770.1 	 1.354520893915619e-11 
771.1 	 1.3680548965048718e-11 
772.1 	 1.3823708667970606e-11 
773.1 	 1.3974106852694333e-11 
774.1 	 1.4131181932354371e-11 
775.1 	 1.4294391484653325e-11 
776.1 	 1.4463211813816303e-11 
777.1 	 1.4637137519940888e-11 
778.1 	 1.481568107408784e-11 
779.1 	 1.4998372400209355e-11 
780.1 	 1.5184758463191442e-11 
781.1 	 1.5374402863768826e-11 
782.1 	 1.556688543909736e-11 
783.1 	 1.5761801870523292e-11 
784.1 	 1.59587632966477e-11 
785.1 	 1.615739593395248e-11 
786.1 	 1.635734070217575e-11 
787.1 	 1.6558252857218085e-11 
788.1 	 1.6759801629348954e-11 
789.1 	 1.6961669868065927e-11 
790.1 	 1.7163553692608574e-11 
791.1 	 1.7365162148843606e-11 
792.1 	 1.756621687202693e-11 
793.1 	 1.776645175541253e-11 
794.1 	 1.7965612624889035e-11 
795.1 	 1.816345691961402e-11 
796.1 	 1.8359753377942268e-11 
797.1 	 1.8554281729762404e-11 
798.1 	 1.8746832393971256e-11 
799.1 	 1.8937206181952148e-11 
800.1 	 1.9125214006463786e-11 
801.1 	 1.9310676596081114e-11 
802.1 	 1.9493424215285262e-11 
803.1 	 1.967329638960185e-11 
804.1 	 1.9850141636621114e-11 
805.1 	 2.0023817201796435e-11 
806.1 	 2.0194188799884264e-11 
807.1 	 2.0361130361303342e-11 
808.1 	 2.0524523783917125e-11 
809.1 	 2.0684258689473173e-11 
810.1 	 2.0840232185462318e-11 
811.1 	 2.0992348631610457e-11 
812.1 	 2.1140519411635853e-11 
813.1 	 2.1284662709134148e-11 
814.1 	 2.1424703289129654e-11 
815.1 	 2.1560572283522832e-11 
816.1 	 2.169220698178321e-11 
817.1 	 2.1819550625726252e-11 
818.1 	 2.194255220919168e-11 
819.1 	 2.206116628181919e-11 
820.1 	 2.2175352757618096e-11 
821.1 	 2.2285076727470697e-11 
822.1 	 2.239030827612237e-11 
823.1 	 2.2491022303365604e-11 
824.1 	 2.2587198349188652e-11 
825.1 	 2.2678820423251404e-11 
826.1 	 2.2765876838184344e-11 
827.1 	 2.2848360046927343e-11 
828.1 	 2.2926266483898928e-11 
829.1 	 2.299959641011018e-11 
830.1 	 2.3068353761864994e-11 
831.1 	 2.3132546003413042e-11 
832.1 	 2.319218398295537e-11 
833.1 	 2.3247281792557486e-11 
834.1 	 2.3297856631303933e-11 
835.1 	 2.334392867215158e-11 
836.1 	 2.338552093203935e-11 
837.1 	 2.3422659145382336e-11 
838.1 	 2.345537164095406e-11 
839.1 	 2.3483689221945072e-11 
840.1 	 2.350764504907417e-11 
841.1 	 2.35272745270294e-11 
842.1 	 2.3542615193983797e-11 
843.1 	 2.35537066138294e-11 
844.1 	 2.356059027167329e-11 
845.1 	 2.3563309472164976e-11 
846.1 	 2.3561909240612524e-11 
847.1 	 2.3556436226822034e-11 
848.1 	 2.3546938611916728e-11 
849.1 	 2.3533466017617893e-11 
850.1 	 2.3516069418229625e-11 
851.1 	 2.349480105530956e-11 
852.1 	 2.346971435468109e-11 
853.1 	 2.3440863846121998e-11 
854.1 	 2.3408305085313477e-11 
855.1 	 2.3372094578355084e-11 
856.1 	 2.333228970841299e-11 
857.1 	 2.3288948664868216e-11 
858.1 	 2.3242130374538483e-11 
859.1 	 2.3191894435111278e-11 
860.1 	 2.3138301050892745e-11 
861.1 	 2.308141097038629e-11 
862.1 	 2.3021285426172347e-11 
863.1 	 2.2957986076681263e-11 
864.1 	 2.2891574949885734e-11 
865.1 	 2.282211438904654e-11 
866.1 	 2.2749667000281914e-11 
867.1 	 2.267429560192928e-11 
868.1 	 2.259606317576835e-11 
869.1 	 2.2515032819952258e-11 
870.1 	 2.2431267703733223e-11 
871.1 	 2.234483102375698e-11 
872.1 	 2.2255785962075898e-11 
873.1 	 2.2164195645756054e-11 
874.1 	 2.2070123107979418e-11 
875.1 	 2.19736312507337e-11 
876.1 	 2.187478280900776e-11 
877.1 	 2.177364031634943e-11 
878.1 	 2.167026607190806e-11 
879.1 	 2.1564722108831093e-11 
880.1 	 2.1457070164058765e-11 
881.1 	 2.1347371649320024e-11 
882.1 	 2.1235687623513066e-11 
883.1 	 2.1122078766283797e-11 
884.1 	 2.1006605352821064e-11 
885.1 	 2.0889327229853444e-11 
886.1 	 2.0770303792734637e-11 
887.1 	 2.0649593963765595e-11 
888.1 	 2.0527256171484714e-11 
889.1 	 2.040334833108058e-11 
890.1 	 2.0277927825827464e-11 
891.1 	 2.0151051489543257e-11 
892.1 	 2.002277558998465e-11 
893.1 	 1.9893155813190895e-11 
894.1 	 1.9762247248809863e-11 
895.1 	 1.9630104376250594e-11 
896.1 	 1.949678105171937e-11 
897.1 	 1.9362330496139412e-11 
898.1 	 1.922680528382794e-11 
899.1 	 1.9090257332037576e-11 
900.1 	 1.8952737891204557e-11 
901.1 	 1.881429753598405e-11 
902.1 	 1.8674986156984987e-11 
903.1 	 1.8534852953249545e-11 
904.1 	 1.8393946425335897e-11 
905.1 	 1.8252314369150503e-11 
906.1 	 1.8110003870355196e-11 
907.1 	 1.7967061299416628e-11 
908.1 	 1.78235323072275e-11 
909.1 	 1.7679461821350992e-11 
910.1 	 1.753489404277261e-11 
911.1 	 1.7389872443235217e-11 
912.1 	 1.724443976305354e-11 
913.1 	 1.7098638009443734e-11 
914.1 	 1.695250845537977e-11 
915.1 	 1.6806091638845694e-11 
916.1 	 1.6659427362585105e-11 
917.1 	 1.6512554694275737e-11 
918.1 	 1.636551196711706e-11 
919.1 	 1.6218336780809435e-11 
920.1 	 1.607106600296722e-11 
921.1 	 1.5923735770822386e-11 
922.1 	 1.577638149336889e-11 
923.1 	 1.5629037853789622e-11 
924.1 	 1.5481738812240383e-11 
925.1 	 1.533451760895681e-11 
926.1 	 1.5187406767617107e-11 
927.1 	 1.5040438099066757e-11 
928.1 	 1.4893642705239998e-11 
929.1 	 1.474705098341124e-11 
930.1 	 1.4600692630662463e-11 
931.1 	 1.4454596648592909e-11 
932.1 	 1.4308791348278707e-11 
933.1 	 1.4163304355418205e-11 
934.1 	 1.4018162615718856e-11 
935.1 	 1.387339240045169e-11 
936.1 	 1.372901931221967e-11 
937.1 	 1.3585068290863032e-11 
938.1 	 1.3441563619586959e-11 
939.1 	 1.3298528931187327e-11 
940.1 	 1.3155987214470079e-11 
941.1 	 1.3013960820787439e-11 
942.1 	 1.2872471470711714e-11 
943.1 	 1.2731540260826922e-11 
944.1 	 1.2591187670636466e-11 
945.1 	 1.2451433569594283e-11 
946.1 	 1.2312297224193353e-11 
947.1 	 1.217379730518728e-11 
948.1 	 1.2035951894887538e-11 
949.1 	 1.1898778494507236e-11 
950.1 	 1.1762294031615645e-11 
951.1 	 1.1626514867633745e-11 
952.1 	 1.1491456805394768e-11 
953.1 	 1.1357135096742972e-11 
954.1 	 1.1223564450207518e-11 
955.1 	 1.1090759038674296e-11 
956.1 	 1.0958732507134402e-11 
957.1 	 1.0827497980429335e-11 
958.1 	 1.0697068071028122e-11 
959.1 	 1.0567454886840309e-11 
960.1 	 1.0438670039015133e-11 
961.1 	 1.0310724649764285e-11 
962.1 	 1.0183629360191318e-11 
963.1 	 1.0057394338112597e-11 
964.1 	 9.932029285878528e-12 
965.1 	 9.807543448192596e-12 
966.1 	 9.683945619903903e-12 
967.1 	 9.561244153792763e-12 
968.1 	 9.439446968337532e-12 
969.1 	 9.318561555457545e-12 
970.1 	 9.198594988227003e-12 
971.1 	 9.079553928558889e-12 
972.1 	 8.961444634865135e-12 
973.1 	 8.844272969667135e-12 
974.1 	 8.728044407181329e-12 
975.1 	 8.612764040855026e-12 
976.1 	 8.498436590862427e-12 
977.1 	 8.385066411557453e-12 
978.1 	 8.27265749886699e-12 
979.1 	 8.161213497651835e-12 
980.1 	 8.050737708995117e-12 
981.1 	 7.941233097452272e-12 
982.1 	 7.83270229823518e-12 
983.1 	 7.725147624338813e-12 
984.1 	 7.618571073614817e-12 
985.1 	 7.512974335774022e-12 
986.1 	 7.40835879932673e-12 
987.1 	 7.304725558470363e-12 
988.1 	 7.202075419893806e-12 
989.1 	 7.100408909525685e-12 
990.1 	 6.9997262792103925e-12 
991.1 	 6.900027513316342e-12 
992.1 	 6.801312335268858e-12 
993.1 	 6.703580214018828e-12 
994.1 	 6.606830370431625e-12 
995.1 	 6.511061783605307e-12 
996.1 	 6.4162731971159996e-12 
997.1 	 6.322463125188401e-12 
998.1 	 6.229629858787106e-12 
999.1 	 6.137771471635936e-12 
1000.1 	 6.0468858261586255e-12 
1001.0 	 5.965918507011109e-12 
