energy 	 rate 
0.1 	 1.2755843940445774e-14 
1.1 	 1.4406669619346483e-12 
2.1 	 5.0063944996891556e-12 
3.1 	 1.0407560745299853e-11 
4.1 	 1.7367598298772374e-11 
5.1 	 2.5634047640999718e-11 
6.1 	 3.4976949317302846e-11 
7.1 	 4.518732611809572e-11 
8.1 	 5.607575084145018e-11 
9.1 	 6.747099541652376e-11 
10.1 	 7.921875735326171e-11 
11.1 	 9.118045966277543e-11 
12.1 	 1.0323212056460042e-10 
13.1 	 1.1526328946191358e-10 
14.1 	 1.2717604582399173e-10 
15.1 	 1.388840577669661e-10 
16.1 	 1.5031169726951321e-10 
17.1 	 1.6139320909973938e-10 
18.1 	 1.7207193066339781e-10 
19.1 	 1.8229956011192765e-10 
20.1 	 1.9203547017183772e-10 
21.1 	 2.01246065274867e-10 
22.1 	 2.0990417968133834e-10 
23.1 	 2.1798851439736797e-10 
24.1 	 2.2548311079026854e-10 
25.1 	 2.3237685890578646e-10 
26.1 	 2.3866303858588504e-10 
27.1 	 2.443388915768104e-10 
28.1 	 2.4940522290428875e-10 
29.1 	 2.538660298760861e-10 
30.1 	 2.5772815715191667e-10 
31.1 	 2.610009763970009e-10 
32.1 	 2.636960891085512e-10 
33.1 	 2.6582705127423693e-10 
34.1 	 2.67409118588409e-10 
35.1 	 2.684590110156186e-10 
36.1 	 2.689946955518981e-10 
37.1 	 2.690351860925029e-10 
38.1 	 2.6860035937040464e-10 
39.1 	 2.6771078598295183e-10 
40.1 	 2.6638757557480036e-10 
41.1 	 2.6465223529363355e-10 
42.1 	 2.6252654068137107e-10 
43.1 	 2.600324182076386e-10 
44.1 	 2.5719183869432047e-10 
45.1 	 2.54026720920086e-10 
46.1 	 2.505588447320272e-10 
47.1 	 2.468097730279616e-10 
48.1 	 2.4280078200767844e-10 
49.1 	 2.385527991244816e-10 
50.1 	 2.3408634819988913e-10 
51.1 	 2.2942150119432786e-10 
52.1 	 2.245778361552418e-10 
53.1 	 2.1957440089117278e-10 
54.1 	 2.1442968194624488e-10 
55.1 	 2.0916157847406532e-10 
56.1 	 2.0378738063341186e-10 
57.1 	 1.9832375215032368e-10 
58.1 	 1.9278671671229875e-10 
59.1 	 1.8719164788036404e-10 
60.1 	 1.8155326222383657e-10 
61.1 	 1.7588561540063868e-10 
62.1 	 1.70202100923234e-10 
63.1 	 1.6451545136644862e-10 
64.1 	 1.5883774178895722e-10 
65.1 	 1.5318039515474816e-10 
66.1 	 1.4755418955481057e-10 
67.1 	 1.419692670423693e-10 
68.1 	 1.364351439074127e-10 
69.1 	 1.3096072222805982e-10 
70.1 	 1.255543025473825e-10 
71.1 	 1.2022359753484214e-10 
72.1 	 1.1497574650144573e-10 
73.1 	 1.0981733064706955e-10 
74.1 	 1.0475438892733237e-10 
75.1 	 9.97924344356934e-11 
76.1 	 9.493647120437823e-11 
77.1 	 9.019101133517173e-11 
78.1 	 8.556009237808523e-11 
79.1 	 8.104729488256436e-11 
80.1 	 7.665576005204156e-11 
81.1 	 7.238820743851887e-11 
82.1 	 6.824695261934515e-11 
83.1 	 6.423392480346603e-11 
84.1 	 6.035068431933196e-11 
85.1 	 5.6598439941075344e-11 
86.1 	 5.297806601393297e-11 
87.1 	 4.949011934376532e-11 
88.1 	 4.6134855819285456e-11 
89.1 	 4.2912246739116794e-11 
90.1 	 3.9821994818947986e-11 
91.1 	 3.686354985718232e-11 
92.1 	 3.4036124040223374e-11 
93.1 	 3.133870687122279e-11 
94.1 	 2.877007970845768e-11 
95.1 	 2.6328829901870702e-11 
96.1 	 2.4013364518360838e-11 
97.1 	 2.1821923648310237e-11 
98.1 	 1.9752593287710895e-11 
99.1 	 1.780331779180141e-11 
100.1 	 1.5971911897782018e-11 
101.1 	 1.4256072315416661e-11 
102.1 	 1.2653388885773438e-11 
103.1 	 1.1161355309360729e-11 
104.1 	 9.777379446175931e-12 
105.1 	 8.498793190953592e-12 
106.1 	 7.32286192796333e-12 
107.1 	 6.2467935703522e-12 
108.1 	 5.267747189901021e-12 
109.1 	 4.382841243522448e-12 
110.1 	 3.5891614035678396e-12 
111.1 	 2.883767999430883e-12 
112.1 	 2.263703078353151e-12 
113.1 	 1.7259970938314626e-12 
114.1 	 1.2676752302594207e-12 
115.1 	 8.857633727274502e-13 
116.1 	 5.772937312586485e-13 
117.1 	 3.393101287779358e-13 
118.1 	 1.6887296240360017e-13 
119.1 	 6.306384771913401e-14 
120.1 	 1.8989955780807154e-14 
121.1 	 3.3788052626259076e-14 
122.1 	 1.0462825113913489e-13 
123.1 	 2.287174851038784e-13 
124.1 	 4.033027151935074e-13 
125.1 	 6.256738767118571e-13 
126.1 	 8.931665786902176e-13 
127.1 	 1.2031645639866216e-12 
128.1 	 1.5531019398499289e-12 
129.1 	 1.940465188310204e-12 
130.1 	 2.3627949656293752e-12 
131.1 	 2.8176876998987348e-12 
132.1 	 3.302796995720668e-12 
133.1 	 3.815834854705312e-12 
134.1 	 4.354572720406441e-12 
135.1 	 4.916842356078643e-12 
136.1 	 5.500536563468718e-12 
137.1 	 6.1036097506605675e-12 
138.1 	 6.7240783568283865e-12 
139.1 	 7.360021141448615e-12 
140.1 	 8.00957934546496e-12 
141.1 	 8.670956731535197e-12 
142.1 	 9.34241951041144e-12 
143.1 	 1.0022296160226494e-11 
144.1 	 1.0708977145234761e-11 
145.1 	 1.1400914540387136e-11 
146.1 	 1.2096621567939341e-11 
147.1 	 1.2794672051942741e-11 
148.1 	 1.3493699796434202e-11 
149.1 	 1.4192397892862593e-11 
150.1 	 1.488951796199445e-11 
151.1 	 1.5583869335524212e-11 
152.1 	 1.6274318182258967e-11 
153.1 	 1.6959786583622304e-11 
154.1 	 1.763925156305937e-11 
155.1 	 1.831174407360253e-11 
156.1 	 1.8976347947886992e-11 
157.1 	 1.9632198814476963e-11 
158.1 	 2.0278482984403264e-11 
159.1 	 2.0914436311523557e-11 
160.1 	 2.1539343030121235e-11 
161.1 	 2.2152534573093965e-11 
162.1 	 2.2753388373863626e-11 
163.1 	 2.3341326654952145e-11 
164.1 	 2.3915815206086503e-11 
165.1 	 2.4476362154484496e-11 
166.1 	 2.502251672985146e-11 
167.1 	 2.555386802653501e-11 
168.1 	 2.6070043764986226e-11 
169.1 	 2.6570709054773264e-11 
170.1 	 2.7055565161047067e-11 
171.1 	 2.752434827640504e-11 
172.1 	 2.7976828299839816e-11 
173.1 	 2.8412807624486553e-11 
174.1 	 2.883211993562438e-11 
175.1 	 2.9234629020423266e-11 
176.1 	 2.9620227590691005e-11 
177.1 	 2.9988836119919325e-11 
178.1 	 3.0340401695648337e-11 
179.1 	 3.067489688829622e-11 
180.1 	 3.099231863734323e-11 
181.1 	 3.129268715571671e-11 
182.1 	 3.157604485321129e-11 
183.1 	 3.184245527961492e-11 
184.1 	 3.209200208817518e-11 
185.1 	 3.232478802001327e-11 
186.1 	 3.2540933909893214e-11 
187.1 	 3.274057771388332e-11 
188.1 	 3.292387355920239e-11 
189.1 	 3.309099081660473e-11 
190.1 	 3.324211319554212e-11 
191.1 	 3.337743786234594e-11 
192.1 	 3.349717458153159e-11 
193.1 	 3.360154488040192e-11 
194.1 	 3.3690781233351904e-11 
195.1 	 3.376512621181283e-11 
196.1 	 3.382483172750935e-11 
197.1 	 3.3870158345251826e-11 
198.1 	 3.390137456645413e-11 
199.1 	 3.391875613381418e-11 
200.1 	 3.392258535895701e-11 
201.1 	 3.39131504728383e-11 
202.1 	 3.3890744998645184e-11 
203.1 	 3.385566714710387e-11 
204.1 	 3.380821923380482e-11 
205.1 	 3.3748707118364954e-11 
206.1 	 3.367743966511069e-11 
207.1 	 3.359472822497934e-11 
208.1 	 3.3500886138308044e-11 
209.1 	 3.339622825820833e-11 
210.1 	 3.3281070494109654e-11 
211.1 	 3.315572937517582e-11 
212.1 	 3.302052163323146e-11 
213.1 	 3.287576380470022e-11 
214.1 	 3.2721771851318227e-11 
215.1 	 3.255886079914623e-11 
216.1 	 3.238734439542946e-11 
217.1 	 3.220753478304761e-11 
218.1 	 3.201974219194452e-11 
219.1 	 3.1824274647278915e-11 
220.1 	 3.162143769382399e-11 
221.1 	 3.1411534136175905e-11 
222.1 	 3.119486379433581e-11 
223.1 	 3.0971723274336754e-11 
224.1 	 3.07424057533628e-11 
225.1 	 3.050720077904847e-11 
226.1 	 3.026639408247197e-11 
227.1 	 3.002026740445225e-11 
228.1 	 2.976909833473443e-11 
229.1 	 2.951316016364175e-11 
230.1 	 2.9252721745797604e-11 
231.1 	 2.8988047375508612e-11 
232.1 	 2.871939667339321e-11 
233.1 	 2.8447024483896568e-11 
234.1 	 2.8171180783265572e-11 
235.1 	 2.789211059762275e-11 
236.1 	 2.7610053930741493e-11 
237.1 	 2.732524570119052e-11 
238.1 	 2.703791568836925e-11 
239.1 	 2.6748288487280365e-11 
240.1 	 2.6456583471444808e-11 
241.1 	 2.616301476377215e-11 
242.1 	 2.5867791215010935e-11 
243.1 	 2.5571116389414657e-11 
244.1 	 2.5273188557307857e-11 
245.1 	 2.4974200694261286e-11 
246.1 	 2.4674340486541987e-11 
247.1 	 2.4373790342504772e-11 
248.1 	 2.407272740970008e-11 
249.1 	 2.3771323597327952e-11 
250.1 	 2.3469745603817018e-11 
251.1 	 2.3168154949203883e-11 
252.1 	 2.2866708012096596e-11 
253.1 	 2.2565556070905905e-11 
254.1 	 2.2264845349136504e-11 
255.1 	 2.1964717064474525e-11 
256.1 	 2.166530748141962e-11 
257.1 	 2.1366747967239547e-11 
258.1 	 2.106916505105352e-11 
259.1 	 2.0772680485767523e-11 
260.1 	 2.0477411312694255e-11 
261.1 	 2.0183469928644836e-11 
262.1 	 1.9890964155293508e-11 
263.1 	 1.959999731062839e-11 
264.1 	 1.9310668282282005e-11 
265.1 	 1.9023071602618364e-11 
266.1 	 1.8737297525343963e-11 
267.1 	 1.8453432103529724e-11 
268.1 	 1.8171557268856263e-11 
269.1 	 1.7891750911936325e-11 
270.1 	 1.7614086963582742e-11 
271.1 	 1.733863547686163e-11 
272.1 	 1.70654627098427e-11 
273.1 	 1.679463120881182e-11 
274.1 	 1.652619989199156e-11 
275.1 	 1.6260224133484327e-11 
276.1 	 1.5996755847430696e-11 
277.1 	 1.5735843572251655e-11 
278.1 	 1.547753255485672e-11 
279.1 	 1.522186483472656e-11 
280.1 	 1.496887932780655e-11 
281.1 	 1.4718611910092187e-11 
282.1 	 1.4471095500828596e-11 
283.1 	 1.4226360145268077e-11 
284.1 	 1.3984433096871081e-11 
285.1 	 1.3745338898948636e-11 
286.1 	 1.3509099465598579e-11 
287.1 	 1.3275734161934662e-11 
288.1 	 1.3045259883539605e-11 
289.1 	 1.2817691135055615e-11 
290.1 	 1.259304010789794e-11 
291.1 	 1.2371316757071615e-11 
292.1 	 1.2152528876919411e-11 
293.1 	 1.1936682175961962e-11 
294.1 	 1.1723780350586363e-11 
295.1 	 1.1513825157713755e-11 
296.1 	 1.1306816486302272e-11 
297.1 	 1.1102752427736757e-11 
298.1 	 1.0901629345003179e-11 
299.1 	 1.0703441940712108e-11 
300.1 	 1.0508183323863363e-11 
301.1 	 1.0315845075398182e-11 
302.1 	 1.0126417312502898e-11 
303.1 	 9.939888751624312e-12 
304.1 	 9.756246770226318e-12 
305.1 	 9.575477467274324e-12 
306.1 	 9.397565722378612e-12 
307.1 	 9.222495253692398e-12 
308.1 	 9.050248674467676e-12 
309.1 	 8.880807548338109e-12 
310.1 	 8.714152443251684e-12 
311.1 	 8.550262984159783e-12 
312.1 	 8.389117904339904e-12 
313.1 	 8.2306950954546e-12 
314.1 	 8.074971656326723e-12 
315.1 	 7.921923940396379e-12 
316.1 	 7.7715276019058e-12 
317.1 	 7.623757640838246e-12 
318.1 	 7.478588446564228e-12 
319.1 	 7.335993840246474e-12 
320.1 	 7.1959471160062395e-12 
321.1 	 7.0584210808741374e-12 
322.1 	 6.9233880934910504e-12 
323.1 	 6.790820101657228e-12 
324.1 	 6.660688678645616e-12 
325.1 	 6.532965058385293e-12 
326.1 	 6.407620169466528e-12 
327.1 	 6.2846246680145266e-12 
328.1 	 6.163948969429849e-12 
329.1 	 6.045563279050936e-12 
330.1 	 5.9294376217005365e-12 
331.1 	 5.815541870182761e-12 
332.1 	 5.7038457727133866e-12 
333.1 	 5.594318979341577e-12 
334.1 	 5.486931067334756e-12 
335.1 	 5.381651565574867e-12 
336.1 	 5.278449978007191e-12 
337.1 	 5.177295806088405e-12 
338.1 	 5.078158570341811e-12 
339.1 	 4.981007830974812e-12 
340.1 	 4.885813207603242e-12 
341.1 	 4.792544398112274e-12 
342.1 	 4.70117119664495e-12 
343.1 	 4.611663510770261e-12 
344.1 	 4.523991377821458e-12 
345.1 	 4.438124980465631e-12 
346.1 	 4.354034661453319e-12 
347.1 	 4.2716909376597445e-12 
348.1 	 4.1910645133486904e-12 
349.1 	 4.112126292759145e-12 
350.1 	 4.034847391956234e-12 
351.1 	 3.959199150031596e-12 
352.1 	 3.885153139623979e-12 
353.1 	 3.8126811768222435e-12 
354.1 	 3.741755330431286e-12 
355.1 	 3.672347930630349e-12 
356.1 	 3.6044315770618853e-12 
357.1 	 3.537979146341554e-12 
358.1 	 3.472963799026908e-12 
359.1 	 3.4093589860482602e-12 
360.1 	 3.347138454631902e-12 
361.1 	 3.2862762537184695e-12 
362.1 	 3.2267467389089425e-12 
363.1 	 3.1685245769462087e-12 
364.1 	 3.1115847497368425e-12 
365.1 	 3.0559025579601483e-12 
366.1 	 3.0014536242540547e-12 
367.1 	 2.9482138959886856e-12 
368.1 	 2.896159647678158e-12 
369.1 	 2.845267482997953e-12 
370.1 	 2.79551433646794e-12 
371.1 	 2.746877474777768e-12 
372.1 	 2.6993344977861474e-12 
373.1 	 2.6528633392216092e-12 
374.1 	 2.6074422670676216e-12 
375.1 	 2.563049883653805e-12 
376.1 	 2.519665125495043e-12 
377.1 	 2.4772672628533665e-12 
378.1 	 2.4358358990406457e-12 
379.1 	 2.3953509695063943e-12 
380.1 	 2.3557927406832264e-12 
381.1 	 2.317141808608077e-12 
382.1 	 2.279379097364699e-12 
383.1 	 2.242485857304154e-12 
384.1 	 2.2064436631044252e-12 
385.1 	 2.1712344116322923e-12 
386.1 	 2.1368403196707413e-12 
387.1 	 2.103243921464009e-12 
388.1 	 2.0704280661339246e-12 
389.1 	 2.0383759149527106e-12 
390.1 	 2.0070709384937634e-12 
391.1 	 1.976496913654407e-12 
392.1 	 1.946637920581726e-12 
393.1 	 1.9174783394777758e-12 
394.1 	 1.889002847322823e-12 
395.1 	 1.8611964145048484e-12 
396.1 	 1.834044301368372e-12 
397.1 	 1.807532054685323e-12 
398.1 	 1.7816455040734764e-12 
399.1 	 1.756370758327046e-12 
400.1 	 1.7316942017174076e-12 
401.1 	 1.7076024902382125e-12 
402.1 	 1.6840825477929538e-12 
403.1 	 1.6611215623626363e-12 
404.1 	 1.6387069821329827e-12 
405.1 	 1.6168265115913028e-12 
406.1 	 1.5954681076151449e-12 
407.1 	 1.5746199755110663e-12 
408.1 	 1.5542705650841487e-12 
409.1 	 1.5344085666617116e-12 
410.1 	 1.5150229071237245e-12 
411.1 	 1.4961027459402846e-12 
412.1 	 1.4776374712006554e-12 
413.1 	 1.4596166956527033e-12 
414.1 	 1.4420302527476216e-12 
415.1 	 1.4248681927072517e-12 
416.1 	 1.4081207785929528e-12 
417.1 	 1.391778482407258e-12 
418.1 	 1.3758319812055448e-12 
419.1 	 1.3602721532331435e-12 
420.1 	 1.3450900741007657e-12 
421.1 	 1.330277012967164e-12 
422.1 	 1.3158244287785377e-12 
423.1 	 1.301723966514212e-12 
424.1 	 1.287967453483244e-12 
425.1 	 1.2745468956590604e-12 
426.1 	 1.2614544740418405e-12 
427.1 	 1.248682541066636e-12 
428.1 	 1.2362236170546283e-12 
429.1 	 1.2240703867000037e-12 
430.1 	 1.2122156956080892e-12 
431.1 	 1.200652546875457e-12 
432.1 	 1.1893740977141047e-12 
433.1 	 1.1783736561216087e-12 
434.1 	 1.1676446776049847e-12 
435.1 	 1.1571807619494109e-12 
436.1 	 1.1469756500332148e-12 
437.1 	 1.1370232206964478e-12 
438.1 	 1.1273174876581517e-12 
439.1 	 1.1178525964841831e-12 
440.1 	 1.1086228216120974e-12 
441.1 	 1.099622563408717e-12 
442.1 	 1.0908463453074854e-12 
443.1 	 1.0822888109720915e-12 
444.1 	 1.0739447215258748e-12 
445.1 	 1.0658089528286193e-12 
446.1 	 1.0578764928057482e-12 
447.1 	 1.0501424388314197e-12 
448.1 	 1.0426019951601773e-12 
449.1 	 1.035250470409165e-12 
450.1 	 1.0280832751021536e-12 
451.1 	 1.021095919244405e-12 
452.1 	 1.0142840099718667e-12 
453.1 	 1.0076432492335634e-12 
454.1 	 1.0011694315332049e-12 
455.1 	 9.948584417158736e-13 
456.1 	 9.887062528064594e-13 
457.1 	 9.827089238970913e-13 
458.1 	 9.7686259807934e-13 
459.1 	 9.711635004367514e-13 
460.1 	 9.656079360616833e-13 
461.1 	 9.601922881450214e-13 
462.1 	 9.549130160919829e-13 
463.1 	 9.497666536948354e-13 
464.1 	 9.447498073494301e-13 
465.1 	 9.398591543102462e-13 
466.1 	 9.350914409955726e-13 
467.1 	 9.304434813330578e-13 
468.1 	 9.259121551479025e-13 
469.1 	 9.214944065939418e-13 
470.1 	 9.171872426235071e-13 
471.1 	 9.129877315007394e-13 
472.1 	 9.088930013498429e-13 
473.1 	 9.049002387517466e-13 
474.1 	 9.010066873671652e-13 
475.1 	 8.972096466043923e-13 
476.1 	 8.935064703201083e-13 
477.1 	 8.898945655650289e-13 
478.1 	 8.863713913523181e-13 
479.1 	 8.829344574665111e-13 
480.1 	 8.795813233095406e-13 
481.1 	 8.763095967732658e-13 
482.1 	 8.73116933152225e-13 
483.1 	 8.700010340785706e-13 
484.1 	 8.669596464963956e-13 
485.1 	 8.639905616601238e-13 
486.1 	 8.610916141679488e-13 
487.1 	 8.582606810197321e-13 
488.1 	 8.554956807033114e-13 
489.1 	 8.527945723111493e-13 
490.1 	 8.501553546800381e-13 
491.1 	 8.475760655596596e-13 
492.1 	 8.450547808038627e-13 
493.1 	 8.425896135884844e-13 
494.1 	 8.401787136530062e-13 
495.1 	 8.378202665641051e-13 
496.1 	 8.355124930019542e-13 
497.1 	 8.332536480698029e-13 
498.1 	 8.310420206242757e-13 
499.1 	 8.288759326260216e-13 
500.1 	 8.267537385097598e-13 
501.1 	 8.246738245760313e-13 
502.1 	 8.226346083989217e-13 
503.1 	 8.206345382543178e-13 
504.1 	 8.18672092565672e-13 
505.1 	 8.167457793637304e-13 
506.1 	 8.148541357690913e-13 
507.1 	 8.129957274827593e-13 
508.1 	 8.111691483005725e-13 
509.1 	 8.093730196348614e-13 
510.1 	 8.076059900564371e-13 
511.1 	 8.058667348477567e-13 
512.1 	 8.041539555676812e-13 
513.1 	 8.024663796348184e-13 
514.1 	 8.008027599190375e-13 
515.1 	 7.991618743434067e-13 
516.1 	 7.97542525502552e-13 
517.1 	 7.959435402905604e-13 
518.1 	 7.94363769535355e-13 
519.1 	 7.928020876498216e-13 
520.1 	 7.912573922901838e-13 
521.1 	 7.897286040198111e-13 
522.1 	 7.882146659898255e-13 
523.1 	 7.867145436202337e-13 
524.1 	 7.852272242985505e-13 
525.1 	 7.837517170765937e-13 
526.1 	 7.822870523828398e-13 
527.1 	 7.808322817359305e-13 
528.1 	 7.793864774725077e-13 
529.1 	 7.779487324721117e-13 
530.1 	 7.765181598988234e-13 
531.1 	 7.750938929395049e-13 
532.1 	 7.736750845558655e-13 
533.1 	 7.72260907235036e-13 
534.1 	 7.708505527506581e-13 
535.1 	 7.694432319274945e-13 
536.1 	 7.680381744085006e-13 
537.1 	 7.666346284284937e-13 
538.1 	 7.652318605929058e-13 
539.1 	 7.638291556578598e-13 
540.1 	 7.624258163181778e-13 
541.1 	 7.61021162992168e-13 
542.1 	 7.59614533618294e-13 
543.1 	 7.582052834478547e-13 
544.1 	 7.567927848460147e-13 
545.1 	 7.553764270908628e-13 
546.1 	 7.539556161805061e-13 
547.1 	 7.525297746369606e-13 
548.1 	 7.510983413175794e-13 
549.1 	 7.496607712253413e-13 
550.1 	 7.482165353222705e-13 
551.1 	 7.467651203456872e-13 
552.1 	 7.453060286244027e-13 
553.1 	 7.438387778981635e-13 
554.1 	 7.423629011387423e-13 
555.1 	 7.408779463713186e-13 
556.1 	 7.393834764975602e-13 
557.1 	 7.378790691214507e-13 
558.1 	 7.363643163741387e-13 
559.1 	 7.348388247413665e-13 
560.1 	 7.333022148916046e-13 
561.1 	 7.317541215047526e-13 
562.1 	 7.301941931018787e-13 
563.1 	 7.286220918757348e-13 
564.1 	 7.270374935231624e-13 
565.1 	 7.254400870751758e-13 
566.1 	 7.238295747318995e-13 
567.1 	 7.222056716944158e-13 
568.1 	 7.205681059983695e-13 
569.1 	 7.189166183490594e-13 
570.1 	 7.172509619554965e-13 
571.1 	 7.155709023666386e-13 
572.1 	 7.138762173049502e-13 
573.1 	 7.121666965048998e-13 
574.1 	 7.104421415465888e-13 
575.1 	 7.087023656937597e-13 
576.1 	 7.069471937309581e-13 
577.1 	 7.051764617993989e-13 
578.1 	 7.033900172351907e-13 
579.1 	 7.015877184067521e-13 
580.1 	 6.997694345523922e-13 
581.1 	 6.979350456195789e-13 
582.1 	 6.960844421013621e-13 
583.1 	 6.94217524877104e-13 
584.1 	 6.923342050495285e-13 
585.1 	 6.904344037851861e-13 
586.1 	 6.885180521528499e-13 
587.1 	 6.865850909627507e-13 
588.1 	 6.846354706086222e-13 
589.1 	 6.826691509050206e-13 
590.1 	 6.806861009296641e-13 
591.1 	 6.786862988626988e-13 
592.1 	 6.766697318292217e-13 
593.1 	 6.746363957394722e-13 
594.1 	 6.725862951312974e-13 
595.1 	 6.705194430110312e-13 
596.1 	 6.684358606973441e-13 
597.1 	 6.663355776628834e-13 
598.1 	 6.642186313781772e-13 
599.1 	 6.620850671549154e-13 
600.1 	 6.599349379906477e-13 
601.1 	 6.577683044121713e-13 
602.1 	 6.555852343222582e-13 
603.1 	 6.533858028437161e-13 
604.1 	 6.511700921670294e-13 
605.1 	 6.489381913960651e-13 
606.1 	 6.466901963959757e-13 
607.1 	 6.444262096406753e-13 
608.1 	 6.421463400619493e-13 
609.1 	 6.398507028988529e-13 
610.1 	 6.375394195475987e-13 
611.1 	 6.352126174118797e-13 
612.1 	 6.328704297549287e-13 
613.1 	 6.30512995551854e-13 
614.1 	 6.281404593421574e-13 
615.1 	 6.257529710840577e-13 
616.1 	 6.233506860095519e-13 
617.1 	 6.209337644792478e-13 
618.1 	 6.185023718399198e-13 
619.1 	 6.160566782809928e-13 
620.1 	 6.135968586939538e-13 
621.1 	 6.111230925312675e-13 
622.1 	 6.086355636666201e-13 
623.1 	 6.061344602569868e-13 
624.1 	 6.036199746047449e-13 
625.1 	 6.010923030212189e-13 
626.1 	 5.985516456918476e-13 
627.1 	 5.959982065412326e-13 
628.1 	 5.934321931007598e-13 
629.1 	 5.908538163765038e-13 
630.1 	 5.882632907184363e-13 
631.1 	 5.856608336909394e-13 
632.1 	 5.830466659446649e-13 
633.1 	 5.804210110895183e-13 
634.1 	 5.777840955683848e-13 
635.1 	 5.751361485334553e-13 
636.1 	 5.724774017226182e-13 
637.1 	 5.698080893373443e-13 
638.1 	 5.671284479223566e-13 
639.1 	 5.644387162468315e-13 
640.1 	 5.617391351856871e-13 
641.1 	 5.590299476040231e-13 
642.1 	 5.563113982412511e-13 
643.1 	 5.535837335982014e-13 
644.1 	 5.508472018241909e-13 
645.1 	 5.481020526065332e-13 
646.1 	 5.453485370610921e-13 
647.1 	 5.425869076244729e-13 
648.1 	 5.398174179473065e-13 
649.1 	 5.370403227894155e-13 
650.1 	 5.342558779162435e-13 
651.1 	 5.314643399969292e-13 
652.1 	 5.286659665035127e-13 
653.1 	 5.258610156122178e-13 
654.1 	 5.230497461057521e-13 
655.1 	 5.202324172772577e-13 
656.1 	 5.174092888361232e-13 
657.1 	 5.145806208145874e-13 
658.1 	 5.117466734766579e-13 
659.1 	 5.089077072281953e-13 
660.1 	 5.060639825281366e-13 
661.1 	 5.032157598025856e-13 
662.1 	 5.003632993585229e-13 
663.1 	 4.97506861300692e-13 
664.1 	 4.94646705449296e-13 
665.1 	 4.917830912591996e-13 
666.1 	 4.889162777412608e-13 
667.1 	 4.86046523384062e-13 
668.1 	 4.831740860786188e-13 
669.1 	 4.802992230434117e-13 
670.1 	 4.774221907517265e-13 
671.1 	 4.745432448600954e-13 
672.1 	 4.716626401384955e-13 
673.1 	 4.687806304019267e-13 
674.1 	 4.658974684436603e-13 
675.1 	 4.630134059698973e-13 
676.1 	 4.601286935359418e-13 
677.1 	 4.572435804839327e-13 
678.1 	 4.5435831488191603e-13 
679.1 	 4.514731434648213e-13 
680.1 	 4.4858831157624514e-13 
681.1 	 4.4570406311244054e-13 
682.1 	 4.428206404672666e-13 
683.1 	 4.3993828447881315e-13 
684.1 	 4.370572343772976e-13 
685.1 	 4.3417772773483775e-13 
686.1 	 4.3130000041600737e-13 
687.1 	 4.2842428653032214e-13 
688.1 	 4.2555081838612707e-13 
689.1 	 4.2267982644532497e-13 
690.1 	 4.198115392804587e-13 
691.1 	 4.1694618353198297e-13 
692.1 	 4.1408398386824087e-13 
693.1 	 4.1122516294536713e-13 
694.1 	 4.0836994136991867e-13 
695.1 	 4.055185376616921e-13 
696.1 	 4.0267116821869727e-13 
697.1 	 3.9982804728288315e-13 
698.1 	 3.9698938690740734e-13 
699.1 	 3.941553969252213e-13 
700.1 	 3.9132628491872604e-13 
701.1 	 3.8850225619088314e-13 
702.1 	 3.8568351373757563e-13 
703.1 	 3.828702582207536e-13 
704.1 	 3.800626879435275e-13 
705.1 	 3.772609988259399e-13 
706.1 	 3.7446538438185123e-13 
707.1 	 3.7167603569746654e-13 
708.1 	 3.688931414106425e-13 
709.1 	 3.6611688769116443e-13 
710.1 	 3.6334745822292164e-13 
711.1 	 3.605850341861745e-13 
712.1 	 3.5782979424166106e-13 
713.1 	 3.5508191451559826e-13 
714.1 	 3.5234156858529133e-13 
715.1 	 3.4960892746666995e-13 
716.1 	 3.4688415960197864e-13 
717.1 	 3.441674308490788e-13 
718.1 	 3.4145890447127756e-13 
719.1 	 3.387587411285861e-13 
720.1 	 3.360670988697851e-13 
721.1 	 3.333841331250948e-13 
722.1 	 3.307099967004383e-13 
723.1 	 3.280448397719913e-13 
724.1 	 3.253888098820289e-13 
725.1 	 3.227420519355237e-13 
726.1 	 3.2010470819753027e-13 
727.1 	 3.1747691829166764e-13 
728.1 	 3.1485881919914575e-13 
729.1 	 3.122505452588298e-13 
730.1 	 3.0965222816797686e-13 
731.1 	 3.0706399698389773e-13 
732.1 	 3.0448597812621033e-13 
733.1 	 3.0191829538002156e-13 
734.1 	 2.993610698997884e-13 
735.1 	 2.9681442021382166e-13 
736.1 	 2.942784622297115e-13 
737.1 	 2.917533092401208e-13 
738.1 	 2.892390719296597e-13 
739.1 	 2.8673585838206296e-13 
740.1 	 2.842437740882455e-13 
741.1 	 2.81762921954896e-13 
742.1 	 2.792934023136537e-13 
743.1 	 2.768353129310574e-13 
744.1 	 2.743887490188362e-13 
745.1 	 2.719538032449637e-13 
746.1 	 2.6953056574528853e-13 
747.1 	 2.6711912413541393e-13 
748.1 	 2.647195635235936e-13 
749.1 	 2.623319665236301e-13 
750.1 	 2.5995641326865383e-13 
751.1 	 2.5759298142522236e-13 
752.1 	 2.552417462078576e-13 
753.1 	 2.529027803941754e-13 
754.1 	 2.5057615434038553e-13 
755.1 	 2.4826193599707993e-13 
756.1 	 2.4596019092576255e-13 
757.1 	 2.43670982315482e-13 
758.1 	 2.4139437100001416e-13 
759.1 	 2.391304154753597e-13 
760.1 	 2.368791719175755e-13 
761.1 	 2.3464069420112024e-13 
762.1 	 2.3241503391727604e-13 
763.1 	 2.3020224039315653e-13 
764.1 	 2.2800236071082776e-13 
765.1 	 2.2581543972687642e-13 
766.1 	 2.2364152009213587e-13 
767.1 	 2.2148064227181494e-13 
768.1 	 2.193328445657953e-13 
769.1 	 2.1719816312924284e-13 
770.1 	 2.1507663199336494e-13 
771.1 	 2.1296828308662224e-13 
772.1 	 2.1087314625582534e-13 
773.1 	 2.0879124928772234e-13 
774.1 	 2.0672261793068954e-13 
775.1 	 2.0466727591651094e-13 
776.1 	 2.026252449825477e-13 
777.1 	 2.0059654489383314e-13 
778.1 	 1.9858119346550559e-13 
779.1 	 1.965792065852885e-13 
780.1 	 1.9459059823616864e-13 
781.1 	 1.9261538051910957e-13 
782.1 	 1.9065356367600843e-13 
783.1 	 1.8870515611262543e-13 
784.1 	 1.8677016442172935e-13 
785.1 	 1.8484859340622604e-13 
786.1 	 1.8294044610246673e-13 
787.1 	 1.8104572380356072e-13 
788.1 	 1.7916442608271633e-13 
789.1 	 1.7729655081679407e-13 
790.1 	 1.7544209420969672e-13 
791.1 	 1.7360105081594717e-13 
792.1 	 1.7177341356423628e-13 
793.1 	 1.6995917378100373e-13 
794.1 	 1.6815832121404066e-13 
795.1 	 1.6637084405605822e-13 
796.1 	 1.6459672896836128e-13 
797.1 	 1.6283596110433705e-13 
798.1 	 1.610885241331257e-13 
799.1 	 1.5935440026311602e-13 
800.1 	 1.576335702654958e-13 
801.1 	 1.5592601349777853e-13 
802.1 	 1.542317079271719e-13 
803.1 	 1.5255063015408417e-13 
804.1 	 1.5088275543538137e-13 
805.1 	 1.4922805770775858e-13 
806.1 	 1.4758650961091342e-13 
807.1 	 1.4595808251070988e-13 
808.1 	 1.443427465223011e-13 
809.1 	 1.4274047053305415e-13 
810.1 	 1.4115122222554776e-13 
811.1 	 1.3957496810032235e-13 
812.1 	 1.380116734986371e-13 
813.1 	 1.364613026250726e-13 
814.1 	 1.349238185700923e-13 
815.1 	 1.3339918333237908e-13 
816.1 	 1.3188735784117472e-13 
817.1 	 1.3038830197844257e-13 
818.1 	 1.2890197460090925e-13 
819.1 	 1.2742833356197904e-13 
820.1 	 1.2596733573353573e-13 
821.1 	 1.2451893702759483e-13 
822.1 	 1.2308309241780716e-13 
823.1 	 1.2165975596084395e-13 
824.1 	 1.2024888081763955e-13 
825.1 	 1.1885041927442785e-13 
826.1 	 1.1746432276372343e-13 
827.1 	 1.160905418850618e-13 
828.1 	 1.1472902642560946e-13 
829.1 	 1.1337972538066026e-13 
830.1 	 1.1204258697387972e-13 
831.1 	 1.1071755867746416e-13 
832.1 	 1.0940458723208764e-13 
833.1 	 1.0810361866669179e-13 
834.1 	 1.0681459831810904e-13 
835.1 	 1.0553747085048691e-13 
836.1 	 1.0427218027458102e-13 
837.1 	 1.03018669966802e-13 
838.1 	 1.0177688268815403e-13 
839.1 	 1.0054676060295579e-13 
840.1 	 9.93282452973574e-14 
841.1 	 9.812127779770982e-14 
842.1 	 9.692579858874181e-14 
843.1 	 9.574174763150536e-14 
844.1 	 9.456906438121158e-14 
845.1 	 9.340768780478444e-14 
846.1 	 9.225755639829953e-14 
847.1 	 9.111860820418458e-14 
848.1 	 8.999078082823837e-14 
849.1 	 8.887401145645751e-14 
850.1 	 8.776823687168224e-14 
851.1 	 8.66733934700083e-14 
852.1 	 8.558941727703022e-14 
853.1 	 8.451624396389397e-14 
854.1 	 8.345380886312836e-14 
855.1 	 8.240204698429354e-14 
856.1 	 8.136089302943144e-14 
857.1 	 8.033028140830379e-14 
858.1 	 7.931014625344406e-14 
859.1 	 7.830042143502204e-14 
860.1 	 7.73010405754656e-14 
861.1 	 7.631193706394554e-14 
862.1 	 7.533304407059842e-14 
863.1 	 7.43642945606053e-14 
864.1 	 7.340562130802852e-14 
865.1 	 7.245695690948168e-14 
866.1 	 7.151823379757445e-14 
867.1 	 7.058938425418996e-14 
868.1 	 6.967034042353457e-14 
869.1 	 6.876103432500877e-14 
870.1 	 6.786139786588168e-14 
871.1 	 6.697136285375476e-14 
872.1 	 6.609086100885353e-14 
873.1 	 6.521982397609998e-14 
874.1 	 6.435818333700748e-14 
875.1 	 6.350587062137403e-14 
876.1 	 6.266281731879904e-14 
877.1 	 6.182895488997057e-14 
878.1 	 6.10042147778154e-14 
879.1 	 6.01885284184101e-14 
880.1 	 5.938182725173375e-14 
881.1 	 5.858404273221841e-14 
882.1 	 5.779510633911397e-14 
883.1 	 5.701494958667652e-14 
884.1 	 5.624350403415931e-14 
885.1 	 5.54807012956266e-14 
886.1 	 5.4726473049582225e-14 
887.1 	 5.398075104842063e-14 
888.1 	 5.3243467127692e-14 
889.1 	 5.251455321518555e-14 
890.1 	 5.1793941339856515e-14 
891.1 	 5.108156364053733e-14 
892.1 	 5.037735237451458e-14 
893.1 	 4.968123992590045e-14 
894.1 	 4.8993158813852076e-14 
895.1 	 4.8313041700609685e-14 
896.1 	 4.7640821399365696e-14 
897.1 	 4.6976430881960046e-14 
898.1 	 4.631980328642655e-14 
899.1 	 4.567087192435184e-14 
900.1 	 4.502957028807708e-14 
901.1 	 4.439583205775275e-14 
902.1 	 4.3769591108196404e-14 
903.1 	 4.315078151563344e-14 
904.1 	 4.2539337564247934e-14 
905.1 	 4.193519375258172e-14 
906.1 	 4.133828479979677e-14 
907.1 	 4.0748545651758477e-14 
908.1 	 4.016591148697629e-14 
909.1 	 3.959031772241656e-14 
910.1 	 3.9021700019114274e-14 
911.1 	 3.845999428769554e-14 
912.1 	 3.790513669370809e-14 
913.1 	 3.735706366283624e-14 
914.1 	 3.6815711885960895e-14 
915.1 	 3.6281018324077916e-14 
916.1 	 3.575292021307785e-14 
917.1 	 3.523135506839687e-14 
918.1 	 3.471626068951632e-14 
919.1 	 3.4207575164335126e-14 
920.1 	 3.3705236873413366e-14 
921.1 	 3.32091844940772e-14 
922.1 	 3.2719357004392574e-14 
923.1 	 3.2235693687025124e-14 
924.1 	 3.175813413295011e-14 
925.1 	 3.128661824506146e-14 
926.1 	 3.08210862416366e-14 
927.1 	 3.036147865969583e-14 
928.1 	 2.990773635823357e-14 
929.1 	 2.9459800521333017e-14 
930.1 	 2.901761266115928e-14 
931.1 	 2.8581114620846455e-14 
932.1 	 2.815024857726271e-14 
933.1 	 2.7724957043669893e-14 
934.1 	 2.7305182872266742e-14 
935.1 	 2.689086925662617e-14 
936.1 	 2.648195973402705e-14 
937.1 	 2.6078398187676957e-14 
938.1 	 2.5680128848831894e-14 
939.1 	 2.5287096298815902e-14 
940.1 	 2.4899245470937784e-14 
941.1 	 2.4516521652305414e-14 
942.1 	 2.413887048554863e-14 
943.1 	 2.3766237970441456e-14 
944.1 	 2.339857046543329e-14 
945.1 	 2.30358146890781e-14 
946.1 	 2.2677917721387484e-14 
947.1 	 2.2324827005074258e-14 
948.1 	 2.1976490346726534e-14 
949.1 	 2.1632855917882844e-14 
950.1 	 2.129387225602026e-14 
951.1 	 2.095948826546922e-14 
952.1 	 2.062965321823439e-14 
953.1 	 2.0304316754742957e-14 
954.1 	 1.998342888450609e-14 
955.1 	 1.9666939986705304e-14 
956.1 	 1.935480081070501e-14 
957.1 	 1.904696247648138e-14 
958.1 	 1.8743376474987447e-14 
959.1 	 1.844399466843719e-14 
960.1 	 1.8148769290520865e-14 
961.1 	 1.7857652946552732e-14 
962.1 	 1.7570598613547033e-14 
963.1 	 1.728755964023054e-14 
964.1 	 1.7008489746981714e-14 
965.1 	 1.6733343025716505e-14 
966.1 	 1.6462073939700554e-14 
967.1 	 1.6194637323303926e-14 
968.1 	 1.5930988381699112e-14 
969.1 	 1.567108269049047e-14 
970.1 	 1.541487619529179e-14 
971.1 	 1.5162325211249626e-14 
972.1 	 1.4913386422500474e-14 
973.1 	 1.466801688158745e-14 
974.1 	 1.4426174008812415e-14 
975.1 	 1.4187815591540863e-14 
976.1 	 1.3952899783456186e-14 
977.1 	 1.3721385103764869e-14 
978.1 	 1.349323043634852e-14 
979.1 	 1.3268395028877388e-14 
980.1 	 1.3046838491868141e-14 
981.1 	 1.2828520797701705e-14 
982.1 	 1.2613402279599422e-14 
983.1 	 1.240144363055035e-14 
984.1 	 1.2192605902201543e-14 
985.1 	 1.1986850503704657e-14 
986.1 	 1.1784139200527266e-14 
987.1 	 1.1584434113218388e-14 
988.1 	 1.1387697716144897e-14 
989.1 	 1.1193892836185034e-14 
990.1 	 1.1002982651391292e-14 
991.1 	 1.081493068961213e-14 
992.1 	 1.0629700827088535e-14 
993.1 	 1.0447257287011458e-14 
994.1 	 1.0267564638050731e-14 
995.1 	 1.0090587792852279e-14 
996.1 	 9.916292006508206e-15 
997.1 	 9.74464287499109e-15 
998.1 	 9.575606333570013e-15 
999.1 	 9.409148655192374e-15 
1000.1 	 9.245236448841538e-15 
1001.0 	 9.099864513508556e-15 
