energy 	 rate 
0.1 	 1.4741971938085855e-14 
1.1 	 3.576129437478867e-12 
2.1 	 1.9202842097490655e-11 
3.1 	 5.407245971352646e-11 
4.1 	 1.1395590888483052e-10 
5.1 	 2.0336599199854696e-10 
6.1 	 3.2569436391872976e-10 
7.1 	 4.833376918786966e-10 
8.1 	 6.778136937330983e-10 
9.1 	 9.098677113719188e-10 
10.1 	 1.1795704396135127e-09 
11.1 	 1.4864073961961306e-09 
12.1 	 1.8293606854987531e-09 
13.1 	 2.2069835772671222e-09 
14.1 	 2.6174683918273012e-09 
15.1 	 3.0587081549674643e-09 
16.1 	 3.5283524587921735e-09 
17.1 	 4.023857939338238e-09 
18.1 	 4.542533757525879e-09 
19.1 	 5.081582447044374e-09 
20.1 	 5.638136470981247e-09 
21.1 	 6.209290808343969e-09 
22.1 	 6.792131872041263e-09 
23.1 	 7.383763041337384e-09 
24.1 	 7.981327074219645e-09 
25.1 	 8.582025648480887e-09 
26.1 	 9.183136264571041e-09 
27.1 	 9.782026728372847e-09 
28.1 	 1.0376167417966557e-08 
29.1 	 1.0963141525127875e-08 
30.1 	 1.1540653449716042e-08 
31.1 	 1.2106535513219133e-08 
32.1 	 1.2658753146497908e-08 
33.1 	 1.319540869617516e-08 
34.1 	 1.3714743984123691e-08 
35.1 	 1.4215141745083435e-08 
36.1 	 1.4695126058557886e-08 
37.1 	 1.5153361882775623e-08 
38.1 	 1.558865379062794e-08 
39.1 	 1.5999944000083707e-08 
40.1 	 1.6386309784614376e-08 
41.1 	 1.6746960342612507e-08 
42.1 	 1.7081233198635067e-08 
43.1 	 1.738859020352732e-08 
44.1 	 1.76686131950651e-08 
45.1 	 1.7920999375673282e-08 
46.1 	 1.8145556459019267e-08 
47.1 	 1.834219763282444e-08 
48.1 	 1.851093638106854e-08 
49.1 	 1.8651881204865088e-08 
50.1 	 1.8765230277646673e-08 
51.1 	 1.8851266066902662e-08 
52.1 	 1.891034995154488e-08 
53.1 	 1.8942916861027023e-08 
54.1 	 1.8949469959598604e-08 
55.1 	 1.893057539652195e-08 
56.1 	 1.888685714071144e-08 
57.1 	 1.8818991916056112e-08 
58.1 	 1.8727704251650493e-08 
59.1 	 1.8613761659275353e-08 
60.1 	 1.8477969948729217e-08 
61.1 	 1.8321168690006548e-08 
62.1 	 1.8144226829839912e-08 
63.1 	 1.794803846876411e-08 
64.1 	 1.7733518803612408e-08 
65.1 	 1.7501600239212866e-08 
66.1 	 1.7253228672008546e-08 
67.1 	 1.6989359947372417e-08 
68.1 	 1.6710956491523914e-08 
69.1 	 1.6418984118166424e-08 
70.1 	 1.6114409009258387e-08 
71.1 	 1.5798194868688515e-08 
72.1 	 1.5471300247054553e-08 
73.1 	 1.5134676035231173e-08 
74.1 	 1.478926312395824e-08 
75.1 	 1.4435990226278107e-08 
76.1 	 1.4075771859297893e-08 
77.1 	 1.3709506481444557e-08 
78.1 	 1.3338074781117985e-08 
79.1 	 1.2962338112418397e-08 
80.1 	 1.2583137073437818e-08 
81.1 	 1.2201290222447529e-08 
82.1 	 1.1817592927188847e-08 
83.1 	 1.1432816342378034e-08 
84.1 	 1.1047706510463487e-08 
85.1 	 1.0662983580628221e-08 
86.1 	 1.0279341141003886e-08 
87.1 	 9.89744565905665e-09 
88.1 	 9.51793602511873e-09 
89.1 	 9.141423194066375e-09 
90.1 	 8.768489920189452e-09 
91.1 	 8.39969058035384e-09 
92.1 	 8.03555108062637e-09 
93.1 	 7.6765688416101e-09 
94.1 	 7.323212857826673e-09 
95.1 	 6.975923826579467e-09 
96.1 	 6.63511434183295e-09 
97.1 	 6.301169148755049e-09 
98.1 	 5.974445454684245e-09 
99.1 	 5.6552732924020204e-09 
100.1 	 5.3439559317152575e-09 
101.1 	 5.0407703354784505e-09 
102.1 	 4.745967656316401e-09 
103.1 	 4.459773770435662e-09 
104.1 	 4.182389845046552e-09 
105.1 	 3.9139929360485755e-09 
106.1 	 3.6547366127659564e-09 
107.1 	 3.4047516066505205e-09 
108.1 	 3.164146481001084e-09 
109.1 	 2.933008318881657e-09 
110.1 	 2.7114034265445578e-09 
111.1 	 2.4993780497998954e-09 
112.1 	 2.2969591008911233e-09 
113.1 	 2.1041548935663488e-09 
114.1 	 1.920955884152783e-09 
115.1 	 1.7473354165648597e-09 
116.1 	 1.5832504692860911e-09 
117.1 	 1.4286424024909364e-09 
118.1 	 1.2834377035678994e-09 
119.1 	 1.1475487294295981e-09 
120.1 	 1.0208744440871146e-09 
121.1 	 9.033011500784635e-10 
122.1 	 7.947032124313701e-10 
123.1 	 6.949437739429971e-10 
124.1 	 6.038754606477234e-10 
125.1 	 5.213410764352378e-10 
126.1 	 4.4717428586571526e-10 
127.1 	 3.8120028431453803e-10 
128.1 	 3.2323645465471614e-10 
129.1 	 2.7309300976538216e-10 
130.1 	 2.3057362022560339e-10 
131.1 	 1.9547602662424904e-10 
132.1 	 1.6759263598223943e-10 
133.1 	 1.4671110185059785e-10 
134.1 	 1.3261488770401637e-10 
135.1 	 1.250838133126337e-10 
136.1 	 1.2389458382770907e-10 
137.1 	 1.2882130136737944e-10 
138.1 	 1.3963595894361355e-10 
139.1 	 1.5610891661255432e-10 
140.1 	 1.780093597781439e-10 
141.1 	 2.051057396225364e-10 
142.1 	 2.3716619566935323e-10 
143.1 	 2.7395896053011237e-10 
144.1 	 3.152527469168345e-10 
145.1 	 3.608171170302023e-10 
146.1 	 4.1042283447423886e-10 
147.1 	 4.638421988633299e-10 
148.1 	 5.208493633253227e-10 
149.1 	 5.812206351206062e-10 
150.1 	 6.447347596199653e-10 
151.1 	 7.11173187911291e-10 
152.1 	 7.8032032831177e-10 
153.1 	 8.519637820931193e-10 
154.1 	 9.258945637269066e-10 
155.1 	 1.00190730598793e-09 
156.1 	 1.079800450249934e-09 
157.1 	 1.1593764223292001e-09 
158.1 	 1.2404417942385126e-09 
159.1 	 1.3228074322190698e-09 
160.1 	 1.4062886314283544e-09 
161.1 	 1.4907052376659734e-09 
162.1 	 1.5758817565280392e-09 
163.1 	 1.6616474503747504e-09 
164.1 	 1.7478364235132094e-09 
165.1 	 1.8342876959827932e-09 
166.1 	 1.920845266346896e-09 
167.1 	 2.0073581638827768e-09 
168.1 	 2.093680490565696e-09 
169.1 	 2.1796714532479303e-09 
170.1 	 2.265195386411335e-09 
171.1 	 2.350121765902653e-09 
172.1 	 2.4343252140170262e-09 
173.1 	 2.5176854963294452e-09 
174.1 	 2.6000875106393198e-09 
175.1 	 2.681421268411469e-09 
176.1 	 2.7615818690722426e-09 
177.1 	 2.840469467530116e-09 
178.1 	 2.9179892352724975e-09 
179.1 	 2.9940513153922393e-09 
180.1 	 3.068570771879937e-09 
181.1 	 3.1414675335285836e-09 
182.1 	 3.2126663327682623e-09 
183.1 	 3.282096639761485e-09 
184.1 	 3.349692592068134e-09 
185.1 	 3.4153929201853533e-09 
186.1 	 3.479140869265018e-09 
187.1 	 3.540884117249474e-09 
188.1 	 3.6005746897771295e-09 
189.1 	 3.658168872053205e-09 
190.1 	 3.7136271171567566e-09 
191.1 	 3.766913953304586e-09 
192.1 	 3.817997888779886e-09 
193.1 	 3.866851314382537e-09 
194.1 	 3.913450404491868e-09 
195.1 	 3.957775015317034e-09 
196.1 	 3.999808583104688e-09 
197.1 	 4.039538021615496e-09 
198.1 	 4.076953615878679e-09 
199.1 	 4.112048919594106e-09 
200.1 	 4.1448206510487616e-09 
201.1 	 4.17526858776922e-09 
202.1 	 4.203395460928118e-09 
203.1 	 4.22920684860089e-09 
204.1 	 4.2527110707067906e-09 
205.1 	 4.27391908495078e-09 
206.1 	 4.29284438224347e-09 
207.1 	 4.309502882662919e-09 
208.1 	 4.3239128313679104e-09 
209.1 	 4.3360946952839814e-09 
210.1 	 4.346071062875513e-09 
211.1 	 4.3538665437742285e-09 
212.1 	 4.359507669349062e-09 
213.1 	 4.363022794495471e-09 
214.1 	 4.364442000732785e-09 
215.1 	 4.363797000689006e-09 
216.1 	 4.361121044051268e-09 
217.1 	 4.35644882504735e-09 
218.1 	 4.349816391523185e-09 
219.1 	 4.341261055678774e-09 
220.1 	 4.330821306514018e-09 
221.1 	 4.318536724028123e-09 
222.1 	 4.304447895230887e-09 
223.1 	 4.288596331988565e-09 
224.1 	 4.2710243907509786e-09 
225.1 	 4.251775194189924e-09 
226.1 	 4.230892554769668e-09 
227.1 	 4.208420900280299e-09 
228.1 	 4.184405201347197e-09 
229.1 	 4.15889090093275e-09 
230.1 	 4.131923845852978e-09 
231.1 	 4.103550220297243e-09 
232.1 	 4.073816481378565e-09 
233.1 	 4.042769296702534e-09 
234.1 	 4.010455483960869e-09 
235.1 	 3.9769219525454884e-09 
236.1 	 3.942215647176666e-09 
237.1 	 3.906383493537385e-09 
238.1 	 3.869472345904355e-09 
239.1 	 3.8315289367618134e-09 
240.1 	 3.792599828381939e-09 
241.1 	 3.752731366361179e-09 
242.1 	 3.711969635083497e-09 
243.1 	 3.6703604150997055e-09 
244.1 	 3.6279491423953115e-09 
245.1 	 3.584780869524261e-09 
246.1 	 3.5409002285837986e-09 
247.1 	 3.4963513960056257e-09 
248.1 	 3.4511780591294347e-09 
249.1 	 3.4054233845384453e-09 
250.1 	 3.359129988121077e-09 
251.1 	 3.31233990682918e-09 
252.1 	 3.265094572100816e-09 
253.1 	 3.217434784916568e-09 
254.1 	 3.169400692454397e-09 
255.1 	 3.1210317663103114e-09 
256.1 	 3.0723667822473558e-09 
257.1 	 3.0234438014404863e-09 
258.1 	 2.9743001531862687e-09 
259.1 	 2.924972419028332e-09 
260.1 	 2.8754964182778493e-09 
261.1 	 2.825907194882598e-09 
262.1 	 2.776239005613309e-09 
263.1 	 2.7265253095233757e-09 
264.1 	 2.6767987586591145e-09 
265.1 	 2.6270911899671957e-09 
266.1 	 2.577433618373639e-09 
267.1 	 2.5278562309975326e-09 
268.1 	 2.4783883824540575e-09 
269.1 	 2.4290585912219737e-09 
270.1 	 2.3798945370331642e-09 
271.1 	 2.3309230592452573e-09 
272.1 	 2.2821701561728765e-09 
273.1 	 2.2336609853291245e-09 
274.1 	 2.1854198645509545e-09 
275.1 	 2.1374702739729016e-09 
276.1 	 2.0898348588111253e-09 
277.1 	 2.0425354329278897e-09 
278.1 	 1.9955929831402383e-09 
279.1 	 1.949027674244709e-09 
280.1 	 1.902858854720045e-09 
281.1 	 1.8571050630800365e-09 
282.1 	 1.81178403484276e-09 
283.1 	 1.76691271008814e-09 
284.1 	 1.7225072415718806e-09 
285.1 	 1.6785830033664954e-09 
286.1 	 1.635154599998741e-09 
287.1 	 1.5922358760609071e-09 
288.1 	 1.5498399262576544e-09 
289.1 	 1.5079791058747334e-09 
290.1 	 1.466665041630385e-09 
291.1 	 1.4259086428905434e-09 
292.1 	 1.385720113220316e-09 
293.1 	 1.3461089622500315e-09 
294.1 	 1.3070840178241915e-09 
295.1 	 1.2686534384195047e-09 
296.1 	 1.2308247258032908e-09 
297.1 	 1.1936047379082949e-09 
298.1 	 1.1569997019110339e-09 
299.1 	 1.1210152274812408e-09 
300.1 	 1.0856563201918218e-09 
301.1 	 1.0509273950661183e-09 
302.1 	 1.0168322902394733e-09 
303.1 	 9.83374280723465e-10 
304.1 	 9.505560922517184e-10 
305.1 	 9.183799151891114e-10 
306.1 	 8.86847418489645e-10 
307.1 	 8.559597636857481e-10 
308.1 	 8.257176188960958e-10 
309.1 	 7.961211728318737e-10 
310.1 	 7.671701487933844e-10 
311.1 	 7.388638186392306e-10 
312.1 	 7.11201016717919e-10 
313.1 	 6.841801537445905e-10 
314.1 	 6.577992306170563e-10 
315.1 	 6.320558521539649e-10 
316.1 	 6.069472407492869e-10 
317.1 	 5.824702499283584e-10 
318.1 	 5.586213777979089e-10 
319.1 	 5.353967803790563e-10 
320.1 	 5.127922848174326e-10 
321.1 	 4.908034024573206e-10 
322.1 	 4.694253417761127e-10 
323.1 	 4.4865302116979464e-10 
324.1 	 4.284810815803384e-10 
325.1 	 4.0890389896124686e-10 
326.1 	 3.899155965756986e-10 
327.1 	 3.7151005711672177e-10 
328.1 	 3.536809346500507e-10 
329.1 	 3.364216663690817e-10 
330.1 	 3.1972548415908833e-10 
331.1 	 3.035854259726254e-10 
332.1 	 2.8799434699874523e-10 
333.1 	 2.729449306357046e-10 
334.1 	 2.5842969925769175e-10 
335.1 	 2.444410247711517e-10 
336.1 	 2.3097113896327961e-10 
337.1 	 2.1801214363576914e-10 
338.1 	 2.055560205242138e-10 
339.1 	 1.9359464100110156e-10 
340.1 	 1.8211977556048116e-10 
341.1 	 1.711231030822748e-10 
342.1 	 1.605962198800911e-10 
343.1 	 1.505306485236968e-10 
344.1 	 1.4091784644309475e-10 
345.1 	 1.317492143109412e-10 
346.1 	 1.2301610420302334e-10 
347.1 	 1.1470982753879233e-10 
348.1 	 1.0682166280112472e-10 
349.1 	 9.934286303413533e-11 
350.1 	 9.226466312522503e-11 
351.1 	 8.557828686830892e-11 
352.1 	 7.927495380757574e-11 
353.1 	 7.334588586994369e-11 
354.1 	 6.778231378105355e-11 
355.1 	 6.257548326931769e-11 
356.1 	 5.771666106068263e-11 
357.1 	 5.3197140664877454e-11 
358.1 	 4.90082479525801e-11 
359.1 	 4.514134653274896e-11 
360.1 	 4.1587842925777734e-11 
361.1 	 3.83391915357607e-11 
362.1 	 3.53868994290738e-11 
363.1 	 3.272253091630131e-11 
364.1 	 3.033771194246593e-11 
365.1 	 2.822413429050175e-11 
366.1 	 2.637355959553328e-11 
367.1 	 2.4777823178224814e-11 
368.1 	 2.342883769749605e-11 
369.1 	 2.231859662551054e-11 
370.1 	 2.1439177548188e-11 
371.1 	 2.078274529636516e-11 
372.1 	 2.0341554907544676e-11 
373.1 	 2.0107954424038425e-11 
374.1 	 2.0074387527873458e-11 
375.1 	 2.0233396020403127e-11 
376.1 	 2.057762214513158e-11 
377.1 	 2.1099810758989963e-11 
378.1 	 2.1792811355900395e-11 
379.1 	 2.2649579946201043e-11 
380.1 	 2.366318079259472e-11 
381.1 	 2.4826788009366635e-11 
382.1 	 2.61336870273903e-11 
383.1 	 2.757727592540819e-11 
384.1 	 2.915106663421048e-11 
385.1 	 3.084868601841749e-11 
386.1 	 3.266387683194408e-11 
387.1 	 3.459049855969666e-11 
388.1 	 3.662252814167704e-11 
389.1 	 3.875406058774313e-11 
390.1 	 4.0979309481649084e-11 
391.1 	 4.329260738213256e-11 
392.1 	 4.5688406120101866e-11 
393.1 	 4.81612769994425e-11 
394.1 	 5.0705910900506584e-11 
395.1 	 5.331711829231991e-11 
396.1 	 5.5989829153895683e-11 
397.1 	 5.871909281170444e-11 
398.1 	 6.150007769236292e-11 
399.1 	 6.432807099493858e-11 
400.1 	 6.719847828679748e-11 
401.1 	 7.010682302462877e-11 
402.1 	 7.304874600521731e-11 
403.1 	 7.602000474408566e-11 
404.1 	 7.901647279332253e-11 
405.1 	 8.203413899169552e-11 
406.1 	 8.50691066578017e-11 
407.1 	 8.81175927225135e-11 
408.1 	 9.117592680863601e-11 
409.1 	 9.424055025704987e-11 
410.1 	 9.730801510202765e-11 
411.1 	 1.0037498300060623e-10 
412.1 	 1.0343822411503887e-10 
413.1 	 1.0649461595325631e-10 
414.1 	 1.0954114216963036e-10 
415.1 	 1.1257489132588696e-10 
416.1 	 1.1559305561673057e-10 
417.1 	 1.185929295626074e-10 
418.1 	 1.215719086690781e-10 
419.1 	 1.2452748805723015e-10 
420.1 	 1.2745726106809282e-10 
421.1 	 1.3035891783817996e-10 
422.1 	 1.3323024385479646e-10 
423.1 	 1.3606911848742183e-10 
424.1 	 1.3887351349947617e-10 
425.1 	 1.416414915422908e-10 
426.1 	 1.4437120463345728e-10 
427.1 	 1.4706089261804036e-10 
428.1 	 1.4970888161985026e-10 
429.1 	 1.523135824777213e-10 
430.1 	 1.548734891761098e-10 
431.1 	 1.5738717726313515e-10 
432.1 	 1.5985330226291106e-10 
433.1 	 1.622705980854691e-10 
434.1 	 1.6463787542701765e-10 
435.1 	 1.6695402017164876e-10 
436.1 	 1.6921799178942612e-10 
437.1 	 1.7142882173539542e-10 
438.1 	 1.7358561184719238e-10 
439.1 	 1.7568753274817692e-10 
440.1 	 1.7773382224963622e-10 
441.1 	 1.7972378376039916e-10 
442.1 	 1.816567847000057e-10 
443.1 	 1.835322549187443e-10 
444.1 	 1.853496851238435e-10 
445.1 	 1.8710862531545607e-10 
446.1 	 1.888086832294011e-10 
447.1 	 1.9044952279191604e-10 
448.1 	 1.9203086258247882e-10 
449.1 	 1.9355247431069616e-10 
450.1 	 1.950141813029492e-10 
451.1 	 1.9641585700262202e-10 
452.1 	 1.9775742348478658e-10 
453.1 	 1.9903884998247428e-10 
454.1 	 2.002601514300871e-10 
455.1 	 2.0142138702046604e-10 
456.1 	 2.0252265877818356e-10 
457.1 	 2.035641101492354e-10 
458.1 	 2.0454592460646526e-10 
459.1 	 2.054683242742023e-10 
460.1 	 2.063315685673142e-10 
461.1 	 2.0713595285147045e-10 
462.1 	 2.0788180711973258e-10 
463.1 	 2.0856949468786374e-10 
464.1 	 2.091994109095809e-10 
465.1 	 2.0977198191012136e-10 
466.1 	 2.1028766333949993e-10 
467.1 	 2.1074693914607585e-10 
468.1 	 2.1115032036900118e-10 
469.1 	 2.114983439518843e-10 
470.1 	 2.117915715756611e-10 
471.1 	 2.1203058851324075e-10 
472.1 	 2.1221600250360725e-10 
473.1 	 2.1234844264704155e-10 
474.1 	 2.1242855832078244e-10 
475.1 	 2.1245701811649586e-10 
476.1 	 2.1243450879771822e-10 
477.1 	 2.1236173427796692e-10 
478.1 	 2.1223941462161224e-10 
479.1 	 2.120682850631186e-10 
480.1 	 2.1184909504960664e-10 
481.1 	 2.1158260730295823e-10 
482.1 	 2.1126959690311934e-10 
483.1 	 2.109108503924896e-10 
484.1 	 2.1050716490122522e-10 
485.1 	 2.100593472923275e-10 
486.1 	 2.0956821332827552e-10 
487.1 	 2.090345868579703e-10 
488.1 	 2.0845929902382113e-10 
489.1 	 2.0784318748886694e-10 
490.1 	 2.0718709568495088e-10 
491.1 	 2.0649187207980726e-10 
492.1 	 2.0575836946441446e-10 
493.1 	 2.0498744426074768e-10 
494.1 	 2.0417995584710956e-10 
495.1 	 2.0333676590486764e-10 
496.1 	 2.02458737783165e-10 
497.1 	 2.0154673588256214e-10 
498.1 	 2.0060162505802216e-10 
499.1 	 1.9962427003962906e-10 
500.1 	 1.986155348721462e-10 
501.1 	 1.9757628237256129e-10 
502.1 	 1.9650737360524868e-10 
503.1 	 1.9540966737515716e-10 
504.1 	 1.942840197379991e-10 
505.1 	 1.931312835277394e-10 
506.1 	 1.9195230790114086e-10 
507.1 	 1.907479378986579e-10 
508.1 	 1.8951901402201975e-10 
509.1 	 1.8826637182806755e-10 
510.1 	 1.869908415378843e-10 
511.1 	 1.8569324766232003e-10 
512.1 	 1.843744086424279e-10 
513.1 	 1.8303513650525128e-10 
514.1 	 1.8167623653440346e-10 
515.1 	 1.8029850695528596e-10 
516.1 	 1.789027386343054e-10 
517.1 	 1.7748971479292086e-10 
518.1 	 1.7606021073438606e-10 
519.1 	 1.7461499358547025e-10 
520.1 	 1.7315482204980808e-10 
521.1 	 1.7168044617556315e-10 
522.1 	 1.7019260713502767e-10 
523.1 	 1.6869203701715316e-10 
524.1 	 1.671794586320887e-10 
525.1 	 1.6565558532735298e-10 
526.1 	 1.6412112081621318e-10 
527.1 	 1.6257675901723016e-10 
528.1 	 1.6102318390463702e-10 
529.1 	 1.5946106936992324e-10 
530.1 	 1.578910790942973e-10 
531.1 	 1.5631386643041635e-10 
532.1 	 1.5473007429578254e-10 
533.1 	 1.5314033507431033e-10 
534.1 	 1.5154527052916712e-10 
535.1 	 1.499454917230922e-10 
536.1 	 1.4834159894958192e-10 
537.1 	 1.4673418167171124e-10 
538.1 	 1.451238184700137e-10 
539.1 	 1.4351107699868367e-10 
540.1 	 1.4189651394956355e-10 
541.1 	 1.402806750247148e-10 
542.1 	 1.3866409491588445e-10 
543.1 	 1.3704729729148603e-10 
544.1 	 1.3543079479132546e-10 
545.1 	 1.3381508902789735e-10 
546.1 	 1.3220067059377098e-10 
547.1 	 1.3058801907672618e-10 
548.1 	 1.289776030805638e-10 
549.1 	 1.2736988025139074e-10 
550.1 	 1.2576529731111407e-10 
551.1 	 1.2416429009516395e-10 
552.1 	 1.225672835966491e-10 
553.1 	 1.209746920155607e-10 
554.1 	 1.1938691881275438e-10 
555.1 	 1.1780435676880516e-10 
556.1 	 1.1622738804805435e-10 
557.1 	 1.1465638426640472e-10 
558.1 	 1.1309170656388663e-10 
559.1 	 1.115337056812358e-10 
560.1 	 1.0998272204027926e-10 
561.1 	 1.084390858284189e-10 
562.1 	 1.0690311708595531e-10 
563.1 	 1.0537512579789304e-10 
564.1 	 1.0385541198816682e-10 
565.1 	 1.0234426581711101e-10 
566.1 	 1.0084196768224728e-10 
567.1 	 9.934878832138144e-11 
568.1 	 9.786498891869656e-11 
569.1 	 9.639082121299577e-11 
570.1 	 9.492652760868555e-11 
571.1 	 9.347234128839479e-11 
572.1 	 9.202848632829998e-11 
573.1 	 9.059517781477339e-11 
574.1 	 8.9172621963351e-11 
575.1 	 8.776101623891635e-11 
576.1 	 8.636054947766595e-11 
577.1 	 8.497140201036351e-11 
578.1 	 8.359374578712123e-11 
579.1 	 8.2227744503032e-11 
580.1 	 8.087355372508277e-11 
581.1 	 7.953132101997088e-11 
582.1 	 7.820118608275188e-11 
583.1 	 7.688328086634108e-11 
584.1 	 7.557772971131907e-11 
585.1 	 7.428464947671189e-11 
586.1 	 7.300414967113478e-11 
587.1 	 7.1736332583934e-11 
588.1 	 7.048129341710961e-11 
589.1 	 6.92391204168586e-11 
590.1 	 6.800989500588086e-11 
591.1 	 6.679369191508806e-11 
592.1 	 6.55905793155968e-11 
593.1 	 6.44006189505615e-11 
594.1 	 6.322386626648652e-11 
595.1 	 6.206037054479635e-11 
596.1 	 6.091017503255257e-11 
597.1 	 5.97733170729181e-11 
598.1 	 5.864982823544061e-11 
599.1 	 5.75397344450651e-11 
600.1 	 5.6443056111549856e-11 
601.1 	 5.535980825721339e-11 
602.1 	 5.429000064457168e-11 
603.1 	 5.323363790324216e-11 
604.1 	 5.2190719655515327e-11 
605.1 	 5.116124064181324e-11 
606.1 	 5.014519084436973e-11 
607.1 	 4.914255561079367e-11 
608.1 	 4.8153315776082684e-11 
609.1 	 4.717744778373741e-11 
610.1 	 4.621492380591651e-11 
611.1 	 4.5265711862359824e-11 
612.1 	 4.4329775938304686e-11 
613.1 	 4.340707610090363e-11 
614.1 	 4.249756861489179e-11 
615.1 	 4.160120605673862e-11 
616.1 	 4.0717937427441194e-11 
617.1 	 3.984770826437677e-11 
618.1 	 3.89904607513873e-11 
619.1 	 3.8146133828085835e-11 
620.1 	 3.731466329716011e-11 
621.1 	 3.64959819309382e-11 
622.1 	 3.56900195759729e-11 
623.1 	 3.489670325677741e-11 
624.1 	 3.4115957277561236e-11 
625.1 	 3.334770332308156e-11 
626.1 	 3.2591860557613296e-11 
627.1 	 3.1848345722620485e-11 
628.1 	 3.111707323303111e-11 
629.1 	 3.0397955271916984e-11 
630.1 	 2.9690901883628516e-11 
631.1 	 2.899582106560985e-11 
632.1 	 2.8312618858577347e-11 
633.1 	 2.7641199435231754e-11 
634.1 	 2.698146518737931e-11 
635.1 	 2.6333316811722658e-11 
636.1 	 2.5696653393922817e-11 
637.1 	 2.507137249134696e-11 
638.1 	 2.4457370213993003e-11 
639.1 	 2.3854541304365996e-11 
640.1 	 2.3262779215395347e-11 
641.1 	 2.2681976187030405e-11 
642.1 	 2.2112023321356698e-11 
643.1 	 2.155281065623105e-11 
644.1 	 2.1004227237185225e-11 
645.1 	 2.046616118821118e-11 
646.1 	 1.9938499780671307e-11 
647.1 	 1.942112950113023e-11 
648.1 	 1.891393611725733e-11 
649.1 	 1.8416804742691622e-11 
650.1 	 1.7929619900289727e-11 
651.1 	 1.745226558371713e-11 
652.1 	 1.6984625318013228e-11 
653.1 	 1.6526582218463474e-11 
654.1 	 1.607801904800989e-11 
655.1 	 1.563881827351353e-11 
656.1 	 1.52088621204146e-11 
657.1 	 1.4788032626026052e-11 
658.1 	 1.437621169167562e-11 
659.1 	 1.3973281133170486e-11 
660.1 	 1.3579122730193274e-11 
661.1 	 1.3193618274189932e-11 
662.1 	 1.2816649615126063e-11 
663.1 	 1.24480987067684e-11 
664.1 	 1.2087847650861189e-11 
665.1 	 1.173577873978264e-11 
666.1 	 1.1391774498264555e-11 
667.1 	 1.1055717723636466e-11 
668.1 	 1.0727491524945941e-11 
669.1 	 1.0406979360855444e-11 
670.1 	 1.0094065076354982e-11 
671.1 	 9.788632938293184e-12 
672.1 	 9.490567669779694e-12 
673.1 	 9.199754483363485e-12 
674.1 	 8.916079113208677e-12 
675.1 	 8.639427846098751e-12 
676.1 	 8.369687551268396e-12 
677.1 	 8.10674570934785e-12 
678.1 	 7.850490440089339e-12 
679.1 	 7.600810529104801e-12 
680.1 	 7.357595453594057e-12 
681.1 	 7.120735407075511e-12 
682.1 	 6.890121323043295e-12 
683.1 	 6.665644897780008e-12 
684.1 	 6.447198612116752e-12 
685.1 	 6.2346757522737485e-12 
686.1 	 6.027970429810664e-12 
687.1 	 5.826977600631004e-12 
688.1 	 5.631593083122228e-12 
689.1 	 5.441713575418103e-12 
690.1 	 5.257236671806887e-12 
691.1 	 5.07806087828426e-12 
692.1 	 4.904085627327591e-12 
693.1 	 4.735211291816841e-12 
694.1 	 4.571339198198215e-12 
695.1 	 4.41237163884858e-12 
696.1 	 4.258211883722119e-12 
697.1 	 4.1087641912194915e-12 
698.1 	 3.9639338183604905e-12 
699.1 	 3.823627030215282e-12 
700.1 	 3.687751108719482e-12 
701.1 	 3.5562143606815803e-12 
702.1 	 3.4289261252787318e-12 
703.1 	 3.305796780802859e-12 
704.1 	 3.1867377508218836e-12 
705.1 	 3.07166150971158e-12 
706.1 	 2.9604815875929423e-12 
707.1 	 2.8531125747005934e-12 
708.1 	 2.749470125156779e-12 
709.1 	 2.6494709601809303e-12 
710.1 	 2.553032870801855e-12 
711.1 	 2.4600747200343358e-12 
712.1 	 2.370516444481593e-12 
713.1 	 2.284279055536713e-12 
714.1 	 2.201284640017674e-12 
715.1 	 2.121456360388508e-12 
716.1 	 2.044718454457288e-12 
717.1 	 1.970996234729165e-12 
718.1 	 1.9002160872465692e-12 
719.1 	 1.83230546999211e-12 
720.1 	 1.7671929110237992e-12 
721.1 	 1.7048080060419182e-12 
722.1 	 1.6450814156717987e-12 
723.1 	 1.5879448624019882e-12 
724.1 	 1.533331127125409e-12 
725.1 	 1.4811740452772603e-12 
726.1 	 1.4314085027599073e-12 
727.1 	 1.3839704314987756e-12 
728.1 	 1.338796804631679e-12 
729.1 	 1.295825631473358e-12 
730.1 	 1.2549959521668108e-12 
731.1 	 1.2162478320603985e-12 
732.1 	 1.179522355784414e-12 
733.1 	 1.1447616211528965e-12 
734.1 	 1.111908732702095e-12 
735.1 	 1.0809077951109886e-12 
736.1 	 1.0517039063277262e-12 
737.1 	 1.0242431504821066e-12 
738.1 	 9.984725906079988e-13 
739.1 	 9.74340261177328e-13 
740.1 	 9.517951604027198e-13 
741.1 	 9.30787242409077e-13 
742.1 	 9.112674092160125e-13 
743.1 	 8.931875025240603e-13 
744.1 	 8.765002954072446e-13 
745.1 	 8.611594838141195e-13 
746.1 	 8.471196779304682e-13 
747.1 	 8.343363934589857e-13 
748.1 	 8.227660427118869e-13 
749.1 	 8.123659256285344e-13 
750.1 	 8.030942206801104e-13 
751.1 	 7.94909975655912e-13 
752.1 	 7.877730983792133e-13 
753.1 	 7.816443473229999e-13 
754.1 	 7.764853221378828e-13 
755.1 	 7.722584541306748e-13 
756.1 	 7.689269966390825e-13 
757.1 	 7.664550153857152e-13 
758.1 	 7.648073787391977e-13 
759.1 	 7.639497479663096e-13 
760.1 	 7.638485673901376e-13 
761.1 	 7.644710545578781e-13 
762.1 	 7.657851903297886e-13 
763.1 	 7.677597090014081e-13 
764.1 	 7.70364088342398e-13 
765.1 	 7.735685396469865e-13 
766.1 	 7.77343997760002e-13 
767.1 	 7.816621111416645e-13 
768.1 	 7.864952318283791e-13 
769.1 	 7.91816405510216e-13 
770.1 	 7.975993615294073e-13 
771.1 	 8.038185029383812e-13 
772.1 	 8.104488965353991e-13 
773.1 	 8.174662629417206e-13 
774.1 	 8.24846966696331e-13 
775.1 	 8.325680063685682e-13 
776.1 	 8.406070047084041e-13 
777.1 	 8.489421988037949e-13 
778.1 	 8.575524303188055e-13 
779.1 	 8.664171357236741e-13 
780.1 	 8.755163366074025e-13 
781.1 	 8.848306299869301e-13 
782.1 	 8.943411787137873e-13 
783.1 	 9.040297018965208e-13 
784.1 	 9.138784653927157e-13 
785.1 	 9.238702723457294e-13 
786.1 	 9.339884537875381e-13 
787.1 	 9.442168593023896e-13 
788.1 	 9.545398477372198e-13 
789.1 	 9.649422780001276e-13 
790.1 	 9.754094999065822e-13 
791.1 	 9.85927345098606e-13 
792.1 	 9.964821180490204e-13 
793.1 	 1.007060587112676e-12 
794.1 	 1.0176499756655211e-12 
795.1 	 1.028237953323945e-12 
796.1 	 1.0388126272349937e-12 
797.1 	 1.0493625334329714e-12 
798.1 	 1.0598766283070503e-12 
799.1 	 1.0703442801130563e-12 
800.1 	 1.080755260595418e-12 
801.1 	 1.0910997366806927e-12 
802.1 	 1.1013682622549344e-12 
803.1 	 1.1115517700341166e-12 
804.1 	 1.1216415635086108e-12 
805.1 	 1.1316293089919483e-12 
806.1 	 1.141507027737154e-12 
807.1 	 1.1512670881627455e-12 
808.1 	 1.160902198151772e-12 
809.1 	 1.1704053974567967e-12 
810.1 	 1.179770050174038e-12 
811.1 	 1.1889898373304745e-12 
812.1 	 1.1980587495533234e-12 
813.1 	 1.206971079825694e-12 
814.1 	 1.2157214163500108e-12 
815.1 	 1.2243046354802974e-12 
816.1 	 1.2327158947848323e-12 
817.1 	 1.2409506261559468e-12 
818.1 	 1.2490045290465379e-12 
819.1 	 1.256873563794957e-12 
820.1 	 1.264553945025893e-12 
821.1 	 1.2720421351632904e-12 
822.1 	 1.2793348380363953e-12 
823.1 	 1.286428992558951e-12 
824.1 	 1.2933217665259014e-12 
825.1 	 1.3000105504882338e-12 
826.1 	 1.3064929517295374e-12 
827.1 	 1.3127667883256814e-12 
828.1 	 1.3188300833042513e-12 
829.1 	 1.3246810588911628e-12 
830.1 	 1.3303181308604269e-12 
831.1 	 1.3357399029507724e-12 
832.1 	 1.3409451614092342e-12 
833.1 	 1.3459328695866578e-12 
834.1 	 1.3507021626547675e-12 
835.1 	 1.3552523423920082e-12 
836.1 	 1.359582872068846e-12 
837.1 	 1.3636933714249764e-12 
838.1 	 1.3675836117226528e-12 
839.1 	 1.3712535108947844e-12 
840.1 	 1.374703128783965e-12 
841.1 	 1.3779326624592404e-12 
842.1 	 1.380942441625332e-12 
843.1 	 1.3837329241158743e-12 
844.1 	 1.386304691462271e-12 
845.1 	 1.3886584445665912e-12 
846.1 	 1.3907949994335514e-12 
847.1 	 1.3927152830007892e-12 
848.1 	 1.3944203290502608e-12 
849.1 	 1.3959112741877098e-12 
850.1 	 1.3971893539215446e-12 
851.1 	 1.3982558988017101e-12 
852.1 	 1.3991123306540566e-12 
853.1 	 1.3997601588805125e-12 
854.1 	 1.4002009768424236e-12 
855.1 	 1.40043645831771e-12 
856.1 	 1.4004683540340698e-12 
857.1 	 1.400298488283109e-12 
858.1 	 1.3999287555935744e-12 
859.1 	 1.3993611174886116e-12 
860.1 	 1.3985975993212272e-12 
861.1 	 1.3976402871595217e-12 
862.1 	 1.3964913247671e-12 
863.1 	 1.395152910636385e-12 
864.1 	 1.3936272950936996e-12 
865.1 	 1.3919167774809483e-12 
866.1 	 1.3900237033923809e-12 
867.1 	 1.3879504619851627e-12 
868.1 	 1.385699483353669e-12 
869.1 	 1.3832732359635242e-12 
870.1 	 1.3806742241589096e-12 
871.1 	 1.3779049857226676e-12 
872.1 	 1.374968089501879e-12 
873.1 	 1.3718661330984103e-12 
874.1 	 1.3686017406106289e-12 
875.1 	 1.365177560442132e-12 
876.1 	 1.3615962631673385e-12 
877.1 	 1.3578605394498123e-12 
878.1 	 1.3539730980213493e-12 
879.1 	 1.3499366637162729e-12 
880.1 	 1.3457539755593882e-12 
881.1 	 1.3414277849080463e-12 
882.1 	 1.3369608536490918e-12 
883.1 	 1.3323559524430871e-12 
884.1 	 1.3276158590269037e-12 
885.1 	 1.3227433565599944e-12 
886.1 	 1.3177412320255954e-12 
887.1 	 1.3126122746787095e-12 
888.1 	 1.3073592745387303e-12 
889.1 	 1.3019850209361767e-12 
890.1 	 1.2964923011000668e-12 
891.1 	 1.2908838987920573e-12 
892.1 	 1.2851625929860836e-12 
893.1 	 1.279331156593536e-12 
894.1 	 1.2733923552269095e-12 
895.1 	 1.2673489460102977e-12 
896.1 	 1.2612036764262975e-12 
897.1 	 1.2549592832114372e-12 
898.1 	 1.2486184912824497e-12 
899.1 	 1.24218401270746e-12 
900.1 	 1.235658545715918e-12 
901.1 	 1.2290447737408975e-12 
902.1 	 1.2223453645032716e-12 
903.1 	 1.2155629691315423e-12 
904.1 	 1.2087002213128148e-12 
905.1 	 1.2017597364844514e-12 
906.1 	 1.1947441110554233e-12 
907.1 	 1.187655921661259e-12 
908.1 	 1.180497724454068e-12 
909.1 	 1.173272054420133e-12 
910.1 	 1.1659814247336812e-12 
911.1 	 1.1586283261379805e-12 
912.1 	 1.1512152263556136e-12 
913.1 	 1.1437445695288024e-12 
914.1 	 1.13621877568976e-12 
915.1 	 1.1286402402569254e-12 
916.1 	 1.1210113335584677e-12 
917.1 	 1.113334400381145e-12 
918.1 	 1.1056117595497182e-12 
919.1 	 1.0978457035258781e-12 
920.1 	 1.0900384980357007e-12 
921.1 	 1.0821923817179756e-12 
922.1 	 1.0743095658005416e-12 
923.1 	 1.0663922337942686e-12 
924.1 	 1.0584425412124538e-12 
925.1 	 1.0504626153127665e-12 
926.1 	 1.042454554856624e-12 
927.1 	 1.0344204298923006e-12 
928.1 	 1.0263622815586115e-12 
929.1 	 1.0182821219043434e-12 
930.1 	 1.0101819337306082e-12 
931.1 	 1.002063670449585e-12 
932.1 	 9.939292559616203e-13 
933.1 	 9.85780584551101e-13 
934.1 	 9.7761952079616e-13 
935.1 	 9.69447899497958e-13 
936.1 	 9.612675256255176e-13 
937.1 	 9.530801742743004e-13 
938.1 	 9.44887590640577e-13 
939.1 	 9.366914900120035e-13 
940.1 	 9.28493557770605e-13 
941.1 	 9.202954494095974e-13 
942.1 	 9.120987905644776e-13 
943.1 	 9.039051770555254e-13 
944.1 	 8.957161749444881e-13 
945.1 	 8.875333206026992e-13 
946.1 	 8.793581207887886e-13 
947.1 	 8.711920527410462e-13 
948.1 	 8.630365642783612e-13 
949.1 	 8.548930739119862e-13 
950.1 	 8.467629709681469e-13 
951.1 	 8.38647615719686e-13 
952.1 	 8.305483395265994e-13 
953.1 	 8.224664449874076e-13 
954.1 	 8.144032060969056e-13 
955.1 	 8.063598684141236e-13 
956.1 	 7.983376492375116e-13 
957.1 	 7.903377377873843e-13 
958.1 	 7.823612953963059e-13 
959.1 	 7.744094557065204e-13 
960.1 	 7.664833248743883e-13 
961.1 	 7.585839817797657e-13 
962.1 	 7.507124782445063e-13 
963.1 	 7.428698392528137e-13 
964.1 	 7.350570631808462e-13 
965.1 	 7.272751220298138e-13 
966.1 	 7.195249616647653e-13 
967.1 	 7.118075020571912e-13 
968.1 	 7.041236375332465e-13 
969.1 	 6.964742370263694e-13 
970.1 	 6.888601443328345e-13 
971.1 	 6.812821783717932e-13 
972.1 	 6.73741133449531e-13 
973.1 	 6.662377795255211e-13 
974.1 	 6.587728624832354e-13 
975.1 	 6.513471044031967e-13 
976.1 	 6.439612038378147e-13 
977.1 	 6.366158360908832e-13 
978.1 	 6.293116534970864e-13 
979.1 	 6.220492857054903e-13 
980.1 	 6.148293399635889e-13 
981.1 	 6.076524014040698e-13 
982.1 	 6.005190333325574e-13 
983.1 	 5.934297775168125e-13 
984.1 	 5.863851544777771e-13 
985.1 	 5.793856637806403e-13 
986.1 	 5.724317843276113e-13 
987.1 	 5.655239746514231e-13 
988.1 	 5.586626732087958e-13 
989.1 	 5.518482986750983e-13 
990.1 	 5.45081250238744e-13 
991.1 	 5.383619078962271e-13 
992.1 	 5.316906327468315e-13 
993.1 	 5.250677672873643e-13 
994.1 	 5.184936357067911e-13 
995.1 	 5.119685441804507e-13 
996.1 	 5.0549278116378e-13 
997.1 	 4.990666176854168e-13 
998.1 	 4.926903076398305e-13 
999.1 	 4.863640880790407e-13 
1000.1 	 4.800881795034502e-13 
1001.0 	 4.74483046812101e-13 
