energy 	 rate 
0.1 	 1.2258999587779551e-09 
1.1 	 1.2996127658425102e-08 
2.1 	 2.391844727316967e-08 
3.1 	 3.4048127516223607e-08 
4.1 	 4.343680819198458e-08 
5.1 	 5.213273713037877e-08 
6.1 	 6.018099232197173e-08 
7.1 	 6.762369011253452e-08 
8.1 	 7.450018027012195e-08 
9.1 	 8.084722869429785e-08 
10.1 	 8.669918849583457e-08 
11.1 	 9.208816013592259e-08 
12.1 	 9.704414127656641e-08 
13.1 	 1.015951669583247e-07 
14.1 	 1.0576744068779629e-07 
15.1 	 1.0958545698517796e-07 
16.1 	 1.130721159117502e-07 
17.1 	 1.1624883006820967e-07 
18.1 	 1.191356245272931e-07 
19.1 	 1.21751230138057e-07 
20.1 	 1.2411317061443108e-07 
21.1 	 1.2623784379718565e-07 
22.1 	 1.2814059745618524e-07 
23.1 	 1.2983579997868874e-07 
24.1 	 1.3133690626944463e-07 
25.1 	 1.326565191693636e-07 
26.1 	 1.3380644668158804e-07 
27.1 	 1.3479775527676177e-07 
28.1 	 1.3564081953319548e-07 
29.1 	 1.3634536835237688e-07 
30.1 	 1.3692052797584876e-07 
31.1 	 1.373748620158335e-07 
32.1 	 1.3771640869907862e-07 
33.1 	 1.3795271551120446e-07 
34.1 	 1.3809087141730812e-07 
35.1 	 1.3813753682369184e-07 
36.1 	 1.3809897143530574e-07 
37.1 	 1.3798106015378857e-07 
38.1 	 1.3778933715183565e-07 
39.1 	 1.3752900825098443e-07 
40.1 	 1.3720497172176516e-07 
41.1 	 1.368218376174877e-07 
42.1 	 1.3638394574570332e-07 
43.1 	 1.3589538237456736e-07 
44.1 	 1.3535999576491967e-07 
45.1 	 1.3478141061286185e-07 
46.1 	 1.3416304148193663e-07 
47.1 	 1.3350810529867776e-07 
48.1 	 1.3281963298028267e-07 
49.1 	 1.3210048025845007e-07 
50.1 	 1.3135333775900127e-07 
51.1 	 1.3058074039275124e-07 
52.1 	 1.297850761092037e-07 
53.1 	 1.2896859406099233e-07 
54.1 	 1.2813341222356954e-07 
55.1 	 1.2728152451144136e-07 
56.1 	 1.264148074292461e-07 
57.1 	 1.2553502629317172e-07 
58.1 	 1.2464384105558063e-07 
59.1 	 1.2374281176326173e-07 
60.1 	 1.228334036774392e-07 
61.1 	 1.2191699208153218e-07 
62.1 	 1.2099486680066668e-07 
63.1 	 1.20068236455083e-07 
64.1 	 1.1913823246785462e-07 
65.1 	 1.1820591284572238e-07 
66.1 	 1.172722657503511e-07 
67.1 	 1.163382128759265e-07 
68.1 	 1.1540461264771331e-07 
69.1 	 1.1447226325500232e-07 
70.1 	 1.1354190553075836e-07 
71.1 	 1.1261422568925305e-07 
72.1 	 1.1168985793201394e-07 
73.1 	 1.1076938693154014e-07 
74.1 	 1.0985335020142104e-07 
75.1 	 1.0894224036074398e-07 
76.1 	 1.080365072999856e-07 
77.1 	 1.0713656025494252e-07 
78.1 	 1.062427697946741e-07 
79.1 	 1.0535546972889017e-07 
80.1 	 1.0447495893972193e-07 
81.1 	 1.0360150314236615e-07 
82.1 	 1.0273533657867463e-07 
83.1 	 1.0187666364738621e-07 
84.1 	 1.0102566047435288e-07 
85.1 	 1.0018247642579794e-07 
86.1 	 9.934723556736095e-08 
87.1 	 9.852003807142141e-08 
88.1 	 9.77009615749635e-08 
89.1 	 9.689006249003208e-08 
90.1 	 9.608737726863509e-08 
91.1 	 9.52929236237832e-08 
92.1 	 9.450670170819729e-08 
93.1 	 9.37286952520819e-08 
94.1 	 9.295887266123621e-08 
95.1 	 9.219718807666856e-08 
96.1 	 9.144358239678337e-08 
97.1 	 9.069798426312053e-08 
98.1 	 8.996031101056058e-08 
99.1 	 8.923046958283464e-08 
100.1 	 8.850835741412976e-08 
101.1 	 8.7793863277525e-08 
102.1 	 8.708686810095589e-08 
103.1 	 8.638724575136802e-08 
104.1 	 8.569486378768871e-08 
105.1 	 8.500958418322509e-08 
106.1 	 8.433126401807144e-08 
107.1 	 8.365975614209536e-08 
108.1 	 8.299490980905949e-08 
109.1 	 8.233657128242267e-08 
110.1 	 8.168458441336192e-08 
111.1 	 8.103879119154502e-08 
112.1 	 8.039903226918722e-08 
113.1 	 7.976514745892034e-08 
114.1 	 7.91369762060031e-08 
115.1 	 7.851435803540259e-08 
116.1 	 7.78971329742808e-08 
117.1 	 7.728514195041899e-08 
118.1 	 7.667822716712034e-08 
119.1 	 7.607623245513066e-08 
120.1 	 7.547900360212561e-08 
121.1 	 7.48863886603096e-08 
122.1 	 7.429823823268454e-08 
123.1 	 7.371440573854132e-08 
124.1 	 7.313474765873572e-08 
125.1 	 7.255912376131281e-08 
126.1 	 7.198739730804429e-08 
127.1 	 7.141943524244675e-08 
128.1 	 7.085510835985251e-08 
129.1 	 7.029429146010131e-08 
130.1 	 6.973686348342668e-08 
131.1 	 6.91827076301066e-08 
132.1 	 6.863171146444978e-08 
133.1 	 6.808376700368973e-08 
134.1 	 6.753877079234872e-08 
135.1 	 6.699662396264372e-08 
136.1 	 6.645723228149061e-08 
137.1 	 6.592050618466837e-08 
138.1 	 6.538636079869739e-08 
139.1 	 6.485471595097835e-08 
140.1 	 6.432549616873923e-08 
141.1 	 6.379863066732355e-08 
142.1 	 6.327405332835539e-08 
143.1 	 6.27517026683007e-08 
144.1 	 6.22315217979445e-08 
145.1 	 6.171345837329024e-08 
146.1 	 6.119746453837858e-08 
147.1 	 6.068349686052592e-08 
148.1 	 6.017151625844609e-08 
149.1 	 5.96614879237479e-08 
150.1 	 5.9153381236250717e-08 
151.1 	 5.86471696735844e-08 
152.1 	 5.8142830715501686e-08 
153.1 	 5.764034574334359e-08 
154.1 	 5.71396999350654e-08 
155.1 	 5.6640882156239435e-08 
156.1 	 5.614388484742523e-08 
157.1 	 5.5648703908290296e-08 
158.1 	 5.515533857885843e-08 
159.1 	 5.4663791318239624e-08 
160.1 	 5.417406768119457e-08 
161.1 	 5.368617619286786e-08 
162.1 	 5.320012822201351e-08 
163.1 	 5.271593785302729e-08 
164.1 	 5.223362175708402e-08 
165.1 	 5.175319906266871e-08 
166.1 	 5.1274691225775955e-08 
167.1 	 5.079812190004657e-08 
168.1 	 5.032351680708787e-08 
169.1 	 4.985090360722451e-08 
170.1 	 4.9380311770902545e-08 
171.1 	 4.891177245096912e-08 
172.1 	 4.844531835603743e-08 
173.1 	 4.7980983625121276e-08 
174.1 	 4.7518803703736417e-08 
175.1 	 4.705881522163009e-08 
176.1 	 4.660105587231718e-08 
177.1 	 4.6145564294557006e-08 
178.1 	 4.569237995592948e-08 
179.1 	 4.52415430386343e-08 
180.1 	 4.479309432763856e-08 
181.1 	 4.4347075101283694e-08 
182.1 	 4.3903527024461715e-08 
183.1 	 4.3462492044449576e-08 
184.1 	 4.302401228948885e-08 
185.1 	 4.258812997019479e-08 
186.1 	 4.215488728385265e-08 
187.1 	 4.172432632167364e-08 
188.1 	 4.1296488979059044e-08 
189.1 	 4.087141686515689e-08 
190.1 	 4.044915119452589e-08 
191.1 	 4.002973272261953e-08 
192.1 	 3.9613201681735473e-08 
193.1 	 3.919959770695068e-08 
194.1 	 3.8788959762204934e-08 
195.1 	 3.838132602307805e-08 
196.1 	 3.797673382315682e-08 
197.1 	 3.757521963879725e-08 
198.1 	 3.717681903224337e-08 
199.1 	 3.6781566596359236e-08 
200.1 	 3.6389495902492117e-08 
201.1 	 3.600063945146544e-08 
202.1 	 3.5615028627659494e-08 
203.1 	 3.523269365615086e-08 
204.1 	 3.4853663562875976e-08 
205.1 	 3.447796613777963e-08 
206.1 	 3.410562790090537e-08 
207.1 	 3.3736674071377886e-08 
208.1 	 3.337112853923638e-08 
209.1 	 3.3009013840059956e-08 
210.1 	 3.265035113233466e-08 
211.1 	 3.229516017750764e-08 
212.1 	 3.194345932266448e-08 
213.1 	 3.159526548577477e-08 
214.1 	 3.1250594143441055e-08 
215.1 	 3.090945932109067e-08 
216.1 	 3.057187358553719e-08 
217.1 	 3.023784803985862e-08 
218.1 	 2.99073923205122e-08 
219.1 	 2.9580514596623607e-08 
220.1 	 2.925722157138271e-08 
221.1 	 2.8937518485474584e-08 
222.1 	 2.862140912246988e-08 
223.1 	 2.8308895816113252e-08 
224.1 	 2.799997945944006e-08 
225.1 	 2.7694659515632132e-08 
226.1 	 2.739293403057009e-08 
227.1 	 2.709479964698227e-08 
228.1 	 2.680025162014415e-08 
229.1 	 2.6509283835041704e-08 
230.1 	 2.6221888824933234e-08 
231.1 	 2.59380577912439e-08 
232.1 	 2.565778062472488e-08 
233.1 	 2.5381045927791357e-08 
234.1 	 2.510784103800374e-08 
235.1 	 2.4838152052593373e-08 
236.1 	 2.4571963853988916e-08 
237.1 	 2.430926013626432e-08 
238.1 	 2.405002343245516e-08 
239.1 	 2.379423514267487e-08 
240.1 	 2.3541875562965708e-08 
241.1 	 2.3292923914836572e-08 
242.1 	 2.304735837540748e-08 
243.1 	 2.280515610812801e-08 
244.1 	 2.256629329398758e-08 
245.1 	 2.2330745163181306e-08 
246.1 	 2.209848602716551e-08 
247.1 	 2.1869489311055968e-08 
248.1 	 2.16437275863119e-08 
249.1 	 2.1421172603663155e-08 
250.1 	 2.1201795326220533e-08 
251.1 	 2.098556596273605e-08 
252.1 	 2.0772454000953344e-08 
253.1 	 2.0562428241013097e-08 
254.1 	 2.0355456828864602e-08 
255.1 	 2.0151507289648507e-08 
256.1 	 1.9950546561003217e-08 
257.1 	 1.9752541026256556e-08 
258.1 	 1.955745654747913e-08 
259.1 	 1.9365258498338488e-08 
260.1 	 1.917591179674615e-08 
261.1 	 1.89893809372448e-08 
262.1 	 1.880563002311671e-08 
263.1 	 1.8624622798173812e-08 
264.1 	 1.8446322678210207e-08 
265.1 	 1.8270692782082057e-08 
266.1 	 1.8097695962392905e-08 
267.1 	 1.7927294835757304e-08 
268.1 	 1.7759451812623655e-08 
269.1 	 1.7594129126629718e-08 
270.1 	 1.7431288863473934e-08 
271.1 	 1.72708929892805e-08 
272.1 	 1.7112903378442202e-08 
273.1 	 1.695728184091975e-08 
274.1 	 1.6803990148992612e-08 
275.1 	 1.6652990063433418e-08 
276.1 	 1.6504243359100698e-08 
277.1 	 1.6357711849938224e-08 
278.1 	 1.621335741336482e-08 
279.1 	 1.6071142014051116e-08 
280.1 	 1.593102772706936e-08 
281.1 	 1.5792976760405055e-08 
282.1 	 1.5656951476844755e-08 
283.1 	 1.5522914415193275e-08 
284.1 	 1.5390828310865734e-08 
285.1 	 1.5260656115804465e-08 
286.1 	 1.5132361017752062e-08 
287.1 	 1.5005906458855928e-08 
288.1 	 1.4881256153615854e-08 
289.1 	 1.475837410616653e-08 
290.1 	 1.4637224626899855e-08 
291.1 	 1.4517772348424774e-08 
292.1 	 1.4399982240870975e-08 
293.1 	 1.4283819626531268e-08 
294.1 	 1.416925019385173e-08 
295.1 	 1.4056240010770934e-08 
296.1 	 1.394475553741633e-08 
297.1 	 1.383476363815345e-08 
298.1 	 1.3726231593004167e-08 
299.1 	 1.3619127108433143e-08 
300.1 	 1.3513418327509336e-08 
301.1 	 1.3409073839453206e-08 
302.1 	 1.3306062688574821e-08 
303.1 	 1.3204354382607433e-08 
304.1 	 1.3103918900454016e-08 
305.1 	 1.3004726699341321e-08 
306.1 	 1.290674872140664e-08 
307.1 	 1.2809956399710998e-08 
308.1 	 1.2714321663701563e-08 
309.1 	 1.2619816944126442e-08 
310.1 	 1.2526415177408211e-08 
311.1 	 1.2434089809498412e-08 
312.1 	 1.2342814799214361e-08 
313.1 	 1.2252564621067242e-08 
314.1 	 1.2163314267606716e-08 
315.1 	 1.2075039251274772e-08 
316.1 	 1.1987715605789784e-08 
317.1 	 1.1901319887081816e-08 
318.1 	 1.1815829173767093e-08 
319.1 	 1.1731221067194052e-08 
320.1 	 1.1647473691069719e-08 
321.1 	 1.1564565690665843e-08 
322.1 	 1.1482476231631161e-08 
323.1 	 1.1401184998416632e-08 
324.1 	 1.1320672192321159e-08 
325.1 	 1.1240918529180189e-08 
326.1 	 1.1161905236696355e-08 
327.1 	 1.1083614051436161e-08 
328.1 	 1.1006027215496289e-08 
329.1 	 1.0929127472860385e-08 
330.1 	 1.0852898065445966e-08 
331.1 	 1.0777322728860209e-08 
332.1 	 1.0702385687887855e-08 
333.1 	 1.0628071651693877e-08 
334.1 	 1.0554365808784882e-08 
335.1 	 1.048125382171873e-08 
336.1 	 1.0408721821586416e-08 
337.1 	 1.0336756402263722e-08 
338.1 	 1.0265344614460004e-08 
339.1 	 1.0194473959569993e-08 
340.1 	 1.0124132383325605e-08 
341.1 	 1.0054308269282768e-08 
342.1 	 9.984990432132607e-09 
343.1 	 9.916168110859371e-09 
344.1 	 9.84783096175559e-09 
345.1 	 9.779969051293796e-09 
346.1 	 9.71257284887717e-09 
347.1 	 9.645633219472534e-09 
348.1 	 9.5791414161373e-09 
349.1 	 9.513089072448815e-09 
350.1 	 9.447468194843338e-09 
351.1 	 9.382271154878237e-09 
352.1 	 9.31749068142767e-09 
353.1 	 9.253119852806273e-09 
354.1 	 9.189152088850655e-09 
355.1 	 9.12558114295071e-09 
356.1 	 9.06240109404275e-09 
357.1 	 8.999606338576982e-09 
358.1 	 8.937191582462349e-09 
359.1 	 8.875151832997964e-09 
360.1 	 8.813482390792356e-09 
361.1 	 8.752178841695379e-09 
362.1 	 8.691237048720992e-09 
363.1 	 8.630653143998508e-09 
364.1 	 8.570423520734059e-09 
365.1 	 8.51054482519977e-09 
366.1 	 8.451013948761616e-09 
367.1 	 8.391828019935691e-09 
368.1 	 8.332984396494737e-09 
369.1 	 8.274480657620448e-09 
370.1 	 8.216314596110405e-09 
371.1 	 8.158484210645856e-09 
372.1 	 8.100987698118972e-09 
373.1 	 8.043823446031032e-09 
374.1 	 7.986990024965058e-09 
375.1 	 7.93048618113077e-09 
376.1 	 7.874310828993168e-09 
377.1 	 7.81846304399007e-09 
378.1 	 7.76294205532255e-09 
379.1 	 7.707747238858486e-09 
380.1 	 7.652878110114017e-09 
381.1 	 7.598334317340303e-09 
382.1 	 7.54411563471119e-09 
383.1 	 7.490221955609729e-09 
384.1 	 7.436653286029484e-09 
385.1 	 7.383409738072811e-09 
386.1 	 7.330491523573818e-09 
387.1 	 7.277898947819775e-09 
388.1 	 7.225632403398765e-09 
389.1 	 7.173692364157023e-09 
390.1 	 7.1220793792786174e-09 
391.1 	 7.070794067480662e-09 
392.1 	 7.01983711133514e-09 
393.1 	 6.969209251705509e-09 
394.1 	 6.9189112823124e-09 
395.1 	 6.8689440444231e-09 
396.1 	 6.819308421661411e-09 
397.1 	 6.7700053349475856e-09 
398.1 	 6.721035737562081e-09 
399.1 	 6.672400610337413e-09 
400.1 	 6.6241009569739145e-09 
401.1 	 6.576137799484842e-09 
402.1 	 6.5285121737710955e-09 
403.1 	 6.481225125314335e-09 
404.1 	 6.434277705006194e-09 
405.1 	 6.3876709650995725e-09 
406.1 	 6.341405955285918e-09 
407.1 	 6.295483718901103e-09 
408.1 	 6.249905289253606e-09 
409.1 	 6.204671686077756e-09 
410.1 	 6.1597839121155755e-09 
411.1 	 6.1152429498140144e-09 
412.1 	 6.07104975815153e-09 
413.1 	 6.027205269582908e-09 
414.1 	 5.983710387104865e-09 
415.1 	 5.940565981441095e-09 
416.1 	 5.897772888346937e-09 
417.1 	 5.855331906029098e-09 
418.1 	 5.81324379268256e-09 
419.1 	 5.771509264142156e-09 
420.1 	 5.7301289916459875e-09 
421.1 	 5.6891035997134345e-09 
422.1 	 5.648433664128856e-09 
423.1 	 5.6081197100393296e-09 
424.1 	 5.568162210155927e-09 
425.1 	 5.528561583061956e-09 
426.1 	 5.489318191626546e-09 
427.1 	 5.450432341517698e-09 
428.1 	 5.411904279817633e-09 
429.1 	 5.373734193739635e-09 
430.1 	 5.335922209435675e-09 
431.1 	 5.298468390908288e-09 
432.1 	 5.26137273900602e-09 
433.1 	 5.2246351905190866e-09 
434.1 	 5.188255617361194e-09 
435.1 	 5.1522338258402295e-09 
436.1 	 5.116569556014614e-09 
437.1 	 5.081262481133443e-09 
438.1 	 5.046312207161261e-09 
439.1 	 5.011718272382367e-09 
440.1 	 4.9774801470822566e-09 
441.1 	 4.943597233307506e-09 
442.1 	 4.910068864698795e-09 
443.1 	 4.876894306399771e-09 
444.1 	 4.8440727550324836e-09 
445.1 	 4.811603338745708e-09 
446.1 	 4.779485117327222e-09 
447.1 	 4.747717082383213e-09 
448.1 	 4.7162981575805286e-09 
449.1 	 4.685227198947724e-09 
450.1 	 4.654502995241114e-09 
451.1 	 4.6241242683610386e-09 
452.1 	 4.594089673828363e-09 
453.1 	 4.564397801314891e-09 
454.1 	 4.5350471752220114e-09 
455.1 	 4.506036255313395e-09 
456.1 	 4.477363437392436e-09 
457.1 	 4.449027054027482e-09 
458.1 	 4.4210253753224645e-09 
459.1 	 4.3933566097282184e-09 
460.1 	 4.3660189048960194e-09 
461.1 	 4.3390103485697005e-09 
462.1 	 4.3123289695153246e-09 
463.1 	 4.2859727384865515e-09 
464.1 	 4.25993956922535e-09 
465.1 	 4.234227319490678e-09 
466.1 	 4.20883379212493e-09 
467.1 	 4.18375673614261e-09 
468.1 	 4.158993847850295e-09 
469.1 	 4.134542771991336e-09 
470.1 	 4.110401102915767e-09 
471.1 	 4.0865663857711364e-09 
472.1 	 4.063036117716754e-09 
473.1 	 4.039807749157357e-09 
474.1 	 4.016878684993214e-09 
475.1 	 3.9942462858903195e-09 
476.1 	 3.971907869561827e-09 
477.1 	 3.9498607120710385e-09 
478.1 	 3.928102049137129e-09 
479.1 	 3.9066290774620744e-09 
480.1 	 3.88543895606117e-09 
481.1 	 3.864528807605718e-09 
482.1 	 3.84389571977307e-09 
483.1 	 3.823536746602621e-09 
484.1 	 3.803448909857072e-09 
485.1 	 3.783629200388086e-09 
486.1 	 3.7640745795065735e-09 
487.1 	 3.744781980352552e-09 
488.1 	 3.725748309266842e-09 
489.1 	 3.706970447164329e-09 
490.1 	 3.6884452509027487e-09 
491.1 	 3.670169554653279e-09 
492.1 	 3.6521401712653583e-09 
493.1 	 3.6343538936276495e-09 
494.1 	 3.6168074960266914e-09 
495.1 	 3.5994977354967304e-09 
496.1 	 3.582421353164537e-09 
497.1 	 3.565575075586972e-09 
498.1 	 3.5489556160805817e-09 
499.1 	 3.532559676040052e-09 
500.1 	 3.516383946250612e-09 
501.1 	 3.50042510818791e-09 
502.1 	 3.484679835305385e-09 
503.1 	 3.469144794314229e-09 
504.1 	 3.453816646446387e-09 
505.1 	 3.4386920487082686e-09 
506.1 	 3.4237676551182476e-09 
507.1 	 3.4090401179314307e-09 
508.1 	 3.3945060888500012e-09 
509.1 	 3.3801622202180324e-09 
510.1 	 3.366005166200147e-09 
511.1 	 3.3520315839446867e-09 
512.1 	 3.3382381347314313e-09 
513.1 	 3.3246214850989675e-09 
514.1 	 3.311178307960072e-09 
515.1 	 3.2979052836935615e-09 
516.1 	 3.28479910122297e-09 
517.1 	 3.2718564590735208e-09 
518.1 	 3.2590740664121427e-09 
519.1 	 3.2464486440681634e-09 
520.1 	 3.2339769255346443e-09 
521.1 	 3.221655657950107e-09 
522.1 	 3.2094816030600654e-09 
523.1 	 3.1974515381604154e-09 
524.1 	 3.1855622570188606e-09 
525.1 	 3.1738105707765146e-09 
526.1 	 3.162193308829587e-09 
527.1 	 3.1507073196894026e-09 
528.1 	 3.1393494718237064e-09 
529.1 	 3.128116654474344e-09 
530.1 	 3.1170057784567287e-09 
531.1 	 3.1060137769366276e-09 
532.1 	 3.095137606185738e-09 
533.1 	 3.0843742463183786e-09 
534.1 	 3.0737207020042183e-09 
535.1 	 3.0631740031614495e-09 
536.1 	 3.0527312056291246e-09 
537.1 	 3.0423893918171597e-09 
538.1 	 3.0321456713362152e-09 
539.1 	 3.0219971816063103e-09 
540.1 	 3.011941088444321e-09 
541.1 	 3.0019745866299203e-09 
542.1 	 2.9920949004526713e-09 
543.1 	 2.98229928423546e-09 
544.1 	 2.9725850228402203e-09 
545.1 	 2.9629494321502665e-09 
546.1 	 2.953389859535002e-09 
547.1 	 2.943903684291353e-09 
548.1 	 2.9344883180679388e-09 
549.1 	 2.925141205266867e-09 
550.1 	 2.9158598234268843e-09 
551.1 	 2.9066416835867443e-09 
552.1 	 2.8974843306282088e-09 
553.1 	 2.888385343601083e-09 
554.1 	 2.879342336027267e-09 
555.1 	 2.8703529561879204e-09 
556.1 	 2.8614148873898394e-09 
557.1 	 2.8525258482145995e-09 
558.1 	 2.8436835927488687e-09 
559.1 	 2.8348859107964067e-09 
560.1 	 2.8261306280725916e-09 
561.1 	 2.817415606380918e-09 
562.1 	 2.8087387437722477e-09 
563.1 	 2.8000979746865424e-09 
564.1 	 2.7914912700782e-09 
565.1 	 2.7829166375239197e-09 
566.1 	 2.7743721213149845e-09 
567.1 	 2.7658558025325608e-09 
568.1 	 2.7573657991074153e-09 
569.1 	 2.7489002658639874e-09 
570.1 	 2.740457394549183e-09 
571.1 	 2.7320354138454457e-09 
572.1 	 2.7236325893697465e-09 
573.1 	 2.715247223657053e-09 
574.1 	 2.70687765613079e-09 
575.1 	 2.6985222630577038e-09 
576.1 	 2.690179457490541e-09 
577.1 	 2.681847689195441e-09 
578.1 	 2.6735254445681756e-09 
579.1 	 2.6652112465359915e-09 
580.1 	 2.656903654447108e-09 
581.1 	 2.6486012639484713e-09 
582.1 	 2.640302706850795e-09 
583.1 	 2.632006650982092e-09 
584.1 	 2.6237118000295076e-09 
585.1 	 2.6154168933707937e-09 
586.1 	 2.6071207058933903e-09 
587.1 	 2.5988220478041665e-09 
588.1 	 2.5905197644281894e-09 
589.1 	 2.5822127359977082e-09 
590.1 	 2.5738998774310304e-09 
591.1 	 2.5655801381022127e-09 
592.1 	 2.5572525016015896e-09 
593.1 	 2.5489159854866967e-09 
594.1 	 2.540569641025404e-09 
595.1 	 2.5322125529300924e-09 
596.1 	 2.52384383908416e-09 
597.1 	 2.5154626502598947e-09 
598.1 	 2.507068169829792e-09 
599.1 	 2.498659613469689e-09 
600.1 	 2.49023622885537e-09 
601.1 	 2.4817972953525658e-09 
602.1 	 2.4733421236993812e-09 
603.1 	 2.4648700556842073e-09 
604.1 	 2.456380463815731e-09 
605.1 	 2.4478727509886527e-09 
606.1 	 2.4393463501432387e-09 
607.1 	 2.43080072391992e-09 
608.1 	 2.422235364308347e-09 
609.1 	 2.4136497922926443e-09 
610.1 	 2.4050435574911177e-09 
611.1 	 2.396416237792257e-09 
612.1 	 2.3877674389873056e-09 
613.1 	 2.3790967943971484e-09 
614.1 	 2.3704039644977903e-09 
615.1 	 2.3616886365409814e-09 
616.1 	 2.3529505241723086e-09 
617.1 	 2.344189367046535e-09 
618.1 	 2.3354049304397e-09 
619.1 	 2.326597004859136e-09 
620.1 	 2.3177654056511e-09 
621.1 	 2.3089099726062866e-09 
622.1 	 2.3000305695636087e-09 
623.1 	 2.291127084012064e-09 
624.1 	 2.2821994266914595e-09 
625.1 	 2.273247531191336e-09 
626.1 	 2.2642713535495843e-09 
627.1 	 2.255270871849324e-09 
628.1 	 2.246246085815438e-09 
629.1 	 2.2371970164107587e-09 
630.1 	 2.2281237054311925e-09 
631.1 	 2.2190262151016333e-09 
632.1 	 2.209904627670902e-09 
633.1 	 2.2007590450072175e-09 
634.1 	 2.191589588193904e-09 
635.1 	 2.1823963971256825e-09 
636.1 	 2.173179630105368e-09 
637.1 	 2.1639394634410564e-09 
638.1 	 2.1546760910449384e-09 
639.1 	 2.145389724032222e-09 
640.1 	 2.1360805903219295e-09 
641.1 	 2.1267489342387794e-09 
642.1 	 2.117395016116167e-09 
643.1 	 2.108019111901369e-09 
644.1 	 2.0986215127616825e-09 
645.1 	 2.089202524692901e-09 
646.1 	 2.079762468129731e-09 
647.1 	 2.0703016775575576e-09 
648.1 	 2.0608205011274266e-09 
649.1 	 2.051319300272374e-09 
650.1 	 2.041798449326445e-09 
651.1 	 2.032258335146498e-09 
652.1 	 2.0226993567357746e-09 
653.1 	 2.0131219248709416e-09 
654.1 	 2.0035264617316873e-09 
655.1 	 1.9939134005324545e-09 
656.1 	 1.984283185158218e-09 
657.1 	 1.9746362698023814e-09 
658.1 	 1.9649731186081523e-09 
659.1 	 1.9552942053130165e-09 
660.1 	 1.9456000128962607e-09 
661.1 	 1.9358910332303333e-09 
662.1 	 1.926167766734777e-09 
663.1 	 1.916430722034307e-09 
664.1 	 1.906680415619889e-09 
665.1 	 1.896917371513753e-09 
666.1 	 1.8871421209378964e-09 
667.1 	 1.8773552019858567e-09 
668.1 	 1.867557159298996e-09 
669.1 	 1.857748543745746e-09 
670.1 	 1.8479299121051849e-09 
671.1 	 1.8381018267543831e-09 
672.1 	 1.8282648553592566e-09 
673.1 	 1.8184195705700134e-09 
674.1 	 1.8085665497200174e-09 
675.1 	 1.7987063745287792e-09 
676.1 	 1.7888396308092467e-09 
677.1 	 1.7789669081787462e-09 
678.1 	 1.7690887997743962e-09 
679.1 	 1.7592059019722655e-09 
680.1 	 1.7493188141110285e-09 
681.1 	 1.739428138219401e-09 
682.1 	 1.7295344787481484e-09 
683.1 	 1.7196384423059127e-09 
684.1 	 1.7097406373993868e-09 
685.1 	 1.6998416741778262e-09 
686.1 	 1.6899421641815102e-09 
687.1 	 1.68004272009463e-09 
688.1 	 1.6701439555024613e-09 
689.1 	 1.6602464846524767e-09 
690.1 	 1.6503509222199732e-09 
691.1 	 1.640457883077909e-09 
692.1 	 1.6305679820708125e-09 
693.1 	 1.6206818337932041e-09 
694.1 	 1.6108000523717362e-09 
695.1 	 1.6009232512523604e-09 
696.1 	 1.5910520429909048e-09 
697.1 	 1.581187039048309e-09 
698.1 	 1.571328849590047e-09 
699.1 	 1.561478083289438e-09 
700.1 	 1.5516353471355178e-09 
701.1 	 1.5418012462447644e-09 
702.1 	 1.5319763836771933e-09 
703.1 	 1.5221613602563016e-09 
704.1 	 1.5123567743934468e-09 
705.1 	 1.5025632219159723e-09 
706.1 	 1.492781295899727e-09 
707.1 	 1.4830115865053692e-09 
708.1 	 1.4732546808187967e-09 
709.1 	 1.4635111626955445e-09 
710.1 	 1.4537816126092505e-09 
711.1 	 1.4440666075038853e-09 
712.1 	 1.4343667206500574e-09 
713.1 	 1.4246825215050898e-09 
714.1 	 1.4150145755770156e-09 
715.1 	 1.4053634442924648e-09 
716.1 	 1.3957296848682314e-09 
717.1 	 1.38611385018661e-09 
718.1 	 1.3765164886745795e-09 
719.1 	 1.3669381441866415e-09 
720.1 	 1.3573793558912191e-09 
721.1 	 1.3478406581608744e-09 
722.1 	 1.338322580465963e-09 
723.1 	 1.3288256472719624e-09 
724.1 	 1.3193503779402589e-09 
725.1 	 1.3098972866325222e-09 
726.1 	 1.3004668822183238e-09 
727.1 	 1.291059668186437e-09 
728.1 	 1.2816761425593756e-09 
729.1 	 1.2723167978112838e-09 
730.1 	 1.2629821207890725e-09 
731.1 	 1.2536725926369542e-09 
732.1 	 1.2443886887240357e-09 
733.1 	 1.235130878575319e-09 
734.1 	 1.225899625805605e-09 
735.1 	 1.2166953880565494e-09 
736.1 	 1.2075186169369686e-09 
737.1 	 1.198369757965925e-09 
738.1 	 1.18924925051891e-09 
739.1 	 1.1801575277769518e-09 
740.1 	 1.1710950166786037e-09 
741.1 	 1.1620621378748039e-09 
742.1 	 1.1530593056864717e-09 
743.1 	 1.1440869280650625e-09 
744.1 	 1.13514540655554e-09 
745.1 	 1.1262351362623506e-09 
746.1 	 1.1173565058178765e-09 
747.1 	 1.1085098973534105e-09 
748.1 	 1.0996956864729725e-09 
749.1 	 1.090914242229265e-09 
750.1 	 1.0821659271023967e-09 
751.1 	 1.0734510969809084e-09 
752.1 	 1.06477010114522e-09 
753.1 	 1.0561232822533574e-09 
754.1 	 1.0475109763291392e-09 
755.1 	 1.0389335127523717e-09 
756.1 	 1.0303912142515293e-09 
757.1 	 1.021884396898445e-09 
758.1 	 1.013413370105165e-09 
759.1 	 1.0049784366229672e-09 
760.1 	 9.96579892543297e-10 
761.1 	 9.882180273008528e-10 
762.1 	 9.798931236785833e-10 
763.1 	 9.716054578145387e-10 
764.1 	 9.633552992107671e-10 
765.1 	 9.551429107438976e-10 
766.1 	 9.469685486776923e-10 
767.1 	 9.388324626771245e-10 
768.1 	 9.307348958244971e-10 
769.1 	 9.226760846369974e-10 
770.1 	 9.146562590859554e-10 
771.1 	 9.066756426178503e-10 
772.1 	 8.987344521766407e-10 
773.1 	 8.908328982278866e-10 
774.1 	 8.829711847841809e-10 
775.1 	 8.751495094320634e-10 
776.1 	 8.673680633604619e-10 
777.1 	 8.596270313903775e-10 
778.1 	 8.519265920060024e-10 
779.1 	 8.442669173870983e-10 
780.1 	 8.366481734426724e-10 
781.1 	 8.290705198458852e-10 
782.1 	 8.215341100701276e-10 
783.1 	 8.140390914262893e-10 
784.1 	 8.065856051012067e-10 
785.1 	 7.991737861970513e-10 
786.1 	 7.918037637719697e-10 
787.1 	 7.844756608816181e-10 
788.1 	 7.771895946217391e-10 
789.1 	 7.699456761716908e-10 
790.1 	 7.627440108389152e-10 
791.1 	 7.555846981042977e-10 
792.1 	 7.484678316683488e-10 
793.1 	 7.413934994983144e-10 
794.1 	 7.343617838759964e-10 
795.1 	 7.273727614463618e-10 
796.1 	 7.204265032669747e-10 
797.1 	 7.135230748579922e-10 
798.1 	 7.066625362529944e-10 
799.1 	 6.998449420503622e-10 
800.1 	 6.930703414652978e-10 
801.1 	 6.863387783825149e-10 
802.1 	 6.796502914093872e-10 
803.1 	 6.730049139297253e-10 
804.1 	 6.664026741580085e-10 
805.1 	 6.598435951941445e-10 
806.1 	 6.533276950786829e-10 
807.1 	 6.468549868484146e-10 
808.1 	 6.404254785924933e-10 
809.1 	 6.3403917350882e-10 
810.1 	 6.276960699608328e-10 
811.1 	 6.213961615346961e-10 
812.1 	 6.151394370966873e-10 
813.1 	 6.089258808509884e-10 
814.1 	 6.027554723976475e-10 
815.1 	 5.966281867908434e-10 
816.1 	 5.905439945973714e-10 
817.1 	 5.845028619552887e-10 
818.1 	 5.785047506327907e-10 
819.1 	 5.725496180872036e-10 
820.1 	 5.666374175241359e-10 
821.1 	 5.607680979567464e-10 
822.1 	 5.549416042651269e-10 
823.1 	 5.491578772556949e-10 
824.1 	 5.434168537207541e-10 
825.1 	 5.37718466498013e-10 
826.1 	 5.320626445301414e-10 
827.1 	 5.264493129243732e-10 
828.1 	 5.208783930120404e-10 
829.1 	 5.153498024081253e-10 
830.1 	 5.098634550707522e-10 
831.1 	 5.044192613605824e-10 
832.1 	 4.990171281002003e-10 
833.1 	 4.936569586333537e-10 
834.1 	 4.883386528840974e-10 
835.1 	 4.830621074158141e-10 
836.1 	 4.778272154901295e-10 
837.1 	 4.726338671255941e-10 
838.1 	 4.674819491563239e-10 
839.1 	 4.6237134529031943e-10 
840.1 	 4.5730193616771443e-10 
841.1 	 4.522735994187563e-10 
842.1 	 4.4728620972156365e-10 
843.1 	 4.4233963885971027e-10 
844.1 	 4.3743375577949984e-10 
845.1 	 4.3256842664704533e-10 
846.1 	 4.277435149050448e-10 
847.1 	 4.229588813292989e-10 
848.1 	 4.182143840849632e-10 
849.1 	 4.135098787824553e-10 
850.1 	 4.088452185331156e-10 
851.1 	 4.042202540045203e-10 
852.1 	 3.9963483347546175e-10 
853.1 	 3.950888028906309e-10 
854.1 	 3.905820059149294e-10 
855.1 	 3.86114283987455e-10 
856.1 	 3.8168547637510516e-10 
857.1 	 3.772954202258301e-10 
858.1 	 3.729439506215145e-10 
859.1 	 3.6863090063047114e-10 
860.1 	 3.643561013595633e-10 
861.1 	 3.6011938200590794e-10 
862.1 	 3.559205699081927e-10 
863.1 	 3.517594905976107e-10 
864.1 	 3.476359678483289e-10 
865.1 	 3.4354982372757863e-10 
866.1 	 3.395008786453233e-10 
867.1 	 3.3548895140347954e-10 
868.1 	 3.315138592447068e-10 
869.1 	 3.2757541790077115e-10 
870.1 	 3.236734416404603e-10 
871.1 	 3.1980774331703884e-10 
872.1 	 3.159781344152819e-10 
873.1 	 3.121844250980229e-10 
874.1 	 3.0842642425225565e-10 
875.1 	 3.047039395347789e-10 
876.1 	 3.010167774173761e-10 
877.1 	 2.973647432314981e-10 
878.1 	 2.9374764121253927e-10 
879.1 	 2.9016527454355045e-10 
880.1 	 2.866174453985781e-10 
881.1 	 2.8310395498542443e-10 
882.1 	 2.7962460358799577e-10 
883.1 	 2.761791906081641e-10 
884.1 	 2.7276751460709813e-10 
885.1 	 2.69389373346161e-10 
886.1 	 2.6604456382729215e-10 
887.1 	 2.6273288233290517e-10 
888.1 	 2.5945412446532047e-10 
889.1 	 2.562080851856703e-10 
890.1 	 2.529945588523476e-10 
891.1 	 2.498133392589286e-10 
892.1 	 2.466642196716593e-10 
893.1 	 2.435469928663764e-10 
894.1 	 2.4046145116501825e-10 
895.1 	 2.3740738647157555e-10 
896.1 	 2.343845903075885e-10 
897.1 	 2.3139285384715966e-10 
898.1 	 2.2843196795142398e-10 
899.1 	 2.2550172320261506e-10 
900.1 	 2.226019099375587e-10 
901.1 	 2.1973231828073092e-10 
902.1 	 2.1689273817680397e-10 
903.1 	 2.140829594227373e-10 
904.1 	 2.1130277169933066e-10 
905.1 	 2.0855196460234857e-10 
906.1 	 2.0583032767313685e-10 
907.1 	 2.0313765042875698e-10 
908.1 	 2.0047372239164215e-10 
909.1 	 1.9783833311880756e-10 
910.1 	 1.952312722305207e-10 
911.1 	 1.926523294385785e-10 
912.1 	 1.9010129457404058e-10 
913.1 	 1.875779576145431e-10 
914.1 	 1.8508210871112453e-10 
915.1 	 1.8261353821459347e-10 
916.1 	 1.8017203670141726e-10 
917.1 	 1.7775739499919695e-10 
918.1 	 1.7536940421161821e-10 
919.1 	 1.730078557430123e-10 
920.1 	 1.706725413224167e-10 
921.1 	 1.6836325302722154e-10 
922.1 	 1.660797833063393e-10 
923.1 	 1.6382192500295733e-10 
924.1 	 1.6158947137683923e-10 
925.1 	 1.593822161261871e-10 
926.1 	 1.571999534090561e-10 
927.1 	 1.5504247786437638e-10 
928.1 	 1.529095846325029e-10 
929.1 	 1.508010693753733e-10 
930.1 	 1.4871672829621573e-10 
931.1 	 1.46656358158864e-10 
932.1 	 1.446197563066378e-10 
933.1 	 1.4260672068083239e-10 
934.1 	 1.406170498387706e-10 
935.1 	 1.3865054297147312e-10 
936.1 	 1.3670699992092545e-10 
937.1 	 1.347862211969271e-10 
938.1 	 1.3288800799357488e-10 
939.1 	 1.3101216220534158e-10 
940.1 	 1.2915848644275252e-10 
941.1 	 1.2732678404770425e-10 
942.1 	 1.2551685910838956e-10 
943.1 	 1.2372851647384622e-10 
944.1 	 1.2196156176814732e-10 
945.1 	 1.2021580140419116e-10 
946.1 	 1.184910425971679e-10 
947.1 	 1.1678709337762234e-10 
948.1 	 1.1510376260419762e-10 
949.1 	 1.1344085997600227e-10 
950.1 	 1.1179819604462483e-10 
951.1 	 1.1017558222581996e-10 
952.1 	 1.08572830810843e-10 
953.1 	 1.0698975497744381e-10 
954.1 	 1.0542616880052568e-10 
955.1 	 1.0388188726247876e-10 
956.1 	 1.0235672626319207e-10 
957.1 	 1.0085050262971777e-10 
958.1 	 9.936303412565326e-11 
959.1 	 9.789413946017883e-11 
960.1 	 9.644363829679143e-11 
961.1 	 9.501135126174113e-11 
962.1 	 9.359709995214912e-11 
963.1 	 9.22007069438456e-11 
964.1 	 9.082199579888214e-11 
965.1 	 8.94607910727876e-11 
966.1 	 8.811691832151243e-11 
967.1 	 8.679020410808626e-11 
968.1 	 8.548047600901692e-11 
969.1 	 8.418756262039895e-11 
970.1 	 8.291129356373635e-11 
971.1 	 8.165149949153052e-11 
972.1 	 8.040801209256634e-11 
973.1 	 7.918066409696848e-11 
974.1 	 7.796928928097555e-11 
975.1 	 7.67737224714727e-11 
976.1 	 7.55937995502782e-11 
977.1 	 7.4429357458177e-11 
978.1 	 7.328023419870318e-11 
979.1 	 7.214626884171044e-11 
980.1 	 7.1027301526678e-11 
981.1 	 6.992317346579608e-11 
982.1 	 6.883372694684198e-11 
983.1 	 6.775880533579836e-11 
984.1 	 6.669825307927597e-11 
985.1 	 6.565191570671062e-11 
986.1 	 6.461963983234836e-11 
987.1 	 6.360127315702033e-11 
988.1 	 6.25966644697104e-11 
989.1 	 6.160566364892404e-11 
990.1 	 6.06281216638559e-11 
991.1 	 5.966389057535531e-11 
992.1 	 5.87128235367128e-11 
993.1 	 5.7774774794243354e-11 
994.1 	 5.6849599687694714e-11 
995.1 	 5.5937154650468e-11 
996.1 	 5.503729720967022e-11 
997.1 	 5.414988598596044e-11 
998.1 	 5.327478069327251e-11 
999.1 	 5.2411842138322364e-11 
1000.1 	 5.156093221997767e-11 
1001.0 	 5.0805284516642705e-11 
