0.0 0.0 -0.3637160843984803
25.0 0.0 -0.5950757194612044
50.0 0.0 -0.9052801938388472
75.0 0.0 -1.2007286705929858
100.0 0.0 -1.4745453691265926
125.0 0.0 -1.7316819238254952
150.0 0.0 -1.9608141963709538
175.0 0.0 -2.1730189227666634
200.0 0.0 -2.361688007518304
225.0 0.0 -2.5352985557153245
250.0 0.0 -2.699702957336885
275.0 0.0 -2.8701188499272923
300.0 0.0 -3.007817848816947
325.0 0.0 -3.150695340817906
350.0 0.0 -3.2820420639378614
375.0 0.0 -3.416205307586456
400.0 0.0 -3.533346806354894
425.0 0.0 -3.679289417786992
450.0 0.0 -3.7693329718421316
475.0 0.0 -3.900705818455841
500.0 0.0 -4.018265298914418
525.0 0.0 -4.1259286820176735
550.0 0.0 -4.179963868378241
575.0 0.0 -4.3567406752983
600.0 0.0 -4.382170054186286
625.0 0.0 -4.45571384887013
650.0 0.0 -4.534895094917754
675.0 0.0 -4.707895276996294
700.0 0.0 -4.7219817382748985
725.0 0.0 -4.772538111717343
750.0 0.0 -4.861479195054124
775.0 0.0 -4.965019786961193
800.0 0.0 -5.162509190718105
825.0 0.0 -5.218625132697037
850.0 0.0 -5.338600449773787
875.0 0.0 -5.2496593664370055
900.0 0.0 -5.319295294578399
925.0 0.0 -5.425750625492687
950.0 0.0 -5.300811888884387
975.0 0.0 -5.450574209217718
1000.0 0.0 -5.450574209217718
1025.0 0.0 -5.982053126259974
1050.0 0.0 -5.777933143604049
1075.0 0.0 -5.601841884548367
1100.0 0.0 -5.982053126259974
1125.0 0.0 -5.777933143604049
1150.0 0.0 -5.8359250905817355
1175.0 0.0 -5.9028718802123485
1200.0 0.0 -6.07896313926803
1225.0 0.0 -6.20390187587633
1250.0 0.0 -6.379993134932011
1275.0 0.0 -6.20390187587633
1300.0 0.0 -6.07896313926803
1325.0 0.0 -6.681023130595992
1350.0 0.0 -6.379993134932011
1375.0 0.0 -6.20390187587633
1400.0 0.0 -5.982053126259974
1425.0 0.0 -6.379993134932011
1450.0 0.0 -6.681023130595992
1475.0 0.0 2.0
1500.0 0.0 -6.681023130595992
1525.0 0.0 2.0
1550.0 0.0 -6.681023130595992
1575.0 0.0 -6.681023130595992
1600.0 0.0 -6.681023130595992
1625.0 0.0 2.0
1650.0 0.0 2.0
1675.0 0.0 2.0
1700.0 0.0 2.0
1725.0 0.0 2.0
1750.0 0.0 2.0
1775.0 0.0 2.0
1800.0 0.0 -6.681023130595992
1825.0 0.0 -6.681023130595992
1850.0 0.0 -6.681023130595992
1875.0 0.0 2.0
1900.0 0.0 -6.681023130595992
1925.0 0.0 2.0
1950.0 0.0 2.0
1975.0 0.0 2.0
2000.0 0.0 -6.379993134932011
0.0 0.1 -2.1080005966504527
25.0 0.1 -2.369205718900137
50.0 0.1 -2.6006131234403553
75.0 0.1 -2.7841112897699674
100.0 0.1 -2.9288978232980942
125.0 0.1 -3.0714287213707725
150.0 0.1 -3.1788692377246317
175.0 0.1 -3.2885020406640604
200.0 0.1 -3.3970438463575126
225.0 0.1 -3.5163729146616958
250.0 0.1 -3.613580287819612
275.0 0.1 -3.6902404387928547
300.0 0.1 -3.776848762311829
325.0 0.1 -3.8601651411562927
350.0 0.1 -3.9658557727475348
375.0 0.1 -4.014505150041112
400.0 0.1 -4.143204035522718
425.0 0.1 -4.184093482522777
450.0 0.1 -4.288326177336327
475.0 0.1 -4.352643527157255
500.0 0.1 -4.487898532241531
525.0 0.1 -4.49917954265122
550.0 0.1 -4.663989791297213
575.0 0.1 -4.681023130595992
600.0 0.1 -4.777933143604049
625.0 0.1 -4.800209538315201
650.0 0.1 -4.7889285279055125
675.0 0.1 -4.868109773953137
700.0 0.1 -4.965019786961193
725.0 0.1 -5.047554675016406
750.0 0.1 -5.047554675016406
775.0 0.1 -5.136955086245717
800.0 0.1 -5.18966143676172
825.0 0.1 -5.162509190718105
850.0 0.1 -5.2496593664370055
875.0 0.1 -5.233865099253773
900.0 0.1 -5.639630445437767
925.0 0.1 -5.338600449773787
950.0 0.1 -5.5670797782891555
975.0 0.1 -5.681023130595992
1000.0 0.1 -5.726780621156667
1025.0 0.1 -5.8359250905817355
1050.0 0.1 -5.601841884548367
1075.0 0.1 -5.5670797782891555
1100.0 0.1 -5.9028718802123485
1125.0 0.1 -5.681023130595992
1150.0 0.1 -5.681023130595992
1175.0 0.1 -5.8359250905817355
1200.0 0.1 -5.982053126259974
1225.0 0.1 -6.20390187587633
1250.0 0.1 -6.681023130595992
1275.0 0.1 -6.379993134932011
1300.0 0.1 -5.726780621156667
1325.0 0.1 -6.379993134932011
1350.0 0.1 -6.20390187587633
1375.0 0.1 2.0
1400.0 0.1 -6.681023130595992
1425.0 0.1 -6.20390187587633
1450.0 0.1 -5.982053126259974
1475.0 0.1 -6.681023130595992
1500.0 0.1 -6.379993134932011
1525.0 0.1 -6.681023130595992
1550.0 0.1 -6.379993134932011
1575.0 0.1 -6.681023130595992
1600.0 0.1 -6.681023130595992
1625.0 0.1 2.0
1650.0 0.1 2.0
1675.0 0.1 -6.681023130595992
1700.0 0.1 2.0
1725.0 0.1 2.0
1750.0 0.1 -6.20390187587633
1775.0 0.1 -6.681023130595992
1800.0 0.1 -6.681023130595992
1825.0 0.1 2.0
1850.0 0.1 2.0
1875.0 0.1 -6.681023130595992
1900.0 0.1 -6.681023130595992
1925.0 0.1 2.0
1950.0 0.1 2.0
1975.0 0.1 2.0
2000.0 0.1 -6.20390187587633
0.0 0.2 -2.6281753471951323
25.0 0.2 -2.7809838951086676
50.0 0.2 -2.932370037171725
75.0 0.2 -3.0694060200416566
100.0 0.2 -3.1849241384634213
125.0 0.2 -3.2832568744695423
150.0 0.2 -3.3722453569312716
175.0 0.2 -3.458306659448409
200.0 0.2 -3.5202545687348645
225.0 0.2 -3.59430746665111
250.0 0.2 -3.699204523425329
275.0 0.2 -3.7720022763848364
300.0 0.2 -3.8478760186832073
325.0 0.2 -3.9600373864422536
350.0 0.2 -4.086630580220566
375.0 0.2 -4.1357160141301685
400.0 0.2 -4.221630642836762
425.0 0.2 -4.284823783500256
450.0 0.2 -4.440473882313393
475.0 0.2 -4.463539186382087
500.0 0.2 -4.550689362100987
525.0 0.2 -4.681023130595992
550.0 0.2 -4.707895276996294
575.0 0.2 -4.772538111717343
600.0 0.2 -4.925148274923501
625.0 0.2 -4.888631441097739
650.0 0.2 -4.973452954498056
675.0 0.2 -5.0278106168206484
700.0 0.2 -5.218625132697037
725.0 0.2 -5.379993134932011
750.0 0.2 -5.319295294578399
775.0 0.2 -5.319295294578399
800.0 0.2 -5.338600449773787
825.0 0.2 -5.4022695296431635
850.0 0.2 -5.5670797782891555
875.0 0.2 -5.681023130595992
900.0 0.2 -5.504931871540311
925.0 0.2 -5.681023130595992
950.0 0.2 -5.639630445437767
975.0 0.2 -5.601841884548367
1000.0 0.2 -5.9028718802123485
1025.0 0.2 -6.20390187587633
1050.0 0.2 -5.726780621156667
1075.0 0.2 -5.982053126259974
1100.0 0.2 -5.982053126259974
1125.0 0.2 -5.726780621156667
1150.0 0.2 -6.07896313926803
1175.0 0.2 -5.9028718802123485
1200.0 0.2 -5.982053126259974
1225.0 0.2 2.0
1250.0 0.2 -6.379993134932011
1275.0 0.2 -6.07896313926803
1300.0 0.2 -6.07896313926803
1325.0 0.2 2.0
1350.0 0.2 -6.681023130595992
1375.0 0.2 -6.681023130595992
1400.0 0.2 2.0
1425.0 0.2 -6.20390187587633
1450.0 0.2 -6.379993134932011
1475.0 0.2 -6.681023130595992
1500.0 0.2 2.0
1525.0 0.2 -6.20390187587633
1550.0 0.2 2.0
1575.0 0.2 2.0
1600.0 0.2 -6.379993134932011
1625.0 0.2 2.0
1650.0 0.2 2.0
1675.0 0.2 2.0
1700.0 0.2 2.0
1725.0 0.2 2.0
1750.0 0.2 2.0
1775.0 0.2 2.0
1800.0 0.2 -6.681023130595992
1825.0 0.2 2.0
1850.0 0.2 2.0
1875.0 0.2 2.0
1900.0 0.2 -6.681023130595992
1925.0 0.2 2.0
1950.0 0.2 -6.681023130595992
1975.0 0.2 2.0
2000.0 0.2 -6.681023130595992
0.0 0.30000000000000004 -3.080376894933598
25.0 0.30000000000000004 -3.1600158781873886
50.0 0.30000000000000004 -3.269908712045088
75.0 0.30000000000000004 -3.389876368864107
100.0 0.30000000000000004 -3.4809938640422224
125.0 0.30000000000000004 -3.567748438131642
150.0 0.30000000000000004 -3.638841536080226
175.0 0.30000000000000004 -3.7258165930540508
200.0 0.30000000000000004 -3.7922821699130997
225.0 0.30000000000000004 -3.890737966562751
250.0 0.30000000000000004 -3.970060011600717
275.0 0.30000000000000004 -4.046545860435261
300.0 0.30000000000000004 -4.150823432392911
325.0 0.30000000000000004 -4.17859601061156
350.0 0.30000000000000004 -4.29541685699768
375.0 0.30000000000000004 -4.360876844484938
400.0 0.30000000000000004 -4.445494683688444
425.0 0.30000000000000004 -4.510761415201035
450.0 0.30000000000000004 -4.550689362100987
475.0 0.30000000000000004 -4.639630445437767
500.0 0.30000000000000004 -4.647599375109043
525.0 0.30000000000000004 -4.7516042048816995
550.0 0.30000000000000004 -4.861479195054124
575.0 0.30000000000000004 -4.767209278212276
600.0 0.30000000000000004 -4.948629370773024
625.0 0.30000000000000004 -4.9908270505674786
650.0 0.30000000000000004 -4.956747260995203
675.0 0.30000000000000004 -5.068239273876257
700.0 0.30000000000000004 -5.101239533979182
725.0 0.30000000000000004 -5.534895094917754
750.0 0.30000000000000004 -5.20390187587633
775.0 0.30000000000000004 -5.283083121923955
800.0 0.30000000000000004 -5.4022695296431635
825.0 0.30000000000000004 -5.4022695296431635
850.0 0.30000000000000004 -5.504931871540311
875.0 0.30000000000000004 -5.681023130595992
900.0 0.30000000000000004 -5.726780621156667
925.0 0.30000000000000004 -5.601841884548367
950.0 0.30000000000000004 -5.681023130595992
975.0 0.30000000000000004 -5.681023130595992
1000.0 0.30000000000000004 -5.504931871540311
1025.0 0.30000000000000004 -5.982053126259974
1050.0 0.30000000000000004 -5.982053126259974
1075.0 0.30000000000000004 -5.8359250905817355
1100.0 0.30000000000000004 -5.777933143604049
1125.0 0.30000000000000004 -6.20390187587633
1150.0 0.30000000000000004 -6.379993134932011
1175.0 0.30000000000000004 -6.379993134932011
1200.0 0.30000000000000004 -6.20390187587633
1225.0 0.30000000000000004 -6.379993134932011
1250.0 0.30000000000000004 -6.20390187587633
1275.0 0.30000000000000004 -6.681023130595992
1300.0 0.30000000000000004 2.0
1325.0 0.30000000000000004 -6.379993134932011
1350.0 0.30000000000000004 -6.681023130595992
1375.0 0.30000000000000004 -6.20390187587633
1400.0 0.30000000000000004 -6.681023130595992
1425.0 0.30000000000000004 2.0
1450.0 0.30000000000000004 -6.681023130595992
1475.0 0.30000000000000004 -6.681023130595992
1500.0 0.30000000000000004 2.0
1525.0 0.30000000000000004 -6.379993134932011
1550.0 0.30000000000000004 -6.379993134932011
1575.0 0.30000000000000004 2.0
1600.0 0.30000000000000004 2.0
1625.0 0.30000000000000004 -6.681023130595992
1650.0 0.30000000000000004 -6.07896313926803
1675.0 0.30000000000000004 2.0
1700.0 0.30000000000000004 2.0
1725.0 0.30000000000000004 2.0
1750.0 0.30000000000000004 2.0
1775.0 0.30000000000000004 2.0
1800.0 0.30000000000000004 -6.681023130595992
1825.0 0.30000000000000004 -6.681023130595992
1850.0 0.30000000000000004 2.0
1875.0 0.30000000000000004 2.0
1900.0 0.30000000000000004 -6.681023130595992
1925.0 0.30000000000000004 2.0
1950.0 0.30000000000000004 2.0
1975.0 0.30000000000000004 2.0
2000.0 0.30000000000000004 -6.379993134932011
0.0 0.4 -3.451085444688059
25.0 0.4 -3.4929387568810544
50.0 0.4 -3.6047468751917746
75.0 0.4 -3.7395116979615897
100.0 0.4 -3.827933600744127
125.0 0.4 -3.8879315304194124
150.0 0.4 -3.977731752477331
175.0 0.4 -4.098959767684284
200.0 0.4 -4.1611951368202735
225.0 0.4 -4.20390187587633
250.0 0.4 -4.274482950162037
275.0 0.4 -4.369269269540238
300.0 0.4 -4.326914691448591
325.0 0.4 -4.3865569044344
350.0 0.4 -4.440473882313393
375.0 0.4 -4.510761415201035
400.0 0.4 -4.507836862183718
425.0 0.4 -4.528734786212936
450.0 0.4 -4.591118019156594
475.0 0.4 -4.647599375109043
500.0 0.4 -4.6279446871125725
525.0 0.4 -4.7516042048816995
550.0 0.4 -4.73163312395108
575.0 0.4 -4.874843156612106
600.0 0.4 -4.861479195054124
625.0 0.4 -4.9175951370330555
650.0 0.4 -4.973452954498056
675.0 0.4 -5.057773840198092
700.0 0.4 -5.047554675016406
725.0 0.4 -5.300811888884387
750.0 0.4 -5.300811888884387
775.0 0.4 -5.266049782625174
800.0 0.4 -5.476903147940067
825.0 0.4 -5.476903147940067
850.0 0.4 -5.379993134932011
875.0 0.4 -5.476903147940067
900.0 0.4 -5.534895094917754
925.0 0.4 -5.726780621156667
950.0 0.4 -5.726780621156667
975.0 0.4 -5.681023130595992
1000.0 0.4 -5.5670797782891555
1025.0 0.4 -6.20390187587633
1050.0 0.4 -5.8359250905817355
1075.0 0.4 -6.20390187587633
1100.0 0.4 -5.8359250905817355
1125.0 0.4 -5.8359250905817355
1150.0 0.4 -6.681023130595992
1175.0 0.4 -6.20390187587633
1200.0 0.4 -6.20390187587633
1225.0 0.4 -6.20390187587633
1250.0 0.4 -6.20390187587633
1275.0 0.4 -6.681023130595992
1300.0 0.4 -6.20390187587633
1325.0 0.4 -6.379993134932011
1350.0 0.4 -6.681023130595992
1375.0 0.4 -6.681023130595992
1400.0 0.4 2.0
1425.0 0.4 -6.681023130595992
1450.0 0.4 -6.681023130595992
1475.0 0.4 -6.681023130595992
1500.0 0.4 2.0
1525.0 0.4 2.0
1550.0 0.4 2.0
1575.0 0.4 -6.681023130595992
1600.0 0.4 2.0
1625.0 0.4 2.0
1650.0 0.4 2.0
1675.0 0.4 2.0
1700.0 0.4 -6.681023130595992
1725.0 0.4 2.0
1750.0 0.4 2.0
1775.0 0.4 2.0
1800.0 0.4 2.0
1825.0 0.4 2.0
1850.0 0.4 2.0
1875.0 0.4 2.0
1900.0 0.4 2.0
1925.0 0.4 2.0
1950.0 0.4 2.0
1975.0 0.4 2.0
2000.0 0.4 -6.681023130595992
0.0 0.5 -3.763517621043446
25.0 0.5 -3.7196020365295444
50.0 0.5 -3.8428039086883667
75.0 0.5 -3.9633526275937303
100.0 0.5 -4.024924928583161
125.0 0.5 -4.1611951368202735
150.0 0.5 -4.226178270587482
175.0 0.5 -4.293633304257263
200.0 0.5 -4.300811888884387
225.0 0.5 -4.37352709268278
250.0 0.5 -4.418572040865563
275.0 0.5 -4.404561326422749
300.0 0.5 -4.3865569044344
325.0 0.5 -4.442977027467197
350.0 0.5 -4.445494683688444
375.0 0.5 -4.435510462781843
400.0 0.5 -4.541144044194756
425.0 0.5 -4.563751834940228
450.0 0.5 -4.5738131609481245
475.0 0.5 -4.655717265331222
500.0 0.5 -4.647599375109043
525.0 0.5 -4.7219817382748985
550.0 0.5 -4.712540182042058
575.0 0.5 -4.874843156612106
600.0 0.5 -4.811791410865016
625.0 0.5 -5.175873152276086
650.0 0.5 -4.956747260995203
675.0 0.5 -5.136955086245717
700.0 0.5 -5.057773840198092
725.0 0.5 -5.218625132697037
750.0 0.5 -5.283083121923955
775.0 0.5 -5.218625132697037
800.0 0.5 -5.358803835862073
825.0 0.5 -5.379993134932011
850.0 0.5 -5.681023130595992
875.0 0.5 -5.601841884548367
900.0 0.5 -5.534895094917754
925.0 0.5 -5.9028718802123485
950.0 0.5 -5.726780621156667
975.0 0.5 -5.5670797782891555
1000.0 0.5 -5.8359250905817355
1025.0 0.5 -5.9028718802123485
1050.0 0.5 -6.681023130595992
1075.0 0.5 -6.379993134932011
1100.0 0.5 -5.9028718802123485
1125.0 0.5 -6.379993134932011
1150.0 0.5 -6.20390187587633
1175.0 0.5 2.0
1200.0 0.5 -6.20390187587633
1225.0 0.5 -6.07896313926803
1250.0 0.5 -6.379993134932011
1275.0 0.5 -6.379993134932011
1300.0 0.5 -6.681023130595992
1325.0 0.5 -5.982053126259974
1350.0 0.5 -6.681023130595992
1375.0 0.5 -6.20390187587633
1400.0 0.5 -6.379993134932011
1425.0 0.5 2.0
1450.0 0.5 2.0
1475.0 0.5 2.0
1500.0 0.5 -6.681023130595992
1525.0 0.5 2.0
1550.0 0.5 2.0
1575.0 0.5 2.0
1600.0 0.5 2.0
1625.0 0.5 -6.681023130595992
1650.0 0.5 2.0
1675.0 0.5 2.0
1700.0 0.5 2.0
1725.0 0.5 2.0
1750.0 0.5 2.0
1775.0 0.5 2.0
1800.0 0.5 -6.681023130595992
1825.0 0.5 2.0
1850.0 0.5 2.0
1875.0 0.5 2.0
1900.0 0.5 2.0
1925.0 0.5 2.0
1950.0 0.5 -6.681023130595992
1975.0 0.5 -6.681023130595992
2000.0 0.5 2.0
0.0 0.6000000000000001 -4.152106430318338
25.0 0.6000000000000001 -4.055710679634319
50.0 0.6000000000000001 -4.139443886649412
75.0 0.6000000000000001 -4.167805530528053
100.0 0.6000000000000001 -4.272783165284143
125.0 0.6000000000000001 -4.321187648256105
150.0 0.6000000000000001 -4.358803835862073
175.0 0.6000000000000001 -4.379993134932011
200.0 0.6000000000000001 -4.433049864234186
225.0 0.6000000000000001 -4.45571384887013
250.0 0.6000000000000001 -4.507836862183718
275.0 0.6000000000000001 -4.453136425982319
300.0 0.6000000000000001 -4.453136425982319
325.0 0.6000000000000001 -4.463539186382087
350.0 0.6000000000000001 -4.496331699778394
375.0 0.6000000000000001 -4.560449199390143
400.0 0.6000000000000001 -4.591118019156594
425.0 0.6000000000000001 -4.635700151809335
450.0 0.6000000000000001 -4.685387935998443
475.0 0.6000000000000001 -4.694251396329748
500.0 0.6000000000000001 -4.73163312395108
525.0 0.6000000000000001 -4.7833960393055515
550.0 0.6000000000000001 -4.848514217889756
575.0 0.6000000000000001 -4.9028718802123485
600.0 0.6000000000000001 -5.047554675016406
625.0 0.6000000000000001 -4.9908270505674786
650.0 0.6000000000000001 -4.9908270505674786
675.0 0.6000000000000001 -5.136955086245717
700.0 0.6000000000000001 -5.20390187587633
725.0 0.6000000000000001 -5.233865099253773
750.0 0.6000000000000001 -5.338600449773787
775.0 0.6000000000000001 -5.4022695296431635
800.0 0.6000000000000001 -5.300811888884387
825.0 0.6000000000000001 -5.450574209217718
850.0 0.6000000000000001 -5.358803835862073
875.0 0.6000000000000001 -5.504931871540311
900.0 0.6000000000000001 -5.476903147940067
925.0 0.6000000000000001 -5.8359250905817355
950.0 0.6000000000000001 -5.726780621156667
975.0 0.6000000000000001 -5.982053126259974
1000.0 0.6000000000000001 -6.07896313926803
1025.0 0.6000000000000001 -6.07896313926803
1050.0 0.6000000000000001 -6.379993134932011
1075.0 0.6000000000000001 -6.07896313926803
1100.0 0.6000000000000001 2.0
1125.0 0.6000000000000001 -6.07896313926803
1150.0 0.6000000000000001 -5.9028718802123485
1175.0 0.6000000000000001 -6.379993134932011
1200.0 0.6000000000000001 -6.07896313926803
1225.0 0.6000000000000001 -6.379993134932011
1250.0 0.6000000000000001 -5.982053126259974
1275.0 0.6000000000000001 -6.681023130595992
1300.0 0.6000000000000001 -6.681023130595992
1325.0 0.6000000000000001 2.0
1350.0 0.6000000000000001 2.0
1375.0 0.6000000000000001 -6.681023130595992
1400.0 0.6000000000000001 2.0
1425.0 0.6000000000000001 -6.681023130595992
1450.0 0.6000000000000001 -6.681023130595992
1475.0 0.6000000000000001 2.0
1500.0 0.6000000000000001 -6.681023130595992
1525.0 0.6000000000000001 2.0
1550.0 0.6000000000000001 -6.379993134932011
1575.0 0.6000000000000001 2.0
1600.0 0.6000000000000001 -6.681023130595992
1625.0 0.6000000000000001 2.0
1650.0 0.6000000000000001 2.0
1675.0 0.6000000000000001 -6.681023130595992
1700.0 0.6000000000000001 -6.681023130595992
1725.0 0.6000000000000001 2.0
1750.0 0.6000000000000001 2.0
1775.0 0.6000000000000001 2.0
1800.0 0.6000000000000001 2.0
1825.0 0.6000000000000001 2.0
1850.0 0.6000000000000001 2.0
1875.0 0.6000000000000001 2.0
1900.0 0.6000000000000001 2.0
1925.0 0.6000000000000001 -6.681023130595992
1950.0 0.6000000000000001 2.0
1975.0 0.6000000000000001 2.0
2000.0 0.6000000000000001 -6.681023130595992
0.0 0.7000000000000001 -4.371392963170094
25.0 0.7000000000000001 -4.49917954265122
50.0 0.7000000000000001 -4.550689362100987
75.0 0.7000000000000001 -4.591118019156594
100.0 0.7000000000000001 -4.577219409640036
125.0 0.7000000000000001 -4.655717265331222
150.0 0.7000000000000001 -4.694251396329748
175.0 0.7000000000000001 -4.746524679352425
200.0 0.7000000000000001 -4.651639352910783
225.0 0.7000000000000001 -4.772538111717343
250.0 0.7000000000000001 -4.639630445437767
275.0 0.7000000000000001 -4.685387935998443
300.0 0.7000000000000001 -4.689797054903497
325.0 0.7000000000000001 -4.712540182042058
350.0 0.7000000000000001 -4.689797054903497
375.0 0.7000000000000001 -4.7219817382748985
400.0 0.7000000000000001 -4.7516042048816995
425.0 0.7000000000000001 -4.756743844534111
450.0 0.7000000000000001 -4.874843156612106
475.0 0.7000000000000001 -4.910171118953849
500.0 0.7000000000000001 -4.940660441101748
525.0 0.7000000000000001 -4.982053126259974
550.0 0.7000000000000001 -5.008925272660275
575.0 0.7000000000000001 -5.162509190718105
600.0 0.7000000000000001 -5.149544213553737
625.0 0.7000000000000001 -5.162509190718105
650.0 0.7000000000000001 -5.504931871540311
675.0 0.7000000000000001 -5.379993134932011
700.0 0.7000000000000001 -5.450574209217718
725.0 0.7000000000000001 -5.601841884548367
750.0 0.7000000000000001 -5.476903147940067
775.0 0.7000000000000001 -5.601841884548367
800.0 0.7000000000000001 -5.534895094917754
825.0 0.7000000000000001 -5.639630445437767
850.0 0.7000000000000001 -6.20390187587633
875.0 0.7000000000000001 -5.8359250905817355
900.0 0.7000000000000001 -5.982053126259974
925.0 0.7000000000000001 -5.726780621156667
950.0 0.7000000000000001 -5.639630445437767
975.0 0.7000000000000001 -6.07896313926803
1000.0 0.7000000000000001 -5.8359250905817355
1025.0 0.7000000000000001 -6.07896313926803
1050.0 0.7000000000000001 -6.681023130595992
1075.0 0.7000000000000001 -6.07896313926803
1100.0 0.7000000000000001 -6.681023130595992
1125.0 0.7000000000000001 2.0
1150.0 0.7000000000000001 -5.982053126259974
1175.0 0.7000000000000001 -6.379993134932011
1200.0 0.7000000000000001 2.0
1225.0 0.7000000000000001 -6.379993134932011
1250.0 0.7000000000000001 -6.681023130595992
1275.0 0.7000000000000001 -6.681023130595992
1300.0 0.7000000000000001 -6.681023130595992
1325.0 0.7000000000000001 2.0
1350.0 0.7000000000000001 2.0
1375.0 0.7000000000000001 2.0
1400.0 0.7000000000000001 2.0
1425.0 0.7000000000000001 2.0
1450.0 0.7000000000000001 2.0
1475.0 0.7000000000000001 2.0
1500.0 0.7000000000000001 -6.681023130595992
1525.0 0.7000000000000001 2.0
1550.0 0.7000000000000001 2.0
1575.0 0.7000000000000001 -6.681023130595992
1600.0 0.7000000000000001 2.0
1625.0 0.7000000000000001 2.0
1650.0 0.7000000000000001 -6.681023130595992
1675.0 0.7000000000000001 2.0
1700.0 0.7000000000000001 -6.681023130595992
1725.0 0.7000000000000001 2.0
1750.0 0.7000000000000001 2.0
1775.0 0.7000000000000001 2.0
1800.0 0.7000000000000001 2.0
1825.0 0.7000000000000001 -6.681023130595992
1850.0 0.7000000000000001 2.0
1875.0 0.7000000000000001 2.0
1900.0 0.7000000000000001 2.0
1925.0 0.7000000000000001 2.0
1950.0 0.7000000000000001 2.0
1975.0 0.7000000000000001 2.0
2000.0 0.7000000000000001 -6.681023130595992
0.0 0.8 -4.647599375109043
25.0 0.8 -4.9028718802123485
50.0 0.8 -5.300811888884387
75.0 0.8 -5.300811888884387
100.0 0.8 -5.319295294578399
125.0 0.8 -5.379993134932011
150.0 0.8 -5.338600449773787
175.0 0.8 -5.218625132697037
200.0 0.8 -5.425750625492687
225.0 0.8 -5.4022695296431635
250.0 0.8 -5.425750625492687
275.0 0.8 -5.425750625492687
300.0 0.8 -5.379993134932011
325.0 0.8 -5.358803835862073
350.0 0.8 -5.379993134932011
375.0 0.8 -5.338600449773787
400.0 0.8 -5.358803835862073
425.0 0.8 -5.450574209217718
450.0 0.8 -5.300811888884387
475.0 0.8 -5.450574209217718
500.0 0.8 -5.504931871540311
525.0 0.8 -5.5670797782891555
550.0 0.8 -5.639630445437767
575.0 0.8 -5.982053126259974
600.0 0.8 -5.726780621156667
625.0 0.8 -6.20390187587633
650.0 0.8 -5.726780621156667
675.0 0.8 -5.777933143604049
700.0 0.8 -5.982053126259974
725.0 0.8 -6.379993134932011
750.0 0.8 -6.07896313926803
775.0 0.8 -5.726780621156667
800.0 0.8 -5.982053126259974
825.0 0.8 -5.9028718802123485
850.0 0.8 -6.07896313926803
875.0 0.8 -6.07896313926803
900.0 0.8 -6.379993134932011
925.0 0.8 -6.20390187587633
950.0 0.8 -6.379993134932011
975.0 0.8 -6.681023130595992
1000.0 0.8 -6.681023130595992
1025.0 0.8 -6.681023130595992
1050.0 0.8 -6.20390187587633
1075.0 0.8 2.0
1100.0 0.8 -6.681023130595992
1125.0 0.8 -6.681023130595992
1150.0 0.8 2.0
1175.0 0.8 2.0
1200.0 0.8 -6.681023130595992
1225.0 0.8 -6.681023130595992
1250.0 0.8 -6.379993134932011
1275.0 0.8 2.0
1300.0 0.8 -6.681023130595992
1325.0 0.8 2.0
1350.0 0.8 2.0
1375.0 0.8 2.0
1400.0 0.8 -6.681023130595992
1425.0 0.8 2.0
1450.0 0.8 2.0
1475.0 0.8 2.0
1500.0 0.8 -6.681023130595992
1525.0 0.8 2.0
1550.0 0.8 2.0
1575.0 0.8 -6.681023130595992
1600.0 0.8 2.0
1625.0 0.8 2.0
1650.0 0.8 2.0
1675.0 0.8 2.0
1700.0 0.8 2.0
1725.0 0.8 2.0
1750.0 0.8 2.0
1775.0 0.8 2.0
1800.0 0.8 2.0
1825.0 0.8 2.0
1850.0 0.8 2.0
1875.0 0.8 2.0
1900.0 0.8 2.0
1925.0 0.8 2.0
1950.0 0.8 2.0
1975.0 0.8 2.0
2000.0 0.8 -6.681023130595992
0.0 0.9 -4.73163312395108
25.0 0.9 -5.162509190718105
50.0 0.9 -5.726780621156667
75.0 0.9 -5.9028718802123485
100.0 0.9 -6.20390187587633
125.0 0.9 -6.20390187587633
150.0 0.9 -6.379993134932011
175.0 0.9 -6.379993134932011
200.0 0.9 2.0
225.0 0.9 2.0
250.0 0.9 -6.681023130595992
275.0 0.9 -6.20390187587633
300.0 0.9 2.0
325.0 0.9 -6.379993134932011
350.0 0.9 2.0
375.0 0.9 -6.681023130595992
400.0 0.9 -6.20390187587633
425.0 0.9 2.0
450.0 0.9 2.0
475.0 0.9 -6.681023130595992
500.0 0.9 2.0
525.0 0.9 -6.681023130595992
550.0 0.9 2.0
575.0 0.9 2.0
600.0 0.9 -6.681023130595992
625.0 0.9 -6.681023130595992
650.0 0.9 -6.20390187587633
675.0 0.9 -6.681023130595992
700.0 0.9 2.0
725.0 0.9 2.0
750.0 0.9 2.0
775.0 0.9 -6.681023130595992
800.0 0.9 2.0
825.0 0.9 2.0
850.0 0.9 2.0
875.0 0.9 -6.681023130595992
900.0 0.9 2.0
925.0 0.9 2.0
950.0 0.9 2.0
975.0 0.9 -6.681023130595992
1000.0 0.9 -6.379993134932011
1025.0 0.9 -6.379993134932011
1050.0 0.9 2.0
1075.0 0.9 2.0
1100.0 0.9 2.0
1125.0 0.9 2.0
1150.0 0.9 2.0
1175.0 0.9 2.0
1200.0 0.9 2.0
1225.0 0.9 2.0
1250.0 0.9 2.0
1275.0 0.9 2.0
1300.0 0.9 2.0
1325.0 0.9 2.0
1350.0 0.9 2.0
1375.0 0.9 2.0
1400.0 0.9 2.0
1425.0 0.9 2.0
1450.0 0.9 2.0
1475.0 0.9 2.0
1500.0 0.9 -6.681023130595992
1525.0 0.9 2.0
1550.0 0.9 2.0
1575.0 0.9 2.0
1600.0 0.9 2.0
1625.0 0.9 2.0
1650.0 0.9 2.0
1675.0 0.9 2.0
1700.0 0.9 2.0
1725.0 0.9 2.0
1750.0 0.9 2.0
1775.0 0.9 2.0
1800.0 0.9 2.0
1825.0 0.9 2.0
1850.0 0.9 2.0
1875.0 0.9 2.0
1900.0 0.9 2.0
1925.0 0.9 2.0
1950.0 0.9 2.0
1975.0 0.9 2.0
2000.0 0.9 2.0
0.0 1.0 -3.5921785678689884
25.0 1.0 -4.358803835862073
50.0 1.0 -4.9175951370330555
75.0 1.0 -5.379993134932011
100.0 1.0 -5.982053126259974
125.0 1.0 -5.726780621156667
150.0 1.0 -6.379993134932011
175.0 1.0 2.0
200.0 1.0 -6.379993134932011
225.0 1.0 -6.681023130595992
250.0 1.0 2.0
275.0 1.0 -6.681023130595992
300.0 1.0 -6.681023130595992
325.0 1.0 -6.681023130595992
350.0 1.0 2.0
375.0 1.0 2.0
400.0 1.0 2.0
425.0 1.0 2.0
450.0 1.0 -6.681023130595992
475.0 1.0 2.0
500.0 1.0 2.0
525.0 1.0 2.0
550.0 1.0 2.0
575.0 1.0 2.0
600.0 1.0 2.0
625.0 1.0 2.0
650.0 1.0 2.0
675.0 1.0 2.0
700.0 1.0 2.0
725.0 1.0 2.0
750.0 1.0 2.0
775.0 1.0 2.0
800.0 1.0 2.0
825.0 1.0 2.0
850.0 1.0 2.0
875.0 1.0 2.0
900.0 1.0 2.0
925.0 1.0 2.0
950.0 1.0 2.0
975.0 1.0 2.0
1000.0 1.0 2.0
1025.0 1.0 2.0
1050.0 1.0 2.0
1075.0 1.0 2.0
1100.0 1.0 2.0
1125.0 1.0 2.0
1150.0 1.0 2.0
1175.0 1.0 2.0
1200.0 1.0 2.0
1225.0 1.0 2.0
1250.0 1.0 2.0
1275.0 1.0 2.0
1300.0 1.0 2.0
1325.0 1.0 2.0
1350.0 1.0 2.0
1375.0 1.0 2.0
1400.0 1.0 2.0
1425.0 1.0 2.0
1450.0 1.0 2.0
1475.0 1.0 2.0
1500.0 1.0 2.0
1525.0 1.0 2.0
1550.0 1.0 2.0
1575.0 1.0 2.0
1600.0 1.0 2.0
1625.0 1.0 2.0
1650.0 1.0 2.0
1675.0 1.0 2.0
1700.0 1.0 2.0
1725.0 1.0 2.0
1750.0 1.0 2.0
1775.0 1.0 2.0
1800.0 1.0 2.0
1825.0 1.0 2.0
1850.0 1.0 2.0
1875.0 1.0 2.0
1900.0 1.0 2.0
1925.0 1.0 2.0
1950.0 1.0 2.0
1975.0 1.0 2.0
2000.0 1.0 2.0
