0.0 0.0 -0.5663755688539405
25.0 0.0 -0.6979275302831347
50.0 0.0 -0.9196490378444602
75.0 0.0 -1.1514416645489145
100.0 0.0 -1.3465826549435487
125.0 0.0 -1.5104072601931755
150.0 0.0 -1.6396493410888522
175.0 0.0 -1.7642846934850918
200.0 0.0 -1.896563793259135
225.0 0.0 -1.9783851354729682
250.0 0.0 -2.0565084163642595
275.0 0.0 -2.1598052280337163
300.0 0.0 -2.2031122174527615
325.0 0.0 -2.3450398665292673
350.0 0.0 -2.3095675483670486
375.0 0.0 -2.48565880742273
400.0 0.0 -2.509731665840855
425.0 0.0 -2.5234473683121297
450.0 0.0 -2.557242871719833
475.0 0.0 -2.6279716401004523
500.0 0.0 -2.8085172405823835
525.0 0.0 -2.7422105313652088
550.0 0.0 -2.7460709521784468
575.0 0.0 -2.892198987856685
600.0 0.0 -2.8868039559699787
625.0 0.0 -2.8762108824725545
650.0 0.0 -3.017137724464985
675.0 0.0 -3.114047737473041
700.0 0.0 -3.0549262853543846
725.0 0.0 -3.161820519269042
750.0 0.0 -3.1825051181288933
775.0 0.0 -3.318167720128966
800.0 0.0 -3.3481309435064093
825.0 0.0 -3.473069680114709
850.0 0.0 -3.4942589791846475
875.0 0.0 -3.4335611388310356
900.0 0.0 -3.4942589791846475
925.0 0.0 -3.5911689921927037
950.0 0.0 -3.5911689921927037
975.0 0.0 -3.7952889748486287
1000.0 0.0 -3.7538962896904033
1025.0 0.0 -3.6813456225417918
1050.0 0.0 -3.7952889748486287
1075.0 0.0 -3.8410464654093035
1100.0 0.0 -3.892198987856685
1125.0 0.0 -3.7952889748486287
1150.0 0.0 -3.7538962896904033
1175.0 0.0 -4.017137724464985
1200.0 0.0 -3.950190934834372
1225.0 0.0 -4.09631897051261
1250.0 0.0 -4.09631897051261
1275.0 0.0 -4.795288974848629
1300.0 0.0 -4.017137724464985
1325.0 0.0 -4.795288974848629
1350.0 0.0 -4.795288974848629
1375.0 0.0 -4.193228983520666
1400.0 0.0 -4.193228983520666
1425.0 0.0 -4.4942589791846475
1450.0 0.0 -4.193228983520666
1475.0 0.0 -4.795288974848629
1500.0 0.0 -4.4942589791846475
1525.0 0.0 -4.795288974848629
1550.0 0.0 -4.4942589791846475
1575.0 0.0 -4.318167720128966
1600.0 0.0 -4.795288974848629
1625.0 0.0 2.0
1650.0 0.0 -4.318167720128966
1675.0 0.0 -4.795288974848629
1700.0 0.0 2.0
1725.0 0.0 2.0
1750.0 0.0 2.0
1775.0 0.0 2.0
1800.0 0.0 -4.4942589791846475
1825.0 0.0 -4.795288974848629
1850.0 0.0 2.0
1875.0 0.0 2.0
1900.0 0.0 -4.4942589791846475
1925.0 0.0 -4.795288974848629
1950.0 0.0 2.0
1975.0 0.0 2.0
2000.0 0.0 -4.193228983520666
0.0 0.1 -2.671437333881543
25.0 0.1 -2.511987746145079
50.0 0.1 -2.48565880742273
75.0 0.1 -2.5074872449184027
100.0 0.1 -2.567402270234955
125.0 0.1 -2.633920972613654
150.0 0.1 -2.6747150436427787
175.0 0.1 -2.7197420134560977
200.0 0.1 -2.7089291441738803
225.0 0.1 -2.836247582527535
250.0 0.1 -2.881475122464912
275.0 0.1 -2.97574503930676
300.0 0.1 -2.9260572551176525
325.0 0.1 -3.0792856312138293
350.0 0.1 -3.114047737473041
375.0 0.1 -3.1518362983624413
400.0 0.1 -3.3039272810143556
425.0 0.1 -3.2270872507816337
450.0 0.1 -3.473069680114709
475.0 0.1 -3.318167720128966
500.0 0.1 -3.3803156268778105
525.0 0.1 -3.6191977157929474
550.0 0.1 -3.6191977157929474
575.0 0.1 -3.892198987856685
600.0 0.1 -3.6191977157929474
625.0 0.1 -3.7952889748486287
650.0 0.1 -3.5648400534703546
675.0 0.1 -3.6491609391703905
700.0 0.1 -3.892198987856685
725.0 0.1 -3.7538962896904033
750.0 0.1 -4.193228983520666
775.0 0.1 -3.8410464654093035
800.0 0.1 -3.950190934834372
825.0 0.1 -4.193228983520666
850.0 0.1 -4.193228983520666
875.0 0.1 -4.09631897051261
900.0 0.1 -4.09631897051261
925.0 0.1 -4.4942589791846475
950.0 0.1 -4.09631897051261
975.0 0.1 -4.09631897051261
1000.0 0.1 -4.09631897051261
1025.0 0.1 -4.4942589791846475
1050.0 0.1 -4.4942589791846475
1075.0 0.1 -4.193228983520666
1100.0 0.1 -4.4942589791846475
1125.0 0.1 -4.795288974848629
1150.0 0.1 -4.318167720128966
1175.0 0.1 -4.795288974848629
1200.0 0.1 -4.4942589791846475
1225.0 0.1 -4.4942589791846475
1250.0 0.1 2.0
1275.0 0.1 -4.795288974848629
1300.0 0.1 2.0
1325.0 0.1 2.0
1350.0 0.1 2.0
1375.0 0.1 -4.795288974848629
1400.0 0.1 2.0
1425.0 0.1 -4.4942589791846475
1450.0 0.1 -4.4942589791846475
1475.0 0.1 2.0
1500.0 0.1 -4.795288974848629
1525.0 0.1 -4.4942589791846475
1550.0 0.1 2.0
1575.0 0.1 2.0
1600.0 0.1 -4.795288974848629
1625.0 0.1 2.0
1650.0 0.1 2.0
1675.0 0.1 2.0
1700.0 0.1 2.0
1725.0 0.1 2.0
1750.0 0.1 -4.795288974848629
1775.0 0.1 2.0
1800.0 0.1 2.0
1825.0 0.1 -4.795288974848629
1850.0 0.1 -4.795288974848629
1875.0 0.1 2.0
1900.0 0.1 -4.795288974848629
1925.0 0.1 2.0
1950.0 0.1 2.0
1975.0 0.1 2.0
2000.0 0.1 2.0
0.0 0.2 -3.047100947842428
25.0 0.2 -2.7996537802510786
50.0 0.2 -2.661750066478411
75.0 0.2 -2.6491609391703905
100.0 0.2 -2.6813456225417918
125.0 0.2 -2.7053838634092306
150.0 0.2 -2.7197420134560977
175.0 0.2 -2.831501147503073
200.0 0.2 -2.8762108824725545
225.0 0.2 -2.8410464654093035
250.0 0.2 -2.989109000864741
275.0 0.2 -3.087718798750692
300.0 0.2 -3.09631897051261
325.0 0.2 -3.087718798750692
350.0 0.2 -3.161820519269042
375.0 0.2 -3.318167720128966
400.0 0.2 -3.5400164697453222
425.0 0.2 -3.5165353738957994
450.0 0.2 -3.5911689921927037
475.0 0.2 -3.6491609391703905
500.0 0.2 -3.7161077288010036
525.0 0.2 -3.7952889748486287
550.0 0.2 -3.7538962896904033
575.0 0.2 -4.017137724464985
600.0 0.2 -3.7538962896904033
625.0 0.2 -3.7161077288010036
650.0 0.2 -3.892198987856685
675.0 0.2 -4.09631897051261
700.0 0.2 -4.017137724464985
725.0 0.2 -4.09631897051261
750.0 0.2 -4.318167720128966
775.0 0.2 -4.09631897051261
800.0 0.2 2.0
825.0 0.2 -4.09631897051261
850.0 0.2 -4.318167720128966
875.0 0.2 -4.318167720128966
900.0 0.2 -4.4942589791846475
925.0 0.2 -4.795288974848629
950.0 0.2 -4.318167720128966
975.0 0.2 -4.318167720128966
1000.0 0.2 -4.795288974848629
1025.0 0.2 -4.795288974848629
1050.0 0.2 2.0
1075.0 0.2 -4.4942589791846475
1100.0 0.2 2.0
1125.0 0.2 2.0
1150.0 0.2 -4.795288974848629
1175.0 0.2 -4.4942589791846475
1200.0 0.2 -4.4942589791846475
1225.0 0.2 2.0
1250.0 0.2 2.0
1275.0 0.2 -4.795288974848629
1300.0 0.2 2.0
1325.0 0.2 2.0
1350.0 0.2 2.0
1375.0 0.2 2.0
1400.0 0.2 -4.795288974848629
1425.0 0.2 2.0
1450.0 0.2 2.0
1475.0 0.2 2.0
1500.0 0.2 2.0
1525.0 0.2 2.0
1550.0 0.2 2.0
1575.0 0.2 2.0
1600.0 0.2 2.0
1625.0 0.2 2.0
1650.0 0.2 2.0
1675.0 0.2 2.0
1700.0 0.2 2.0
1725.0 0.2 2.0
1750.0 0.2 2.0
1775.0 0.2 2.0
1800.0 0.2 2.0
1825.0 0.2 2.0
1850.0 0.2 2.0
1875.0 0.2 2.0
1900.0 0.2 2.0
1925.0 0.2 2.0
1950.0 0.2 2.0
1975.0 0.2 2.0
2000.0 0.2 2.0
0.0 0.30000000000000004 -3.5648400534703546
25.0 0.30000000000000004 -3.0318609812856914
50.0 0.30000000000000004 -2.881475122464912
75.0 0.30000000000000004 -2.757862476908005
100.0 0.30000000000000004 -2.8175653695597807
125.0 0.30000000000000004 -2.761865219361679
150.0 0.30000000000000004 -2.8175653695597807
175.0 0.30000000000000004 -2.85080630269846
200.0 0.30000000000000004 -2.931966114728173
225.0 0.30000000000000004 -3.0099591398378616
250.0 0.30000000000000004 -3.0318609812856914
275.0 0.30000000000000004 -3.276775034970741
300.0 0.30000000000000004 -3.193228983520666
325.0 0.30000000000000004 -3.3973489661765908
350.0 0.30000000000000004 -3.3639252106896413
375.0 0.30000000000000004 -3.3803156268778105
400.0 0.30000000000000004 -3.5648400534703546
425.0 0.30000000000000004 -3.5911689921927037
450.0 0.30000000000000004 -4.017137724464985
475.0 0.30000000000000004 -3.950190934834372
500.0 0.30000000000000004 -3.4942589791846475
525.0 0.30000000000000004 -4.193228983520666
550.0 0.30000000000000004 -3.8410464654093035
575.0 0.30000000000000004 -3.950190934834372
600.0 0.30000000000000004 -4.318167720128966
625.0 0.30000000000000004 -3.950190934834372
650.0 0.30000000000000004 -4.09631897051261
675.0 0.30000000000000004 -4.017137724464985
700.0 0.30000000000000004 -4.318167720128966
725.0 0.30000000000000004 -4.09631897051261
750.0 0.30000000000000004 -3.892198987856685
775.0 0.30000000000000004 -4.795288974848629
800.0 0.30000000000000004 -4.795288974848629
825.0 0.30000000000000004 -4.795288974848629
850.0 0.30000000000000004 -4.795288974848629
875.0 0.30000000000000004 -4.795288974848629
900.0 0.30000000000000004 -4.318167720128966
925.0 0.30000000000000004 -4.4942589791846475
950.0 0.30000000000000004 -4.795288974848629
975.0 0.30000000000000004 2.0
1000.0 0.30000000000000004 2.0
1025.0 0.30000000000000004 2.0
1050.0 0.30000000000000004 -4.795288974848629
1075.0 0.30000000000000004 2.0
1100.0 0.30000000000000004 2.0
1125.0 0.30000000000000004 2.0
1150.0 0.30000000000000004 -4.795288974848629
1175.0 0.30000000000000004 -4.795288974848629
1200.0 0.30000000000000004 2.0
1225.0 0.30000000000000004 2.0
1250.0 0.30000000000000004 2.0
1275.0 0.30000000000000004 -4.795288974848629
1300.0 0.30000000000000004 2.0
1325.0 0.30000000000000004 2.0
1350.0 0.30000000000000004 -4.795288974848629
1375.0 0.30000000000000004 2.0
1400.0 0.30000000000000004 2.0
1425.0 0.30000000000000004 2.0
1450.0 0.30000000000000004 2.0
1475.0 0.30000000000000004 2.0
1500.0 0.30000000000000004 2.0
1525.0 0.30000000000000004 2.0
1550.0 0.30000000000000004 2.0
1575.0 0.30000000000000004 2.0
1600.0 0.30000000000000004 2.0
1625.0 0.30000000000000004 2.0
1650.0 0.30000000000000004 2.0
1675.0 0.30000000000000004 2.0
1700.0 0.30000000000000004 2.0
1725.0 0.30000000000000004 2.0
1750.0 0.30000000000000004 -4.795288974848629
1775.0 0.30000000000000004 2.0
1800.0 0.30000000000000004 2.0
1825.0 0.30000000000000004 2.0
1850.0 0.30000000000000004 2.0
1875.0 0.30000000000000004 2.0
1900.0 0.30000000000000004 2.0
1925.0 0.30000000000000004 2.0
1950.0 0.30000000000000004 2.0
1975.0 0.30000000000000004 2.0
2000.0 0.30000000000000004 -4.795288974848629
0.0 0.4 -3.473069680114709
25.0 0.4 -3.204224367822129
50.0 0.4 -2.8868039559699787
75.0 0.4 -2.9692141721478023
100.0 0.4 -2.865870049134336
125.0 0.4 -2.8762108824725545
150.0 0.4 -2.8976618835581873
175.0 0.4 -2.9692141721478023
200.0 0.4 -2.97574503930676
225.0 0.4 -3.161820519269042
250.0 0.4 -3.1325311431670544
275.0 0.4 -3.3639252106896413
300.0 0.4 -3.473069680114709
325.0 0.4 -3.3973489661765908
350.0 0.4 -3.452866294026422
375.0 0.4 -3.452866294026422
400.0 0.4 -3.3803156268778105
425.0 0.4 -3.8410464654093035
450.0 0.4 -3.6813456225417918
475.0 0.4 -3.6191977157929474
500.0 0.4 -3.8410464654093035
525.0 0.4 -4.09631897051261
550.0 0.4 -3.950190934834372
575.0 0.4 -3.950190934834372
600.0 0.4 -4.09631897051261
625.0 0.4 -4.017137724464985
650.0 0.4 -4.193228983520666
675.0 0.4 -4.795288974848629
700.0 0.4 -4.193228983520666
725.0 0.4 -4.795288974848629
750.0 0.4 2.0
775.0 0.4 2.0
800.0 0.4 -4.4942589791846475
825.0 0.4 -4.795288974848629
850.0 0.4 -4.795288974848629
875.0 0.4 -4.795288974848629
900.0 0.4 -4.4942589791846475
925.0 0.4 -4.795288974848629
950.0 0.4 -4.4942589791846475
975.0 0.4 2.0
1000.0 0.4 2.0
1025.0 0.4 2.0
1050.0 0.4 2.0
1075.0 0.4 2.0
1100.0 0.4 2.0
1125.0 0.4 -4.795288974848629
1150.0 0.4 -4.795288974848629
1175.0 0.4 2.0
1200.0 0.4 2.0
1225.0 0.4 -4.795288974848629
1250.0 0.4 2.0
1275.0 0.4 2.0
1300.0 0.4 -4.4942589791846475
1325.0 0.4 2.0
1350.0 0.4 2.0
1375.0 0.4 2.0
1400.0 0.4 2.0
1425.0 0.4 -4.795288974848629
1450.0 0.4 2.0
1475.0 0.4 2.0
1500.0 0.4 2.0
1525.0 0.4 2.0
1550.0 0.4 2.0
1575.0 0.4 2.0
1600.0 0.4 2.0
1625.0 0.4 2.0
1650.0 0.4 2.0
1675.0 0.4 2.0
1700.0 0.4 2.0
1725.0 0.4 2.0
1750.0 0.4 2.0
1775.0 0.4 2.0
1800.0 0.4 2.0
1825.0 0.4 2.0
1850.0 0.4 2.0
1875.0 0.4 2.0
1900.0 0.4 2.0
1925.0 0.4 2.0
1950.0 0.4 2.0
1975.0 0.4 2.0
2000.0 0.4 2.0
0.0 0.5 -3.6813456225417918
25.0 0.5 -3.5165353738957994
50.0 0.5 -3.105092894820115
75.0 0.5 -3.0318609812856914
100.0 0.5 -2.989109000864741
125.0 0.5 -3.0549262853543846
150.0 0.5 -3.09631897051261
175.0 0.5 -2.9959484253950466
200.0 0.5 -3.215505378231818
225.0 0.5 -3.123191116912911
250.0 0.5 -3.251220930498353
275.0 0.5 -3.3639252106896413
300.0 0.5 -3.3328909769496726
325.0 0.5 -3.3639252106896413
350.0 0.5 -3.4150777331370223
375.0 0.5 -3.5165353738957994
400.0 0.5 -3.8410464654093035
425.0 0.5 -3.7952889748486287
450.0 0.5 -3.6191977157929474
475.0 0.5 -3.7952889748486287
500.0 0.5 -4.09631897051261
525.0 0.5 -4.09631897051261
550.0 0.5 -4.09631897051261
575.0 0.5 -4.4942589791846475
600.0 0.5 -4.4942589791846475
625.0 0.5 -4.318167720128966
650.0 0.5 -4.09631897051261
675.0 0.5 -4.795288974848629
700.0 0.5 -4.4942589791846475
725.0 0.5 2.0
750.0 0.5 -4.318167720128966
775.0 0.5 -4.795288974848629
800.0 0.5 -4.795288974848629
825.0 0.5 2.0
850.0 0.5 2.0
875.0 0.5 -4.795288974848629
900.0 0.5 -4.795288974848629
925.0 0.5 -4.4942589791846475
950.0 0.5 2.0
975.0 0.5 -4.795288974848629
1000.0 0.5 2.0
1025.0 0.5 2.0
1050.0 0.5 2.0
1075.0 0.5 2.0
1100.0 0.5 2.0
1125.0 0.5 -4.795288974848629
1150.0 0.5 2.0
1175.0 0.5 2.0
1200.0 0.5 2.0
1225.0 0.5 2.0
1250.0 0.5 2.0
1275.0 0.5 2.0
1300.0 0.5 2.0
1325.0 0.5 2.0
1350.0 0.5 2.0
1375.0 0.5 2.0
1400.0 0.5 2.0
1425.0 0.5 2.0
1450.0 0.5 2.0
1475.0 0.5 2.0
1500.0 0.5 2.0
1525.0 0.5 2.0
1550.0 0.5 2.0
1575.0 0.5 2.0
1600.0 0.5 2.0
1625.0 0.5 2.0
1650.0 0.5 2.0
1675.0 0.5 2.0
1700.0 0.5 2.0
1725.0 0.5 2.0
1750.0 0.5 2.0
1775.0 0.5 2.0
1800.0 0.5 2.0
1825.0 0.5 2.0
1850.0 0.5 2.0
1875.0 0.5 2.0
1900.0 0.5 2.0
1925.0 0.5 2.0
1950.0 0.5 2.0
1975.0 0.5 2.0
2000.0 0.5 2.0
0.0 0.6000000000000001 -3.5400164697453222
25.0 0.6000000000000001 -3.5911689921927037
50.0 0.6000000000000001 -3.2901389965287224
75.0 0.6000000000000001 -3.002897285350375
100.0 0.6000000000000001 -3.123191116912911
125.0 0.6000000000000001 -3.0710131052478395
150.0 0.6000000000000001 -3.114047737473041
175.0 0.6000000000000001 -3.1518362983624413
200.0 0.6000000000000001 -3.251220930498353
225.0 0.6000000000000001 -3.473069680114709
250.0 0.6000000000000001 -3.2638100578063733
275.0 0.6000000000000001 -3.3639252106896413
300.0 0.6000000000000001 -3.3973489661765908
325.0 0.6000000000000001 -3.452866294026422
350.0 0.6000000000000001 -3.5165353738957994
375.0 0.6000000000000001 -3.7161077288010036
400.0 0.6000000000000001 -3.7952889748486287
425.0 0.6000000000000001 -3.950190934834372
450.0 0.6000000000000001 -4.318167720128966
475.0 0.6000000000000001 -3.7538962896904033
500.0 0.6000000000000001 -3.950190934834372
525.0 0.6000000000000001 -3.7952889748486287
550.0 0.6000000000000001 -4.09631897051261
575.0 0.6000000000000001 -3.892198987856685
600.0 0.6000000000000001 -4.318167720128966
625.0 0.6000000000000001 -4.318167720128966
650.0 0.6000000000000001 2.0
675.0 0.6000000000000001 -4.795288974848629
700.0 0.6000000000000001 2.0
725.0 0.6000000000000001 -4.193228983520666
750.0 0.6000000000000001 2.0
775.0 0.6000000000000001 -4.795288974848629
800.0 0.6000000000000001 -4.795288974848629
825.0 0.6000000000000001 -4.795288974848629
850.0 0.6000000000000001 -4.795288974848629
875.0 0.6000000000000001 -4.795288974848629
900.0 0.6000000000000001 2.0
925.0 0.6000000000000001 -4.795288974848629
950.0 0.6000000000000001 2.0
975.0 0.6000000000000001 2.0
1000.0 0.6000000000000001 2.0
1025.0 0.6000000000000001 2.0
1050.0 0.6000000000000001 2.0
1075.0 0.6000000000000001 2.0
1100.0 0.6000000000000001 2.0
1125.0 0.6000000000000001 2.0
1150.0 0.6000000000000001 2.0
1175.0 0.6000000000000001 2.0
1200.0 0.6000000000000001 2.0
1225.0 0.6000000000000001 2.0
1250.0 0.6000000000000001 2.0
1275.0 0.6000000000000001 2.0
1300.0 0.6000000000000001 2.0
1325.0 0.6000000000000001 2.0
1350.0 0.6000000000000001 2.0
1375.0 0.6000000000000001 2.0
1400.0 0.6000000000000001 2.0
1425.0 0.6000000000000001 2.0
1450.0 0.6000000000000001 2.0
1475.0 0.6000000000000001 2.0
1500.0 0.6000000000000001 2.0
1525.0 0.6000000000000001 2.0
1550.0 0.6000000000000001 2.0
1575.0 0.6000000000000001 2.0
1600.0 0.6000000000000001 2.0
1625.0 0.6000000000000001 2.0
1650.0 0.6000000000000001 2.0
1675.0 0.6000000000000001 2.0
1700.0 0.6000000000000001 2.0
1725.0 0.6000000000000001 2.0
1750.0 0.6000000000000001 2.0
1775.0 0.6000000000000001 2.0
1800.0 0.6000000000000001 2.0
1825.0 0.6000000000000001 2.0
1850.0 0.6000000000000001 2.0
1875.0 0.6000000000000001 2.0
1900.0 0.6000000000000001 2.0
1925.0 0.6000000000000001 2.0
1950.0 0.6000000000000001 2.0
1975.0 0.6000000000000001 2.0
2000.0 0.6000000000000001 2.0
0.0 0.7000000000000001 -3.7161077288010036
25.0 0.7000000000000001 -3.7952889748486287
50.0 0.7000000000000001 -3.5165353738957994
75.0 0.7000000000000001 -3.2901389965287224
100.0 0.7000000000000001 -3.4150777331370223
125.0 0.7000000000000001 -3.215505378231818
150.0 0.7000000000000001 -3.251220930498353
175.0 0.7000000000000001 -3.2389864740813414
200.0 0.7000000000000001 -3.1825051181288933
225.0 0.7000000000000001 -3.3481309435064093
250.0 0.7000000000000001 -3.452866294026422
275.0 0.7000000000000001 -3.3803156268778105
300.0 0.7000000000000001 -3.7538962896904033
325.0 0.7000000000000001 -3.5911689921927037
350.0 0.7000000000000001 -3.5911689921927037
375.0 0.7000000000000001 -3.5911689921927037
400.0 0.7000000000000001 -3.7952889748486287
425.0 0.7000000000000001 -3.7161077288010036
450.0 0.7000000000000001 -4.193228983520666
475.0 0.7000000000000001 -3.892198987856685
500.0 0.7000000000000001 -4.193228983520666
525.0 0.7000000000000001 -4.017137724464985
550.0 0.7000000000000001 -4.193228983520666
575.0 0.7000000000000001 -4.318167720128966
600.0 0.7000000000000001 -4.09631897051261
625.0 0.7000000000000001 -4.318167720128966
650.0 0.7000000000000001 -4.795288974848629
675.0 0.7000000000000001 2.0
700.0 0.7000000000000001 -4.795288974848629
725.0 0.7000000000000001 -4.318167720128966
750.0 0.7000000000000001 2.0
775.0 0.7000000000000001 2.0
800.0 0.7000000000000001 -4.4942589791846475
825.0 0.7000000000000001 -4.4942589791846475
850.0 0.7000000000000001 -4.795288974848629
875.0 0.7000000000000001 2.0
900.0 0.7000000000000001 -4.795288974848629
925.0 0.7000000000000001 2.0
950.0 0.7000000000000001 2.0
975.0 0.7000000000000001 2.0
1000.0 0.7000000000000001 2.0
1025.0 0.7000000000000001 2.0
1050.0 0.7000000000000001 2.0
1075.0 0.7000000000000001 -4.795288974848629
1100.0 0.7000000000000001 2.0
1125.0 0.7000000000000001 2.0
1150.0 0.7000000000000001 -4.4942589791846475
1175.0 0.7000000000000001 2.0
1200.0 0.7000000000000001 2.0
1225.0 0.7000000000000001 2.0
1250.0 0.7000000000000001 2.0
1275.0 0.7000000000000001 2.0
1300.0 0.7000000000000001 2.0
1325.0 0.7000000000000001 2.0
1350.0 0.7000000000000001 2.0
1375.0 0.7000000000000001 2.0
1400.0 0.7000000000000001 2.0
1425.0 0.7000000000000001 2.0
1450.0 0.7000000000000001 2.0
1475.0 0.7000000000000001 2.0
1500.0 0.7000000000000001 2.0
1525.0 0.7000000000000001 2.0
1550.0 0.7000000000000001 2.0
1575.0 0.7000000000000001 2.0
1600.0 0.7000000000000001 2.0
1625.0 0.7000000000000001 2.0
1650.0 0.7000000000000001 2.0
1675.0 0.7000000000000001 2.0
1700.0 0.7000000000000001 2.0
1725.0 0.7000000000000001 2.0
1750.0 0.7000000000000001 2.0
1775.0 0.7000000000000001 2.0
1800.0 0.7000000000000001 2.0
1825.0 0.7000000000000001 2.0
1850.0 0.7000000000000001 2.0
1875.0 0.7000000000000001 2.0
1900.0 0.7000000000000001 2.0
1925.0 0.7000000000000001 2.0
1950.0 0.7000000000000001 2.0
1975.0 0.7000000000000001 2.0
2000.0 0.7000000000000001 2.0
0.0 0.8 -3.8410464654093035
25.0 0.8 -3.7538962896904033
50.0 0.8 -3.950190934834372
75.0 0.8 -3.6491609391703905
100.0 0.8 -3.6191977157929474
125.0 0.8 -3.6191977157929474
150.0 0.8 -3.7952889748486287
175.0 0.8 -3.6491609391703905
200.0 0.8 -3.4942589791846475
225.0 0.8 -3.6491609391703905
250.0 0.8 -3.7161077288010036
275.0 0.8 -3.5911689921927037
300.0 0.8 -3.6491609391703905
325.0 0.8 -3.7952889748486287
350.0 0.8 -3.5400164697453222
375.0 0.8 -4.318167720128966
400.0 0.8 -3.950190934834372
425.0 0.8 -4.017137724464985
450.0 0.8 -4.795288974848629
475.0 0.8 -4.193228983520666
500.0 0.8 -4.318167720128966
525.0 0.8 -4.09631897051261
550.0 0.8 -4.4942589791846475
575.0 0.8 -4.193228983520666
600.0 0.8 -4.318167720128966
625.0 0.8 -4.4942589791846475
650.0 0.8 -4.795288974848629
675.0 0.8 -4.795288974848629
700.0 0.8 -4.318167720128966
725.0 0.8 -4.795288974848629
750.0 0.8 -4.795288974848629
775.0 0.8 -4.795288974848629
800.0 0.8 -4.795288974848629
825.0 0.8 2.0
850.0 0.8 2.0
875.0 0.8 2.0
900.0 0.8 2.0
925.0 0.8 2.0
950.0 0.8 2.0
975.0 0.8 2.0
1000.0 0.8 2.0
1025.0 0.8 2.0
1050.0 0.8 -4.795288974848629
1075.0 0.8 2.0
1100.0 0.8 2.0
1125.0 0.8 2.0
1150.0 0.8 2.0
1175.0 0.8 2.0
1200.0 0.8 2.0
1225.0 0.8 2.0
1250.0 0.8 2.0
1275.0 0.8 2.0
1300.0 0.8 2.0
1325.0 0.8 2.0
1350.0 0.8 2.0
1375.0 0.8 -4.795288974848629
1400.0 0.8 2.0
1425.0 0.8 2.0
1450.0 0.8 2.0
1475.0 0.8 2.0
1500.0 0.8 2.0
1525.0 0.8 2.0
1550.0 0.8 2.0
1575.0 0.8 2.0
1600.0 0.8 2.0
1625.0 0.8 2.0
1650.0 0.8 2.0
1675.0 0.8 2.0
1700.0 0.8 2.0
1725.0 0.8 2.0
1750.0 0.8 2.0
1775.0 0.8 2.0
1800.0 0.8 2.0
1825.0 0.8 2.0
1850.0 0.8 2.0
1875.0 0.8 2.0
1900.0 0.8 2.0
1925.0 0.8 2.0
1950.0 0.8 2.0
1975.0 0.8 2.0
2000.0 0.8 2.0
0.0 0.9 -3.8410464654093035
25.0 0.9 -4.017137724464985
50.0 0.9 -4.4942589791846475
75.0 0.9 -4.4942589791846475
100.0 0.9 -4.4942589791846475
125.0 0.9 -4.193228983520666
150.0 0.9 -4.193228983520666
175.0 0.9 -4.4942589791846475
200.0 0.9 2.0
225.0 0.9 -4.017137724464985
250.0 0.9 -4.318167720128966
275.0 0.9 -4.795288974848629
300.0 0.9 -4.795288974848629
325.0 0.9 -4.09631897051261
350.0 0.9 -4.4942589791846475
375.0 0.9 -4.795288974848629
400.0 0.9 -4.795288974848629
425.0 0.9 2.0
450.0 0.9 -4.193228983520666
475.0 0.9 -4.795288974848629
500.0 0.9 2.0
525.0 0.9 -4.795288974848629
550.0 0.9 -4.4942589791846475
575.0 0.9 2.0
600.0 0.9 2.0
625.0 0.9 2.0
650.0 0.9 2.0
675.0 0.9 2.0
700.0 0.9 2.0
725.0 0.9 2.0
750.0 0.9 -4.4942589791846475
775.0 0.9 -4.795288974848629
800.0 0.9 2.0
825.0 0.9 2.0
850.0 0.9 2.0
875.0 0.9 2.0
900.0 0.9 2.0
925.0 0.9 -4.795288974848629
950.0 0.9 2.0
975.0 0.9 2.0
1000.0 0.9 2.0
1025.0 0.9 2.0
1050.0 0.9 2.0
1075.0 0.9 2.0
1100.0 0.9 2.0
1125.0 0.9 2.0
1150.0 0.9 2.0
1175.0 0.9 2.0
1200.0 0.9 2.0
1225.0 0.9 2.0
1250.0 0.9 2.0
1275.0 0.9 2.0
1300.0 0.9 2.0
1325.0 0.9 2.0
1350.0 0.9 2.0
1375.0 0.9 2.0
1400.0 0.9 2.0
1425.0 0.9 2.0
1450.0 0.9 2.0
1475.0 0.9 2.0
1500.0 0.9 2.0
1525.0 0.9 2.0
1550.0 0.9 2.0
1575.0 0.9 2.0
1600.0 0.9 2.0
1625.0 0.9 2.0
1650.0 0.9 2.0
1675.0 0.9 2.0
1700.0 0.9 2.0
1725.0 0.9 2.0
1750.0 0.9 2.0
1775.0 0.9 2.0
1800.0 0.9 2.0
1825.0 0.9 2.0
1850.0 0.9 2.0
1875.0 0.9 2.0
1900.0 0.9 2.0
1925.0 0.9 2.0
1950.0 0.9 2.0
1975.0 0.9 2.0
2000.0 0.9 2.0
0.0 1.0 -2.3196177865241987
25.0 1.0 -2.7197420134560977
50.0 1.0 -3.2901389965287224
75.0 1.0 -3.5911689921927037
100.0 1.0 -4.318167720128966
125.0 1.0 -4.318167720128966
150.0 1.0 -4.795288974848629
175.0 1.0 2.0
200.0 1.0 2.0
225.0 1.0 2.0
250.0 1.0 2.0
275.0 1.0 2.0
300.0 1.0 2.0
325.0 1.0 2.0
350.0 1.0 2.0
375.0 1.0 2.0
400.0 1.0 2.0
425.0 1.0 2.0
450.0 1.0 2.0
475.0 1.0 2.0
500.0 1.0 2.0
525.0 1.0 2.0
550.0 1.0 2.0
575.0 1.0 2.0
600.0 1.0 2.0
625.0 1.0 2.0
650.0 1.0 2.0
675.0 1.0 2.0
700.0 1.0 2.0
725.0 1.0 2.0
750.0 1.0 2.0
775.0 1.0 2.0
800.0 1.0 2.0
825.0 1.0 2.0
850.0 1.0 2.0
875.0 1.0 2.0
900.0 1.0 2.0
925.0 1.0 2.0
950.0 1.0 2.0
975.0 1.0 2.0
1000.0 1.0 2.0
1025.0 1.0 2.0
1050.0 1.0 2.0
1075.0 1.0 2.0
1100.0 1.0 2.0
1125.0 1.0 2.0
1150.0 1.0 2.0
1175.0 1.0 2.0
1200.0 1.0 2.0
1225.0 1.0 2.0
1250.0 1.0 2.0
1275.0 1.0 2.0
1300.0 1.0 2.0
1325.0 1.0 2.0
1350.0 1.0 2.0
1375.0 1.0 2.0
1400.0 1.0 2.0
1425.0 1.0 2.0
1450.0 1.0 2.0
1475.0 1.0 2.0
1500.0 1.0 2.0
1525.0 1.0 2.0
1550.0 1.0 2.0
1575.0 1.0 2.0
1600.0 1.0 2.0
1625.0 1.0 2.0
1650.0 1.0 2.0
1675.0 1.0 2.0
1700.0 1.0 2.0
1725.0 1.0 2.0
1750.0 1.0 2.0
1775.0 1.0 2.0
1800.0 1.0 2.0
1825.0 1.0 2.0
1850.0 1.0 2.0
1875.0 1.0 2.0
1900.0 1.0 2.0
1925.0 1.0 2.0
1950.0 1.0 2.0
1975.0 1.0 2.0
2000.0 1.0 2.0
