0.0 0.0 -0.3781974111619219
25.0 0.0 -0.5878337859524756
50.0 0.0 -0.8894820781520874
75.0 0.0 -1.1793992956505177
100.0 0.0 -1.4488057701077162
125.0 0.0 -1.701233999087115
150.0 0.0 -1.91872514376466
175.0 0.0 -2.121045763368513
200.0 0.0 -2.298240863885916
225.0 0.0 -2.456837865291706
250.0 0.0 -2.6076915497474173
275.0 0.0 -2.7532599187153335
300.0 0.0 -2.8474806458494997
325.0 0.0 -2.9603694965841116
350.0 0.0 -3.071033057069638
375.0 0.0 -3.164089675489481
400.0 0.0 -3.2473228507490752
425.0 0.0 -3.358386432806063
450.0 0.0 -3.4172034597898198
475.0 0.0 -3.507447858646793
500.0 0.0 -3.579210600450529
525.0 0.0 -3.676280545142184
550.0 0.0 -3.6992731456898396
575.0 0.0 -3.8301553990554114
600.0 0.0 -3.867012330380755
625.0 0.0 -3.9516878869717997
650.0 0.0 -3.914150726657816
675.0 0.0 -4.0766266235801
700.0 0.0 -4.11005037906705
725.0 0.0 -4.223559653894568
750.0 0.0 -4.268065574476935
775.0 0.0 -4.3282950044145805
800.0 0.0 -4.415445180133481
825.0 0.0 -4.481661449016738
850.0 0.0 -4.547757514610574
875.0 0.0 -4.547757514610574
900.0 0.0 -4.618688685232777
925.0 0.0 -4.767627698244843
950.0 0.0 -4.6628923477248305
975.0 0.0 -4.78783108433313
1000.0 0.0 -4.820015767704532
1025.0 0.0 -5.155807869627725
1050.0 0.0 -5.068657693908825
1075.0 0.0 -5.1323267737782015
1100.0 0.0 -5.155807869627725
1125.0 0.0 -5.1323267737782015
1150.0 0.0 -5.155807869627725
1175.0 0.0 -5.331899128683406
1200.0 0.0 -5.206960392075106
1225.0 0.0 -5.264952339052793
1250.0 0.0 -5.331899128683406
1275.0 0.0 -5.456837865291706
1300.0 0.0 -5.456837865291706
1325.0 0.0 -5.712110370395012
1350.0 0.0 -5.933959120011369
1375.0 0.0 -5.565982334716774
1400.0 0.0 -5.933959120011369
1425.0 0.0 -5.809020383403069
1450.0 0.0 -5.809020383403069
1475.0 0.0 -6.11005037906705
1500.0 0.0 -5.809020383403069
1525.0 0.0 -5.933959120011369
1550.0 0.0 -5.933959120011369
1575.0 0.0 -6.11005037906705
1600.0 0.0 -6.411080374731031
1625.0 0.0 2.0
1650.0 0.0 -6.411080374731031
1675.0 0.0 -6.411080374731031
1700.0 0.0 -5.933959120011369
1725.0 0.0 2.0
1750.0 0.0 -6.411080374731031
1775.0 0.0 2.0
1800.0 0.0 -6.11005037906705
1825.0 0.0 -6.11005037906705
1850.0 0.0 2.0
1875.0 0.0 -6.411080374731031
1900.0 0.0 -6.411080374731031
1925.0 0.0 -6.411080374731031
1950.0 0.0 -6.411080374731031
1975.0 0.0 -6.411080374731031
2000.0 0.0 -5.933959120011369
0.0 0.1 -2.2219551678055023
25.0 0.1 -2.4144373833755584
50.0 0.1 -2.608306649439055
75.0 0.1 -2.796710535182742
100.0 0.1 -2.9639223433888118
125.0 0.1 -3.0903111463923443
150.0 0.1 -3.1878441016280332
175.0 0.1 -3.2503118128699025
200.0 0.1 -3.2948047871504866
225.0 0.1 -3.3712698205826803
250.0 0.1 -3.44871103906101
275.0 0.1 -3.5112598723039348
300.0 0.1 -3.5882587294279262
325.0 0.1 -3.6843531657044584
350.0 0.1 -3.762720363750099
375.0 0.1 -3.845232556057513
400.0 0.1 -3.919718680896758
425.0 0.1 -3.962374054825951
450.0 0.1 -4.0627755116828705
475.0 0.1 -4.173034271602235
500.0 0.1 -4.215180722321797
525.0 0.1 -4.290506443525181
550.0 0.1 -4.406759000948388
575.0 0.1 -4.452038982409937
600.0 0.1 -4.5722312839937755
625.0 0.1 -4.591536439189162
650.0 0.1 -4.670717685236787
675.0 0.1 -4.729839137355444
700.0 0.1 -4.712110370395012
725.0 0.1 -5.013140366058993
750.0 0.1 -4.83129677811422
775.0 0.1 -4.905930396411125
800.0 0.1 -4.963922343388812
825.0 0.1 -4.948682376832075
850.0 0.1 -4.996107026760213
875.0 0.1 -5.013140366058993
900.0 0.1 -5.088861079997112
925.0 0.1 -5.206960392075106
950.0 0.1 -5.369687689572806
975.0 0.1 -5.180631453352757
1000.0 0.1 -5.41108037473103
1025.0 0.1 -5.632929124347387
1050.0 0.1 -5.565982334716774
1075.0 0.1 -5.297137022424194
1100.0 0.1 -5.369687689572806
1125.0 0.1 -5.41108037473103
1150.0 0.1 -5.632929124347387
1175.0 0.1 -5.632929124347387
1200.0 0.1 -5.933959120011369
1225.0 0.1 2.0
1250.0 0.1 -5.933959120011369
1275.0 0.1 -5.809020383403069
1300.0 0.1 -5.933959120011369
1325.0 0.1 -5.933959120011369
1350.0 0.1 -6.11005037906705
1375.0 0.1 -6.11005037906705
1400.0 0.1 -5.712110370395012
1425.0 0.1 -5.933959120011369
1450.0 0.1 -5.933959120011369
1475.0 0.1 -6.11005037906705
1500.0 0.1 -6.411080374731031
1525.0 0.1 -6.11005037906705
1550.0 0.1 2.0
1575.0 0.1 -6.11005037906705
1600.0 0.1 -6.411080374731031
1625.0 0.1 -6.11005037906705
1650.0 0.1 -5.809020383403069
1675.0 0.1 -6.411080374731031
1700.0 0.1 2.0
1725.0 0.1 2.0
1750.0 0.1 -6.411080374731031
1775.0 0.1 2.0
1800.0 0.1 -6.11005037906705
1825.0 0.1 2.0
1850.0 0.1 2.0
1875.0 0.1 2.0
1900.0 0.1 -6.411080374731031
1925.0 0.1 2.0
1950.0 0.1 -6.411080374731031
1975.0 0.1 2.0
2000.0 0.1 -5.632929124347387
0.0 0.2 -2.928206791122277
25.0 0.2 -3.003349646704695
50.0 0.2 -3.14016873532055
75.0 0.2 -3.2855991090304366
100.0 0.2 -3.360700618469573
125.0 0.2 -3.423861144823026
150.0 0.2 -3.49147935094692
175.0 0.2 -3.598167018088175
200.0 0.2 -3.583065310507054
225.0 0.2 -3.646157390081142
250.0 0.2 -3.702659474596318
275.0 0.2 -3.777611919151444
300.0 0.2 -3.8847410973411867
325.0 0.2 -3.9427330443188735
350.0 0.2 -4.078641914815425
375.0 0.2 -4.072623881126426
400.0 0.2 -4.261861262075651
425.0 0.2 -4.237894106318757
450.0 0.2 -4.3816965970458215
475.0 0.2 -4.411080374731031
500.0 0.2 -4.466597702580862
525.0 0.2 -4.604900400747144
550.0 0.2 -4.6628923477248305
575.0 0.2 -4.7035101986330945
600.0 0.2 -4.842878650664036
625.0 0.2 -4.8547778739637435
650.0 0.2 -4.892566434853143
675.0 0.2 -4.8547778739637435
700.0 0.2 -4.933959120011369
725.0 0.2 -5.1323267737782015
750.0 0.2 -5.088861079997112
775.0 0.2 -5.11005037906705
800.0 0.2 -5.41108037473103
825.0 0.2 -5.180631453352757
850.0 0.2 -5.41108037473103
875.0 0.2 -5.264952339052793
900.0 0.2 -5.565982334716774
925.0 0.2 -5.331899128683406
950.0 0.2 -5.712110370395012
975.0 0.2 -5.456837865291706
1000.0 0.2 -5.331899128683406
1025.0 0.2 -6.11005037906705
1050.0 0.2 -5.632929124347387
1075.0 0.2 -5.712110370395012
1100.0 0.2 -5.933959120011369
1125.0 0.2 -5.565982334716774
1150.0 0.2 -5.809020383403069
1175.0 0.2 -6.11005037906705
1200.0 0.2 -5.809020383403069
1225.0 0.2 -6.11005037906705
1250.0 0.2 -6.11005037906705
1275.0 0.2 -6.411080374731031
1300.0 0.2 -5.712110370395012
1325.0 0.2 -6.11005037906705
1350.0 0.2 -6.11005037906705
1375.0 0.2 2.0
1400.0 0.2 -6.411080374731031
1425.0 0.2 -6.11005037906705
1450.0 0.2 -6.11005037906705
1475.0 0.2 2.0
1500.0 0.2 -6.411080374731031
1525.0 0.2 2.0
1550.0 0.2 -5.933959120011369
1575.0 0.2 2.0
1600.0 0.2 -5.933959120011369
1625.0 0.2 2.0
1650.0 0.2 2.0
1675.0 0.2 2.0
1700.0 0.2 2.0
1725.0 0.2 2.0
1750.0 0.2 -6.411080374731031
1775.0 0.2 -6.411080374731031
1800.0 0.2 -6.411080374731031
1825.0 0.2 -6.411080374731031
1850.0 0.2 -6.411080374731031
1875.0 0.2 2.0
1900.0 0.2 -6.411080374731031
1925.0 0.2 2.0
1950.0 0.2 2.0
1975.0 0.2 2.0
2000.0 0.2 -5.933959120011369
0.0 0.30000000000000004 -3.5134532834405894
25.0 0.30000000000000004 -3.516210717985778
50.0 0.30000000000000004 -3.6544442664851826
75.0 0.30000000000000004 -3.771593885462445
100.0 0.30000000000000004 -3.86950113078445
125.0 0.30000000000000004 -3.933959120011368
150.0 0.30000000000000004 -3.9994606687678007
175.0 0.30000000000000004 -4.068657693908825
200.0 0.30000000000000004 -4.118824303374555
225.0 0.30000000000000004 -4.127779146027481
250.0 0.30000000000000004 -4.215180722321797
275.0 0.30000000000000004 -4.342894512984869
300.0 0.30000000000000004 -4.350382534377419
325.0 0.30000000000000004 -4.428809141691462
350.0 0.30000000000000004 -4.541848655000055
375.0 0.30000000000000004 -4.524589649558549
400.0 0.30000000000000004 -4.591536439189162
425.0 0.30000000000000004 -4.695077031096232
450.0 0.30000000000000004 -4.729839137355444
475.0 0.30000000000000004 -4.879601457688776
500.0 0.30000000000000004 -4.83129677811422
525.0 0.30000000000000004 -4.963922343388812
550.0 0.30000000000000004 -5.049352538713438
575.0 0.30000000000000004 -5.088861079997112
600.0 0.30000000000000004 -5.180631453352757
625.0 0.30000000000000004 -5.180631453352757
650.0 0.30000000000000004 -5.264952339052793
675.0 0.30000000000000004 -5.297137022424194
700.0 0.30000000000000004 -5.565982334716774
725.0 0.30000000000000004 -5.297137022424194
750.0 0.30000000000000004 -5.632929124347387
775.0 0.30000000000000004 -5.632929124347387
800.0 0.30000000000000004 -5.456837865291706
825.0 0.30000000000000004 -5.809020383403069
850.0 0.30000000000000004 -5.5079903877390874
875.0 0.30000000000000004 -5.809020383403069
900.0 0.30000000000000004 -5.809020383403069
925.0 0.30000000000000004 -5.565982334716774
950.0 0.30000000000000004 -5.712110370395012
975.0 0.30000000000000004 -5.632929124347387
1000.0 0.30000000000000004 -5.712110370395012
1025.0 0.30000000000000004 -5.933959120011369
1050.0 0.30000000000000004 -5.809020383403069
1075.0 0.30000000000000004 -5.632929124347387
1100.0 0.30000000000000004 -6.411080374731031
1125.0 0.30000000000000004 2.0
1150.0 0.30000000000000004 -6.11005037906705
1175.0 0.30000000000000004 2.0
1200.0 0.30000000000000004 -5.809020383403069
1225.0 0.30000000000000004 2.0
1250.0 0.30000000000000004 2.0
1275.0 0.30000000000000004 2.0
1300.0 0.30000000000000004 -6.11005037906705
1325.0 0.30000000000000004 -6.411080374731031
1350.0 0.30000000000000004 -6.11005037906705
1375.0 0.30000000000000004 -6.411080374731031
1400.0 0.30000000000000004 2.0
1425.0 0.30000000000000004 2.0
1450.0 0.30000000000000004 -6.411080374731031
1475.0 0.30000000000000004 2.0
1500.0 0.30000000000000004 2.0
1525.0 0.30000000000000004 2.0
1550.0 0.30000000000000004 2.0
1575.0 0.30000000000000004 2.0
1600.0 0.30000000000000004 2.0
1625.0 0.30000000000000004 2.0
1650.0 0.30000000000000004 2.0
1675.0 0.30000000000000004 2.0
1700.0 0.30000000000000004 2.0
1725.0 0.30000000000000004 2.0
1750.0 0.30000000000000004 2.0
1775.0 0.30000000000000004 2.0
1800.0 0.30000000000000004 2.0
1825.0 0.30000000000000004 2.0
1850.0 0.30000000000000004 2.0
1875.0 0.30000000000000004 2.0
1900.0 0.30000000000000004 2.0
1925.0 0.30000000000000004 2.0
1950.0 0.30000000000000004 2.0
1975.0 0.30000000000000004 2.0
2000.0 0.30000000000000004 2.0
0.0 0.4 -3.8657732582652065
25.0 0.4 -3.9577620346839932
50.0 0.4 -4.088861079997112
75.0 0.4 -4.212423287776608
100.0 0.4 -4.317658689568796
125.0 0.4 -4.424308640464786
150.0 0.4 -4.524589649558549
175.0 0.4 -4.604900400747144
200.0 0.4 -4.695077031096232
225.0 0.4 -4.738982516795313
250.0 0.4 -4.777611919151444
275.0 0.4 -4.820015767704532
300.0 0.4 -4.78783108433313
325.0 0.4 -4.919718680896758
350.0 0.4 -5.049352538713438
375.0 0.4 -4.963922343388812
400.0 0.4 -5.155807869627725
425.0 0.4 -5.23498911567535
450.0 0.4 -5.23498911567535
475.0 0.4 -5.088861079997112
500.0 0.4 -5.41108037473103
525.0 0.4 -5.331899128683406
550.0 0.4 -5.5079903877390874
575.0 0.4 -5.41108037473103
600.0 0.4 -5.933959120011369
625.0 0.4 -5.297137022424194
650.0 0.4 -5.565982334716774
675.0 0.4 -6.11005037906705
700.0 0.4 -5.809020383403069
725.0 0.4 -5.712110370395012
750.0 0.4 -5.933959120011369
775.0 0.4 -5.809020383403069
800.0 0.4 -5.712110370395012
825.0 0.4 -6.11005037906705
850.0 0.4 -5.933959120011369
875.0 0.4 -6.11005037906705
900.0 0.4 2.0
925.0 0.4 -5.933959120011369
950.0 0.4 -6.11005037906705
975.0 0.4 -5.933959120011369
1000.0 0.4 -6.11005037906705
1025.0 0.4 2.0
1050.0 0.4 -5.933959120011369
1075.0 0.4 -6.11005037906705
1100.0 0.4 -6.11005037906705
1125.0 0.4 -6.11005037906705
1150.0 0.4 -6.411080374731031
1175.0 0.4 -6.11005037906705
1200.0 0.4 2.0
1225.0 0.4 2.0
1250.0 0.4 -6.411080374731031
1275.0 0.4 2.0
1300.0 0.4 2.0
1325.0 0.4 2.0
1350.0 0.4 2.0
1375.0 0.4 -6.11005037906705
1400.0 0.4 2.0
1425.0 0.4 2.0
1450.0 0.4 2.0
1475.0 0.4 2.0
1500.0 0.4 2.0
1525.0 0.4 2.0
1550.0 0.4 2.0
1575.0 0.4 2.0
1600.0 0.4 2.0
1625.0 0.4 2.0
1650.0 0.4 2.0
1675.0 0.4 2.0
1700.0 0.4 2.0
1725.0 0.4 2.0
1750.0 0.4 2.0
1775.0 0.4 2.0
1800.0 0.4 2.0
1825.0 0.4 2.0
1850.0 0.4 2.0
1875.0 0.4 2.0
1900.0 0.4 2.0
1925.0 0.4 2.0
1950.0 0.4 2.0
1975.0 0.4 2.0
2000.0 0.4 2.0
0.0 0.5 -4.175551927823482
25.0 0.5 -4.223559653894568
50.0 0.5 -4.261861262075651
75.0 0.5 -4.369687689572806
100.0 0.5 -4.604900400747144
125.0 0.5 -4.933959120011369
150.0 0.5 -4.963922343388812
175.0 0.5 -5.049352538713438
200.0 0.5 -5.088861079997112
225.0 0.5 -5.456837865291706
250.0 0.5 -5.264952339052793
275.0 0.5 -5.264952339052793
300.0 0.5 -5.297137022424194
325.0 0.5 -5.23498911567535
350.0 0.5 -5.565982334716774
375.0 0.5 -5.297137022424194
400.0 0.5 -5.933959120011369
425.0 0.5 -5.206960392075106
450.0 0.5 -5.632929124347387
475.0 0.5 -5.5079903877390874
500.0 0.5 -6.11005037906705
525.0 0.5 -5.369687689572806
550.0 0.5 -5.809020383403069
575.0 0.5 -6.11005037906705
600.0 0.5 -5.809020383403069
625.0 0.5 -5.632929124347387
650.0 0.5 -5.933959120011369
675.0 0.5 -5.933959120011369
700.0 0.5 -5.809020383403069
725.0 0.5 -6.411080374731031
750.0 0.5 -6.411080374731031
775.0 0.5 -5.933959120011369
800.0 0.5 -6.11005037906705
825.0 0.5 -6.411080374731031
850.0 0.5 2.0
875.0 0.5 -6.411080374731031
900.0 0.5 -6.411080374731031
925.0 0.5 2.0
950.0 0.5 -6.11005037906705
975.0 0.5 2.0
1000.0 0.5 -6.411080374731031
1025.0 0.5 -6.411080374731031
1050.0 0.5 2.0
1075.0 0.5 2.0
1100.0 0.5 2.0
1125.0 0.5 2.0
1150.0 0.5 -6.11005037906705
1175.0 0.5 -6.411080374731031
1200.0 0.5 2.0
1225.0 0.5 -6.411080374731031
1250.0 0.5 2.0
1275.0 0.5 2.0
1300.0 0.5 -6.11005037906705
1325.0 0.5 2.0
1350.0 0.5 2.0
1375.0 0.5 2.0
1400.0 0.5 -6.411080374731031
1425.0 0.5 2.0
1450.0 0.5 2.0
1475.0 0.5 2.0
1500.0 0.5 2.0
1525.0 0.5 -6.411080374731031
1550.0 0.5 2.0
1575.0 0.5 2.0
1600.0 0.5 2.0
1625.0 0.5 2.0
1650.0 0.5 2.0
1675.0 0.5 2.0
1700.0 0.5 2.0
1725.0 0.5 2.0
1750.0 0.5 2.0
1775.0 0.5 2.0
1800.0 0.5 2.0
1825.0 0.5 2.0
1850.0 0.5 2.0
1875.0 0.5 2.0
1900.0 0.5 -6.411080374731031
1925.0 0.5 2.0
1950.0 0.5 2.0
1975.0 0.5 2.0
2000.0 0.5 2.0
0.0 0.6000000000000001 -4.377656619244081
25.0 0.6000000000000001 -4.303870405083162
50.0 0.6000000000000001 -4.452038982409937
75.0 0.6000000000000001 -4.820015767704532
100.0 0.6000000000000001 -4.892566434853143
125.0 0.6000000000000001 -5.013140366058993
150.0 0.6000000000000001 -5.41108037473103
175.0 0.6000000000000001 -5.565982334716774
200.0 0.6000000000000001 -5.264952339052793
225.0 0.6000000000000001 -5.712110370395012
250.0 0.6000000000000001 -5.632929124347387
275.0 0.6000000000000001 -5.565982334716774
300.0 0.6000000000000001 -5.565982334716774
325.0 0.6000000000000001 -5.712110370395012
350.0 0.6000000000000001 -5.809020383403069
375.0 0.6000000000000001 -5.933959120011369
400.0 0.6000000000000001 -5.712110370395012
425.0 0.6000000000000001 -5.809020383403069
450.0 0.6000000000000001 -6.11005037906705
475.0 0.6000000000000001 -6.11005037906705
500.0 0.6000000000000001 -5.933959120011369
525.0 0.6000000000000001 -5.809020383403069
550.0 0.6000000000000001 -6.411080374731031
575.0 0.6000000000000001 -5.712110370395012
600.0 0.6000000000000001 -5.933959120011369
625.0 0.6000000000000001 -5.933959120011369
650.0 0.6000000000000001 -5.809020383403069
675.0 0.6000000000000001 -5.632929124347387
700.0 0.6000000000000001 -6.411080374731031
725.0 0.6000000000000001 2.0
750.0 0.6000000000000001 -6.411080374731031
775.0 0.6000000000000001 -5.933959120011369
800.0 0.6000000000000001 -6.11005037906705
825.0 0.6000000000000001 2.0
850.0 0.6000000000000001 -6.411080374731031
875.0 0.6000000000000001 2.0
900.0 0.6000000000000001 -6.411080374731031
925.0 0.6000000000000001 -6.11005037906705
950.0 0.6000000000000001 2.0
975.0 0.6000000000000001 2.0
1000.0 0.6000000000000001 2.0
1025.0 0.6000000000000001 -6.411080374731031
1050.0 0.6000000000000001 -6.411080374731031
1075.0 0.6000000000000001 2.0
1100.0 0.6000000000000001 2.0
1125.0 0.6000000000000001 2.0
1150.0 0.6000000000000001 2.0
1175.0 0.6000000000000001 2.0
1200.0 0.6000000000000001 2.0
1225.0 0.6000000000000001 2.0
1250.0 0.6000000000000001 2.0
1275.0 0.6000000000000001 2.0
1300.0 0.6000000000000001 2.0
1325.0 0.6000000000000001 2.0
1350.0 0.6000000000000001 2.0
1375.0 0.6000000000000001 2.0
1400.0 0.6000000000000001 2.0
1425.0 0.6000000000000001 2.0
1450.0 0.6000000000000001 -6.411080374731031
1475.0 0.6000000000000001 2.0
1500.0 0.6000000000000001 2.0
1525.0 0.6000000000000001 2.0
1550.0 0.6000000000000001 2.0
1575.0 0.6000000000000001 2.0
1600.0 0.6000000000000001 2.0
1625.0 0.6000000000000001 2.0
1650.0 0.6000000000000001 2.0
1675.0 0.6000000000000001 2.0
1700.0 0.6000000000000001 2.0
1725.0 0.6000000000000001 2.0
1750.0 0.6000000000000001 2.0
1775.0 0.6000000000000001 2.0
1800.0 0.6000000000000001 2.0
1825.0 0.6000000000000001 2.0
1850.0 0.6000000000000001 2.0
1875.0 0.6000000000000001 2.0
1900.0 0.6000000000000001 2.0
1925.0 0.6000000000000001 2.0
1950.0 0.6000000000000001 2.0
1975.0 0.6000000000000001 2.0
2000.0 0.6000000000000001 2.0
0.0 0.7000000000000001 -4.342894512984869
25.0 0.7000000000000001 -4.255744337265969
50.0 0.7000000000000001 -4.524589649558549
75.0 0.7000000000000001 -4.892566434853143
100.0 0.7000000000000001 -5.23498911567535
125.0 0.7000000000000001 -5.712110370395012
150.0 0.7000000000000001 -5.565982334716774
175.0 0.7000000000000001 -5.809020383403069
200.0 0.7000000000000001 -6.411080374731031
225.0 0.7000000000000001 -5.933959120011369
250.0 0.7000000000000001 -5.933959120011369
275.0 0.7000000000000001 -5.809020383403069
300.0 0.7000000000000001 2.0
325.0 0.7000000000000001 -6.411080374731031
350.0 0.7000000000000001 2.0
375.0 0.7000000000000001 -6.411080374731031
400.0 0.7000000000000001 -5.933959120011369
425.0 0.7000000000000001 -5.933959120011369
450.0 0.7000000000000001 -6.11005037906705
475.0 0.7000000000000001 -6.411080374731031
500.0 0.7000000000000001 2.0
525.0 0.7000000000000001 -6.411080374731031
550.0 0.7000000000000001 -6.11005037906705
575.0 0.7000000000000001 -6.411080374731031
600.0 0.7000000000000001 -6.11005037906705
625.0 0.7000000000000001 -6.11005037906705
650.0 0.7000000000000001 -6.411080374731031
675.0 0.7000000000000001 2.0
700.0 0.7000000000000001 -6.411080374731031
725.0 0.7000000000000001 2.0
750.0 0.7000000000000001 -6.11005037906705
775.0 0.7000000000000001 2.0
800.0 0.7000000000000001 -6.411080374731031
825.0 0.7000000000000001 2.0
850.0 0.7000000000000001 2.0
875.0 0.7000000000000001 -6.411080374731031
900.0 0.7000000000000001 2.0
925.0 0.7000000000000001 2.0
950.0 0.7000000000000001 2.0
975.0 0.7000000000000001 2.0
1000.0 0.7000000000000001 2.0
1025.0 0.7000000000000001 2.0
1050.0 0.7000000000000001 -6.411080374731031
1075.0 0.7000000000000001 2.0
1100.0 0.7000000000000001 2.0
1125.0 0.7000000000000001 2.0
1150.0 0.7000000000000001 -6.411080374731031
1175.0 0.7000000000000001 2.0
1200.0 0.7000000000000001 2.0
1225.0 0.7000000000000001 2.0
1250.0 0.7000000000000001 2.0
1275.0 0.7000000000000001 2.0
1300.0 0.7000000000000001 -6.411080374731031
1325.0 0.7000000000000001 2.0
1350.0 0.7000000000000001 2.0
1375.0 0.7000000000000001 2.0
1400.0 0.7000000000000001 2.0
1425.0 0.7000000000000001 2.0
1450.0 0.7000000000000001 2.0
1475.0 0.7000000000000001 2.0
1500.0 0.7000000000000001 2.0
1525.0 0.7000000000000001 2.0
1550.0 0.7000000000000001 2.0
1575.0 0.7000000000000001 2.0
1600.0 0.7000000000000001 2.0
1625.0 0.7000000000000001 2.0
1650.0 0.7000000000000001 2.0
1675.0 0.7000000000000001 2.0
1700.0 0.7000000000000001 2.0
1725.0 0.7000000000000001 2.0
1750.0 0.7000000000000001 2.0
1775.0 0.7000000000000001 2.0
1800.0 0.7000000000000001 2.0
1825.0 0.7000000000000001 2.0
1850.0 0.7000000000000001 2.0
1875.0 0.7000000000000001 2.0
1900.0 0.7000000000000001 2.0
1925.0 0.7000000000000001 2.0
1950.0 0.7000000000000001 2.0
1975.0 0.7000000000000001 2.0
2000.0 0.7000000000000001 2.0
0.0 0.8 -4.437952521131332
25.0 0.8 -4.3282950044145805
50.0 0.8 -4.686804505130242
75.0 0.8 -5.180631453352757
100.0 0.8 -5.23498911567535
125.0 0.8 -5.712110370395012
150.0 0.8 -6.411080374731031
175.0 0.8 -6.411080374731031
200.0 0.8 2.0
225.0 0.8 -6.411080374731031
250.0 0.8 2.0
275.0 0.8 2.0
300.0 0.8 2.0
325.0 0.8 2.0
350.0 0.8 2.0
375.0 0.8 2.0
400.0 0.8 2.0
425.0 0.8 2.0
450.0 0.8 2.0
475.0 0.8 2.0
500.0 0.8 2.0
525.0 0.8 2.0
550.0 0.8 2.0
575.0 0.8 2.0
600.0 0.8 2.0
625.0 0.8 2.0
650.0 0.8 2.0
675.0 0.8 2.0
700.0 0.8 2.0
725.0 0.8 2.0
750.0 0.8 2.0
775.0 0.8 2.0
800.0 0.8 2.0
825.0 0.8 2.0
850.0 0.8 2.0
875.0 0.8 2.0
900.0 0.8 2.0
925.0 0.8 2.0
950.0 0.8 2.0
975.0 0.8 2.0
1000.0 0.8 2.0
1025.0 0.8 2.0
1050.0 0.8 2.0
1075.0 0.8 2.0
1100.0 0.8 2.0
1125.0 0.8 2.0
1150.0 0.8 2.0
1175.0 0.8 2.0
1200.0 0.8 2.0
1225.0 0.8 2.0
1250.0 0.8 2.0
1275.0 0.8 2.0
1300.0 0.8 2.0
1325.0 0.8 2.0
1350.0 0.8 2.0
1375.0 0.8 2.0
1400.0 0.8 2.0
1425.0 0.8 2.0
1450.0 0.8 2.0
1475.0 0.8 2.0
1500.0 0.8 2.0
1525.0 0.8 2.0
1550.0 0.8 2.0
1575.0 0.8 2.0
1600.0 0.8 2.0
1625.0 0.8 2.0
1650.0 0.8 2.0
1675.0 0.8 2.0
1700.0 0.8 2.0
1725.0 0.8 2.0
1750.0 0.8 2.0
1775.0 0.8 2.0
1800.0 0.8 2.0
1825.0 0.8 2.0
1850.0 0.8 2.0
1875.0 0.8 2.0
1900.0 0.8 2.0
1925.0 0.8 2.0
1950.0 0.8 2.0
1975.0 0.8 2.0
2000.0 0.8 2.0
0.0 0.9 -4.389891075661093
25.0 0.9 -4.358001931247611
50.0 0.9 -4.647652381168093
75.0 0.9 -5.068657693908825
100.0 0.9 -5.456837865291706
125.0 0.9 -6.11005037906705
150.0 0.9 -6.411080374731031
175.0 0.9 2.0
200.0 0.9 2.0
225.0 0.9 2.0
250.0 0.9 2.0
275.0 0.9 2.0
300.0 0.9 2.0
325.0 0.9 2.0
350.0 0.9 2.0
375.0 0.9 2.0
400.0 0.9 2.0
425.0 0.9 2.0
450.0 0.9 2.0
475.0 0.9 2.0
500.0 0.9 2.0
525.0 0.9 2.0
550.0 0.9 2.0
575.0 0.9 2.0
600.0 0.9 2.0
625.0 0.9 2.0
650.0 0.9 2.0
675.0 0.9 2.0
700.0 0.9 2.0
725.0 0.9 2.0
750.0 0.9 2.0
775.0 0.9 2.0
800.0 0.9 2.0
825.0 0.9 2.0
850.0 0.9 2.0
875.0 0.9 2.0
900.0 0.9 2.0
925.0 0.9 2.0
950.0 0.9 2.0
975.0 0.9 2.0
1000.0 0.9 2.0
1025.0 0.9 2.0
1050.0 0.9 2.0
1075.0 0.9 2.0
1100.0 0.9 2.0
1125.0 0.9 2.0
1150.0 0.9 2.0
1175.0 0.9 2.0
1200.0 0.9 2.0
1225.0 0.9 2.0
1250.0 0.9 2.0
1275.0 0.9 2.0
1300.0 0.9 2.0
1325.0 0.9 2.0
1350.0 0.9 2.0
1375.0 0.9 2.0
1400.0 0.9 2.0
1425.0 0.9 2.0
1450.0 0.9 2.0
1475.0 0.9 2.0
1500.0 0.9 2.0
1525.0 0.9 2.0
1550.0 0.9 2.0
1575.0 0.9 2.0
1600.0 0.9 2.0
1625.0 0.9 2.0
1650.0 0.9 2.0
1675.0 0.9 2.0
1700.0 0.9 2.0
1725.0 0.9 2.0
1750.0 0.9 2.0
1775.0 0.9 2.0
1800.0 0.9 2.0
1825.0 0.9 2.0
1850.0 0.9 2.0
1875.0 0.9 2.0
1900.0 0.9 2.0
1925.0 0.9 2.0
1950.0 0.9 2.0
1975.0 0.9 2.0
2000.0 0.9 2.0
0.0 1.0 -2.8509345348819832
25.0 1.0 -3.3417823626155014
50.0 1.0 -3.9654761714574334
75.0 1.0 -4.565982334716774
100.0 1.0 -4.83129677811422
125.0 1.0 -5.206960392075106
150.0 1.0 -5.809020383403069
175.0 1.0 -6.11005037906705
200.0 1.0 -6.411080374731031
225.0 1.0 -6.411080374731031
250.0 1.0 2.0
275.0 1.0 2.0
300.0 1.0 2.0
325.0 1.0 2.0
350.0 1.0 2.0
375.0 1.0 2.0
400.0 1.0 2.0
425.0 1.0 2.0
450.0 1.0 2.0
475.0 1.0 2.0
500.0 1.0 2.0
525.0 1.0 2.0
550.0 1.0 2.0
575.0 1.0 2.0
600.0 1.0 2.0
625.0 1.0 2.0
650.0 1.0 2.0
675.0 1.0 2.0
700.0 1.0 2.0
725.0 1.0 2.0
750.0 1.0 2.0
775.0 1.0 2.0
800.0 1.0 2.0
825.0 1.0 2.0
850.0 1.0 2.0
875.0 1.0 2.0
900.0 1.0 2.0
925.0 1.0 2.0
950.0 1.0 2.0
975.0 1.0 2.0
1000.0 1.0 2.0
1025.0 1.0 2.0
1050.0 1.0 2.0
1075.0 1.0 2.0
1100.0 1.0 2.0
1125.0 1.0 2.0
1150.0 1.0 2.0
1175.0 1.0 2.0
1200.0 1.0 2.0
1225.0 1.0 2.0
1250.0 1.0 2.0
1275.0 1.0 2.0
1300.0 1.0 2.0
1325.0 1.0 2.0
1350.0 1.0 2.0
1375.0 1.0 2.0
1400.0 1.0 2.0
1425.0 1.0 2.0
1450.0 1.0 2.0
1475.0 1.0 2.0
1500.0 1.0 2.0
1525.0 1.0 2.0
1550.0 1.0 2.0
1575.0 1.0 2.0
1600.0 1.0 2.0
1625.0 1.0 2.0
1650.0 1.0 2.0
1675.0 1.0 2.0
1700.0 1.0 2.0
1725.0 1.0 2.0
1750.0 1.0 2.0
1775.0 1.0 2.0
1800.0 1.0 2.0
1825.0 1.0 2.0
1850.0 1.0 2.0
1875.0 1.0 2.0
1900.0 1.0 2.0
1925.0 1.0 2.0
1950.0 1.0 2.0
1975.0 1.0 2.0
2000.0 1.0 2.0
