0.0 0.0 -2.7733366083758244
25.0 0.0 -2.4175114786930902
50.0 0.0 -2.408822496423585
75.0 0.0 -2.493786412907934
100.0 0.0 -2.575987230531296
125.0 0.0 -2.6702293445190706
150.0 0.0 -2.7557127742420713
175.0 0.0 -2.842349235112921
200.0 0.0 -2.922246423811614
225.0 0.0 -3.0060073740711237
250.0 0.0 -3.088457183083259
275.0 0.0 -3.167174191265296
300.0 0.0 -3.2310386792288153
325.0 0.0 -3.304847645019354
350.0 0.0 -3.3728879169277786
375.0 0.0 -3.440971603757129
400.0 0.0 -3.5003888703006787
425.0 0.0 -3.586303499007272
450.0 0.0 -3.647488802151309
475.0 0.0 -3.71543835020918
500.0 0.0 -3.7639635538034035
525.0 0.0 -3.844929646118166
550.0 0.0 -3.872285566358593
575.0 0.0 -3.966514740718878
600.0 0.0 -3.9967763457514134
625.0 0.0 -4.064469987641584
650.0 0.0 -4.090341326957811
675.0 0.0 -4.192559604928842
700.0 0.0 -4.226152051224634
725.0 0.0 -4.350079624438072
750.0 0.0 -4.334213221305516
775.0 0.0 -4.385852894092146
800.0 0.0 -4.467674236305979
825.0 0.0 -4.515200749605501
850.0 0.0 -4.596158253678929
875.0 0.0 -4.610636077047552
900.0 0.0 -4.669680859648505
925.0 0.0 -4.723476692032584
950.0 0.0 -4.714035135799742
975.0 0.0 -4.790423481663197
1000.0 0.0 -4.825185587922409
1025.0 0.0 -5.138450040003401
1050.0 0.0 -5.0197602526721035
1075.0 0.0 -4.992322004325164
1100.0 0.0 -5.102734487736867
1125.0 0.0 -5.049049628774091
1150.0 0.0 -5.12621558358639
1175.0 0.0 -5.235360053011458
1200.0 0.0 -5.25115432019469
1225.0 0.0 -5.403764483400848
1250.0 0.0 -5.381488088689696
1275.0 0.0 -5.506426825297996
1300.0 0.0 -5.302306842642071
1325.0 0.0 -5.603336838306053
1350.0 0.0 -5.728275574914353
1375.0 0.0 -5.641125399195452
1400.0 0.0 -5.682518084353677
1425.0 0.0 -5.682518084353677
1450.0 0.0 -5.641125399195452
1475.0 0.0 -6.080458093025714
1500.0 0.0 -5.779428097361734
1525.0 0.0 -5.904366833970034
1550.0 0.0 -5.83742004433942
1575.0 0.0 -5.983548080017658
1600.0 0.0 -5.983548080017658
1625.0 0.0 -6.381488088689696
1650.0 0.0 -5.983548080017658
1675.0 0.0 -6.381488088689696
1700.0 0.0 -6.205396829634015
1725.0 0.0 2.0
1750.0 0.0 -6.205396829634015
1775.0 0.0 -6.682518084353677
1800.0 0.0 -5.983548080017658
1825.0 0.0 -6.205396829634015
1850.0 0.0 -6.682518084353677
1875.0 0.0 -6.682518084353677
1900.0 0.0 -6.080458093025714
1925.0 0.0 -6.682518084353677
1950.0 0.0 -6.381488088689696
1975.0 0.0 -6.682518084353677
2000.0 0.0 -5.603336838306053
0.0 0.1 -2.3315145857873336
25.0 0.1 -2.07037024602719
50.0 0.1 -2.1429903533823373
75.0 0.1 -2.284682318866979
100.0 0.1 -2.4215885008237525
125.0 0.1 -2.5553484707537812
150.0 0.1 -2.678368742453618
175.0 0.1 -2.8078043955958982
200.0 0.1 -2.9138060039760134
225.0 0.1 -3.0335729021880047
250.0 0.1 -3.140315301919649
275.0 0.1 -3.2672107921281097
300.0 0.1 -3.360712600496138
325.0 0.1 -3.4992482406708727
350.0 0.1 -3.5982993976144386
375.0 0.1 -3.693068266686985
400.0 0.1 -3.835562759333853
425.0 0.1 -3.913879983106063
450.0 0.1 -4.027379649542295
475.0 0.1 -4.108486816625958
500.0 0.1 -4.1883634903352345
525.0 0.1 -4.288066403527461
550.0 0.1 -4.422446696368603
575.0 0.1 -4.561944153147827
600.0 0.1 -4.669680859648505
625.0 0.1 -4.709390230753979
650.0 0.1 -4.723476692032584
675.0 0.1 -4.89718824934291
700.0 0.1 -4.966514740718878
725.0 0.1 -5.151039167311422
750.0 0.1 -5.340095403531471
775.0 0.1 -5.205396829634015
800.0 0.1 -5.340095403531471
825.0 0.1 -5.340095403531471
850.0 0.1 -5.603336838306053
875.0 0.1 -5.603336838306053
900.0 0.1 -5.983548080017658
925.0 0.1 -5.983548080017658
950.0 0.1 -6.205396829634015
975.0 0.1 -6.080458093025714
1000.0 0.1 -5.728275574914353
1025.0 0.1 -5.983548080017658
1050.0 0.1 -6.381488088689696
1075.0 0.1 -6.682518084353677
1100.0 0.1 -6.682518084353677
1125.0 0.1 -6.682518084353677
1150.0 0.1 -6.381488088689696
1175.0 0.1 2.0
1200.0 0.1 -6.682518084353677
1225.0 0.1 -6.682518084353677
1250.0 0.1 -6.682518084353677
1275.0 0.1 2.0
1300.0 0.1 2.0
1325.0 0.1 2.0
1350.0 0.1 2.0
1375.0 0.1 -6.682518084353677
1400.0 0.1 2.0
1425.0 0.1 2.0
1450.0 0.1 2.0
1475.0 0.1 2.0
1500.0 0.1 2.0
1525.0 0.1 2.0
1550.0 0.1 2.0
1575.0 0.1 2.0
1600.0 0.1 2.0
1625.0 0.1 2.0
1650.0 0.1 2.0
1675.0 0.1 2.0
1700.0 0.1 2.0
1725.0 0.1 2.0
1750.0 0.1 2.0
1775.0 0.1 2.0
1800.0 0.1 2.0
1825.0 0.1 2.0
1850.0 0.1 2.0
1875.0 0.1 2.0
1900.0 0.1 2.0
1925.0 0.1 2.0
1950.0 0.1 2.0
1975.0 0.1 2.0
2000.0 0.1 2.0
0.0 0.2 -2.15508153266498
25.0 0.2 -1.9877637593858941
50.0 0.2 -2.1009097183216197
75.0 0.2 -2.2652955799199077
100.0 0.2 -2.43226890560068
125.0 0.2 -2.6048958551091577
150.0 0.2 -2.748777784856742
175.0 0.2 -2.899257851480728
200.0 0.2 -3.0504659176478675
225.0 0.2 -3.194672964242242
250.0 0.2 -3.318718138874568
275.0 0.2 -3.4868951407667406
300.0 0.2 -3.6203122755339647
325.0 0.2 -3.741006651719274
350.0 0.2 -3.9161052372412777
375.0 0.2 -4.064469987641584
400.0 0.2 -4.192559604928842
425.0 0.2 -4.328409645206277
450.0 0.2 -4.422446696368603
475.0 0.2 -4.558666443386591
500.0 0.2 -4.83742004433942
525.0 0.2 -4.942155394859434
550.0 0.2 -5.091453477327178
575.0 0.2 -5.114316360286682
600.0 0.2 -5.302306842642071
625.0 0.2 -5.427245579250371
650.0 0.2 -5.53639004867544
675.0 0.2 -5.568574732046841
700.0 0.2 -6.080458093025714
725.0 0.2 -6.080458093025714
750.0 0.2 -5.983548080017658
775.0 0.2 -6.080458093025714
800.0 0.2 2.0
825.0 0.2 -6.682518084353677
850.0 0.2 -6.682518084353677
875.0 0.2 2.0
900.0 0.2 2.0
925.0 0.2 2.0
950.0 0.2 -6.381488088689696
975.0 0.2 -6.682518084353677
1000.0 0.2 2.0
1025.0 0.2 2.0
1050.0 0.2 2.0
1075.0 0.2 2.0
1100.0 0.2 2.0
1125.0 0.2 2.0
1150.0 0.2 2.0
1175.0 0.2 2.0
1200.0 0.2 2.0
1225.0 0.2 2.0
1250.0 0.2 2.0
1275.0 0.2 2.0
1300.0 0.2 2.0
1325.0 0.2 2.0
1350.0 0.2 2.0
1375.0 0.2 2.0
1400.0 0.2 2.0
1425.0 0.2 2.0
1450.0 0.2 2.0
1475.0 0.2 2.0
1500.0 0.2 2.0
1525.0 0.2 2.0
1550.0 0.2 2.0
1575.0 0.2 2.0
1600.0 0.2 2.0
1625.0 0.2 2.0
1650.0 0.2 2.0
1675.0 0.2 2.0
1700.0 0.2 2.0
1725.0 0.2 2.0
1750.0 0.2 2.0
1775.0 0.2 2.0
1800.0 0.2 2.0
1825.0 0.2 2.0
1850.0 0.2 2.0
1875.0 0.2 2.0
1900.0 0.2 2.0
1925.0 0.2 2.0
1950.0 0.2 2.0
1975.0 0.2 2.0
2000.0 0.2 2.0
0.0 0.30000000000000004 -2.050060792168953
25.0 0.30000000000000004 -1.9537423893399752
50.0 0.30000000000000004 -2.09220021458755
75.0 0.30000000000000004 -2.2725173718102156
100.0 0.30000000000000004 -2.4629597528064533
125.0 0.30000000000000004 -2.655413218474326
150.0 0.30000000000000004 -2.8464472754385355
175.0 0.30000000000000004 -3.016280988457873
200.0 0.30000000000000004 -3.191016318116351
225.0 0.30000000000000004 -3.364663595022208
250.0 0.30000000000000004 -3.562602674095686
275.0 0.30000000000000004 -3.7390235684475748
300.0 0.30000000000000004 -3.91909009079074
325.0 0.30000000000000004 -4.081545188666929
350.0 0.30000000000000004 -4.3005010417788085
375.0 0.30000000000000004 -4.432098082044783
400.0 0.30000000000000004 -4.589096399191442
425.0 0.30000000000000004 -4.7331280777087645
450.0 0.30000000000000004 -4.831259735634602
475.0 0.30000000000000004 -5.191156390519405
500.0 0.30000000000000004 -5.340095403531471
525.0 0.30000000000000004 -5.360298789619758
550.0 0.30000000000000004 -5.427245579250371
575.0 0.30000000000000004 -5.83742004433942
600.0 0.30000000000000004 -6.205396829634015
625.0 0.30000000000000004 -5.983548080017658
650.0 0.30000000000000004 -5.983548080017658
675.0 0.30000000000000004 -6.381488088689696
700.0 0.30000000000000004 -6.080458093025714
725.0 0.30000000000000004 2.0
750.0 0.30000000000000004 -6.205396829634015
775.0 0.30000000000000004 -6.682518084353677
800.0 0.30000000000000004 2.0
825.0 0.30000000000000004 2.0
850.0 0.30000000000000004 2.0
875.0 0.30000000000000004 2.0
900.0 0.30000000000000004 -6.682518084353677
925.0 0.30000000000000004 2.0
950.0 0.30000000000000004 2.0
975.0 0.30000000000000004 2.0
1000.0 0.30000000000000004 2.0
1025.0 0.30000000000000004 2.0
1050.0 0.30000000000000004 2.0
1075.0 0.30000000000000004 2.0
1100.0 0.30000000000000004 2.0
1125.0 0.30000000000000004 2.0
1150.0 0.30000000000000004 2.0
1175.0 0.30000000000000004 2.0
1200.0 0.30000000000000004 2.0
1225.0 0.30000000000000004 2.0
1250.0 0.30000000000000004 2.0
1275.0 0.30000000000000004 2.0
1300.0 0.30000000000000004 2.0
1325.0 0.30000000000000004 2.0
1350.0 0.30000000000000004 2.0
1375.0 0.30000000000000004 2.0
1400.0 0.30000000000000004 2.0
1425.0 0.30000000000000004 2.0
1450.0 0.30000000000000004 2.0
1475.0 0.30000000000000004 2.0
1500.0 0.30000000000000004 2.0
1525.0 0.30000000000000004 2.0
1550.0 0.30000000000000004 2.0
1575.0 0.30000000000000004 2.0
1600.0 0.30000000000000004 2.0
1625.0 0.30000000000000004 2.0
1650.0 0.30000000000000004 2.0
1675.0 0.30000000000000004 2.0
1700.0 0.30000000000000004 2.0
1725.0 0.30000000000000004 2.0
1750.0 0.30000000000000004 2.0
1775.0 0.30000000000000004 2.0
1800.0 0.30000000000000004 2.0
1825.0 0.30000000000000004 2.0
1850.0 0.30000000000000004 2.0
1875.0 0.30000000000000004 2.0
1900.0 0.30000000000000004 2.0
1925.0 0.30000000000000004 2.0
1950.0 0.30000000000000004 2.0
1975.0 0.30000000000000004 2.0
2000.0 0.30000000000000004 2.0
0.0 0.4 -1.9566962590747297
25.0 0.4 -1.9363822868271643
50.0 0.4 -2.0942575852554977
75.0 0.4 -2.293033043645531
100.0 0.4 -2.5033111081981896
125.0 0.4 -2.719249832827442
150.0 0.4 -2.9473984502718054
175.0 0.4 -3.1546305184009724
200.0 0.4 -3.373527055353513
225.0 0.4 -3.567240492957776
250.0 0.4 -3.805146738483903
275.0 0.4 -4.008576085719589
300.0 0.4 -4.25763644772261
325.0 0.4 -4.368650863984524
350.0 0.4 -4.621820244000065
375.0 0.4 -4.784890993063236
400.0 0.4 -4.950124324530709
425.0 0.4 -5.12621558358639
450.0 0.4 -5.452069162975404
475.0 0.4 -5.641125399195452
500.0 0.4 -5.779428097361734
525.0 0.4 -5.904366833970034
550.0 0.4 -6.080458093025714
575.0 0.4 -5.983548080017658
600.0 0.4 -6.682518084353677
625.0 0.4 -6.682518084353677
650.0 0.4 -6.682518084353677
675.0 0.4 -6.682518084353677
700.0 0.4 -6.682518084353677
725.0 0.4 2.0
750.0 0.4 2.0
775.0 0.4 2.0
800.0 0.4 2.0
825.0 0.4 2.0
850.0 0.4 2.0
875.0 0.4 2.0
900.0 0.4 2.0
925.0 0.4 2.0
950.0 0.4 2.0
975.0 0.4 2.0
1000.0 0.4 2.0
1025.0 0.4 2.0
1050.0 0.4 2.0
1075.0 0.4 2.0
1100.0 0.4 2.0
1125.0 0.4 2.0
1150.0 0.4 2.0
1175.0 0.4 2.0
1200.0 0.4 2.0
1225.0 0.4 2.0
1250.0 0.4 2.0
1275.0 0.4 2.0
1300.0 0.4 2.0
1325.0 0.4 2.0
1350.0 0.4 2.0
1375.0 0.4 2.0
1400.0 0.4 2.0
1425.0 0.4 2.0
1450.0 0.4 2.0
1475.0 0.4 2.0
1500.0 0.4 2.0
1525.0 0.4 2.0
1550.0 0.4 2.0
1575.0 0.4 2.0
1600.0 0.4 2.0
1625.0 0.4 2.0
1650.0 0.4 2.0
1675.0 0.4 2.0
1700.0 0.4 2.0
1725.0 0.4 2.0
1750.0 0.4 2.0
1775.0 0.4 2.0
1800.0 0.4 2.0
1825.0 0.4 2.0
1850.0 0.4 2.0
1875.0 0.4 2.0
1900.0 0.4 2.0
1925.0 0.4 2.0
1950.0 0.4 2.0
1975.0 0.4 2.0
2000.0 0.4 2.0
0.0 0.5 -1.8778063332683765
25.0 0.5 -1.924568151994283
50.0 0.5 -2.1028144967214293
75.0 0.5 -2.3142311994515463
100.0 0.5 -2.545100669363285
125.0 0.5 -2.797666101607679
150.0 0.5 -3.0487467382711215
175.0 0.5 -3.291053672514574
200.0 0.5 -3.5287032200091484
225.0 0.5 -3.7761830425485865
250.0 0.5 -4.003999705313563
275.0 0.5 -4.284578075681639
300.0 0.5 -4.492186386183386
325.0 0.5 -4.700246851314109
350.0 0.5 -4.966514740718878
375.0 0.5 -5.235360053011458
400.0 0.5 -5.641125399195452
425.0 0.5 -5.506426825297996
450.0 0.5 -5.728275574914353
475.0 0.5 -6.080458093025714
500.0 0.5 -6.682518084353677
525.0 0.5 -6.682518084353677
550.0 0.5 -6.682518084353677
575.0 0.5 2.0
600.0 0.5 -6.381488088689696
625.0 0.5 2.0
650.0 0.5 2.0
675.0 0.5 2.0
700.0 0.5 2.0
725.0 0.5 2.0
750.0 0.5 2.0
775.0 0.5 2.0
800.0 0.5 2.0
825.0 0.5 2.0
850.0 0.5 2.0
875.0 0.5 2.0
900.0 0.5 2.0
925.0 0.5 2.0
950.0 0.5 2.0
975.0 0.5 2.0
1000.0 0.5 2.0
1025.0 0.5 2.0
1050.0 0.5 2.0
1075.0 0.5 2.0
1100.0 0.5 2.0
1125.0 0.5 2.0
1150.0 0.5 2.0
1175.0 0.5 2.0
1200.0 0.5 2.0
1225.0 0.5 2.0
1250.0 0.5 2.0
1275.0 0.5 2.0
1300.0 0.5 2.0
1325.0 0.5 2.0
1350.0 0.5 2.0
1375.0 0.5 2.0
1400.0 0.5 2.0
1425.0 0.5 2.0
1450.0 0.5 2.0
1475.0 0.5 2.0
1500.0 0.5 2.0
1525.0 0.5 2.0
1550.0 0.5 2.0
1575.0 0.5 2.0
1600.0 0.5 2.0
1625.0 0.5 2.0
1650.0 0.5 2.0
1675.0 0.5 2.0
1700.0 0.5 2.0
1725.0 0.5 2.0
1750.0 0.5 2.0
1775.0 0.5 2.0
1800.0 0.5 2.0
1825.0 0.5 2.0
1850.0 0.5 2.0
1875.0 0.5 2.0
1900.0 0.5 2.0
1925.0 0.5 2.0
1950.0 0.5 2.0
1975.0 0.5 2.0
2000.0 0.5 2.0
0.0 0.6000000000000001 -1.7820963308959397
25.0 0.6000000000000001 -1.9038966029438136
50.0 0.6000000000000001 -2.1093678798885995
75.0 0.6000000000000001 -2.3520840173439654
100.0 0.6000000000000001 -2.6040975194396774
125.0 0.6000000000000001 -2.872689123285791
150.0 0.6000000000000001 -3.132045127247114
175.0 0.6000000000000001 -3.42149325036128
200.0 0.6000000000000001 -3.6957463500874326
225.0 0.6000000000000001 -3.9673507265052192
250.0 0.6000000000000001 -4.30412018340554
275.0 0.6000000000000001 -4.5271820468886155
300.0 0.6000000000000001 -4.774033065475027
325.0 0.6000000000000001 -5.069734227633941
350.0 0.6000000000000001 -5.320790248336085
375.0 0.6000000000000001 -5.53639004867544
400.0 0.6000000000000001 -5.728275574914353
425.0 0.6000000000000001 -6.682518084353677
450.0 0.6000000000000001 -6.205396829634015
475.0 0.6000000000000001 -6.381488088689696
500.0 0.6000000000000001 -6.682518084353677
525.0 0.6000000000000001 2.0
550.0 0.6000000000000001 -6.682518084353677
575.0 0.6000000000000001 -6.381488088689696
600.0 0.6000000000000001 2.0
625.0 0.6000000000000001 2.0
650.0 0.6000000000000001 2.0
675.0 0.6000000000000001 2.0
700.0 0.6000000000000001 2.0
725.0 0.6000000000000001 -6.682518084353677
750.0 0.6000000000000001 2.0
775.0 0.6000000000000001 2.0
800.0 0.6000000000000001 2.0
825.0 0.6000000000000001 2.0
850.0 0.6000000000000001 2.0
875.0 0.6000000000000001 2.0
900.0 0.6000000000000001 2.0
925.0 0.6000000000000001 2.0
950.0 0.6000000000000001 2.0
975.0 0.6000000000000001 2.0
1000.0 0.6000000000000001 2.0
1025.0 0.6000000000000001 2.0
1050.0 0.6000000000000001 2.0
1075.0 0.6000000000000001 2.0
1100.0 0.6000000000000001 2.0
1125.0 0.6000000000000001 2.0
1150.0 0.6000000000000001 2.0
1175.0 0.6000000000000001 2.0
1200.0 0.6000000000000001 2.0
1225.0 0.6000000000000001 2.0
1250.0 0.6000000000000001 2.0
1275.0 0.6000000000000001 2.0
1300.0 0.6000000000000001 2.0
1325.0 0.6000000000000001 2.0
1350.0 0.6000000000000001 2.0
1375.0 0.6000000000000001 2.0
1400.0 0.6000000000000001 2.0
1425.0 0.6000000000000001 2.0
1450.0 0.6000000000000001 2.0
1475.0 0.6000000000000001 2.0
1500.0 0.6000000000000001 2.0
1525.0 0.6000000000000001 2.0
1550.0 0.6000000000000001 2.0
1575.0 0.6000000000000001 2.0
1600.0 0.6000000000000001 2.0
1625.0 0.6000000000000001 2.0
1650.0 0.6000000000000001 2.0
1675.0 0.6000000000000001 2.0
1700.0 0.6000000000000001 2.0
1725.0 0.6000000000000001 2.0
1750.0 0.6000000000000001 2.0
1775.0 0.6000000000000001 2.0
1800.0 0.6000000000000001 2.0
1825.0 0.6000000000000001 2.0
1850.0 0.6000000000000001 2.0
1875.0 0.6000000000000001 2.0
1900.0 0.6000000000000001 2.0
1925.0 0.6000000000000001 2.0
1950.0 0.6000000000000001 2.0
1975.0 0.6000000000000001 2.0
2000.0 0.6000000000000001 2.0
0.0 0.7000000000000001 -1.6516877173488937
25.0 0.7000000000000001 -1.8647940973772672
50.0 0.7000000000000001 -2.1116833779294635
75.0 0.7000000000000001 -2.372441079029416
100.0 0.7000000000000001 -2.651999319510135
125.0 0.7000000000000001 -2.938694862749927
150.0 0.7000000000000001 -3.2202698689986797
175.0 0.7000000000000001 -3.535460413325317
200.0 0.7000000000000001 -3.8233797870591464
225.0 0.7000000000000001 -4.108486816625958
250.0 0.7000000000000001 -4.449521973961524
275.0 0.7000000000000001 -4.758238798291796
300.0 0.7000000000000001 -4.983548080017658
325.0 0.7000000000000001 -5.506426825297996
350.0 0.7000000000000001 -5.728275574914353
375.0 0.7000000000000001 -5.728275574914353
400.0 0.7000000000000001 -6.080458093025714
425.0 0.7000000000000001 -6.381488088689696
450.0 0.7000000000000001 -6.381488088689696
475.0 0.7000000000000001 -6.682518084353677
500.0 0.7000000000000001 2.0
525.0 0.7000000000000001 2.0
550.0 0.7000000000000001 2.0
575.0 0.7000000000000001 2.0
600.0 0.7000000000000001 2.0
625.0 0.7000000000000001 -6.682518084353677
650.0 0.7000000000000001 2.0
675.0 0.7000000000000001 2.0
700.0 0.7000000000000001 2.0
725.0 0.7000000000000001 2.0
750.0 0.7000000000000001 2.0
775.0 0.7000000000000001 2.0
800.0 0.7000000000000001 2.0
825.0 0.7000000000000001 2.0
850.0 0.7000000000000001 2.0
875.0 0.7000000000000001 2.0
900.0 0.7000000000000001 2.0
925.0 0.7000000000000001 2.0
950.0 0.7000000000000001 2.0
975.0 0.7000000000000001 2.0
1000.0 0.7000000000000001 2.0
1025.0 0.7000000000000001 2.0
1050.0 0.7000000000000001 2.0
1075.0 0.7000000000000001 2.0
1100.0 0.7000000000000001 2.0
1125.0 0.7000000000000001 2.0
1150.0 0.7000000000000001 2.0
1175.0 0.7000000000000001 2.0
1200.0 0.7000000000000001 2.0
1225.0 0.7000000000000001 2.0
1250.0 0.7000000000000001 2.0
1275.0 0.7000000000000001 2.0
1300.0 0.7000000000000001 2.0
1325.0 0.7000000000000001 2.0
1350.0 0.7000000000000001 2.0
1375.0 0.7000000000000001 2.0
1400.0 0.7000000000000001 2.0
1425.0 0.7000000000000001 2.0
1450.0 0.7000000000000001 2.0
1475.0 0.7000000000000001 2.0
1500.0 0.7000000000000001 2.0
1525.0 0.7000000000000001 2.0
1550.0 0.7000000000000001 2.0
1575.0 0.7000000000000001 2.0
1600.0 0.7000000000000001 2.0
1625.0 0.7000000000000001 2.0
1650.0 0.7000000000000001 2.0
1675.0 0.7000000000000001 2.0
1700.0 0.7000000000000001 2.0
1725.0 0.7000000000000001 2.0
1750.0 0.7000000000000001 2.0
1775.0 0.7000000000000001 2.0
1800.0 0.7000000000000001 2.0
1825.0 0.7000000000000001 2.0
1850.0 0.7000000000000001 2.0
1875.0 0.7000000000000001 2.0
1900.0 0.7000000000000001 2.0
1925.0 0.7000000000000001 2.0
1950.0 0.7000000000000001 2.0
1975.0 0.7000000000000001 2.0
2000.0 0.7000000000000001 2.0
0.0 0.8 -1.4176318181507985
25.0 0.8 -1.7651701467259056
50.0 0.8 -2.0714217170219347
75.0 0.8 -2.3771667149070534
100.0 0.8 -2.6867513053037033
125.0 0.8 -3.0018200546560423
150.0 0.8 -3.3046656653469224
175.0 0.8 -3.6621568017059696
200.0 0.8 -3.9421553948594332
225.0 0.8 -4.311450222081941
250.0 0.8 -4.641125399195452
275.0 0.8 -4.89718824934291
300.0 0.8 -5.205396829634015
325.0 0.8 -5.682518084353677
350.0 0.8 -5.904366833970034
375.0 0.8 -6.205396829634015
400.0 0.8 -6.205396829634015
425.0 0.8 -6.682518084353677
450.0 0.8 2.0
475.0 0.8 2.0
500.0 0.8 -6.381488088689696
525.0 0.8 2.0
550.0 0.8 2.0
575.0 0.8 2.0
600.0 0.8 2.0
625.0 0.8 2.0
650.0 0.8 2.0
675.0 0.8 2.0
700.0 0.8 2.0
725.0 0.8 2.0
750.0 0.8 2.0
775.0 0.8 2.0
800.0 0.8 2.0
825.0 0.8 2.0
850.0 0.8 2.0
875.0 0.8 2.0
900.0 0.8 2.0
925.0 0.8 2.0
950.0 0.8 2.0
975.0 0.8 2.0
1000.0 0.8 2.0
1025.0 0.8 2.0
1050.0 0.8 2.0
1075.0 0.8 2.0
1100.0 0.8 2.0
1125.0 0.8 2.0
1150.0 0.8 2.0
1175.0 0.8 2.0
1200.0 0.8 2.0
1225.0 0.8 2.0
1250.0 0.8 2.0
1275.0 0.8 2.0
1300.0 0.8 2.0
1325.0 0.8 2.0
1350.0 0.8 2.0
1375.0 0.8 2.0
1400.0 0.8 2.0
1425.0 0.8 2.0
1450.0 0.8 2.0
1475.0 0.8 2.0
1500.0 0.8 2.0
1525.0 0.8 2.0
1550.0 0.8 2.0
1575.0 0.8 2.0
1600.0 0.8 2.0
1625.0 0.8 2.0
1650.0 0.8 2.0
1675.0 0.8 2.0
1700.0 0.8 2.0
1725.0 0.8 2.0
1750.0 0.8 2.0
1775.0 0.8 2.0
1800.0 0.8 2.0
1825.0 0.8 2.0
1850.0 0.8 2.0
1875.0 0.8 2.0
1900.0 0.8 2.0
1925.0 0.8 2.0
1950.0 0.8 2.0
1975.0 0.8 2.0
2000.0 0.8 2.0
0.0 0.9 -0.4939273290750274
25.0 0.9 -0.7941313246833048
50.0 0.9 -1.2079026859988278
75.0 0.9 -1.6151421756791513
100.0 0.9 -2.0144211721487704
125.0 0.9 -2.4127950484690484
150.0 0.9 -2.8005061227270187
175.0 0.9 -3.190876290876091
200.0 0.9 -3.5880469557120325
225.0 0.9 -3.969027541259735
250.0 0.9 -4.385852894092146
275.0 0.9 -4.7960273591811955
300.0 0.9 -5.25115432019469
325.0 0.9 -5.682518084353677
350.0 0.9 -5.682518084353677
375.0 0.9 -6.205396829634015
400.0 0.9 -6.682518084353677
425.0 0.9 -6.381488088689696
450.0 0.9 -6.682518084353677
475.0 0.9 2.0
500.0 0.9 2.0
525.0 0.9 2.0
550.0 0.9 2.0
575.0 0.9 2.0
600.0 0.9 2.0
625.0 0.9 2.0
650.0 0.9 2.0
675.0 0.9 2.0
700.0 0.9 2.0
725.0 0.9 2.0
750.0 0.9 2.0
775.0 0.9 2.0
800.0 0.9 2.0
825.0 0.9 2.0
850.0 0.9 2.0
875.0 0.9 2.0
900.0 0.9 2.0
925.0 0.9 2.0
950.0 0.9 2.0
975.0 0.9 2.0
1000.0 0.9 2.0
1025.0 0.9 2.0
1050.0 0.9 2.0
1075.0 0.9 2.0
1100.0 0.9 2.0
1125.0 0.9 2.0
1150.0 0.9 2.0
1175.0 0.9 2.0
1200.0 0.9 2.0
1225.0 0.9 2.0
1250.0 0.9 2.0
1275.0 0.9 2.0
1300.0 0.9 2.0
1325.0 0.9 2.0
1350.0 0.9 2.0
1375.0 0.9 2.0
1400.0 0.9 2.0
1425.0 0.9 2.0
1450.0 0.9 2.0
1475.0 0.9 2.0
1500.0 0.9 2.0
1525.0 0.9 2.0
1550.0 0.9 2.0
1575.0 0.9 2.0
1600.0 0.9 2.0
1625.0 0.9 2.0
1650.0 0.9 2.0
1675.0 0.9 2.0
1700.0 0.9 2.0
1725.0 0.9 2.0
1750.0 0.9 2.0
1775.0 0.9 2.0
1800.0 0.9 2.0
1825.0 0.9 2.0
1850.0 0.9 2.0
1875.0 0.9 2.0
1900.0 0.9 2.0
1925.0 0.9 2.0
1950.0 0.9 2.0
1975.0 0.9 2.0
2000.0 0.9 2.0
0.0 1.0 -3.3492723853917146
25.0 1.0 -3.683387543066306
50.0 1.0 -4.12621558358639
75.0 1.0 -4.5064268252979955
100.0 1.0 -5.029305570578334
125.0 1.0 -5.53639004867544
150.0 1.0 -5.983548080017658
175.0 1.0 -6.682518084353677
200.0 1.0 2.0
225.0 1.0 -6.682518084353677
250.0 1.0 2.0
275.0 1.0 2.0
300.0 1.0 2.0
325.0 1.0 2.0
350.0 1.0 2.0
375.0 1.0 2.0
400.0 1.0 2.0
425.0 1.0 2.0
450.0 1.0 2.0
475.0 1.0 2.0
500.0 1.0 2.0
525.0 1.0 2.0
550.0 1.0 2.0
575.0 1.0 2.0
600.0 1.0 2.0
625.0 1.0 2.0
650.0 1.0 2.0
675.0 1.0 2.0
700.0 1.0 2.0
725.0 1.0 2.0
750.0 1.0 2.0
775.0 1.0 2.0
800.0 1.0 2.0
825.0 1.0 2.0
850.0 1.0 2.0
875.0 1.0 2.0
900.0 1.0 2.0
925.0 1.0 2.0
950.0 1.0 2.0
975.0 1.0 2.0
1000.0 1.0 2.0
1025.0 1.0 2.0
1050.0 1.0 2.0
1075.0 1.0 2.0
1100.0 1.0 2.0
1125.0 1.0 2.0
1150.0 1.0 2.0
1175.0 1.0 2.0
1200.0 1.0 2.0
1225.0 1.0 2.0
1250.0 1.0 2.0
1275.0 1.0 2.0
1300.0 1.0 2.0
1325.0 1.0 2.0
1350.0 1.0 2.0
1375.0 1.0 2.0
1400.0 1.0 2.0
1425.0 1.0 2.0
1450.0 1.0 2.0
1475.0 1.0 2.0
1500.0 1.0 2.0
1525.0 1.0 2.0
1550.0 1.0 2.0
1575.0 1.0 2.0
1600.0 1.0 2.0
1625.0 1.0 2.0
1650.0 1.0 2.0
1675.0 1.0 2.0
1700.0 1.0 2.0
1725.0 1.0 2.0
1750.0 1.0 2.0
1775.0 1.0 2.0
1800.0 1.0 2.0
1825.0 1.0 2.0
1850.0 1.0 2.0
1875.0 1.0 2.0
1900.0 1.0 2.0
1925.0 1.0 2.0
1950.0 1.0 2.0
1975.0 1.0 2.0
2000.0 1.0 2.0
