0.1    1621.6998507169774
0.2    1589.6332401489722
0.30000000000000004    1558.0055489083
0.4    1526.8189600504575
0.5    1496.075177661156
0.6    1465.7754510550799
0.7000000000000001    1435.9205980682154
0.8    1406.5110274717765
0.9    1377.5467605350593
1.    1349.0274517638675
1.1    1320.9524088404855
1.2000000000000002    1293.3206117905152
1.3000000000000003    1266.1307314012124
1.4000000000000001    1239.381146915366
1.5000000000000002    1213.0699630240865
1.6    1187.1950261812835
1.7000000000000002    1161.753940261983
1.8000000000000003    1136.7440815860607
1.9000000000000001    1112.1626133283626
2.    1088.0064993356266
2.1    1064.2725173700478
2.2    1040.9572717987849
2.3000000000000003    1018.0572057481635
2.4000000000000004    995.5686127408073
2.5000000000000004    973.4876478334097
2.6    951.8103382723472
2.7    930.5325936838601
2.8000000000000003    909.6502158150174
2.9000000000000004    889.1589078412288
3.0000000000000004    869.0542832556015
3.1    849.33187435498
3.2    829.9871403370762
3.3000000000000003    811.0154750226628
3.4000000000000004    792.412214216382
3.5000000000000004    774.1726427193101
3.6    756.2920010060286
3.7    738.7654915785458
3.8000000000000003    721.5882850090462
3.9000000000000004    704.7555256830691
4.    688.262337254354
4.1    672.1038278222408
4.2    656.2750948421715
4.3    640.7712297794988
4.3999999999999995    625.587322516486
4.5    610.7184655220709
4.6    596.1597577936428
4.7    581.9063085797973
4.8    567.9532408927298
4.9    554.2956948186539
5.    540.9288306343427
5.1    527.847831737635
5.2    515.0479072969842
5.3    502.5242772722071
5.4    490.2721367091293
5.5    478.2867049078666
5.6    466.56324633389875
5.7    455.09707181444816
5.8    443.8835394199171
5.9    432.9180553126367
6.    422.1960745574557
6.1    411.7131018898668
6.2    401.4646924383546
6.3    391.44645239849666
6.4    381.65403965706156
6.5    372.083164364953
6.6    362.7295894583588
6.7    353.5891311279005
6.8    344.6576592359333
6.9    335.9310976824589
7.    327.4054247203601
7.1    319.0766732208784
7.2    310.94093089042997
7.3    302.99434043998815
7.4    295.2330997083823
7.5    287.6534617409431
7.6    280.25173482499497
7.7    273.02428248374935
7.8    265.9675234301815
7.9    259.07793148249976
8.    252.35203544283013
8.1    245.7864189407283
8.2    239.37772024314245
8.3    233.12263203242048
8.4    227.0179011539482
8.5    221.0603283349729
8.6    215.24676787614314
8.7    209.5741273172644
8.8    204.03936707873467
8.9    198.63950008008845
9.    193.3715913370396
9.1    188.23275753837726
9.2    183.2201666040228
9.3    178.33103722552215
9.4    173.5626383902017
9.5    168.9122888901768
9.6    164.37735681735884
9.700000000000001    159.95525904556996
9.8    155.64346070082732
9.9    151.4394746208231
10.    147.3408608045866
10.1    143.34522585327153
10.200000000000001    139.45022240297808
10.3    135.65354855047903
10.4    131.95294727267995
10.5    128.34620584061466
10.6    124.83115522873246
10.700000000000001    121.40566952020698
10.8    118.06766530896023
10.9    114.81510109906087
11.    111.6459767021284
11.1    108.55833263334165
11.200000000000001    105.55024950662063
11.3    102.61984742952303
11.4    99.76528539836701
11.5    96.98476069406871
11.6    94.2765082791518
11.700000000000001    91.63880019636626
11.8    89.06994496932677
11.9    86.56828700555715
12.    84.13220600230792
12.1    81.760116355489
12.200000000000001    79.45046657204118
12.3    77.20173868604829
12.4    75.01244767887435
12.5    72.88114090358978
12.6    70.80639751393505
12.700000000000001    68.78682789805032
12.8    66.82107311718676
12.9    64.90780434959589
13.    63.04572233978171
13.1    61.23355685328308
13.200000000000001    59.470066137142034
13.3    57.75403638619989
13.4    56.084281215349854
13.5    54.45964113786392
13.6    52.87898304989952
13.700000000000001    51.34119972128089
13.8    49.84520929263896
13.9    48.389954778984844
14.    46.974403579781054
14.1    45.59754699556697
14.200000000000001    44.258399751185294
14.3    42.955999525648444
14.4    41.68940648867683
14.5    40.45770284393176
14.6    39.259992378961755
14.700000000000001    38.095400021869985
14.8    36.96307140470935
14.9    35.862172433601806
15.    34.79188886557455
15.1    33.751425892100805
15.200000000000001    32.74000772932657
15.3    31.75687721496185
15.4    30.801295411807857
15.5    29.872541217890703
15.6    28.969910983165146
15.700000000000001    28.092718132750363
15.8    27.240292796655634
15.9    26.41198144595006
16.    25.607146535328187
16.1    24.825166152020582
16.200000000000003    24.065433670995386
16.3    23.327357416394637
16.400000000000002    22.610360329146783
16.500000000000004    21.913879640696013
16.6    21.237366552784493
16.700000000000003    20.58028592322472
16.8    19.942115957595934
16.900000000000002    19.32234790679759
17.000000000000004    18.720485770391267
17.1    18.136046005662337
17.200000000000003    17.568557242329852
17.3    17.017560002833836
17.400000000000002    16.482606428127454
17.500000000000004    15.963260008901525
17.6    15.45909532216688
17.700000000000003    14.969697773121654
17.8    14.494663342228128
17.900000000000002    14.033598337424797
18.000000000000004    13.586119151398504
18.1    13.151852023841439
18.200000000000003    12.730432808617469
18.3    12.321506745763195
18.400000000000002    11.924728238247525
18.500000000000004    11.539760633415376
18.6    11.166276009040166
18.700000000000003    10.803954963910384
18.8    10.452486412875844
18.900000000000002    10.111567386279386
19.000000000000004    9.780902833700265
19.1    9.460205431935949
19.200000000000003    9.149195397149219
19.300000000000004    8.847600301108336
19.400000000000002    8.555154891448362
19.500000000000004    8.271600915882129
19.6    7.996686950290546
19.700000000000003    7.730168230621408
19.800000000000004    7.471806488528121
19.900000000000002    7.221369790678786
20.000000000000004    6.9786323816679765
20.1    6.743374530463611
20.200000000000003    6.515382380322441
20.300000000000004    6.294447802107934
20.400000000000002    6.080368250945778
20.500000000000004    5.87294662615232
20.6    5.671991134372526
20.700000000000003    5.477315155864594
20.800000000000004    5.288737113869301
20.900000000000002    5.106080347002884
21.000000000000004    4.929172984613138
21.1    4.757847825039267
21.200000000000003    4.591942216716661
21.300000000000004    4.431297942069104
21.400000000000002    4.2757611041311065
21.500000000000004    4.125182015844284
21.6    3.979415091972739
21.700000000000003    3.8383187435827133
21.800000000000004    3.7017552750330793
21.900000000000002    3.5695907834238727
22.000000000000004    3.441695060450895
22.1    3.3179414966155916
22.200000000000003    3.198206987739614
22.300000000000004    3.0823718437349252
22.400000000000002    2.9703196995808634
22.500000000000004    2.8619374284603447
22.6    2.757115057008404
22.700000000000003    2.655745682626927
22.800000000000004    2.5577253928202826
22.900000000000002    2.462953186507436
23.000000000000004    2.3713308972668132
23.1    2.2827631184710446
23.200000000000003    2.1971571302695008
23.300000000000004    2.114422828377294
23.400000000000002    2.034472654630137
23.500000000000004    1.9572215292653123
23.6    1.882586784889697
23.700000000000003    1.8104881020965338
23.800000000000004    1.7408474466933164
23.900000000000002    1.6735890085040952
24.000000000000004    1.6086391417099046
24.1    1.545926306692005
24.200000000000003    1.4853810133431902
24.300000000000004    1.4269357658131359
24.400000000000002    1.370525008654395
24.500000000000004    1.3160850743364754
24.6    1.2635541320957846
24.700000000000003    1.2128721380903642
24.800000000000004    1.1639807868283605
24.900000000000002    1.1168234638404488
25.000000000000004    1.0713451995665058
25.1    1.0274926244278522
25.200000000000003    0.9852139250567147
25.300000000000004    0.9444588016552539
25.400000000000002    0.905178426457207
25.500000000000004    0.8673254032655083
25.6    0.830853728040029
25.700000000000003    0.7957187505100592
25.800000000000004    0.7618771367867809
25.900000000000002    0.7292868329512745
26.000000000000004    0.6979070295945015
26.1    0.6676981272858898
26.200000000000003    0.6386217029478825
26.300000000000004    0.6106404771141677
26.400000000000002    0.5837182820498368
26.500000000000004    0.5578200307124072
26.6    0.5329116865326311
26.700000000000003    0.5089602339950453
26.800000000000004    0.4859336499983114
26.900000000000002    0.46380087597589675
27.000000000000004    0.442531790758232
27.1    0.42209718415775505
27.200000000000003    0.40246873125873545
27.300000000000004    0.3836189673941815
27.400000000000002    0.3655212637925877
27.500000000000004    0.3481498038776223
27.6    0.33147956020418584
27.700000000000003    0.31548627201483004
27.800000000000004    0.30014642340073344
27.900000000000002    0.2854372220519126
28.000000000000004    0.2713365785816089
28.1    0.2578230864102439
28.200000000000003    0.24487600219458205
28.300000000000004    0.2324752267881847
28.400000000000002    0.22060128671946463
28.500000000000004    0.20923531617409966
28.6    0.19835903946869965
28.700000000000003    0.18795475400311717
28.800000000000004    0.17800531367906805
28.900000000000002    0.16849411277283527
29.000000000000004    0.1594050702503845
29.1    0.15072261451332944
29.200000000000003    0.14243166856461192
29.300000000000004    0.13451763558274168
29.400000000000002    0.126966384894143
29.500000000000004    0.11976423833308109
29.6    0.11289795697890201
29.700000000000003    0.10635472826085522
29.800000000000004    0.10012215342074449
29.900000000000002    0.09418823532382822
30.000000000000004    0.0885413666090505
30.1    0.08317031816940301
30.200000000000003    0.07806422795372439
30.300000000000004    0.07321259008146362
30.400000000000002    0.06860524426202448
30.500000000000004    0.06423236551057138
30.6    0.060084454152479656
30.700000000000003    0.05615232610861518
30.800000000000004    0.05242710345397416
30.900000000000002    0.048900205242377724
31.000000000000004    0.045563338590038825
31.1    0.04240849001108244
31.200000000000003    0.03942791699823103
31.300000000000004    0.036614139842005275
31.400000000000002    0.033959933682035745
31.500000000000004    0.031458320784254624
31.6    0.029102563037730598
31.700000000000003    0.026886154665314802
31.800000000000004    0.024802815142218188
31.900000000000002    0.02284648231689581
32.    0.021011305728715013
32.1    0.019291640117030967
32.2    0.01768203911649768
32.300000000000004    0.016177249133430834
32.400000000000006    0.014772203398357444
32.5    0.013462016189847034
32.6    0.012241977224958933
32.7    0.01110754621170922
32.800000000000004    0.010054347559150665
32.900000000000006    0.00907816524056562
33.    0.008174937805759501
33.1    0.007340753538145891
33.2    0.006571845752768972
33.300000000000004    0.00586458823116362
33.400000000000006    0.005215490789481218
33.5    0.0046211949760172795
33.6    0.004078469894583187
33.7    0.0035842081502066815
33.800000000000004    0.0031354219138239672
33.900000000000006    0.0027292391025062215
34.    0.002362899672094635
34.1    0.0020337520190354
34.2    0.0017392494884161897
34.300000000000004    0.001476946985131082
34.400000000000006    0.0012444976853442167
34.5    0.001039649845436722
34.6    0.0008602437056171871
34.7    0.0007042084855887213
34.800000000000004    0.0005695594696441429
34.900000000000006    0.00045439517866666145
35.    0.00035689462658559874
35.1    0.0002753146588575839
35.2    0.00020798737066088323
35.300000000000004    0.00015331760258592832
35.400000000000006    0.00010978051148755036
35.5    0.00007591921454221462
35.6    0.00005034250421117341
35.7    0.00003172263228556651
35.800000000000004    0.000018793160859204515
35.900000000000006    0.000010346878468654687
36.    5.234501673858032e-6
36.1    2.392292183338665e-6
36.2    9.765513665755132e-7
36.300000000000004    3.3458187361985695e-7
36.400000000000006    7.797158893367057e-8
36.5    6.1639807560456955e-9
