0.1    0.001537906008815541
0.2    0.0015056176041172804
0.30000000000000004    0.0014738254043731866
0.4    0.0014425296688695636
0.5    0.0014117301966524018
0.6    0.0013814263526300532
0.7000000000000001    0.001351617092609744
0.8    0.0013223009873040714
0.9    0.0012934762453426078
1.    0.001265140735322735
1.1    0.0012372920069328689
1.2000000000000002    0.0012099273111802727
1.3000000000000003    0.001183043619754709
1.4000000000000001    0.0011566376435583042
1.5000000000000002    0.0011307058504310546
1.6    0.0011052444821005782
1.7000000000000002    0.0010802495703838236
1.8000000000000003    0.0010557169526676457
1.9000000000000001    0.001031642286694313
2.    0.0010080210646772497
2.1    0.000984848626771502
2.2    0.0009621201739226992
2.3000000000000003    0.0009398307801175112
2.4000000000000004    0.0009179754040579068
2.5000000000000004    0.0008965489002807968
2.6    0.0008755460297439782
2.7    0.0008549614698986187
2.8000000000000003    0.0008347898242678772
2.9000000000000004    0.0008150256315506211
3.0000000000000004    0.0007956633742685909
3.1    0.0007766974869747567
3.2    0.0007581223640400351
3.3000000000000003    0.0007399323670349659
3.4000000000000004    0.0007221218317223987
3.5000000000000004    0.0007046850746766963
3.6    0.000687616399544453
3.7    0.00067091010296121
3.8000000000000003    0.0006545604801381639
3.9000000000000004    0.0006385618301323792
4.    0.0006229084608135623
4.1    0.0006075946935399934
4.2    0.0005926148675557813
4.3    0.0005779633441211839
4.3999999999999995    0.0005636345103873087
4.5    0.0005496227830261356
4.6    0.0005359226116263904
4.7    0.0005225284818654342
4.8    0.0005094349184669673
4.9    0.0004966364879539908
5.    0.0004841278012061301
5.1    0.0004719035158300841
5.2    0.0004599583381246136
5.3    0.0004482869995589084
5.4    0.00043688423538318187
5.5    0.00042574483791553067
5.6    0.00041486366486782157
5.7    0.00040423563977463097
5.8    0.0003938557523942167
5.9    0.0003837190590758344
6.    0.0003738206830889718
6.1    0.0003641558149111412
6.2    0.0003547197124717734
6.3    0.00034550770135050165
6.4    0.0003365151749287803
6.5    0.00032773759449430164
6.6    0.0003191704892981361
6.7    0.0003108094565648839
6.8    0.0003026501614564458
6.9    0.0002946883369902676
7.    0.00028691978391312637
7.1    0.000279340370531695
7.2    0.0002719460325012562
7.3    0.0002647327725740368
7.4    0.000257696660308724
7.5    0.00025083383174277367
7.6    0.00024414048902916778
7.7    0.00023761290003930104
7.8    0.0002312473979336882
7.9    0.00022504038070218484
8.    0.00021898831067540845
8.1    0.00021308771400902024
8.2    0.00020733518014252176
8.3    0.0002017273612341724
8.4    0.00019626097157361615
8.5    0.00019093278697375875
8.6    0.000185739644143402
8.7    0.0001806784400420981
8.8    0.00017574613121864178
8.9    0.00017093973313457315
9.    0.00016625631947401873
9.1    0.00016169302144115137
9.2    0.0001572470270464989
9.3    0.00015291558038329058
9.4    0.00014869598089497694
9.5    0.00014458558263501657
9.6    0.00014058179351997477
9.700000000000001    0.0001366820745769357
9.8    0.00013288393918618264
9.9    0.00012918495232005833
10.    0.00012558272977887682
10.1    0.00012207493742471105
10.200000000000001    0.00011865929041384646
10.3    0.0001153335524286463
10.4    0.00011209553490953635
10.5    0.00010894309628778276
10.6    0.00010587414121969736
10.700000000000001    0.00010288661982286934
10.8    0.00009997852691499284
10.9    0.00009714790125582061
11.    0.00009439282479274787
11.1    0.00009171142191049824
11.200000000000001    0.00008910185868535234
11.3    0.00008656234214433579
11.4    0.00008409111952975047
11.5    0.0000816864775694129
11.6    0.00007934674175293373
11.700000000000001    0.00007707027561435078
11.8    0.00007485548002140498
11.9    0.00007270079247172459
12.    0.00007060468639616498
12.1    0.00006856567046952834
12.200000000000001    0.0000665822879288695
12.3    0.00006465311589957561
12.4    0.00006277676472939031
12.5    0.00006095187733053365
12.6    0.000059177128530057954
12.700000000000001    0.00005745122442855796
12.8    0.00005577290176734554
12.9    0.00005414092730418039
13.    0.00005255409719763838
13.1    0.000051011236400184404
13.200000000000001    0.000049511198060006215
13.3    0.00004805286293165389
13.4    0.00004663513879551844
13.5    0.00004525695988617459
13.6    0.000043917286329600505
13.700000000000001    0.00004261510358928215
13.8    0.000041349421921196155
13.9    0.000040119275837663
14.    0.000038923723580049535
14.1    0.0000377618466002965
14.200000000000001    0.00003663274905123741
14.3    0.00003553555728567052
14.4    0.00003446941936413968
14.5    0.00003343350457137207
14.6    0.00003242700294132044
14.700000000000001    0.00003144912479074606
14.8    0.00003049910026128129
14.9    0.000029576178869900512
15.    0.000028679629067727984
15.1    0.000027808737807106286
15.200000000000001    0.000026962810116845423
15.3    0.000026141168685571285
15.4    0.0000253431534530866
15.5    0.000024568121209658307
15.6    0.00002381544520313986
15.700000000000001    0.00002308451475383732
15.8    0.000022374734877025023
15.9    0.00002168552591301485
16.    0.000021016323164681745
16.1    0.000020366576542348095
16.200000000000003    0.000019735750215926098
16.3    0.00001912332227421817
16.400000000000002    0.000018528784391273552
16.500000000000004    0.000017951641499699784
16.6    0.00001739141147082533
16.700000000000003    0.00001684762480161099
16.8    0.000016319824308206275
16.900000000000002    0.00001580756482604774
17.000000000000004    0.000015310412916394596
17.1    0.000014827946579199308
17.200000000000003    0.00001435975497220833
17.3    0.000013905438136190641
17.400000000000002    0.00001346460672619061
17.500000000000004    0.00001303688174870277
17.6    0.000012621894304666032
17.700000000000003    0.000012219285338176287
17.8    0.00001182870539081537
17.900000000000002    0.000011449814361497157
18.000000000000004    0.000011082281271730079
18.1    0.00001072578403619767
18.200000000000003    0.000010380009238558703
18.3    0.000010044651912370006
18.400000000000002    9.719415327035175e-6
18.500000000000004    9.404010778683891e-6
18.6    9.098157385887432e-6
18.700000000000003    8.80158189011684e-6
18.8    8.514018460851254e-6
18.900000000000002    8.235208505245057e-6
19.000000000000004    7.964900482263576e-6
19.1    7.702849721198123e-6
19.200000000000003    7.448818244472188e-6
19.300000000000004    7.2025745946520665e-6
19.400000000000002    6.963893665576021e-6
19.500000000000004    6.732556537517304e-6
19.6    6.508350316297985e-6
19.700000000000003    6.291067976270704e-6
19.800000000000004    6.080508207088152e-6
19.900000000000002    5.8764752641797536e-6
20.000000000000004    5.678778822857363e-6
20.1    5.487233835972379e-6
20.200000000000003    5.301660395048331e-6
20.300000000000004    5.121883594813635e-6
20.400000000000002    4.947733401061123e-6
20.500000000000004    4.779044521761633e-6
20.6    4.615656281360414e-6
20.700000000000003    4.45741249818612e-6
20.800000000000004    4.304161364903765e-6
20.900000000000002    4.155755331943622e-6
21.000000000000004    4.0120509938397185e-6
21.1    3.872908978412649e-6
21.200000000000003    3.7381938387323167e-6
21.300000000000004    3.6077739477980707e-6
21.400000000000002    3.481521395873808e-6
21.500000000000004    3.3593118904179e-6
21.6    3.2410246585481458e-6
21.700000000000003    3.126542351983329e-6
21.800000000000004    3.015750954404292e-6
21.900000000000002    2.9085396911781063e-6
22.000000000000004    2.804800941390211e-6
22.1    2.7044301521310313e-6
22.200000000000003    2.6073257549833168e-6
22.300000000000004    2.513389084659e-6
22.400000000000002    2.4225242997344274e-6
22.500000000000004    2.334638305434067e-6
22.6    2.2496406784142203e-6
22.700000000000003    2.1674435934985736e-6
22.800000000000004    2.087961752319029e-6
22.900000000000002    2.0111123138158763e-6
23.000000000000004    1.936814826552427e-6
23.1    1.86499116280018e-6
23.200000000000003    1.7955654543516667e-6
23.300000000000004    1.7284640300185731e-6
23.400000000000002    1.6636153547743125e-6
23.500000000000004    1.6009499705005384e-6
23.6    1.5404004382982043e-6
23.700000000000003    1.4819012823247261e-6
23.800000000000004    1.4253889351193926e-6
23.900000000000002    1.3708016843802698e-6
24.000000000000004    1.3180796211563752e-6
24.1    1.267164589420095e-6
24.200000000000003    1.2180001369851087e-6
24.300000000000004    1.1705314677363539e-6
24.400000000000002    1.1247053951388793e-6
24.500000000000004    1.0804702969936536e-6
24.6    1.0377760714085324e-6
24.700000000000003    9.965740939540342e-7
24.800000000000004    9.56817175973571e-7
24.900000000000002    9.184595240189355e-7
25.000000000000004    8.814567003824348e-7
25.1    8.45765584697513e-7
25.200000000000003    8.113443365807213e-7
25.300000000000004    7.781523592881112e-7
25.400000000000002    7.461502643602489e-7
25.500000000000004    7.15299837230136e-7
25.6    6.855640037693248e-7
25.700000000000003    6.569067977479156e-7
25.800000000000004    6.292933291848521e-7
25.900000000000002    6.026897535651695e-7
26.000000000000004    5.770632419019437e-7
26.1    5.523819516205712e-7
26.200000000000003    5.286149982442809e-7
26.300000000000004    5.057324278595377e-7
26.400000000000002    4.837051903411109e-7
26.500000000000004    4.625051133168448e-7
26.6    4.4210487685254187e-7
26.700000000000003    4.2247798883803774e-7
26.800000000000004    4.0359876105597924e-7
26.900000000000002    3.8544228591516194e-7
27.000000000000004    3.679844138308711e-7
27.1    3.512017312350132e-7
27.200000000000003    3.3507153919928316e-7
27.300000000000004    3.195718326550014e-7
27.400000000000002    3.0468128019378476e-7
27.500000000000004    2.9037920443347166e-7
27.6    2.766455629340382e-7
27.700000000000003    2.6346092964900785e-7
27.800000000000004    2.508064768977345e-7
27.900000000000002    2.386639578446924e-7
28.000000000000004    2.2701568947196685e-7
28.1    2.1584453603181342e-7
28.200000000000003    2.0513389296612228e-7
28.300000000000004    1.9486767128028666e-7
28.400000000000002    1.850302823590249e-7
28.500000000000004    1.7560662321231008e-7
28.6    1.665820621395713e-7
28.700000000000003    1.5794242480077288e-7
28.800000000000004    1.4967398068345916e-7
28.900000000000002    1.4176342995472931e-7
29.000000000000004    1.3419789068763063e-7
29.1    1.2696488645193836e-7
29.200000000000003    1.200523342590938e-7
29.300000000000004    1.1344853285157031e-7
29.400000000000002    1.0714215132743935e-7
29.500000000000004    1.0112221809063416e-7
29.6    9.537811011800139e-8
29.700000000000003    8.989954253455382e-8
29.800000000000004    8.467655848819704e-8
29.900000000000002    7.969951931567369e-8
30.000000000000004    7.4959094991799e-8
30.1    7.044625485397331e-8
30.200000000000003    6.61522585943969e-8
30.300000000000004    6.206864751245725e-8
30.400000000000002    5.8187236020175404e-8
30.500000000000004    5.45001033935282e-8
30.6    5.0999585762850733e-8
30.700000000000003    4.767826833564723e-8
30.800000000000004    4.452897784513658e-8
30.900000000000002    4.154477521857444e-8
31.000000000000004    3.871894845870756e-8
31.1    3.604500573278877e-8
31.200000000000003    3.351666866310709e-8
31.300000000000004    3.1127865813351006e-8
31.400000000000002    2.8872726365367138e-8
31.500000000000004    2.6745573980967474e-8
31.6    2.4740920843390696e-8
31.700000000000003    2.2853461873536454e-8
31.800000000000004    2.1078069115891267e-8
31.900000000000002    1.9409786289425455e-8
32.    1.784382349867157e-8
32.1    1.637555210056268e-8
32.2    1.5000499722518375e-8
32.300000000000004    1.371434542751136e-8
32.400000000000006    1.2512915021857067e-8
32.5    1.1392176501830624e-8
32.6    1.0348235634885323e-8
32.7    9.377331671865551e-9
32.800000000000004    8.475833186382015e-9
32.900000000000006    7.640234037611639e-9
33.    6.86714945314678e-9
33.1    6.153312228343848e-9
33.2    5.495569038899229e-9
33.300000000000004    4.890876863228764e-9
33.400000000000006    4.336299511781468e-9
33.5    3.829004259914826e-9
33.6    3.3662585815494166e-9
33.7    2.945426980517596e-9
33.800000000000004    2.5639679170290522e-9
33.900000000000006    2.2194308262176793e-9
34.    1.9094532263105097e-9
34.1    1.6317579137347444e-9
34.2    1.3841502427178542e-9
34.300000000000004    1.16451548676369e-9
34.400000000000006    9.708162798007404e-10
34.5    8.010901346487488e-10
34.6    6.534470364536189e-10
34.7    5.260671090131619e-10
34.800000000000004    4.1719835182656726e-10
34.900000000000006    3.251544457812898e-10
35.    2.483126255807775e-10
35.1    1.851116167325786e-10
35.2    1.3404963550108626e-10
35.300000000000004    9.368244974308825e-11
35.400000000000006    6.262149893421876e-11
35.5    3.953207170761651e-11
35.6    2.3131539068038328e-11
35.7    1.2187641757474148e-11
35.800000000000004    5.51683019706583e-12
35.900000000000006    1.9826553289198987e-12
36.    4.942089861544717e-13
36.1    4.701314971397849e-14
