0.1    2.938342313589595e-13
0.2    1.2737461361471832e-12
0.30000000000000004    3.1205232447185006e-12
0.4    6.009027956394336e-12
0.5    1.0108297493934576e-11
0.6    1.5581642959434133e-11
0.7000000000000001    2.2586747487558453e-11
0.8    3.127576349239429e-11
0.9    4.179540900454591e-11
1.    5.4287063095451846e-11
1.1    6.888686038623303e-11
1.2000000000000002    8.572578463871052e-11
1.3000000000000003    1.0492976142655018e-10
1.4000000000000001    1.2661974988480124e-10
1.5000000000000002    1.5091183353639818e-10
1.6    1.7791731019448986e-10
1.7000000000000002    2.0774278093974526e-10
1.8000000000000003    2.404902381720638e-10
1.9000000000000001    2.762571527363892e-10
2.    3.1513656012258893e-10
2.1    3.572171457396177e-10
2.2    4.025833292644305e-10
2.3000000000000003    4.513153480663543e-10
2.4000000000000004    5.034893397078643e-10
2.5000000000000004    5.5917742352293e-10
2.6    6.184477812743297e-10
2.7    6.813647368915385e-10
2.8000000000000003    7.479888352910046e-10
2.9000000000000004    8.183769202808322e-10
3.0000000000000004    8.9258221155209e-10
3.1    9.706543807591392e-10
3.2    1.0526396266915824e-9
3.3000000000000003    1.1385807495405856e-9
3.4000000000000004    1.2285172242625246e-9
3.5000000000000004    1.322485273043055e-9
3.6    1.4205179368648774e-9
3.7    1.5226451461826184e-9
3.8000000000000003    1.6288937907084052e-9
3.9000000000000004    1.7392877883118575e-9
4.    1.85384815303835e-9
4.1    1.9725930622495575e-9
4.2    2.0955379228903997e-9
4.3    2.2226954368866466e-9
4.3999999999999995    2.3540756656775674e-9
4.5    2.4896860938881117e-9
4.6    2.6295316921452255e-9
4.7    2.7736149790430527e-9
4.8    2.921936082261781e-9
4.9    3.0744927988451354e-9
5.    3.231280654641455e-9
5.1    3.3922929629135378e-9
5.2    3.5575208821223967e-9
5.3    3.726953472890233e-9
5.4    3.90057775414802e-9
5.5    4.078378758473068e-9
5.6    4.2603395866221706e-9
5.7    4.446441461265857e-9
5.8    4.63666377992943e-9
5.9    4.830984167146504e-9
6.    5.029378525830818e-9
6.1    5.231821087872167e-9
6.2    5.438284463962331e-9
6.3    5.6487396926569154e-9
6.4    5.86315628867919e-9
6.5    6.0815022904718096e-9
6.6    6.3037443070026415e-9
6.7    6.529847563830709e-9
6.8    6.759775948438448e-9
6.9    6.9934920548364934e-9
7.    7.230957227447131e-9
7.1    7.472131604272771e-9
7.2    7.716974159355618e-9
7.3    7.965442744534909e-9
7.4    8.217494130508028e-9
7.5    8.473084047201792e-9
7.6    8.732167223460368e-9
7.7    8.994697426056087e-9
7.8    9.260627498029622e-9
7.9    9.529909396365923e-9
8.    9.802494229012279e-9
8.1    1.0078332291244976e-8
8.2    1.0357373101390963e-8
8.3    1.063956543591093e-8
8.4    1.092485736385025e-8
8.5    1.1213196280664275e-8
8.6    1.1504528941424272e-8
8.7    1.1798801493410591e-8
8.8    1.2095959508099402e-8
8.9    1.239594801254937e-8
9.    1.2698711520194886e-8
9.1    1.3004194061051963e-8
9.2    1.331233921134344e-8
9.3    1.3623090122549737e-8
9.4    1.3936389549891574e-8
9.5    1.4252179880251018e-8
9.6    1.4570403159537157e-8
9.700000000000001    1.4891001119502789e-8
9.8    1.52139152040183e-8
9.9    1.5539086594809202e-8
10.    1.5866456236663435e-8
10.1    1.619596486211473e-8
10.200000000000001    1.6527553015608326e-8
10.3    1.6861161077155046e-8
10.4    1.719672928548019e-8
10.5    1.753419776067307e-8
10.6    1.787350652634361e-8
10.700000000000001    1.8214595531291862e-8
10.8    1.8557404670696657e-8
10.9    1.890187380682939e-8
11.    1.924794278929891e-8
11.1    1.9595551474833516e-8
11.200000000000001    1.9944639746606053e-8
11.3    2.0295147533107934e-8
11.4    2.0647014826578025e-8
11.5    2.1000181700992305e-8
11.6    2.1354588329619913e-8
11.700000000000001    2.1710175002151642e-8
11.8    2.206688214140638e-8
11.9    2.2424650319621373e-8
12.    2.2783420274331907e-8
12.1    2.3143132923846087e-8
12.200000000000001    2.3503729382320245e-8
12.3    2.386515097444065e-8
12.4    2.4227339249716994e-8
12.5    2.4590235996393095e-8
12.6    2.495378325498036e-8
12.700000000000001    2.5317923331419336e-8
12.8    2.568259880987478e-8
12.9    2.6047752565169575e-8
13.    2.641332777486272e-8
13.1    2.6779267930976778e-8
13.200000000000001    2.7145516851379793e-8
13.3    2.751201869082705e-8
13.4    2.7878717951667758e-8
13.5    2.8245559494221548e-8
13.6    2.86124885468302e-8
13.700000000000001    2.897945071558924e-8
13.8    2.934639199376455e-8
13.9    2.9713258770898978e-8
14.    3.007999784161365e-8
14.1    3.044655641410895e-8
14.200000000000001    3.0812882118369845e-8
14.3    3.117892301408049e-8
14.4    3.154462759825266e-8
14.5    3.1909944812572684e-8
14.6    3.2274824050471596e-8
14.700000000000001    3.263921516392302e-8
14.8    3.300306846997331e-8
14.9    3.336633475700852e-8
15.    3.3728965290762505e-8
15.1    3.409091182007076e-8
15.200000000000001    3.4452126582374224e-8
15.3    3.481256230897727e-8
15.4    3.517217223006451e-8
15.5    3.5530910079480265e-8
15.6    3.5888730099275145e-8
15.700000000000001    3.624558704402368e-8
15.8    3.660143618491738e-8
15.9    3.695623331363705e-8
16.    3.730993474600845e-8
16.1    3.766249732544532e-8
16.200000000000003    3.801387842618367e-8
16.3    3.836403595631119e-8
16.400000000000002    3.871292836059583e-8
16.500000000000004    3.9060514623116974e-8
16.6    3.940675426970332e-8
16.700000000000003    3.9751607370181186e-8
16.8    4.0095034540436495e-8
16.900000000000002    4.04369969442948e-8
17.000000000000004    4.0777456295222106e-8
17.1    4.111637485785088e-8
17.200000000000003    4.1453715449334124e-8
17.3    4.178944144053123e-8
17.400000000000002    4.2123516757029183e-8
17.500000000000004    4.2455905880002295e-8
17.6    4.2786573846913784e-8
17.700000000000003    4.31154862520629e-8
17.8    4.344260924698028e-8
17.900000000000002    4.376790954067535e-8
18.000000000000004    4.409135439973845e-8
18.1    4.441291164830124e-8
18.200000000000003    4.473254966785837e-8
18.3    4.50502373969532e-8
18.400000000000002    4.536594433073129e-8
18.500000000000004    4.567964052036371e-8
18.6    4.599129657234408e-8
18.700000000000003    4.6300883647661645e-8
18.8    4.6608373460853374e-8
18.900000000000002    4.691373827893812e-8
19.000000000000004    4.721695092023556e-8
19.1    4.751798475307252e-8
19.200000000000003    4.7816813694379545e-8
19.300000000000004    4.811341220818063e-8
19.400000000000002    4.840775530397821e-8
19.500000000000004    4.869981853503673e-8
19.6    4.8989577996566746e-8
19.700000000000003    4.9277010323812505e-8
19.800000000000004    4.9562092690045496e-8
19.900000000000002    4.984480280446605e-8
20.000000000000004    5.0125118910016165e-8
20.1    5.040301978110513e-8
20.200000000000003    5.0678484721141995e-8
20.300000000000004    5.09514935565457e-8
20.400000000000002    5.12220266157729e-8
20.500000000000004    5.1490064729121e-8
20.6    5.1755589209794015e-8
20.700000000000003    5.2018581849352156e-8
20.800000000000004    5.227902493755162e-8
20.900000000000002    5.253690125918924e-8
21.000000000000004    5.2792194093792126e-8
21.1    5.3044887214651255e-8
21.200000000000003    5.329496489418402e-8
21.300000000000004    5.354241190117604e-8
21.400000000000002    5.378721349763776e-8
21.500000000000004    5.402935543560404e-8
21.6    5.426882395387864e-8
21.700000000000003    5.450560577472626e-8
21.800000000000004    5.473968810051278e-8
21.900000000000002    5.497105861029651e-8
22.000000000000004    5.5199705456371935e-8
22.1    5.542561726076735e-8
22.200000000000003    5.564878311169881e-8
22.300000000000004    5.586919255998155e-8
22.400000000000002    5.608683561540071e-8
22.500000000000004    5.630170274304314e-8
22.6    5.651378485959181e-8
22.700000000000003    5.67230733295844e-8
22.800000000000004    5.692955996163772e-8
22.900000000000002    5.713323700463924e-8
23.000000000000004    5.733409714390788e-8
23.1    5.7532133497324755e-8
23.200000000000003    5.7727339611435865e-8
23.300000000000004    5.791970945752792e-8
23.400000000000002    5.810923742767916e-8
23.500000000000004    5.829591833078562e-8
23.6    5.84797473885653e-8
23.700000000000003    5.8660720231540944e-8
23.800000000000004    5.8838832895002753e-8
23.900000000000002    5.901408181495243e-8
24.000000000000004    5.918646382403017e-8
24.1    5.9355976147425043e-8
24.200000000000003    5.952261639877079e-8
24.300000000000004    5.96863825760277e-8
24.400000000000002    5.9847273057352e-8
24.500000000000004    6.000528659695395e-8
24.6    6.016042232094546e-8
24.700000000000003    6.03126797231787e-8
24.800000000000004    6.046205866107651e-8
24.900000000000002    6.060855935145594e-8
25.000000000000004    6.075218236634563e-8
25.1    6.089292862879841e-8
25.200000000000003    6.103079940869989e-8
25.300000000000004    6.116579631857402e-8
25.400000000000002    6.129792130938671e-8
25.500000000000004    6.142717666634838e-8
25.6    6.155356500471629e-8
25.700000000000003    6.167708926559768e-8
25.800000000000004    6.179775271175467e-8
25.900000000000002    6.191555892341121e-8
26.000000000000004    6.20305117940641e-8
26.1    6.21426155262974e-8
26.200000000000003    6.225187462760231e-8
26.300000000000004    6.235829390620275e-8
26.400000000000002    6.246187846688724e-8
26.500000000000004    6.256263370684829e-8
26.6    6.266056531152978e-8
26.700000000000003    6.275567925048307e-8
26.800000000000004    6.28479817732323e-8
26.900000000000002    6.293747940515037e-8
27.000000000000004    6.30241789433452e-8
27.1    6.31080874525576e-8
27.200000000000003    6.318921226107142e-8
27.300000000000004    6.326756095663607e-8
27.400000000000002    6.334314138240263e-8
27.500000000000004    6.341596163287383e-8
27.6    6.348603004986818e-8
27.700000000000003    6.355335521849963e-8
27.800000000000004    6.361794596317262e-8
27.900000000000002    6.367981134359272e-8
28.000000000000004    6.37389606507951e-8
28.1    6.379540340318874e-8
28.200000000000003    6.384914934261934e-8
28.300000000000004    6.39002084304495e-8
28.400000000000002    6.394859084365836e-8
28.500000000000004    6.399430697095916e-8
28.6    6.403736740893716e-8
28.700000000000003    6.407778295820696e-8
28.800000000000004    6.411556461959008e-8
28.900000000000002    6.415072359031335e-8
29.000000000000004    6.418327126022827e-8
29.1    6.421321920805179e-8
29.200000000000003    6.42405791976288e-8
29.300000000000004    6.426536317421684e-8
29.400000000000002    6.428758326079317e-8
29.500000000000004    6.43072517543848e-8
29.6    6.43243811224213e-8
29.700000000000003    6.433898399911129e-8
29.800000000000004    6.43510731818425e-8
29.900000000000002    6.436066162760578e-8
30.000000000000004    6.43677624494435e-8
30.1    6.437238891292202e-8
30.200000000000003    6.437455443262952e-8
30.300000000000004    6.43742725686984e-8
30.400000000000002    6.437155702335297e-8
30.500000000000004    6.436642163748252e-8
30.6    6.435888038724032e-8
30.700000000000003    6.434894738066804e-8
30.800000000000004    6.43366368543467e-8
30.900000000000002    6.432196317007325e-8
31.000000000000004    6.430494081156406e-8
31.1    6.428558438118485e-8
31.200000000000003    6.426390859670698e-8
31.300000000000004    6.423992828809125e-8
31.400000000000002    6.421365839429782e-8
31.500000000000004    6.418511396012446e-8
31.6    6.41543101330707e-8
31.700000000000003    6.412126216023057e-8
31.800000000000004    6.408598538521188e-8
31.900000000000002    6.404849524508372e-8
32.    6.40088072673514e-8
32.1    6.396693706695903e-8
32.2    6.392290034332e-8
32.300000000000004    6.387671287737573e-8
32.400000000000006    6.382839052868184e-8
32.5    6.377794923252257e-8
32.6    6.372540499705345e-8
32.7    6.367077390047215e-8
32.800000000000004    6.361407208821677e-8
32.900000000000006    6.355531577019351e-8
33.    6.349452121803132e-8
33.1    6.343170476236602e-8
33.2    6.336688279015154e-8
33.300000000000004    6.330007174200025e-8
33.400000000000006    6.323128810955117e-8
33.5    6.316054843286652e-8
33.6    6.308786929785662e-8
33.7    6.301326733373289e-8
33.800000000000004    6.293675921048916e-8
33.900000000000006    6.285836163641121e-8
34.    6.277809135561447e-8
34.1    6.269596514560975e-8
34.2    6.261199981489729e-8
34.300000000000004    6.252621220058855e-8
34.400000000000006    6.243861916605647e-8
34.5    6.234923759861322e-8
34.6    6.22580844072161e-8
34.7    6.216517652020136e-8
34.800000000000004    6.207053088304557e-8
34.900000000000006    6.197416445615489e-8
35.    6.187609421268191e-8
35.1    6.177633713636987e-8
35.2    6.167491021942491e-8
35.300000000000004    6.1571830460415e-8
35.400000000000006    6.146711486219675e-8
35.5    6.136078042986927e-8
35.6    6.125284416875477e-8
35.7    6.114332308240704e-8
35.800000000000004    6.103223417064597e-8
35.900000000000006    6.091959442761949e-8
36.    6.080542083989194e-8
36.1    6.068973038455913e-8
36.2    6.057254002739e-8
36.300000000000004    6.045386672099445e-8
36.400000000000006    6.033372740301766e-8
36.5    6.021213899436027e-8
36.6    6.008911839742501e-8
36.7    5.996468249438884e-8
36.800000000000004    5.983884814550081e-8
36.900000000000006    5.971163218740619e-8
37.    5.9583051431495105e-8
37.1    5.945312266227748e-8
37.2    5.9321862635782794e-8
37.300000000000004    5.918928807798474e-8
37.400000000000006    5.905541568325114e-8
37.5    5.8920262112818765e-8
37.6    5.878384399329232e-8
37.7    5.864617791516864e-8
37.800000000000004    5.8507280431384456e-8
37.900000000000006    5.8367168055889196e-8
38.    5.822585726224131e-8
38.1    5.8083364482228524e-8
38.2    5.793970610451224e-8
38.300000000000004    5.7794898473295154e-8
38.400000000000006    5.7648957887012543e-8
38.50000000000001    5.750190059704671e-8
38.6    5.7353742806464545e-8
38.7    5.7204500668778425e-8
38.800000000000004    5.705419028672909e-8
38.900000000000006    5.6902827711092297e-8
39.00000000000001    5.675042893950683e-8
39.1    5.659700991532572e-8
39.2    5.644258652648898e-8
39.300000000000004    5.6287174604418606e-8
39.400000000000006    5.613078992293555e-8
39.50000000000001    5.597344819719782e-8
39.6    5.5815165082660645e-8
39.7    5.565595617405758e-8
39.800000000000004    5.549583700440277e-8
39.900000000000006    5.5334823044014226e-8
40.00000000000001    5.517292969955814e-8
40.1    5.5010172313113276e-8
40.2    5.484656616125613e-8
40.300000000000004    5.46821264541667e-8
40.400000000000006    5.451686833475345e-8
40.50000000000001    5.435080687779922e-8
40.6    5.418395708912599e-8
40.7    5.401633390477992e-8
40.800000000000004    5.3847952190235346e-8
40.900000000000006    5.367882673961815e-8
41.00000000000001    5.350897227494811e-8
41.1    5.333840344540033e-8
41.2    5.316713482658511e-8
41.300000000000004    5.299518091984638e-8
41.400000000000006    5.282255615157866e-8
41.50000000000001    5.264927487256182e-8
41.6    5.247535135731449e-8
41.7    5.2300799803464344e-8
41.800000000000004    5.2125634331136945e-8
41.900000000000006    5.194986898236143e-8
42.00000000000001    5.177351772049383e-8
42.1    5.159659442965726e-8
42.2    5.1419112914199174e-8
42.300000000000004    5.12410868981656e-8
42.400000000000006    5.1062530024791425e-8
42.50000000000001    5.088345585600759e-8
42.6    5.070387787196413e-8
42.7    5.052380947056987e-8
42.800000000000004    5.034326396704723e-8
42.900000000000006    5.016225459350351e-8
43.00000000000001    4.998079449851701e-8
43.1    4.9798896746739245e-8
43.2    4.9616574318511675e-8
43.300000000000004    4.943384010949803e-8
43.400000000000006    4.9250706930331194e-8
43.50000000000001    4.906718750627478e-8
43.6    4.8883294476899404e-8
43.7    4.869904039577313e-8
43.800000000000004    4.8514437730166254e-8
43.900000000000006    4.83294988607699e-8
44.00000000000001    4.814423608142868e-8
44.1    4.7958661598887036e-8
44.2    4.7772787532548773e-8
44.300000000000004    4.7586625914250455e-8
44.400000000000006    4.740018868804742e-8
44.50000000000001    4.721348771001342e-8
44.6    4.702653474805259e-8
44.7    4.6839341481724445e-8
44.800000000000004    4.6651919502081185e-8
44.900000000000006    4.6464280311517716e-8
45.00000000000001    4.6276435323633336e-8
45.1    4.6088395863106124e-8
45.2    4.590017316557863e-8
45.300000000000004    4.5711778377555825e-8
45.400000000000006    4.5523222556313976e-8
45.50000000000001    4.533451666982196e-8
45.6    4.514567159667249e-8
45.7    4.4956698126025856e-8
45.800000000000004    4.4767606957563475e-8
45.900000000000006    4.457840870145297e-8
46.00000000000001    4.438911387832371e-8
46.1    4.4199732919252604e-8
46.2    4.4010276165760546e-8
46.300000000000004    4.3820753869819023e-8
46.400000000000006    4.363117619386668e-8
46.50000000000001    4.344155321083578e-8
46.6    4.325189490418856e-8
46.7    4.30622111679631e-8
46.800000000000004    4.2872511806828465e-8
46.900000000000006    4.2682806536149856e-8
47.00000000000001    4.2493104982061966e-8
47.1    4.230341668155222e-8
47.2    4.211375108255242e-8
47.300000000000004    4.192411754403932e-8
47.400000000000006    4.1734525336143953e-8
47.50000000000001    4.1544983640269065e-8
47.6    4.135550154921535e-8
47.7    4.1166088067315364e-8
47.800000000000004    4.097675211057629e-8
47.900000000000006    4.07875025068297e-8
48.00000000000001    4.059834799588992e-8
48.1    4.040929722971956e-8
48.2    4.0220358772602885e-8
48.300000000000004    4.0031541101326455e-8
48.400000000000006    3.9842852605366944e-8
48.50000000000001    3.9654301587086595e-8
48.6    3.9465896261935116e-8
48.7    3.927764475865863e-8
48.800000000000004    3.908955511951586e-8
48.900000000000006    3.890163530050025e-8
49.00000000000001    3.871389317156923e-8
49.1    3.852633651687964e-8
49.2    3.833897303502914e-8
49.300000000000004    3.815181033930453e-8
49.400000000000006    3.796485595793546e-8
49.50000000000001    3.777811733435418e-8
49.6    3.7591601827461634e-8
49.7    3.740531671189838e-8
49.800000000000004    3.721926917832185e-8
49.900000000000006    3.703346633368879e-8
50.00000000000001    3.6847915201543e-8
50.1    3.666262272230839e-8
50.2    3.6477595753587125e-8
50.300000000000004    3.629284107046313e-8
50.400000000000006    3.610836536580982e-8
50.50000000000001    3.59241752506034e-8
50.6    3.57402772542404e-8
50.7    3.55566778248599e-8
50.800000000000004    3.537338332967039e-8
50.900000000000006    3.519040005528086e-8
51.00000000000001    3.500773420803635e-8
51.1    3.482539191435742e-8
51.2    3.4643379221084036e-8
51.300000000000004    3.4461702095823215e-8
51.400000000000006    3.428036642730064e-8
51.50000000000001    3.409937802571617e-8
51.6    3.3918742623102885e-8
51.7    3.3738465873689604e-8
51.800000000000004    3.3558553354267423e-8
51.900000000000006    3.33790105645592e-8
52.00000000000001    3.3199842927592565e-8
52.1    3.302105579007599e-8
52.2    3.28426544227783e-8
52.300000000000004    3.2664644020910935e-8
52.400000000000006    3.248702970451337e-8
52.50000000000001    3.230981651884137e-8
52.6    3.213300943475797e-8
52.7    3.195661334912715e-8
52.800000000000004    3.178063308521036e-8
52.900000000000006    3.160507339306528e-8
53.00000000000001    3.142993894994713e-8
53.1    3.1255234360712567e-8
53.2    3.108096415822553e-8
53.300000000000004    3.090713280376553e-8
53.400000000000006    3.0733744687438097e-8
53.50000000000001    3.0560804128587094e-8
53.6    3.038831537620915e-8
53.7    3.021628260936993e-8
53.800000000000004    3.0044709937622405e-8
53.900000000000006    2.9873601401426697e-8
54.00000000000001    2.9702960972571527e-8
54.1    2.9532792554597582e-8
54.2    2.9363099983222152e-8
54.300000000000004    2.9193887026765302e-8
54.400000000000006    2.9025157386577622e-8
54.50000000000001    2.8856914697468916e-8
54.6    2.8689162528138686e-8
54.7    2.852190438160714e-8
54.800000000000004    2.835514369564818e-8
54.900000000000006    2.818888384322251e-8
55.00000000000001    2.8023128132912592e-8
55.1    2.7857879809357913e-8
55.2    2.7693142053691606e-8
55.300000000000004    2.7528917983977397e-8
55.400000000000006    2.73652106556478e-8
55.50000000000001    2.720202306194264e-8
55.6    2.7039358134348412e-8
55.7    2.6877218743038e-8
55.800000000000004    2.6715607697311195e-8
55.900000000000006    2.6554527746035597e-8
56.00000000000001    2.639398157808757e-8
56.1    2.6233971822794172e-8
56.2    2.6074501050374747e-8
56.300000000000004    2.5915571772383266e-8
56.400000000000006    2.5757186442150477e-8
56.50000000000001    2.55993474552265e-8
56.6    2.544205714982327e-8
56.7    2.528531780725713e-8
56.800000000000004    2.5129131652391355e-8
56.900000000000006    2.4973500854078685e-8
57.00000000000001    2.4818427525603728e-8
57.1    2.466391372512512e-8
57.2    2.450996145611748e-8
57.300000000000004    2.4356572667813395e-8
57.400000000000006    2.420374925564462e-8
57.50000000000001    2.4051493061683387e-8
57.6    2.389980587508295e-8
57.7    2.374868943251817e-8
57.800000000000004    2.359814541862501e-8
57.900000000000006    2.3448175466440244e-8
58.00000000000001    2.3298781157839794e-8
58.1    2.3149964023977293e-8
58.2    2.300172554572131e-8
58.300000000000004    2.2854067154092534e-8
58.400000000000006    2.2706990230699617e-8
58.50000000000001    2.2560496108174787e-8
58.6    2.241458607060834e-8
58.7    2.2269261353982625e-8
58.800000000000004    2.2124523146604768e-8
58.900000000000006    2.1980372589538784e-8
59.00000000000001    2.1836810777036882e-8
59.1    2.1693838756969403e-8
59.2    2.1551457531253988e-8
59.300000000000004    2.140966805628397e-8
59.400000000000006    2.1268471243355127e-8
59.50000000000001    2.112786795909187e-8
59.6    2.098785902587222e-8
59.7    2.0848445222251283e-8
59.800000000000004    2.070962728338381e-8
59.900000000000006    2.057140590144591e-8
60.00000000000001    2.0433781726054612e-8
60.1    2.029675536468707e-8
60.2    2.0160327383098005e-8
60.300000000000004    2.0024498305735898e-8
60.400000000000006    1.988926861615791e-8
60.50000000000001    1.9754638757443365e-8
60.6    1.962060913260589e-8
60.7    1.9487180105004076e-8
60.800000000000004    1.935435199875077e-8
60.900000000000006    1.922212509912086e-8
61.00000000000001    1.9090499652957484e-8
61.1    1.8959475869076974e-8
61.2    1.8829053918671933e-8
61.300000000000004    1.8699233935713074e-8
61.400000000000006    1.857001601734924e-8
61.50000000000001    1.8441400224306042e-8
61.6    1.8313386581282538e-8
61.7    1.818597507734683e-8
61.800000000000004    1.805916566632936e-8
61.900000000000006    1.7932958267215157e-8
62.00000000000001    1.7807352764533756e-8
62.1    1.7682349008748118e-8
62.2    1.75579468166411e-8
62.300000000000004    1.7434145971700774e-8
62.400000000000006    1.7310946224503662e-8
62.50000000000001    1.718834729309629e-8
62.6    1.706634886337496e-8
62.7    1.694495058946365e-8
62.800000000000004    1.682415209409025e-8
62.900000000000006    1.6703952968960832e-8
63.00000000000001    1.658435277513201e-8
63.1    1.6465351043381787e-8
63.2    1.6346947274577976e-8
63.300000000000004    1.6229140940045312e-8
63.400000000000006    1.6111931481930314e-8
63.50000000000001    1.599531831356422e-8
63.6    1.5879300819824326e-8
63.7    1.576387835749303e-8
63.800000000000004    1.564905025561517e-8
63.900000000000006    1.5534815815853354e-8
64.    1.54211743128412e-8
64.1    1.5308124994534828e-8
64.2    1.5195667082562295e-8
64.3    1.5083799772570966e-8
64.39999999999999    1.4972522234572885e-8
64.5    1.4861833613288323e-8
64.6    1.4751733028487221e-8
64.7    1.4642219575328362e-8
64.8    1.4533292324697157e-8
64.89999999999999    1.4424950323540613e-8
65.    1.4317192595200786e-8
65.1    1.4210018139746244e-8
65.2    1.410342593430102e-8
65.3    1.399741493337195e-8
65.39999999999999    1.3891984069173794e-8
65.5    1.3787132251952217e-8
65.6    1.3682858370304967e-8
65.7    1.3579161291500433e-8
65.8    1.3476039861795038e-8
65.89999999999999    1.337349290674759e-8
66.    1.3271519231531973e-8
66.1    1.3170117621248211e-8
66.2    1.3069286841230432e-8
66.3    1.2969025637353678e-8
66.39999999999999    1.286933273633811e-8
66.5    1.277020684605137e-8
66.6    1.2671646655808603e-8
66.7    1.2573650836670637e-8
66.8    1.2476218041739986e-8
66.89999999999999    1.23793469064546e-8
67.    1.2283036048879704e-8
67.1    1.218728406999761e-8
67.2    1.2092089553995082e-8
67.3    1.1997451068549036e-8
67.39999999999999    1.190336716510978e-8
67.5    1.1809836379182372e-8
67.6    1.1716857230605864e-8
67.7    1.162442822383033e-8
67.8    1.1532547848191901e-8
67.89999999999999    1.1441214578185767e-8
68.    1.135042687373684e-8
68.1    1.1260183180468719e-8
68.2    1.1170481929970115e-8
68.3    1.1081321540059624e-8
68.39999999999999    1.099270041504807e-8
68.5    1.0904616945999022e-8
68.6    1.0817069510987079e-8
68.7    1.0730056475354083e-8
68.8    1.0643576191963482e-8
68.89999999999999    1.0557627001452264e-8
69.    1.0472207232481087e-8
69.1    1.0387315201982362e-8
69.2    1.0302949215406085e-8
69.3    1.0219107566963834e-8
69.39999999999999    1.0135788539870485e-8
69.5    1.0052990406584215e-8
69.6    9.970711429044073e-9
69.7    9.888949858905822e-9
69.8    9.8077039377757e-9
69.89999999999999    9.726971897441938e-9
70.    9.646751960104474e-9
70.1    9.567042338602803e-9
70.2    9.487841236641285e-9
70.3    9.409146849013053e-9
70.39999999999999    9.330957361821536e-9
70.5    9.25327095270009e-9
70.6    9.176085791029726e-9
70.7    9.099400038154812e-9
70.8    9.023211847596681e-9
70.89999999999999    8.94751936526546e-9
71.    8.872320729669794e-9
71.1    8.797614072124794e-9
71.2    8.723397516957767e-9
71.3    8.649669181712266e-9
71.39999999999999    8.576427177350032e-9
71.5    8.503669608451132e-9
71.6    8.431394573412079e-9
71.7    8.359600164642049e-9
71.8    8.2882844687574e-9
71.89999999999999    8.217445566773829e-9
72.    8.147081534297133e-9
72.1    8.077190441711853e-9
72.2    8.007770354367998e-9
72.3    7.938819332766023e-9
72.39999999999999    7.870335432739913e-9
72.5    7.802316705638306e-9
72.6    7.734761198503944e-9
72.7    7.667666954251164e-9
72.8    7.601032011841663e-9
72.89999999999999    7.534854406458252e-9
73.    7.469132169677044e-9
73.1    7.403863329637705e-9
73.2    7.339045911211802e-9
73.3    7.274677936169737e-9
73.39999999999999    7.210757423345326e-9
73.5    7.147282388799192e-9
73.6    7.084250845980065e-9
73.7    7.021660805884329e-9
73.8    6.959510277213907e-9
73.89999999999999    6.897797266532584e-9
74.    6.836519778420134e-9
74.1    6.775675815625227e-9
74.2    6.715263379216308e-9
74.3    6.655280468730969e-9
74.39999999999999    6.595725082323444e-9
74.5    6.536595216910573e-9
74.6    6.477888868316069e-9
74.7    6.419604031413007e-9
74.8    6.361738700264816e-9
74.89999999999999    6.304290868264614e-9
75.    6.247258528272644e-9
75.1    6.190639672752494e-9
75.2    6.134432293905399e-9
75.3    6.078634383802987e-9
75.39999999999999    6.023243934518613e-9
75.5    5.968258938256751e-9
75.6    5.913677387481152e-9
75.7    5.859497275041326e-9
75.8    5.805716594297245e-9
75.89999999999999    5.752333339242897e-9
76.    5.699345504627875e-9
76.1    5.64675108607782e-9
76.2    5.59454808021297e-9
76.3    5.542734484765525e-9
76.39999999999999    5.491308298695314e-9
76.5    5.440267522303991e-9
76.6    5.3896101573478086e-9
76.7    5.339334207148881e-9
76.8    5.289437676704949e-9
76.9    5.239918572797685e-9
77.    5.19077490409972e-9
77.1    5.1420046812799636e-9
77.2    5.0936059171076445e-9
77.3    5.045576626555041e-9
77.4    4.997914826898511e-9
77.5    4.950618537818438e-9
77.6    4.903685781497547e-9
77.7    4.857114582718018e-9
77.8    4.810902968957075e-9
77.9    4.7650489704813715e-9
78.    4.719550620439838e-9
78.1    4.674405954955434e-9
78.2    4.629613013215298e-9
78.3    4.585169837559838e-9
78.4    4.54107447357022e-9
78.5    4.497324970154925e-9
78.6    4.453919379634573e-9
78.7    4.4108557578258715e-9
78.8    4.368132164124059e-9
78.9    4.3257466615840876e-9
79.    4.283697317000698e-9
79.1    4.241982200987075e-9
79.2    4.200599388052343e-9
79.3    4.159546956677975e-9
79.4    4.1188229893926504e-9
79.5    4.078425572846237e-9
79.6    4.0383527978823964e-9
79.7    3.998602759610112e-9
79.8    3.959173557473841e-9
79.9    3.920063295322818e-9
80.    3.8812700814788415e-9
80.1    3.8427920288031725e-9
80.2    3.80462725476213e-9
80.3    3.766773881491787e-9
80.4    3.729230035861138e-9
80.5    3.6919938495346586e-9
80.6    3.6550634590332398e-9
80.7    3.6184370057944904e-9
80.8    3.5821126362316624e-9
80.9    3.5460885017916034e-9
81.    3.5103627590116136e-9
81.1    3.474933569575279e-9
81.2    3.4397991003672444e-9
81.3    3.4049575235268375e-9
81.4    3.3704070165009298e-9
81.5    3.3361457620954715e-9
81.6    3.3021719485261658e-9
81.7    3.2684837694681956e-9
81.8    3.2350794241047885e-9
81.9    3.201957117174951e-9
82.    3.1691150590201142e-9
82.1    3.1365514656299023e-9
82.2    3.1042645586868845e-9
82.3    3.0722525656103598e-9
82.4    3.0405137195992292e-9
82.5    3.0090462596740043e-9
82.6    2.9778484307177023e-9
82.7    2.9469184835160415e-9
82.8    2.91625467479658e-9
82.9    2.8858552672670126e-9
83.    2.855718529652579e-9
83.1    2.8258427367325374e-9
83.2    2.7962261693758278e-9
83.3    2.766867114575921e-9
83.4    2.7377638654845765e-9
83.5    2.7089147214450674e-9
83.6    2.680317988024284e-9
83.7    2.651971977044233e-9
83.8    2.6238750066125243e-9
83.9    2.596025401152184e-9
84.    2.568421491430591e-9
84.1    2.5410616145875613e-9
84.2    2.513944114162765e-9
84.3    2.4870673401223345e-9
84.4    2.4604296488845902e-9
84.5    2.4340294033450203e-9
84.6    2.407864972900716e-9
84.7    2.3819347334737223e-9
84.8    2.3562370675339063e-9
84.9    2.3307703641209217e-9
85.    2.305533018865603e-9
85.1    2.2805234340104538e-9
85.2    2.2557400184295794e-9
85.3    2.231181187647869e-9
85.4    2.206845363859367e-9
85.5    2.182730975945159e-9
85.6    2.158836459490392e-9
85.7    2.1351602568007183e-9
85.8    2.1117008169180834e-9
85.9    2.088456595635734e-9
86.    2.0654260555126827e-9
86.1    2.0426076658875322e-9
86.2    2.0199999028915753e-9
86.3    1.997601249461338e-9
86.4    1.9754101953504616e-9
86.5    1.953425237140961e-9
86.6    1.931644878253943e-9
86.7    1.910067628959589e-9
86.8    1.888692006386659e-9
86.9    1.8675165345313506e-9
87.    1.8465397442655996e-9
87.1    1.825760173344814e-9
87.2    1.8051763664149454e-9
87.3    1.784786875019145e-9
87.4    1.7645902576037435e-9
87.5    1.7445850795237781e-9
87.6    1.7247699130478241e-9
87.7    1.7051433373625182e-9
87.8    1.6857039385763267e-9
87.9    1.6664503097229711e-9
88.    1.6473810507641905e-9
88.1    1.6284947685920668e-9
88.2    1.6097900770309012e-9
88.3    1.5912655968384579e-9
88.4    1.5729199557068278e-9
88.5    1.5547517882627738e-9
88.6    1.5367597360675797e-9
88.7    1.5189424476164368e-9
88.8    1.5012985783373739e-9
88.9    1.4838267905897446e-9
89.    1.4665257536621819e-9
89.1    1.449394143770232e-9
89.2    1.4324306440533764e-9
89.3    1.4156339445718365e-9
89.4    1.3990027423027182e-9
89.5    1.382535741135884e-9
89.6    1.366231651869391e-9
89.7    1.350089192204404e-9
89.8    1.334107086739858e-9
89.9    1.3182840669665914e-9
90.    1.3026188712612138e-9
90.1    1.2871102448793705e-9
90.2    1.2717569399488916e-9
90.3    1.2565577154623442e-9
90.4    1.2415113372693018e-9
90.5    1.2266165780682577e-9
90.6    1.211872217398137e-9
90.7    1.197277041629443e-9
90.8    1.182829843955113e-9
90.9    1.1685294243809293e-9
91.    1.1543745897157125e-9
91.1    1.1403641535610329e-9
91.2    1.1264969363007064e-9
91.3    1.112771765089938e-9
91.4    1.0991874738440581e-9
91.5    1.0857429032270788e-9
91.6    1.0724369006398194e-9
91.7    1.059268320207795e-9
91.8    1.0462360227687722e-9
91.9    1.0333388758600273e-9
92.    1.0205757537053468e-9
92.1    1.0079455372016317e-9
92.2    9.954471139054285e-10
92.3    9.830793780189097e-10
92.4    9.708412303758076e-10
92.5    9.587315784269865e-10
92.6    9.467493362256719e-10
92.7    9.348934244126092e-10
92.8    9.231627702007777e-10
92.9    9.115563073599688e-10
93.    9.000729762010476e-10
93.1    8.887117235600609e-10
93.2    8.774715027819629e-10
93.3    8.663512737042655e-10
93.4    8.55350002640333e-10
93.5    8.444666623625495e-10
93.6    8.337002320851421e-10
93.7    8.230496974469341e-10
93.8    8.125140504937777e-10
93.9    8.020922896607981e-10
94.    7.917834197544287e-10
94.1    7.81586451934315e-10
94.2    7.715004036949116e-10
94.3    7.615242988469358e-10
94.4    7.516571674986548e-10
94.5    7.418980460369599e-10
94.6    7.322459771082224e-10
94.7    7.227000095990455e-10
94.8    7.132591986168007e-10
94.9    7.039226054699868e-10
95.    6.946892976484184e-10
95.1    6.855583488032591e-10
95.2    6.765288387269292e-10
95.3    6.675998533327853e-10
95.4    6.587704846347005e-10
95.5    6.5003983072646e-10
95.6    6.414069957610319e-10
95.7    6.328710899297071e-10
95.8    6.244312294410515e-10
95.9    6.160865364997696e-10
96.    6.078361392853937e-10
96.1    5.996791719308812e-10
96.2    5.916147745010679e-10
96.3    5.836420929709873e-10
96.4    5.757602792040836e-10
96.5    5.679684909302713e-10
96.6    5.60265891723973e-10
96.7    5.526516509819135e-10
96.8    5.451249439009313e-10
96.9    5.37684951455585e-10
97.    5.30330860375723e-10
97.1    5.230618631239347e-10
97.2    5.158771578728706e-10
97.3    5.087759484825414e-10
97.4    5.017574444774294e-10
97.5    4.948208610236236e-10
97.6    4.879654189057647e-10
97.7    4.811903445039615e-10
97.8    4.744948697706748e-10
97.9    4.678782322073726e-10
98.    4.613396748412749e-10
98.1    4.5487844620193224e-10
98.2    4.4849380029778284e-10
98.3    4.42184996592581e-10
98.4    4.359512999818453e-10
98.5    4.297919807691696e-10
98.6    4.2370631464250557e-10
98.7    4.1769358265040627e-10
98.8    4.1175307117819473e-10
98.9    4.058840719240478e-10
99.    4.000858818751095e-10
99.1    3.943578032835056e-10
99.2    3.8869914364227885e-10
99.3    3.8310921566137696e-10
99.4    3.7758733724349307e-10
99.5    3.7213283145998653e-10
99.6    3.667450265266145e-10
99.7    3.6142325577940933e-10
99.8    3.561668576503449e-10
99.9    3.5097517564312954e-10
100.    3.4584755830885466e-10
100.1    3.407833592216831e-10
100.2    3.3578193695449527e-10
100.3    3.308426550545135e-10
100.4    3.259648820188979e-10
100.5    3.211479912703464e-10
100.6    3.1639136113266e-10
100.7    3.1169437480630887e-10
100.8    3.0705642034395333e-10
100.9    3.0247689062602975e-10
101.    2.9795518333622575e-10
101.1    2.9349070093704814e-10
101.2    2.8908285064529257e-10
101.3    2.8473104440760846e-10
101.4    2.804346988759959e-10
101.5    2.761932353832903e-10
101.6    2.720060799187348e-10
101.7    2.6787266310345746e-10
101.8    2.637924201660285e-10
101.9    2.5976479091797297e-10
102.    2.5578921972934846e-10
102.1    2.5186515550425386e-10
102.2    2.479920516564358e-10
102.3    2.441693660848531e-10
102.4    2.4039656114928784e-10
102.5    2.366731036459343e-10
102.6    2.329984647830625e-10
102.7    2.293721201566468e-10
102.8    2.2579354972603724e-10
102.9    2.2226223778969267e-10
103.    2.1877767296084625e-10
103.1    2.153393481432885e-10
103.2    2.119467605071356e-10
103.3    2.0859941146461754e-10
103.4    2.0529680664591536e-10
103.5    2.0203845587503322e-10
103.6    1.9882387314565712e-10
103.7    1.9565257659712636e-10
103.8    1.9252408849036544e-10
103.9    1.894379351838802e-10
104.    1.863936471098025e-10
104.1    1.833907587499616e-10
104.2    1.8042880861198996e-10
104.3    1.77507339205465e-10
104.4    1.746258970181376e-10
104.5    1.7178403249212252e-10
104.6    1.6898130000020524e-10
104.7    1.6621725782216842e-10
104.8    1.634914681211312e-10
104.9    1.6080349692004113e-10
105.    1.5815291407801878e-10
105.1    1.5553929326699944e-10
105.2    1.5296221194821575e-10
105.3    1.5042125134883418e-10
105.4    1.4791599643863827e-10
105.5    1.4544603590672813e-10
105.6    1.430109621383012e-10
105.7    1.4061037119148027e-10
105.8    1.3824386277421378e-10
105.9    1.3591104022118557e-10
106.    1.3361151047083185e-10
106.1    1.3134488404240488e-10
106.2    1.2911077501306606e-10
106.3    1.2690880099506946e-10
106.4    1.2473858311301121e-10
106.5    1.225997459811156e-10
106.6    1.2049191768057182e-10
106.7    1.1841472973700385e-10
106.8    1.1636781709791331e-10
106.9    1.1435081811023972e-10
107.    1.1236337449799533e-10
107.1    1.1040513133991369e-10
107.2    1.0847573704721278e-10
107.3    1.065748433414279e-10
107.4    1.0470210523225176e-10
107.5    1.0285718099551216e-10
107.6    1.0103973215118564e-10
107.7    9.924942344148084e-11
107.8    9.748592280901069e-11
107.9    9.574890137499506e-11
108.    9.403803341759508e-11
108.1    9.235299635025779e-11
108.2    9.069347070018436e-11
108.3    8.905914008681083e-11
108.4    8.744969120045573e-11
108.5    8.586481378093104e-11
108.6    8.430420059631347e-11
108.7    8.276754742175554e-11
108.8    8.125455301836622e-11
108.9    7.976491911217981e-11
109.    7.829835037321456e-11
109.1    7.685455439456547e-11
109.2    7.543324167162764e-11
109.3    7.403412558134349e-11
109.4    7.265692236158545e-11
109.5    7.130135109056305e-11
109.6    6.996713366634277e-11
109.7    6.865399478643537e-11
109.8    6.736166192746687e-11
109.9    6.608986532492168e-11
110.    6.483833795297418e-11
110.1    6.360681550440268e-11
110.2    6.239503637057617e-11
110.3    6.120274162151817e-11
110.4    6.002967498606913e-11
110.5    5.887558283212396e-11
110.6    5.7740214146939744e-11
110.7    5.6623320517535507e-11
110.8    5.552465611119157e-11
110.9    5.44439776559808e-11
111.    5.338104442145286e-11
111.1    5.2335618199341404e-11
111.2    5.1307463284385636e-11
111.3    5.029634645523262e-11
111.4    4.930203695541505e-11
111.5    4.832430647442089e-11
111.6    4.736292912884519e-11
111.7    4.6417681443614706e-11
111.8    4.548834233333418e-11
111.9    4.457469308366111e-11
112.    4.367651733281896e-11
112.1    4.279360105315938e-11
112.2    4.192573253283302e-11
112.3    4.107270235752239e-11
112.4    4.023430339229728e-11
112.5    3.941033076349889e-11
112.6    3.860058184078163e-11
112.7    3.7804856219172256e-11
112.8    3.702295570125463e-11
112.9    3.625468427944036e-11
113.    3.5499848118310935e-11
113.1    3.475825553704276e-11
113.2    3.402971699194004e-11
113.3    3.331404505903665e-11
113.4    3.261105441678855e-11
113.5    3.1920561828856156e-11
113.6    3.124238612696491e-11
113.7    3.057634819386881e-11
113.8    2.9922270946376024e-11
113.9    2.927997931848905e-11
114.    2.864930024460313e-11
114.1    2.8030062642810736e-11
114.2    2.742209739829918e-11
114.3    2.6825237346801863e-11
114.4    2.6239317258174e-11
114.5    2.5664173820030008e-11
114.6    2.509964562147733e-11
114.7    2.4545573136931403e-11
114.8    2.4001798710030892e-11
114.9    2.3468166537617365e-11
115.    2.294452265382237e-11
115.1    2.2430714914224966e-11
115.2    2.19265929801012e-11
115.3    2.1432008302770842e-11
115.4    2.0946814108009543e-11
115.5    2.047086538056265e-11
115.6    2.0004018848740052e-11
115.7    1.9546132969095214e-11
115.8    1.9097067911191512e-11
115.9    1.8656685542458218e-11
116.    1.822484941312641e-11
116.1    1.7801424741250115e-11
116.2    1.738627839781366e-11
116.3    1.6979278891941296e-11
116.4    1.6580296356151436e-11
116.5    1.618920253174407e-11
116.6    1.5805870754236687e-11
116.7    1.5430175938907057e-11
116.8    1.5061994566402294e-11
116.9    1.4701204668453285e-11
117.    1.4347685813657095e-11
117.1    1.4001319093347161e-11
117.2    1.3661987107557448e-11
117.3    1.3329573951052353e-11
117.4    1.300396519946263e-11
117.5    1.2685047895483713e-11
117.6    1.2372710535170076e-11
117.7    1.2066843054313047e-11
117.8    1.1767336814896338e-11
117.9    1.1474084591635723e-11
118.    1.1186980558603754e-11
118.1    1.0905920275936175e-11
118.2    1.0630800676621963e-11
118.3    1.0361520053371413e-11
118.4    1.009797804557277e-11
118.5    9.840075626322638e-12
118.6    9.58771508954961e-12
118.7    9.340800037202425e-12
118.8    9.099235366539749e-12
118.9    8.86292725748165e-12
119.    8.631783160058415e-12
119.1    8.40571178192691e-12
119.2    8.184623075978136e-12
119.3    7.968428228011224e-12
119.4    7.75703964450788e-12
119.5    7.550370940463792e-12
119.6    7.348336927316162e-12
119.7    7.150853600946228e-12
119.8    6.957838129755051e-12
119.9    6.769208842827052e-12
120.    6.584885218162211e-12
120.1    6.404787871000386e-12
120.2    6.228838542210052e-12
120.3    6.056960086757728e-12
120.4    5.8890764622696154e-12
120.5    5.725112717641992e-12
120.6    5.564994981765113e-12
120.7    5.408650452286942e-12
120.8    5.256007384484109e-12
120.9    5.106995080189978e-12
121.    4.961543876806736e-12
121.1    4.819585136394844e-12
121.2    4.681051234830696e-12
121.3    4.545875551050115e-12
121.4    4.413992456354041e-12
121.5    4.2853373038050725e-12
121.6    4.159846417683811e-12
121.7    4.037457083026885e-12
121.8    3.918107535238452e-12
121.9    3.8017369497740765e-12
122.    3.688285431902817e-12
122.1    3.5776940065328707e-12
122.2    3.4699046081202093e-12
122.3    3.3648600706437946e-12
122.4    3.2625041176574734e-12
122.5    3.1627813524097003e-12
122.6    3.0656372480382336e-12
122.7    2.9710181378360915e-12
122.8    2.8788712055874198e-12
122.9    2.7891444759748866e-12
123.    2.70178680505851e-12
123.1    2.616747870830938e-12
123.2    2.5339781638232893e-12
123.3    2.4534289778059794e-12
123.4    2.375052400542952e-12
123.5    2.298801304621248e-12
123.6    2.224629338347232e-12
123.7    2.1524909167126164e-12
123.8    2.082341212429655e-12
123.9    2.014136147032768e-12
124.    1.947832382050505e-12
124.1    1.883387310243595e-12
124.2    1.8207590469089095e-12
124.3    1.759906421252518e-12
124.4    1.7007889678300815e-12
124.5    1.643366918051949e-12
124.6    1.587601191754383e-12
124.7    1.5334533888363751e-12
124.8    1.480885780966839e-12
124.9    1.4298613033478191e-12
125.    1.3803435465511875e-12
125.1    1.3322967484166883e-12
125.2    1.2856857860124616e-12
125.3    1.2404761676612976e-12
125.4    1.1966340250342357e-12
125.5    1.1541261053014496e-12
125.6    1.1129197633502966e-12
125.7    1.0729829540621281e-12
125.8    1.034284224658947e-12
125.9    9.967927071059881e-13
126.    9.604781105773722e-13
126.1    9.25310713984848e-13
126.2    8.912613585668768e-13
126.3    8.583014405416563e-13
126.4    8.264029038155355e-13
126.5    7.955382327558772e-13
126.6    7.656804450229193e-13
126.7    7.368030844625181e-13
126.8    7.08880214055087e-13
126.9    6.818864089305509e-13
127.    6.557967494330844e-13
127.1    6.305868142528534e-13
127.2    6.062326736107275e-13
127.3    5.827108825054627e-13
127.4    5.599984740114579e-13
127.5    5.380729526440026e-13
127.6    5.169122877731198e-13
127.7    4.964949070982391e-13
127.8    4.767996901799076e-13
127.9    4.57805962022731e-13
128.    4.394934867241471e-13
128.1    4.21842461166811e-13
128.2    4.048335087764362e-13
128.3    3.884476733280345e-13
128.4    3.7266641281125116e-13
128.5    3.574715933472486e-13
128.6    3.4284548316196605e-13
128.7    3.287707466107299e-13
128.8    3.1523043825929093e-13
128.9    3.02207997015989e-13
129.    2.8968724031845706e-13
129.1    2.776523583705898e-13
129.2    2.660879084359915e-13
129.3    2.5497880917894664e-13
129.4    2.4431033506057484e-13
129.5    2.3406811078439187e-13
129.6    2.2423810579445598e-13
129.7    2.1480662882479875e-13
129.8    2.0576032249653031e-13
129.9    1.9708615796955943e-13
130.    1.8877142964073873e-13
130.1    1.8080374989335524e-13
130.2    1.731710438975006e-13
130.3    1.6586154445646048e-13
130.4    1.5886378690316105e-13
130.5    1.5216660404796757e-13
130.6    1.4575912117091168e-13
130.7    1.3963075106288085e-13
130.8    1.337711891169767e-13
130.9    1.2817040846515238e-13
131.    1.2281865516097717e-13
131.1    1.1770644341245303e-13
131.2    1.1282455085852163e-13
131.3    1.0816401389470777e-13
131.4    1.0371612304100855e-13
131.5    9.947241835921064e-14
131.6    9.542468491430792e-14
131.7    9.156494828018335e-14
131.8    8.78854700909051e-14
131.9    8.437874363743573e-14
132.    8.103748950831755e-14
132.1    7.785465127294375e-14
132.2    7.482339121051276e-14
132.3    7.193708608248672e-14
132.4    6.918932294595515e-14
132.5    6.657389501320138e-14
132.6    6.408479755217389e-14
132.7    6.171622382850182e-14
132.8    5.946256109244648e-14
132.9    5.731838660508633e-14
133.    5.5278463706868487e-14
133.1    5.333773792871205e-14
133.2    5.1491333143004134e-14
133.3    4.9734547754595774e-14
133.4    4.8062850934551003e-14
133.5    4.64718788935064e-14
133.6    4.495743119231767e-14
133.7    4.351546709692368e-14
133.8    4.214210196927622e-14
133.9    4.083360369938211e-14
134.    3.958638917444455e-14
134.1    3.8397020789243515e-14
134.2    3.726220299274103e-14
134.3    3.6178778873433e-14
134.4    3.5143726783782314e-14
134.5    3.4154157000428094e-14
134.6    3.320730842341847e-14
134.7    3.2300545312050454e-14
134.8    3.143135405631266e-14
134.9    3.059733998785705e-14
135.    2.9796224224418736e-14
135.1    2.9025840552136264e-14
135.2    2.828413234326594e-14
135.3    2.7569149509091617e-14
135.4    2.687904548903266e-14
135.5    2.6212074274613344e-14
135.6    2.5566587467634253e-14
135.7    2.4941031374253886e-14
135.8    2.4333944132071177e-14
135.9    2.374395287298251e-14
136.    2.31697709179934e-14
136.1    2.261019500782588e-14
136.2    2.206410256479225e-14
136.3    2.153044899002544e-14
136.4    2.100826499209361e-14
136.5    2.0496653948829364e-14
136.6    1.9994789301340717e-14
136.7    1.9501911981192797e-14
136.8    1.9017327868826024e-14
136.9    1.854040528356884e-14
137.    1.8070572505390066e-14
137.1    1.760731532896979e-14
137.2    1.715017464669907e-14
137.3    1.669874406470504e-14
137.4    1.6252667548429483e-14
137.5    1.5811637097880444e-14
137.6    1.5375390455292842e-14
137.7    1.494370884010666e-14
137.8    1.4516414715265323e-14
137.9    1.4093369582742207e-14
138.    1.3674471807912778e-14
138.1    1.3259654473678079e-14
138.2    1.2848883261991908e-14
138.3    1.2442154366043006e-14
138.4    1.2039492429061628e-14
138.5    1.1640948512088095e-14
138.6    1.1246598089398916e-14
138.7    1.0856539072047923e-14
138.8    1.0470889858401617e-14
138.9    1.00897874125384e-14
139.    9.713385368540203e-15
139.1    9.341852163821699e-15
139.2    8.97536919695015e-15
139.3    8.614129013105184e-15
139.4    8.258333514775434e-15
139.5    7.908192200354655e-15
139.6    7.563920426607743e-15
139.7    7.225737697308352e-15
139.8    6.893865978288814e-15
139.9    6.5685280361462234e-15
140.    6.249945803315341e-15
140.1    5.938338766605379e-15
140.2    5.633922383600567e-15
140.3    5.33690740780053e-15
140.4    5.04749955615011e-15
140.5    4.765895803539652e-15
140.6    4.492282522788738e-15
140.7    4.226834045048273e-15
140.8    3.9697112403028186e-15
140.9    3.721061641655369e-15
141.    3.4810293459243618e-15
141.1    3.2497444542176616e-15
141.2    3.0273139690494052e-15
141.3    2.813820747176417e-15
141.4    2.6093225416424028e-15
141.5    2.4138510748553247e-15
141.6    2.227411669010333e-15
141.7    2.0499828054240618e-15
141.8    1.8815147652626067e-15
141.9    1.721928754238597e-15
142.    1.5711160950125248e-15
142.1    1.4289374343354632e-15
142.2    1.295232697201096e-15
142.3    1.1698447375013906e-15
142.4    1.0525938052919747e-15
142.5    9.43270702419351e-16
142.6    8.416362964616986e-16
142.7    7.474210420911532e-16
142.8    6.603384462368811e-16
142.9    5.801659349835763e-16
143.    5.066976316916123e-16
143.1    4.3970866526116783e-16
143.2    3.7895489828419113e-16
143.3    3.241727644868722e-16
143.4    2.7507910992858505e-16
143.5    2.3137103916593945e-16
143.6    1.927257670472112e-16
143.7    1.5880047277026296e-16
143.8    1.292321610203474e-16
143.9    1.0363752617746231e-16
144.    8.161738664212095e-17
144.1    6.285651338879293e-17
144.2    4.712843730699342e-17
144.3    3.4200196674076463e-17
144.4    2.3827982153322037e-17
144.5    1.575709381300347e-17
144.6    9.721895475762488e-18
144.7    5.445775832925132e-18
144.8    2.6411067462411124e-18
144.9    1.0092083772691655e-18
145.    2.4031139667166187e-19
145.1    1.3525117529298313e-20
