0.1    1.7091000526053725e-13
0.2    6.787977709388204e-13
0.30000000000000004    1.5164691387659668e-12
0.4    2.6768216625711796e-12
0.5    4.1528438859597175e-12
0.6    5.937614618991552e-12
0.7000000000000001    8.02430221404536e-12
0.8    1.0406163841047667e-11
0.9    1.3076544762242167e-11
1.    1.6028877606669567e-11
1.1    1.92566816445237e-11
1.2000000000000002    2.275356206154514e-11
1.3000000000000003    2.6513209233609226e-11
1.4000000000000001    3.052939800166096e-11
1.5000000000000002    3.479598694714497e-11
1.6    3.9306917668074996e-11
1.7000000000000002    4.4056214055882435e-11
1.8000000000000003    4.903798157318048e-11
1.9000000000000001    5.424640653257573e-11
2.    5.967575537665574e-11
2.1    6.532037395927705e-11
2.2    7.117468682827438e-11
2.3000000000000003    7.723319650970876e-11
2.4000000000000004    8.34904827937678e-11
2.5000000000000004    8.994120202242882e-11
2.6    9.658008637899153e-11
2.7    1.0340194317958412e-10
2.8000000000000003    1.1040165416674276e-10
2.9000000000000004    1.175741748051618e-10
3.0000000000000004    1.2491453357970917e-10
3.1    1.3241783129579742e-10
3.2    1.4007924038219867e-10
3.3000000000000003    1.4789400419638832e-10
3.4000000000000004    1.5585743633250098e-10
3.5000000000000004    1.6396491993197573e-10
3.6    1.7221190699696987e-10
3.7    1.8059391770661397e-10
3.8000000000000003    1.891065397361795e-10
3.9000000000000004    1.9774542757922843e-10
4.    2.0650630187281068e-10
4.1    2.1538494872577437e-10
4.2    2.2437721905024782e-10
4.3    2.3347902789635606e-10
4.3999999999999995    2.4268635379022546e-10
4.5    2.519952380753326e-10
4.6    2.614017842572496e-10
4.7    2.7090215735183656e-10
4.8    2.8049258323692715e-10
4.9    2.901693480075569e-10
5.    2.999287973347751e-10
5.1    3.097673358280845e-10
5.2    3.19681426401547e-10
5.3    3.2966758964359634e-10
5.4    3.3972240319059137e-10
5.5    3.498425011041472e-10
5.6    3.6002457325227487e-10
5.7    3.702653646943629e-10
5.8    3.805616750700286e-10
5.9    3.9091035799186795e-10
6.    4.013083204421302e-10
6.1    4.1175252217334267e-10
6.2    4.2223997511290775e-10
6.3    4.3276774277169395e-10
6.4    4.4333293965664454e-10
6.5    4.539327306874163e-10
6.6    4.645643306170757e-10
6.7    4.752250034568559e-10
6.8    4.859120619050022e-10
6.9    4.966228667797123e-10
7.    5.073548264561847e-10
7.1    5.181053963077892e-10
7.2    5.288720781513653e-10
7.3    5.396524196966625e-10
7.4    5.504440139999263e-10
7.5    5.612444989216357e-10
7.6    5.720515565884062e-10
7.7    5.828629128590496e-10
7.8    5.936763367948063e-10
7.9    6.044896401337452e-10
8.    6.15300676769337e-10
8.1    6.261073422331989e-10
8.2    6.369075731820125e-10
8.3    6.476993468886122e-10
8.4    6.584806807372437e-10
8.5    6.692496317229889e-10
8.6    6.800042959553549e-10
8.7    6.907428081660181e-10
8.8    7.014633412207288e-10
8.9    7.121641056353554e-10
9.    7.228433490960771e-10
9.1    7.33499355983707e-10
9.2    7.441304469021411e-10
9.3    7.547349782109265e-10
9.4    7.653113415619367e-10
9.5    7.758579634401457e-10
9.6    7.863733047084916e-10
9.700000000000001    7.968558601568127e-10
9.8    8.073041580548553e-10
9.9    8.177167597093293e-10
10.    8.280922590250073e-10
10.1    8.384292820698504e-10
10.200000000000001    8.487264866441475e-10
10.3    8.589825618536538e-10
10.4    8.691962276867164e-10
10.5    8.793662345953664e-10
10.6    8.894913630803685e-10
10.700000000000001    8.995704232802069e-10
10.8    9.096022545639951e-10
10.9    9.195857251282912e-10
11.    9.29519731597799e-10
11.1    9.394031986299435e-10
11.200000000000001    9.492350785232983e-10
11.3    9.59014350829847e-10
11.4    9.687400219710639e-10
11.5    9.784111248577904e-10
11.6    9.88026718513891e-10
11.700000000000001    9.975858877036699e-10
11.8    1.0070877425630261e-9
11.9    1.0165314182343306e-9
12.    1.025916074505001e-9
12.1    1.035240895449761e-9
12.200000000000001    1.0445050890765519e-9
12.3    1.0537078869760886e-9
12.4    1.0628485439750318e-9
12.5    1.0719263377927526e-9
12.6    1.0809405687016811e-9
12.700000000000001    1.0898905591911967e-9
12.8    1.098775653635058e-9
12.9    1.1075952179623435e-9
13.    1.1163486393318737e-9
13.1    1.1250353258101054e-9
13.200000000000001    1.1336547060524633e-9
13.3    1.1422062289881e-9
13.4    1.1506893635080485e-9
13.5    1.1591035981567514e-9
13.6    1.1674484408269472e-9
13.700000000000001    1.1757234184578833e-9
13.8    1.1839280767368333e-9
13.9    1.19206197980391e-9
14.    1.2001247099601254e-9
14.1    1.2081158673787016e-9
14.200000000000001    1.2160350698195855e-9
14.3    1.2238819523471656e-9
14.4    1.2316561670511497e-9
14.5    1.23935738277059e-9
14.6    1.2469852848210346e-9
14.700000000000001    1.254539574724769e-9
14.8    1.2620199699441397e-9
14.9    1.2694262036179235e-9
15.    1.2767580243007338e-9
15.1    1.28401519570542e-9
15.200000000000001    1.291197496448457e-9
15.3    1.29830471979829e-9
15.4    1.305336673426613e-9
15.5    1.3122931791625575e-9
15.6    1.3191740727497703e-9
15.700000000000001    1.325979203606356e-9
15.8    1.3327084345876585e-9
15.9    1.339361641751861e-9
16.    1.34593871412838e-9
16.1    1.3524395534890298e-9
16.200000000000003    1.3588640741219392e-9
16.3    1.3652122026081805e-9
16.400000000000002    1.3714838776011177e-9
16.500000000000004    1.3776790496084173e-9
16.6    1.3837976807767244e-9
16.700000000000003    1.3898397446789654e-9
16.8    1.3958052261042657e-9
16.900000000000002    1.4016941208504497e-9
17.000000000000004    1.4075064355191021e-9
17.1    1.4132421873131832e-9
17.200000000000003    1.418901403837149e-9
17.3    1.4244841228995718e-9
17.400000000000002    1.42999039231824e-9
17.500000000000004    1.4354202697277026e-9
17.6    1.440773822389244e-9
17.700000000000003    1.4460511270032713e-9
17.8    1.451252269524077e-9
17.900000000000002    1.456377344976973e-9
18.000000000000004    1.4614264572777597e-9
18.1    1.4663997190545206e-9
18.200000000000003    1.471297251471706e-9
18.3    1.4761191840564966e-9
18.400000000000002    1.4808656545274264e-9
18.500000000000004    1.4855368086252261e-9
18.6    1.4901327999458916e-9
18.700000000000003    1.4946537897759312e-9
18.8    1.4990999469297913e-9
18.900000000000002    1.5034714475894212e-9
19.000000000000004    1.5077684751459728e-9
19.1    1.5119912200436056e-9
19.200000000000003    1.5161398796253722e-9
19.300000000000004    1.5202146579811728e-9
19.400000000000002    1.5242157657977534e-9
19.500000000000004    1.5281434202107365e-9
19.6    1.5319978446586386e-9
19.700000000000003    1.5357792687388894e-9
19.800000000000004    1.5394879280658053e-9
19.900000000000002    1.5431240641305105e-9
20.000000000000004    1.5466879241627835e-9
20.1    1.5501797609948074e-9
20.200000000000003    1.5535998329268044e-9
20.300000000000004    1.556948403383275e-9
20.400000000000002    1.560225739204466e-9
20.500000000000004    1.5634321111154933e-9
20.6    1.5665677933505013e-9
20.700000000000003    1.5696330645342967e-9
20.800000000000004    1.572628207989262e-9
20.900000000000002    1.5755535116146525e-9
21.000000000000004    1.5784092677675169e-9
21.1    1.5811957731453184e-9
21.200000000000003    1.5839133286702237e-9
21.300000000000004    1.5865622393750516e-9
21.400000000000002    1.58914281429086e-9
21.500000000000004    1.5916553663361546e-9
21.6    1.5941002122077029e-9
21.700000000000003    1.5964776722729366e-9
21.800000000000004    1.5987880704639241e-9
21.900000000000002    1.6010317341728926e-9
22.000000000000004    1.603208994149295e-9
22.1    1.605320184398394e-9
22.200000000000003    1.6073656420813422e-9
22.300000000000004    1.6093457074167693e-9
22.400000000000002    1.6112607235838158e-9
22.500000000000004    1.6131110366266401e-9
22.6    1.6148969953603604e-9
22.700000000000003    1.6166189512784155e-9
22.800000000000004    1.6182772584613375e-9
22.900000000000002    1.6198722734869121e-9
23.000000000000004    1.621404355341725e-9
23.1    1.6228738653340515e-9
23.200000000000003    1.6242811670081137e-9
23.300000000000004    1.6256266260596478e-9
23.400000000000002    1.6269106102528019e-9
23.500000000000004    1.6281334893383242e-9
23.6    1.629295634973044e-9
23.700000000000003    1.6303974206406185e-9
23.800000000000004    1.6314392215735407e-9
23.900000000000002    1.6324214146763824e-9
24.000000000000004    1.6333443784502723e-9
24.1    1.6342084929185866e-9
24.200000000000003    1.6350141395538326e-9
24.300000000000004    1.6357617012057242e-9
24.400000000000002    1.636451562030425e-9
24.500000000000004    1.637084107420954e-9
24.6    1.63765972393873e-9
24.700000000000003    1.6381787992462503e-9
24.800000000000004    1.6386417220408854e-9
24.900000000000002    1.6390488819897784e-9
25.000000000000004    1.6394006696658331e-9
25.1    1.639697476484785e-9
25.200000000000003    1.6399396946433311e-9
25.300000000000004    1.6401277170583193e-9
25.400000000000002    1.6402619373069674e-9
25.500000000000004    1.6403427495681195e-9
25.6    1.6403705485645093e-9
25.700000000000003    1.6403457295060276e-9
25.800000000000004    1.6402686880339833e-9
25.900000000000002    1.6401398201663379e-9
26.000000000000004    1.6399595222439075e-9
26.1    1.639728190877517e-9
26.200000000000003    1.6394462228960986e-9
26.300000000000004    1.6391140152957197e-9
26.400000000000002    1.638731965189533e-9
26.500000000000004    1.6383004697586248e-9
26.6    1.6378199262037676e-9
26.700000000000003    1.6372907316980624e-9
26.800000000000004    1.6367132833404349e-9
26.900000000000002    1.6360879781100184e-9
27.000000000000004    1.6354152128213705e-9
27.1    1.6346953840805393e-9
27.200000000000003    1.633928888241959e-9
27.300000000000004    1.6331161213661627e-9
27.400000000000002    1.632257479178305e-9
27.500000000000004    1.6313533570274864e-9
27.6    1.6304041498468595e-9
27.700000000000003    1.6294102521145213e-9
27.800000000000004    1.62837205781517e-9
27.900000000000002    1.627289960402513e-9
28.000000000000004    1.6261643527624417e-9
28.1    1.6249956271769203e-9
28.200000000000003    1.623784175288626e-9
28.300000000000004    1.6225303880662913e-9
28.400000000000002    1.6212346557707695e-9
28.500000000000004    1.6198973679217859e-9
28.6    1.6185189132653937e-9
28.700000000000003    1.6170996797421067e-9
28.800000000000004    1.615640054455699e-9
28.900000000000002    1.6141404236426757e-9
29.000000000000004    1.6126011726423969e-9
29.1    1.6110226858678431e-9
29.200000000000003    1.609405346777025e-9
29.300000000000004    1.6077495378450104e-9
29.400000000000002    1.6060556405365868e-9
29.500000000000004    1.604324035279523e-9
29.6    1.6025551014384327e-9
29.700000000000003    1.6007492172892449e-9
29.800000000000004    1.5989067599942493e-9
29.900000000000002    1.5970281055777256e-9
30.000000000000004    1.5951136289021422e-9
30.1    1.5931637036449119e-9
30.200000000000003    1.5911787022757152e-9
30.300000000000004    1.589158996034356e-9
30.400000000000002    1.5871049549091661e-9
30.500000000000004    1.5850169476159354e-9
30.6    1.5828953415773692e-9
30.700000000000003    1.5807405029030623e-9
30.800000000000004    1.5785527963699784e-9
30.900000000000002    1.5763325854034405e-9
31.000000000000004    1.5740802320585972e-9
31.1    1.5717960970024074e-9
31.200000000000003    1.5694805394960666e-9
31.300000000000004    1.5671339173779442e-9
31.400000000000002    1.5647565870469578e-9
31.500000000000004    1.5623489034464298e-9
31.6    1.5599112200483802e-9
31.700000000000003    1.5574438888382802e-9
31.800000000000004    1.5549472603002272e-9
31.900000000000002    1.5524216834025772e-9
32.    1.5498675055839859e-9
32.1    1.5472850727398733e-9
32.2    1.544674729209307e-9
32.300000000000004    1.5420368177622956e-9
32.400000000000006    1.539371679587474e-9
32.5    1.5366796542801936e-9
32.6    1.5339610798310022e-9
32.7    1.531216292614504e-9
32.800000000000004    1.52844562737859e-9
32.900000000000006    1.5256494172340661e-9
33.    1.5228279936446144e-9
33.1    1.5199816864171433e-9
33.2    1.5171108236924804e-9
33.300000000000004    1.5142157319364054e-9
33.400000000000006    1.5112967359310563e-9
33.5    1.5083541587666387e-9
33.6    1.5053883218335005e-9
33.7    1.5023995448145104e-9
33.800000000000004    1.4993881456777753e-9
33.900000000000006    1.4963544406696687e-9
34.    1.4932987443081731e-9
34.1    1.490221369376527e-9
34.2    1.4871226269171856e-9
34.300000000000004    1.4840028262260638e-9
34.400000000000006    1.4808622748470862e-9
34.5    1.4777012785670143e-9
34.6    1.4745201414105652e-9
34.7    1.4713191656358063e-9
34.800000000000004    1.4680986517298242e-9
34.900000000000006    1.464858898404662e-9
35.    1.4616002025935231e-9
35.1    1.4583228594472354e-9
35.2    1.4550271623309772e-9
35.300000000000004    1.4517134028212386e-9
35.400000000000006    1.4483818707030526e-9
35.5    1.4450328539674579e-9
35.6    1.4416666388091928e-9
35.7    1.4382835096246464e-9
35.800000000000004    1.4348837490100169e-9
35.900000000000006    1.431467637759714e-9
36.    1.428035454864979e-9
36.1    1.4245874775127178e-9
36.2    1.4211239810845623e-9
36.300000000000004    1.4176452391561302e-9
36.400000000000006    1.414151523496499e-9
36.5    1.410643104067884e-9
36.6    1.4071202490255153e-9
36.7    1.4035832247177108e-9
36.800000000000004    1.400032295686144e-9
36.900000000000006    1.3964677246662987e-9
37.    1.392889772588115e-9
37.1    1.3892986985768061e-9
37.2    1.3856947599538724e-9
37.300000000000004    1.3820782122382754e-9
37.400000000000006    1.3784493091477853e-9
37.5    1.3748083026005163e-9
37.6    1.3711554427165953e-9
37.7    1.3674909778200284e-9
37.800000000000004    1.363815154440699e-9
37.900000000000006    1.3601282173165408e-9
38.    1.356430409395852e-9
38.1    1.3527219718397683e-9
38.2    1.349003144024879e-9
38.300000000000004    1.345274163545987e-9
38.400000000000006    1.3415352662190165e-9
38.50000000000001    1.3377866860840477e-9
38.6    1.3340286554085e-9
38.7    1.330261404690444e-9
38.800000000000004    1.3264851626620312e-9
38.900000000000006    1.3227001562930801e-9
39.00000000000001    1.3189066107947514e-9
39.1    1.3151047496233801e-9
39.2    1.3112947944843975e-9
39.300000000000004    1.3074769653363893e-9
39.400000000000006    1.3036514803952653e-9
39.50000000000001    1.299818556138533e-9
39.6    1.2959784073096873e-9
39.7    1.2921312469227113e-9
39.800000000000004    1.2882772862666669e-9
39.900000000000006    1.2844167349104058e-9
40.00000000000001    1.280549800707369e-9
40.1    1.2766766898004908e-9
40.2    1.2727976066271827e-9
40.300000000000004    1.2689127539244432e-9
40.400000000000006    1.2650223327340152e-9
40.50000000000001    1.261126542407675e-9
40.6    1.2572255806125723e-9
40.7    1.2533196433366816e-9
40.800000000000004    1.2494089248943159e-9
40.900000000000006    1.2454936179317397e-9
41.00000000000001    1.241573913432841e-9
41.1    1.2376500007248964e-9
41.2    1.2337220674844018e-9
41.300000000000004    1.2297902997429723e-9
41.400000000000006    1.2258548818933297e-9
41.50000000000001    1.2219159966953306e-9
41.6    1.217973825282095e-9
41.7    1.2140285471661685e-9
41.800000000000004    1.2100803402457724e-9
41.900000000000006    1.2061293808110954e-9
42.00000000000001    1.2021758435506612e-9
42.1    1.1982199015577476e-9
42.2    1.1942617263368549e-9
42.300000000000004    1.1903014878102427e-9
42.400000000000006    1.1863393543245109e-9
42.50000000000001    1.1823754926572308e-9
42.6    1.1784100680236318e-9
42.7    1.174443244083334e-9
42.800000000000004    1.1704751829471237e-9
42.900000000000006    1.1665060451837815e-9
43.00000000000001    1.1625359898269467e-9
43.1    1.1585651743820282e-9
43.2    1.154593754833155e-9
43.300000000000004    1.1506218856501666e-9
43.400000000000006    1.1466497197956363e-9
43.50000000000001    1.142677408731941e-9
43.6    1.138705102428356e-9
43.7    1.1347329493681887e-9
43.800000000000004    1.1307610965559472e-9
43.900000000000006    1.1267896895245292e-9
44.00000000000001    1.1228188723424545e-9
44.1    1.1188487876211166e-9
44.2    1.1148795765220676e-9
44.300000000000004    1.1109113787643212e-9
44.400000000000006    1.1069443326316898e-9
44.50000000000001    1.1029785749801409e-9
44.6    1.0990142412451717e-9
44.7    1.0950514654492166e-9
44.800000000000004    1.0910903802090623e-9
44.900000000000006    1.0871311167432906e-9
45.00000000000001    1.0831738048797333e-9
45.1    1.0792185730629536e-9
45.2    1.075265548361728e-9
45.300000000000004    1.0713148564765607e-9
45.400000000000006    1.067366621747194e-9
45.50000000000001    1.0634209671601546e-9
45.6    1.0594780143562786e-9
45.7    1.0555378836382844e-9
45.800000000000004    1.0516006939783299e-9
45.900000000000006    1.0476665630255834e-9
46.00000000000001    1.0437356071138178e-9
46.1    1.0398079412689847e-9
46.2    1.0358836792168208e-9
46.300000000000004    1.0319629333904477e-9
46.400000000000006    1.0280458149379723e-9
46.50000000000001    1.0241324337301e-9
46.6    1.0202228983677498e-9
46.7    1.016317316189664e-9
46.800000000000004    1.012415793280022e-9
46.900000000000006    1.008518434476064e-9
47.00000000000001    1.004625343375699e-9
47.1    1.0007366223451261e-9
47.2    9.968523725264436e-10
47.300000000000004    9.929726938452549e-10
47.400000000000006    9.890976850182875e-10
47.50000000000001    9.852274435609853e-10
47.6    9.81362065795114e-10
47.7    9.77501646856345e-10
47.800000000000004    9.736462807018595e-10
47.900000000000006    9.697960601179073e-10
48.00000000000001    9.659510767273995e-10
48.1    9.621114209974624e-10
48.2    9.58277182246999e-10
48.300000000000004    9.544484486542347e-10
48.400000000000006    9.506253072642536e-10
48.50000000000001    9.468078439965337e-10
48.6    9.429961436524546e-10
48.7    9.39190289922806e-10
48.800000000000004    9.353903653952865e-10
48.900000000000006    9.315964515619729e-10
49.00000000000001    9.278086288268016e-10
49.1    9.240269765130136e-10
49.2    9.202515728705946e-10
49.300000000000004    9.16482495083707e-10
49.400000000000006    9.127198192780922e-10
49.50000000000001    9.089636205284756e-10
49.6    9.052139728659339e-10
49.7    9.014709492852694e-10
49.800000000000004    8.977346217523447e-10
49.900000000000006    8.940050612114224e-10
50.00000000000001    8.902823375924666e-10
50.1    8.865665198184384e-10
50.2    8.828576758125704e-10
50.300000000000004    8.791558725056234e-10
50.400000000000006    8.754611758431167e-10
50.50000000000001    8.717736507925518e-10
50.6    8.680933613506005e-10
50.7    8.644203705502829e-10
50.800000000000004    8.607547404681259e-10
50.900000000000006    8.5709653223129e-10
51.00000000000001    8.534458060246864e-10
51.1    8.498026210980621e-10
51.2    8.461670357730734e-10
51.300000000000004    8.425391074503266e-10
51.400000000000006    8.389188926164027e-10
51.50000000000001    8.353064468508557e-10
51.6    8.317018248331933e-10
51.7    8.28105080349819e-10
51.800000000000004    8.245162663009741e-10
51.900000000000006    8.209354347076307e-10
52.00000000000001    8.173626367183772e-10
52.1    8.137979226162736e-10
52.2    8.102413418256801e-10
52.300000000000004    8.066929429190618e-10
52.400000000000006    8.031527736237703e-10
52.50000000000001    7.996208808287954e-10
52.6    7.960973105914957e-10
52.7    7.925821081442962e-10
52.800000000000004    7.890753179013696e-10
52.900000000000006    7.855769834652815e-10
53.00000000000001    7.820871476336126e-10
53.1    7.786058524055571e-10
53.2    7.751331389884891e-10
53.300000000000004    7.716690478045025e-10
53.400000000000006    7.682136184969274e-10
53.50000000000001    7.647668899368177e-10
53.6    7.613289002294008e-10
53.7    7.578996867205184e-10
53.800000000000004    7.544792860030234e-10
53.900000000000006    7.510677339231549e-10
54.00000000000001    7.476650655868845e-10
54.1    7.442713153662299e-10
54.2    7.408865169055542e-10
54.300000000000004    7.375107031278087e-10
54.400000000000006    7.341439062407823e-10
54.50000000000001    7.307861577432885e-10
54.6    7.274374884313483e-10
54.7    7.240979284043273e-10
54.800000000000004    7.20767507071057e-10
54.900000000000006    7.174462531559116e-10
55.00000000000001    7.141341947048713e-10
55.1    7.108313590915399e-10
55.2    7.075377730231539e-10
55.300000000000004    7.042534625465349e-10
55.400000000000006    7.009784530540331e-10
55.50000000000001    6.977127692894365e-10
55.6    6.944564353538431e-10
55.7    6.912094747115092e-10
55.800000000000004    6.879719101956673e-10
55.900000000000006    6.847437640143149e-10
56.00000000000001    6.815250577559631e-10
56.1    6.783158123953725e-10
56.2    6.751160482992447e-10
56.300000000000004    6.719257852318843e-10
56.400000000000006    6.687450423608414e-10
56.50000000000001    6.655738382625141e-10
56.6    6.624121909277211e-10
56.7    6.592601177672461e-10
56.800000000000004    6.561176356173556e-10
56.900000000000006    6.52984760745275e-10
57.00000000000001    6.498615088546501e-10
57.1    6.467478950909607e-10
57.2    6.436439340469192e-10
57.300000000000004    6.40549639767828e-10
57.400000000000006    6.374650257569121e-10
57.50000000000001    6.343901049806173e-10
57.6    6.313248898738802e-10
57.7    6.282693923453702e-10
57.800000000000004    6.252236237826953e-10
57.900000000000006    6.221875950575811e-10
58.00000000000001    6.191613165310169e-10
58.1    6.161447980583787e-10
58.2    6.131380489945049e-10
58.300000000000004    6.10141078198766e-10
58.400000000000006    6.071538940400794e-10
58.50000000000001    6.04176504401912e-10
58.6    6.012089166872406e-10
58.7    5.982511378234914e-10
58.800000000000004    5.953031742674392e-10
58.900000000000006    5.92365032010088e-10
59.00000000000001    5.89436716581508e-10
59.1    5.865182330556582e-10
59.2    5.836095860551606e-10
59.300000000000004    5.807107797560613e-10
59.400000000000006    5.7782181789255e-10
59.50000000000001    5.749427037616566e-10
59.6    5.720734402279141e-10
59.7    5.69214029727991e-10
59.800000000000004    5.663644742752933e-10
59.900000000000006    5.635247754645492e-10
60.00000000000001    5.606949344763397e-10
60.1    5.578749520816211e-10
60.2    5.550648286462105e-10
60.300000000000004    5.522645641352389e-10
60.400000000000006    5.494741581175812e-10
60.50000000000001    5.466936097702485e-10
60.6    5.43922917882756e-10
60.7    5.411620808614657e-10
60.800000000000004    5.384110967338913e-10
60.900000000000006    5.35669963152979e-10
61.00000000000001    5.3293867740136e-10
61.1    5.302172363955697e-10
61.2    5.275056366902428e-10
61.300000000000004    5.248038744822768e-10
61.400000000000006    5.221119456149663e-10
61.50000000000001    5.19429845582113e-10
61.6    5.16757569532099e-10
61.7    5.14095112271942e-10
61.800000000000004    5.1144246827131e-10
61.900000000000006    5.087996316665211e-10
62.00000000000001    5.061665962645027e-10
62.1    5.035433555467351e-10
62.2    5.00929902673148e-10
62.300000000000004    4.983262304860133e-10
62.400000000000006    4.957323315137936e-10
62.50000000000001    4.93148197974962e-10
62.6    4.905738217818072e-10
62.7    4.880091945441971e-10
62.800000000000004    4.854543075733244e-10
62.900000000000006    4.829091518854201e-10
63.00000000000001    4.803737182054387e-10
63.1    4.778479969707247e-10
63.2    4.75331978334637e-10
63.300000000000004    4.728256521701618e-10
63.400000000000006    4.703290080734892e-10
63.50000000000001    4.678420353675646e-10
63.6    4.6536472310561577e-10
63.7    4.6289706007465047e-10
63.800000000000004    4.604390347989315e-10
63.900000000000006    4.5799063554342077e-10
64.    4.555518503171994e-10
64.1    4.5312266687685964e-10
64.2    4.5070307272987793e-10
64.3    4.482930551379506e-10
64.39999999999999    4.458926011203123e-10
64.5    4.4350169745702345e-10
64.6    4.411203306922431e-10
64.7    4.3874848713745216e-10
64.8    4.3638615287468563e-10
64.89999999999999    4.3403331375970417e-10
65.    4.316899554251652e-10
65.1    4.293560632837619e-10
65.2    4.270316225313298e-10
65.3    4.247166181499406e-10
65.39999999999999    4.224110349109631e-10
65.5    4.201148573780999e-10
65.6    4.1782806991040613e-10
65.7    4.155506566652706e-10
65.8    4.1328260160139235e-10
65.89999999999999    4.110238884817148e-10
66.    4.087745008763381e-10
66.1    4.0653442216542565e-10
66.2    4.0430363554206123e-10
66.3    4.0208212401509913e-10
66.39999999999999    3.998698704119856e-10
66.5    3.976668573815591e-10
66.6    3.9547306739682157e-10
66.7    3.9328848275769256e-10
66.8    3.9111308559373856e-10
66.89999999999999    3.8894685786687626e-10
67.    3.867897813740536e-10
67.1    3.846418377499178e-10
67.2    3.8250300846944196e-10
67.3    3.803732748505471e-10
67.39999999999999    3.7825261805669285e-10
67.5    3.76141019099442e-10
67.6    3.740384588410174e-10
67.7    3.7194491799681977e-10
67.8    3.698603771379338e-10
67.89999999999999    3.6778481669361233e-10
68.    3.657182169537298e-10
68.1    3.636605580712299e-10
68.2    3.616118200645321e-10
68.3    3.595719828199372e-10
68.39999999999999    3.575410260939927e-10
68.5    3.5551892951585147e-10
68.6    3.53505672589603e-10
68.7    3.5150123469657976e-10
68.8    3.4950559509765626e-10
68.89999999999999    3.4751873293551054e-10
69.    3.455406272368755e-10
69.1    3.4357125691477173e-10
69.2    3.4161060077070874e-10
69.3    3.3965863749688036e-10
69.39999999999999    3.377153456783254e-10
69.5    3.3578070379508166e-10
69.6    3.338546902243116e-10
69.7    3.3193728324241087e-10
69.8    3.3002846102709705e-10
69.89999999999999    3.281282016594791e-10
70.    3.262364831261064e-10
70.1    3.243532833210027e-10
70.2    3.224785800476727e-10
70.3    3.2061235102109813e-10
70.39999999999999    3.187545738697114e-10
70.5    3.16905226137346e-10
70.6    3.1506428528517714e-10
70.7    3.1323172869363874e-10
70.8    3.1140753366432044e-10
70.89999999999999    3.095916774218487e-10
71.    3.077841371157492e-10
71.1    3.0598488982229175e-10
71.2    3.041939125463182e-10
71.3    3.0241118222304694e-10
71.39999999999999    3.0063667571986497e-10
71.5    2.9887036983810133e-10
71.6    2.9711224131478634e-10
71.7    2.953622668243818e-10
71.8    2.9362042298050615e-10
71.89999999999999    2.918866863376388e-10
72.    2.901610333928029e-10
72.1    2.8844344058723864e-10
72.2    2.8673388430805255e-10
72.3    2.850323408898554e-10
72.39999999999999    2.833387866163794e-10
72.5    2.816531977220815e-10
72.6    2.799755503937301e-10
72.7    2.783058207719728e-10
72.8    2.766439849528941e-10
72.89999999999999    2.749900189895465e-10
73.    2.733438988934769e-10
73.1    2.7170560063623163e-10
73.2    2.700751001508416e-10
73.3    2.684523733333056e-10
73.39999999999999    2.668373960440377e-10
73.5    2.6523014410931776e-10
73.6    2.636305933227185e-10
73.7    2.620387194465142e-10
73.8    2.604544982130793e-10
73.89999999999999    2.5887790532627665e-10
74.    2.5730891646281493e-10
74.1    2.55747507273608e-10
74.2    2.5419365338511165e-10
74.3    2.52647330400645e-10
74.39999999999999    2.511085139016994e-10
74.5    2.4957717944923495e-10
74.6    2.4805330258496067e-10
74.7    2.4653685883259347e-10
74.8    2.4502782369911927e-10
74.89999999999999    2.4352617267602724e-10
75.    2.420318812405297e-10
75.1    2.405449248567776e-10
75.2    2.3906527897705246e-10
75.3    2.3759291904295326e-10
75.39999999999999    2.3612782048656335e-10
75.5    2.3466995873160534e-10
75.6    2.332193091945857e-10
75.7    2.3177584728592303e-10
75.8    2.3033954841106529e-10
75.89999999999999    2.289103879715925e-10
76.    2.2748834136630476e-10
76.1    2.2607338399230713e-10
76.2    2.2466549124606382e-10
76.3    2.232646385244598e-10
76.39999999999999    2.2187080122583542e-10
76.5    2.2048395475101555e-10
76.6    2.1910407450432523e-10
76.7    2.1773113589459056e-10
76.8    2.1636511433612974e-10
76.9    2.1500598524973352e-10
77.    2.1365372406363106e-10
77.1    2.1230830621444195e-10
77.2    2.1096970714812312e-10
77.3    2.0963790232090082e-10
77.4    2.0831286720018312e-10
77.5    2.0699457726547904e-10
77.6    2.0568300800928695e-10
77.7    2.043781349379833e-10
77.8    2.0307993357269823e-10
77.9    2.0178837945017507e-10
78.    2.0050344812362882e-10
78.1    1.992251151635797e-10
78.2    1.9795335615868938e-10
78.3    1.9668814671658005e-10
78.4    1.9542946246463966e-10
78.5    1.9417727905082537e-10
78.6    1.9293157214444655e-10
78.7    1.916923174369455e-10
78.8    1.9045949064266558e-10
78.9    1.8923306749960134e-10
79.    1.8801302377015545e-10
79.1    1.8679933524186722e-10
79.2    1.855919777281395e-10
79.3    1.843909270689628e-10
79.4    1.831961591316113e-10
79.5    1.8200764981134998e-10
79.6    1.808253750321153e-10
79.7    1.7964931074719625e-10
79.8    1.784794329399004e-10
79.9    1.773157176242165e-10
80.    1.7615814084545864e-10
80.1    1.7500667868091174e-10
80.2    1.738613072404583e-10
80.3    1.7272200266720492e-10
80.4    1.7158874113808937e-10
80.5    1.7046149886449085e-10
80.6    1.6934025209282008e-10
80.7    1.6822497710510812e-10
80.8    1.6711565021958204e-10
80.9    1.6601224779123834e-10
81.    1.6491474621239634e-10
81.1    1.63823121913256e-10
81.2    1.6273735136243852e-10
81.3    1.616574110675195e-10
81.4    1.6058327757556238e-10
81.5    1.5951492747362928e-10
81.6    1.5845233738929627e-10
81.7    1.5739548399115415e-10
81.8    1.5634434398930334e-10
81.9    1.5529889413583918e-10
82.    1.5425911122533328e-10
82.1    1.5322497209530027e-10
82.2    1.5219645362666559e-10
82.3    1.5117353274421942e-10
82.4    1.5015618641705949e-10
82.5    1.4914439165904237e-10
82.6    1.481381255292055e-10
82.7    1.471373651322011e-10
82.8    1.4614208761870928e-10
82.9    1.4515227018585225e-10
83.    1.441678900775988e-10
83.1    1.4318892458515795e-10
83.2    1.4221535104737055e-10
83.3    1.4124714685109562e-10
83.4    1.4028428943158236e-10
83.5    1.3932675627283985e-10
83.6    1.3837452490800155e-10
83.7    1.374275729196795e-10
83.8    1.3648587794031419e-10
83.9    1.3554941765251843e-10
84.    1.34618169789413e-10
84.1    1.336921121349539e-10
84.2    1.327712225242569e-10
84.3    1.318554788439195e-10
84.4    1.309448590323233e-10
84.5    1.3003934107994476e-10
84.6    1.2913890302965215e-10
84.7    1.2824352297699594e-10
84.8    1.2735317907049966e-10
84.9    1.264678495119345e-10
85.    1.2558751255659816e-10
85.1    1.2471214651358232e-10
85.2    1.238417297460361e-10
85.3    1.2297624067142108e-10
85.4    1.221156577617652e-10
85.5    1.2125995954390748e-10
85.6    1.2040912459974093e-10
85.7    1.195631315664408e-10
85.8    1.187219591367035e-10
85.9    1.1788558605896326e-10
86.    1.170539911376118e-10
86.1    1.162271532332165e-10
86.2    1.1540505126272365e-10
86.3    1.1458766419966204e-10
86.4    1.1377497107434506e-10
86.5    1.1296695097405833e-10
86.6    1.12163583043251e-10
86.7    1.1136484648371676e-10
86.8    1.1057072055477502e-10
86.9    1.0978118457343895e-10
87.    1.08996217914588e-10
87.1    1.0821580001112953e-10
87.2    1.074399103541611e-10
87.3    1.0666852849311939e-10
87.4    1.0590163403593345e-10
87.5    1.0513920664916948e-10
87.6    1.0438122605816971e-10
87.7    1.0362767204719091e-10
87.8    1.0287852445953636e-10
87.9    1.0213376319767995e-10
88.    1.0139336822339308e-10
88.1    1.006573195578594e-10
88.2    9.992559728179537e-11
88.3    9.919818153555371e-11
88.4    9.847505251923721e-11
88.5    9.775619049279393e-11
88.6    9.704157577611907e-11
88.7    9.633118874915091e-11
88.8    9.562500985195636e-11
88.9    9.492301958482244e-11
89.    9.422519850833418e-11
89.1    9.353152724345705e-11
89.2    9.284198647161038e-11
89.3    9.215655693473857e-11
89.4    9.147521943537901e-11
89.5    9.079795483672729e-11
89.6    9.012474406269363e-11
89.7    8.94555680979636e-11
89.8    8.879040798805147e-11
89.9    8.812924483934504e-11
90.    8.747205981916163e-11
90.1    8.681883415577868e-11
90.2    8.616954913848419e-11
90.3    8.552418611760772e-11
90.4    8.488272650455331e-11
90.5    8.424515177183164e-11
90.6    8.361144345308613e-11
90.7    8.298158314311439e-11
90.8    8.235555249789122e-11
90.9    8.173333323458517e-11
91.    8.111490713157216e-11
91.1    8.050025602844485e-11
91.2    7.98893618260273e-11
91.3    7.928220648637467e-11
91.4    7.867877203277399e-11
91.5    7.807904054975184e-11
91.6    7.748299418306317e-11
91.7    7.689061513969146e-11
91.8    7.630188568783368e-11
91.9    7.571678815689326e-11
92.    7.513530493746828e-11
92.1    7.455741848132547e-11
92.2    7.398311130139268e-11
92.3    7.341236597172742e-11
92.4    7.28451651274951e-11
92.5    7.228149146494748e-11
92.6    7.17213277413838e-11
92.7    7.116465677512557e-11
92.8    7.061146144548032e-11
92.9    7.006172469270489e-11
93.    6.951542951796573e-11
93.1    6.897255898329876e-11
93.2    6.843309621156402e-11
93.3    6.789702438640177e-11
93.4    6.736432675218228e-11
93.5    6.683498661395903e-11
93.6    6.630898733740839e-11
93.7    6.57863123487855e-11
93.8    6.52669451348599e-11
93.9    6.475086924285832e-11
94.    6.423806828040661e-11
94.1    6.372852591546275e-11
94.2    6.322222587625489e-11
94.3    6.271915195121428e-11
94.4    6.221928798890343e-11
94.5    6.172261789795088e-11
94.6    6.122912564697401e-11
94.7    6.073879526450465e-11
94.8    6.025161083891767e-11
94.9    5.976755651834698e-11
95.    5.928661651060949e-11
95.1    5.88087750831234e-11
95.2    5.833401656282337e-11
95.3    5.786232533607434e-11
95.4    5.739368584859036e-11
95.5    5.692808260534164e-11
95.6    5.646550017046522e-11
95.7    5.6005923167173985e-11
95.8    5.554933627766632e-11
95.9    5.5095724243027476e-11
96.    5.4645071863133906e-11
96.1    5.4197363996559266e-11
96.2    5.375258556047348e-11
96.3    5.331072153054058e-11
96.4    5.287175694081949e-11
96.5    5.2435676883657054e-11
96.6    5.200246650959053e-11
96.7    5.157211102723291e-11
96.8    5.1144595703169825e-11
96.9    5.071990586185414e-11
97.    5.029802688548819e-11
97.1    4.9878944213921344e-11
97.2    4.9462643344529853e-11
97.3    4.904910983210912e-11
97.4    4.8638329288753815e-11
97.5    4.8230287383748824e-11
97.6    4.782496984344243e-11
97.7    4.7422362451136935e-11
97.8    4.7022451046965166e-11
97.9    4.662522152777056e-11
98.    4.623065984698276e-11
98.1    4.583875201450242e-11
98.2    4.5449484096569124e-11
98.3    4.506284221564145e-11
98.4    4.467881255027218e-11
98.5    4.429738133497652e-11
98.6    4.39185348601103e-11
98.7    4.354225947173758e-11
98.8    4.3168541571502564e-11
98.9    4.2797367616500446e-11
99.    4.242872411914129e-11
99.1    4.206259764702688e-11
99.2    4.1698974822807584e-11
99.3    4.133784232405542e-11
99.4    4.097918688312567e-11
99.5    4.0622995287026355e-11
99.6    4.0269254377275445e-11
99.7    3.991795104977047e-11
99.8    3.9569072254642594e-11
99.9    3.922260499612859e-11
100.    3.8878536332424586e-11
100.1    3.853685337554531e-11
100.2    3.8197543291190883e-11
100.3    3.786059329859693e-11
100.4    3.752599067039789e-11
100.5    3.719372273248628e-11
100.6    3.6863776863863046e-11
100.7    3.653614049649818e-11
100.8    3.6210801115188326e-11
100.9    3.588774625740786e-11
101.    3.556696351316528e-11
101.1    3.52484405248573e-11
101.2    3.493216498712184e-11
101.3    3.4618124646692176e-11
101.4    3.430630730224806e-11
101.5    3.3996700804267154e-11
101.6    3.368929305488098e-11
101.7    3.3384072007720216e-11
101.8    3.308102566776867e-11
101.9    3.278014209121208e-11
102.    3.2481409385291126e-11
102.1    3.218481570814403e-11
102.2    3.189034926866457e-11
102.3    3.1597998326341706e-11
102.4    3.130775119111376e-11
102.5    3.101959622321536e-11
102.6    3.0733521833023555e-11
102.7    3.044951648090486e-11
102.8    3.016756867706294e-11
102.9    2.988766698138654e-11
103.    2.9609800003293e-11
103.1    2.933395640157764e-11
103.2    2.9060124884253676e-11
103.3    2.8788294208405854e-11
103.4    2.8518453180027774e-11
103.5    2.825059065387243e-11
103.6    2.7984695533294837e-11
103.7    2.7720756770096244e-11
103.8    2.7458763364368615e-11
103.9    2.7198704364338424e-11
104.    2.6940568866212905e-11
104.1    2.668434601402045e-11
104.2    2.6430024999457018e-11
104.3    2.6177595061726755e-11
104.4    2.5927045487389436e-11
104.5    2.5678365610197798e-11
104.6    2.5431544810947422e-11
104.7    2.518657251731304e-11
104.8    2.494343820369585e-11
104.9    2.4702131391066125e-11
105.    2.446264164680111e-11
105.1    2.4224958584534557e-11
105.2    2.3989071863993322e-11
105.3    2.3754971190842703e-11
105.4    2.3522646316527782e-11
105.5    2.3292087038117352e-11
105.6    2.3063283198143316e-11
105.7    2.2836224684444682e-11
105.8    2.2610901430012698e-11
105.9    2.2387303412826602e-11
106.    2.216542065570056e-11
106.1    2.1945243226124858e-11
106.2    2.172676123610793e-11
106.3    2.1509964842017603e-11
106.4    2.1294844244426184e-11
106.5    2.108138968795128e-11
106.6    2.086959146109422e-11
106.7    2.0659439896091817e-11
106.8    2.0450925368749312e-11
106.9    2.0244038298286923e-11
107.    2.0038769147184737e-11
107.1    1.9835108421021063e-11
107.2    1.9633046668318384e-11
107.3    1.9432574480383952e-11
107.4    1.923368249115639e-11
107.5    1.903636137704263e-11
107.6    1.8840601856768366e-11
107.7    1.8646394691216177e-11
107.8    1.845373068326965e-11
107.9    1.8262600677660148e-11
108.    1.807299556080851e-11
108.1    1.7884906260665945e-11
108.2    1.7698323746564016e-11
108.3    1.7513239029052556e-11
108.4    1.7329643159751825e-11
108.5    1.7147527231188232e-11
108.6    1.6966882376643645e-11
108.7    1.678769977000284e-11
108.8    1.6609970625592258e-11
108.9    1.643368619802878e-11
109.    1.625883778206748e-11
109.1    1.6085416712442606e-11
109.2    1.5913414363716042e-11
109.3    1.5742822150121564e-11
109.4    1.557363152541486e-11
109.5    1.5405833982716514e-11
109.6    1.5239421054359918e-11
109.7    1.5074384311736895e-11
109.8    1.491071536514802e-11
109.9    1.4748405863645788e-11
110.    1.458744749488863e-11
110.1    1.4427831984980968e-11
110.2    1.426955109832801e-11
110.3    1.4112596637479329e-11
110.4    1.395696044298066e-11
110.5    1.3802634393224055e-11
110.6    1.3649610404291677e-11
110.7    1.3497880429810224e-11
110.8    1.3347436460800453e-11
110.9    1.3198270525524198e-11
111.    1.3050374689337628e-11
111.1    1.2903741054540562e-11
111.2    1.2758361760227092e-11
111.3    1.261422898213867e-11
111.4    1.2471334932515552e-11
111.5    1.2329671859943571e-11
111.6    1.2189232049215118e-11
111.7    1.2050007821172812e-11
111.8    1.1911991532569461e-11
111.9    1.177517557591713e-11
112.    1.163955237933997e-11
112.1    1.1505114406432505e-11
112.2    1.1371854156107643e-11
112.3    1.1239764162456607e-11
112.4    1.110883699460151e-11
112.5    1.0979065256548045e-11
112.6    1.085044158704502e-11
112.7    1.0722958659438413e-11
112.8    1.0596609181524654e-11
112.9    1.0471385895414719e-11
113.    1.0347281577382481e-11
113.1    1.0224289037725692e-11
113.2    1.0102401120625292e-11
113.3    9.981610704000363e-12
113.4    9.861910699365758e-12
113.5    9.743294051696357e-12
113.6    9.625753739277356e-12
113.7    9.509282773572548e-12
113.8    9.393874199075739e-12
113.9    9.279521093180435e-12
114.    9.166216566030196e-12
114.1    9.053953760385046e-12
114.2    8.942725851483707e-12
114.3    8.832526046901851e-12
114.4    8.72334758641539e-12
114.5    8.615183741865131e-12
114.6    8.508027817015343e-12
114.7    8.401873147420105e-12
114.8    8.296713100286047e-12
114.9    8.192541074333878e-12
115.    8.089350499669856e-12
115.1    7.987134837639476e-12
115.2    7.885887580703777e-12
115.3    7.785602252298165e-12
115.4    7.686272406698295e-12
115.5    7.587891628890665e-12
115.6    7.490453534434931e-12
115.7    7.39395176933598e-12
115.8    7.298380009904472e-12
115.9    7.203731962630683e-12
116.    7.110001364052265e-12
116.1    7.017181980620442e-12
116.2    6.9252676085688365e-12
116.3    6.8342520737883156e-12
116.4    6.7441292316898214e-12
116.5    6.6548929670809475e-12
116.6    6.566537194032926e-12
116.7    6.479055855754744e-12
116.8    6.392442924460044e-12
116.9    6.306692401245973e-12
117.    6.22179831595916e-12
117.1    6.137754727074619e-12
117.2    6.054555721563511e-12
117.3    5.972195414770574e-12
117.4    5.8906679502878754e-12
117.5    5.8099674998286414e-12
117.6    5.730088263100019e-12
117.7    5.651024467683571e-12
117.8    5.572770368909e-12
117.9    5.495320249728606e-12
118.    5.418668420596226e-12
118.1    5.3428092193428535e-12
118.2    5.2677370110552404e-12
118.3    5.193446187954772e-12
118.4    5.119931169274797e-12
118.5    5.047186401136721e-12
118.6    4.975206356435928e-12
118.7    4.903985534716936e-12
118.8    4.833518462052777e-12
118.9    4.763799690927949e-12
119.    4.6948238001201655e-12
119.1    4.626585394578182e-12
119.2    4.559079105308203e-12
119.3    4.492299589250415e-12
119.4    4.426241529170425e-12
119.5    4.3608996335316975e-12
119.6    4.2962686363887506e-12
119.7    4.23234329726556e-12
119.8    4.169118401040476e-12
119.9    4.1065887578357845e-12
120.    4.0447492028956625e-12
120.1    3.983594596478625e-12
120.2    3.923119823740665e-12
120.3    3.8633197946190056e-12
120.4    3.804189443727698e-12
120.5    3.745723730234639e-12
120.6    3.6879176377597656e-12
120.7    3.630766174252788e-12
120.8    3.5742643718913545e-12
120.9    3.5184072869659473e-12
121.    3.4631899997677164e-12
121.1    3.4086076144848067e-12
121.2    3.3546552590857327e-12
121.3    3.3013280852138866e-12
121.4    3.248621268079052e-12
121.5    3.1965300063497933e-12
121.6    3.1450495220435284e-12
121.7    3.0941750604210346e-12
121.8    3.0439018898761347e-12
121.9    2.9942253018345557e-12
122.    2.945140610645888e-12
122.1    2.8966431534744666e-12
122.2    2.8487282901985644e-12
122.3    2.8013914033039783e-12
122.4    2.7546278977799445e-12
122.5    2.708433201013983e-12
122.6    2.66280276269092e-12
122.7    2.617732054685998e-12
122.8    2.573216570967883e-12
122.9    2.529251827488721e-12
123.    2.485833362090072e-12
123.1    2.4429567343987574e-12
123.2    2.400617525722014e-12
123.3    2.358811338953361e-12
123.4    2.317533798466515e-12
123.5    2.276780550020324e-12
123.6    2.236547260657954e-12
123.7    2.1968296186065415e-12
123.8    2.1576233331818783e-12
123.9    2.1189241346853875e-12
124.    2.0807277743132184e-12
124.1    2.043030024052835e-12
124.2    2.0058266765907946e-12
124.3    1.9691135452119126e-12
124.4    1.932886463707689e-12
124.5    1.897141286279442e-12
124.6    1.8618738874408766e-12
124.7    1.8270801619250606e-12
124.8    1.7927560245928998e-12
124.9    1.7588974103331542e-12
125.    1.7255002739750742e-12
125.1    1.692560590190767e-12
125.2    1.660074353405112e-12
125.3    1.628037577703341e-12
125.4    1.596446296735044e-12
125.5    1.5652965636311085e-12
125.6    1.5345844509049478e-12
125.7    1.5043060503654622e-12
125.8    1.4744574730239456e-12
125.9    1.4450348490096254e-12
126.    1.4160343274754695e-12
126.1    1.3874520765089312e-12
126.2    1.3592842830462523e-12
126.3    1.331527152781895e-12
126.4    1.3041769100844444e-12
126.5    1.2772297979023316e-12
126.6    1.2506820776823669e-12
126.7    1.2245300292828523e-12
126.8    1.1987699508826974e-12
126.9    1.173398158901865e-12
127.    1.1484109879106454e-12
127.1    1.123804790547665e-12
127.2    1.0995759374310654e-12
127.3    1.075720817082258e-12
127.4    1.0522358358315072e-12
127.5    1.0291174177433166e-12
127.6    1.0063620045270588e-12
127.7    9.839660554597802e-13
127.8    9.619260472977767e-13
127.9    9.402384741969875e-13
128.    9.18899847635834e-13
128.1    8.979066963243601e-13
128.2    8.772555661326436e-13
128.3    8.569430200061678e-13
128.4    8.369656378831496e-13
128.5    8.173200166205363e-13
128.6    7.980027699095629e-13
128.7    7.790105281994714e-13
128.8    7.603399386181005e-13
128.9    7.419876648936957e-13
129.    7.239503872755213e-13
129.1    7.062248024590142e-13
129.2    6.888076235053159e-13
129.3    6.716955797695125e-13
129.4    6.548854168160356e-13
129.5    6.383738963520836e-13
129.6    6.221577961428544e-13
129.7    6.062339099448449e-13
129.8    5.905990474220841e-13
129.9    5.752500340786897e-13
130.    5.601837111817133e-13
130.1    5.45396935683169e-13
130.2    5.308865801543286e-13
130.3    5.16649532709058e-13
130.4    5.026826969244659e-13
130.5    4.889829917817978e-13
130.6    4.755473515806788e-13
130.7    4.623727258752714e-13
130.8    4.4945607940055743e-13
130.9    4.367943920026442e-13
131.    4.243846585638411e-13
131.1    4.122238889361015e-13
131.2    4.0030910786852925e-13
131.3    3.8863735494212126e-13
131.4    3.7720568449226487e-13
131.5    3.660111655470831e-13
131.6    3.550508817547538e-13
131.7    3.44321931316892e-13
131.8    3.3382142691757127e-13
131.9    3.2354649565994394e-13
132.    3.1349427899514837e-13
132.1    3.0366193265530786e-13
132.2    2.940466265903163e-13
132.3    2.846455448987679e-13
132.4    2.754558857575623e-13
132.5    2.6647486136664993e-13
132.6    2.576996978731635e-13
132.7    2.4912763531109003e-13
132.8    2.4075592753665416e-13
132.9    2.325818421642969e-13
133.    2.2460266049718757e-13
133.1    2.16815677470235e-13
133.2    2.0921820158355376e-13
133.3    2.0180755483690821e-13
133.4    1.9458107267056345e-13
133.5    1.8753610390291823e-13
133.6    1.8067001066295468e-13
133.7    1.7398016833382286e-13
133.8    1.674639654867954e-13
133.9    1.6111880382638066e-13
134.    1.5494209812067467e-13
134.1    1.4893127614658757e-13
134.2    1.430837786281741e-13
134.3    1.3739705917363334e-13
134.4    1.3186858422134384e-13
134.5    1.2649583297438633e-13
134.6    1.2127629734202388e-13
134.7    1.1620748188794765e-13
134.8    1.112869037589993e-13
134.9    1.065120926379239e-13
135.    1.0188059067999882e-13
135.1    9.738995245876045e-14
135.2    9.303774490109128e-14
135.3    8.882154724061092e-14
135.4    8.473895094941193e-14
135.5    8.078755969317991e-14
135.6    7.696498926509715e-14
135.7    7.326886753481502e-14
135.8    6.969683438997583e-14
135.9    6.624654168502646e-14
136.    6.291565318105416e-14
136.1    5.97018444932476e-14
136.2    5.6602803036606005e-14
136.3    5.361622797052696e-14
136.4    5.073983014529714e-14
136.5    4.7971332049432817e-14
136.6    4.5308467751668e-14
136.7    4.2748982852984797e-14
136.8    4.0290634433170904e-14
136.9    3.793119099298885e-14
137.    3.566843240730323e-14
137.1    3.3500149869483355e-14
137.2    3.142414584369328e-14
137.3    2.9438234004605863e-14
137.4    2.754023919920558e-14
137.5    2.572799738044401e-14
137.6    2.3999355570169403e-14
137.7    2.2352171800390796e-14
137.8    2.078431506351694e-14
137.9    1.9293665266565025e-14
138.    1.7878113174789006e-14
138.1    1.653556037008496e-14
138.2    1.5263919193950722e-14
138.3    1.4061112704608655e-14
138.4    1.2925074624131138e-14
138.5    1.185374929124833e-14
138.6    1.084509161385279e-14
138.7    9.897067017727305e-15
138.8    9.007651405762374e-15
138.9    8.174831101141385e-15
139.    7.396602806257775e-15
139.1    6.670973555691195e-15
139.2    5.99596066673457e-15
139.3    5.369591691768647e-15
139.4    4.7899043770623135e-15
139.5    4.254946611888798e-15
139.6    3.762776384719134e-15
139.7    3.311461735621259e-15
139.8    2.8990807156383565e-15
139.9    2.523721337148152e-15
140.    2.1834815278892893e-15
140.1    1.876469091976665e-15
140.2    1.6008016594305357e-15
140.3    1.354606646299114e-15
140.4    1.1360212082289442e-15
140.5    9.43192197435128e-16
140.6    7.742761187582938e-16
140.7    6.274390866496734e-16
140.8    5.008567827734669e-16
140.9    3.9273675268177474e-16
141.    3.0149915029004115e-16
141.1    2.2568133584043373e-16
141.2    1.638300890959612e-16
141.3    1.1450056303667927e-16
141.4    7.625624360921894e-17
141.5    4.766891913060794e-17
141.6    2.731864967397916e-17
141.7    1.3793727200255137e-17
141.8    5.690653150480893e-18
141.9    1.6140958094798431e-18
142.    1.7686485385896498e-19
