0.1    0.004817171595207355
0.2    0.009550250101423277
0.30000000000000004    0.01420018760052976
0.4    0.01876792914749333
0.5    0.023254412772270312
0.6    0.027660569482820127
0.7000000000000001    0.03198732326920053
0.8    0.036235591108719434
0.9    0.04040628297211795
1.    0.044500301830760064
1.1    0.04851854366480447
1.2000000000000002    0.052461897472334894
1.3000000000000003    0.0563312452794251
1.4000000000000001    0.06012746215111569
1.5000000000000002    0.06385141620327979
1.6    0.06750396861535543
1.7000000000000002    0.07108597364392234
1.8000000000000003    0.07459827863710204
1.9000000000000001    0.07804172404975952
2.    0.08141714345948584
2.1    0.0847253635833411
2.2    0.08796720429533765
2.3000000000000003    0.09114347864464367
2.4000000000000004    0.09425499287448756
2.5000000000000004    0.09730254644174414
2.6    0.10028693203718388
2.7    0.10320893560636628
2.8000000000000003    0.10606933637115981
2.9000000000000004    0.10886890685187026
3.0000000000000004    0.11160841288995973
3.1    0.11428861367133969
3.2    0.11691026175022048
3.3000000000000003    0.11947410307350101
3.4000000000000004    0.12198087700568257
3.5000000000000004    0.12443131635428988
3.6    0.12682614739578485
3.7    0.12916608990195635
3.8000000000000003    0.13145185716677193
3.9000000000000004    0.1336841560336754
4.    0.1358636869233169
4.1    0.13799114386170042
4.2    0.14006721450873413
4.3    0.14209258018717122
4.3999999999999995    0.14406791591192594
4.5    0.14599389041975275
4.6    0.14787116619927484
4.7    0.14970039952134973
4.8    0.1514822404697583
4.9    0.15321733297220658
5.    0.1549063148316263
5.1    0.15654981775776397
5.2    0.1581484673990453
5.3    0.15970288337470503
5.4    0.16121367930716965
5.5    0.16268146285468277
5.6    0.16410683574416224
5.7    0.16549039380427807
5.8    0.1668327269987412
5.9    0.16813441945979277
6.    0.16939604952188397
6.1    0.1706181897555367
6.2    0.17180140700137525
6.3    0.17294626240431996
6.4    0.17405331144793368
6.5    0.17512310398891157
6.6    0.17615618429170582
6.7    0.17715309106327673
6.8    0.17811435748796112
6.9    0.1790405112624505
7.    0.17993207463087046
7.1    0.1807895644199535
7.2    0.18161349207429703
7.3    0.18240436369170004
7.4    0.18316268005856967
7.5    0.18388893668539133
7.6    0.18458362384225485
7.7    0.18524722659442988
7.8    0.185880224837983
7.9    0.18648309333543162
8.    0.18705630175142554
8.1    0.1876003146884522
8.2    0.188115591722558
8.3    0.18860258743907998
8.4    0.18906175146838214
8.5    0.1894935285215897
8.6    0.189898358426317
8.7    0.1902766761623819
8.8    0.19062891189750283
8.9    0.19095549102297163
9.    0.19125683418929817
9.1    0.19153335734182134
9.2    0.19178547175628108
9.3    0.19201358407434693
9.4    0.19221809633909914
9.5    0.19239940603045594
9.6    0.1925579061005441
9.700000000000001    0.19269398500900842
9.8    0.19280802675825437
9.9    0.19290041092862134
10.    0.19297151271348195
10.1    0.19302170295426274
10.200000000000001    0.19305134817538389
10.3    0.19306081061911265
10.4    0.19305044828032825
10.5    0.19302061494119346
10.6    0.19297166020573045
10.700000000000001    0.1929039295342969
10.8    0.19281776427795938
10.9    0.19271350171276097
11.    0.19259147507387975
11.1    0.19245201358967476
11.200000000000001    0.1922954425156184
11.3    0.19212208316810941
11.4    0.1919322529581667
11.5    0.19172626542499957
11.6    0.19150443026945185
11.700000000000001    0.1912670533873188
11.8    0.19101443690253223
11.9    0.19074687920021374
12.    0.19046467495959205
12.1    0.19016811518678287
12.200000000000001    0.18985748724742982
12.3    0.18953307489920315
12.4    0.1891951583241552
12.5    0.18884401416092997
12.6    0.1884799155368259
12.700000000000001    0.1881031320997089
12.8    0.18771393004977505
12.9    0.18731257217116035
13.    0.18689931786339653
13.1    0.18647442317271126
13.200000000000001    0.186038140823171
13.3    0.1855907202476657
13.4    0.18513240761873292
13.5    0.18466344587922146
13.6    0.18418407477279208
13.700000000000001    0.18369453087425464
13.8    0.1831950476197404
13.9    0.18268585533670853
14.    0.18216718127378564
14.1    0.18163924963043743
14.200000000000001    0.181102281586471
14.3    0.18055649533136828
14.4    0.18000210609344824
14.5    0.17943932616885744
14.6    0.17886836495038924
14.700000000000001    0.17828942895612956
14.8    0.17770272185792907
14.9    0.17710844450970142
15.    0.17650679497554683
15.1    0.17589796855769996
15.200000000000001    0.17528215782430254
15.3    0.17465955263699912
15.4    0.17403034017835672
15.5    0.17339470497910708
15.6    0.17275282894521174
15.700000000000001    0.17210489138474866
15.8    0.17145106903462218
15.9    0.17079153608709324
16.    0.17012646421613223
16.1    0.1694560226035926
16.200000000000003    0.16878037796520584
16.3    0.16809969457639767
16.400000000000002    0.1674141342979248
16.500000000000004    0.16672385660133343
16.6    0.16602901859423783
16.700000000000003    0.16532977504542026
16.8    0.164626278409752
16.900000000000002    0.16391867885293504
17.000000000000004    0.16320712427606474
17.1    0.16249176034001475
17.200000000000003    0.16177273048964194
17.3    0.1610501759778135
17.400000000000002    0.16032423588925573
17.500000000000004    0.15959504716422504
17.6    0.15886274462200006
17.700000000000003    0.15812746098419753
17.8    0.15738932689790974
17.900000000000002    0.15664847095866566
18.000000000000004    0.155905019733215
18.1    0.15515909778213616
18.200000000000003    0.15441082768226783
18.3    0.15366033004896548
18.400000000000002    0.15290772355818238
18.500000000000004    0.15215312496837552
18.6    0.15139664914223802
18.700000000000003    0.15063840906825637
18.8    0.14987851588209578
18.900000000000002    0.14911707888781126
19.000000000000004    0.14835420557888682
19.1    0.14759000165910327
19.200000000000003    0.1468245710632333
19.300000000000004    0.1460580159775671
19.400000000000002    0.1452904368602669
19.500000000000004    0.1445219324615521
19.6    0.14375259984371538
19.700000000000003    0.14298253440096992
19.800000000000004    0.14221182987912934
19.900000000000002    0.14144057839511984
20.000000000000004    0.14066887045632614
20.1    0.13989679497977114
20.200000000000003    0.13912443931069907
20.300000000000004    0.13835188922878888
20.400000000000002    0.1375792289056032
20.500000000000004    0.1368065409407757
20.6    0.13603390635344562
20.700000000000003    0.13526140459492283
20.800000000000004    0.13448911363339433
20.900000000000002    0.13371710997630543
21.000000000000004    0.1329454686947001
21.1    0.13217426344579486
21.200000000000003    0.1314035665077898
21.300000000000004    0.13063344879757305
21.400000000000002    0.12986397988759152
21.500000000000004    0.1290952280225702
21.6    0.12832726013607837
21.700000000000003    0.12756014186694528
21.800000000000004    0.1267939375755248
21.900000000000002    0.12602871035981023
22.000000000000004    0.12526452207140076
22.1    0.12450143333131933
22.200000000000003    0.12373950354568274
22.300000000000004    0.12297879092122663
22.400000000000002    0.12221935248068287
22.500000000000004    0.12146124407801343
22.6    0.1207045204134996
22.700000000000003    0.11994923504868815
22.800000000000004    0.11919544042119473
22.900000000000002    0.11844318785936576
23.000000000000004    0.11769252759679985
23.1    0.11694350878672895
23.200000000000003    0.11619617951626028
23.300000000000004    0.11545058682048046
23.400000000000002    0.11470677669642165
23.500000000000004    0.11396479411689149
23.6    0.1132246830441671
23.700000000000003    0.11248648644355429
23.800000000000004    0.11175024629681284
23.900000000000002    0.11101600361544808
24.000000000000004    0.11028379845387085
24.1    0.10955366992242543
24.200000000000003    0.10882565620028702
24.300000000000004    0.10809979454822964
24.400000000000002    0.10737612132126467
24.500000000000004    0.10665467198115174
24.6    0.1059354811087823
24.700000000000003    0.10521858241643672
24.800000000000004    0.1045040087599162
24.900000000000002    0.10379179215054961
25.000000000000004    0.10308196376707712
25.1    0.10237455396741034
25.200000000000003    0.10166959230027096
25.300000000000004    0.100967107516708
25.400000000000002    0.10026712758149456
25.500000000000004    0.09956967968440505
25.6    0.09887479025137459
25.700000000000003    0.0981824849555395
25.800000000000004    0.0974927887281618
25.900000000000002    0.09680572576943716
26.000000000000004    0.09612131955918804
26.1    0.0954395928674421
26.200000000000003    0.0947605677648973
26.300000000000004    0.09408426563327456
26.400000000000002    0.09341070717555844
26.500000000000004    0.09273991242612656
26.6    0.09207190076076976
26.700000000000003    0.09140669090660222
26.800000000000004    0.09074430095186337
26.900000000000002    0.09008474835561261
27.000000000000004    0.08942804995731675
27.1    0.08877422198633192
27.200000000000003    0.08812328007128024
27.300000000000004    0.08747523924932243
27.400000000000002    0.08683011397532679
27.500000000000004    0.08618791813093575
27.6    0.08554866503353066
27.700000000000003    0.0849123674450955
27.800000000000004    0.08427903758098093
27.900000000000002    0.08364868711856814
28.000000000000004    0.08302132720583534
28.1    0.08239696846982568
28.200000000000003    0.08177562102501881
28.300000000000004    0.08115729448160601
28.400000000000002    0.08054199795367069
28.500000000000004    0.07992974006727327
28.6    0.07932052896844387
28.700000000000003    0.07871437233108099
28.800000000000004    0.07811127736475856
28.900000000000002    0.07751125082244166
29.000000000000004    0.07691429900811173
29.1    0.07632042778430194
29.200000000000003    0.07572964257954372
29.300000000000004    0.07514194839572506
29.400000000000002    0.07455734981536144
29.500000000000004    0.07397585100878001
29.6    0.07339745574121809
29.700000000000003    0.07282216737983602
29.800000000000004    0.07224998890064656
29.900000000000002    0.07168092289535972
30.000000000000004    0.07111497157814531
30.1    0.07055213679231302
30.200000000000003    0.06999242001691142
30.300000000000004    0.06943582237324612
30.400000000000002    0.06888234463131812
30.500000000000004    0.06833198721618261
30.6    0.06778475021422994
30.700000000000003    0.06724063337938832
30.800000000000004    0.06669963613924978
30.900000000000002    0.06616175760111975
31.000000000000004    0.06562699655799066
31.1    0.06509535149444165
31.200000000000003    0.06456682059246278
31.300000000000004    0.06404140173720684
31.400000000000002    0.06351909252266763
31.500000000000004    0.06299989025728663
31.6    0.06248379196948794
31.700000000000003    0.06197079441314252
31.800000000000004    0.06146089407296248
31.900000000000002    0.06095408716982584
32.    0.06045036966603284
32.1    0.059949737270493554
32.2    0.05945218544384896
32.300000000000004    0.05895770940352465
32.400000000000006    0.05846630412871862
32.5    0.057977964365323785
32.6    0.057492684630785294
32.7    0.05701045921889444
32.800000000000004    0.05653128220451788
32.900000000000006    0.05605514744826539
33.    0.055582048601094045
33.1    0.05511197910885161
33.2    0.05464493221675873
33.300000000000004    0.0541809009738304
33.400000000000006    0.053719878237238165
33.5    0.053261856676612616
33.6    0.05280682877828771
33.7    0.05235478684948692
33.800000000000004    0.051905723022451875
33.900000000000006    0.05145962925851468
34.    0.051016497352113506
34.1    0.05057631893475256
34.2    0.050139085478907636
34.300000000000004    0.0497047883018764
34.400000000000006    0.049273418569575185
34.5    0.048844967300282593
34.6    0.04841942536832964
34.7    0.04799678350773861
34.800000000000004    0.047577032315809446
34.900000000000006    0.04716016225665547
35.    0.04674616366468834
35.1    0.04633502674805287
35.2    0.045926741592012744
35.300000000000004    0.04552129816228681
35.400000000000006    0.045118686308337104
35.5    0.044718895766609194
35.6    0.04432191616372456
35.7    0.04392773701962664
35.800000000000004    0.04353634775068029
35.900000000000006    0.04314773767272537
36.    0.04276189600408486
36.1    0.04237881186852832
36.2    0.04199847429819106
36.300000000000004    0.041620872236448905
36.400000000000006    0.041245994540750265
36.5    0.040873829985404835
36.6    0.04050436726433008
36.7    0.04013759499375556
36.800000000000004    0.03977350171488615
36.900000000000006    0.039412075896523936
37.    0.03905330593764952
37.1    0.03869718016996353
37.2    0.0383436868603884
37.300000000000004    0.03799281421353086
37.400000000000006    0.037644550374105634
37.5    0.0372988834293213
37.6    0.03695580141122761
37.7    0.03661529229902626
37.800000000000004    0.036277344021343784
37.900000000000006    0.03594194445846866
38.    0.035609081444551896
38.1    0.035278742769771915
38.2    0.034950916182464466
38.300000000000004    0.034625589391217355
38.400000000000006    0.03430275006693094
38.50000000000001    0.03398238584484445
38.6    0.033664484326528764
38.7    0.03334903308184587
38.800000000000004    0.03303601965087553
38.900000000000006    0.03272543154580963
39.00000000000001    0.03241725625281417
39.1    0.032111481233859915
39.2    0.031808093928521464
39.300000000000004    0.031507081755745604
39.400000000000006    0.031208432115589237
39.50000000000001    0.03091213239092672
39.6    0.030618169949127864
39.7    0.03032653214370633
39.800000000000004    0.03003720631593887
39.900000000000006    0.029750179796455986
40.00000000000001    0.029465439906804256
40.1    0.02918297396098062
40.2    0.02890276926693879
40.300000000000004    0.028624813128068964
40.400000000000006    0.02834909284464981
40.50000000000001    0.028075595715274477
40.6    0.027804309038249816
40.7    0.027535220112970018
40.800000000000004    0.027268316241264464
40.900000000000006    0.027003584728720303
41.00000000000001    0.02674101288597987
41.1    0.026480588030013914
41.2    0.026222297485369896
41.300000000000004    0.025966128585396604
41.400000000000006    0.025712068673445207
41.50000000000001    0.025460105104046334
41.6    0.025210225244064664
41.7    0.024962416473830285
41.800000000000004    0.024716666188247742
41.900000000000006    0.024472961797882834
42.00000000000001    0.02423129073002741
42.1    0.023991640429742736
42.2    0.02375399836088123
42.300000000000004    0.023518352007087365
42.400000000000006    0.02328468887277772
42.50000000000001    0.023052996484100516
42.6    0.02282326238987483
42.7    0.02259547416251011
42.800000000000004    0.022369619398905725
42.900000000000006    0.02214568572133127
43.00000000000001    0.02192366077828758
43.1    0.021703532245349058
43.2    0.021485287825987014
43.300000000000004    0.021268915252375082
43.400000000000006    0.02105440228617609
43.50000000000001    0.0208417367193113
43.6    0.020630906374711894
43.7    0.020421899107053148
43.800000000000004    0.02021470280347143
43.900000000000006    0.02000930538426433
44.00000000000001    0.019805694803574022
44.1    0.019603859050054344
44.2    0.019403786147521505
44.300000000000004    0.019205464155589023
44.400000000000006    0.019008881170286707
44.50000000000001    0.018814025324664318
44.6    0.018620884789379802
44.7    0.01842944777327248
44.800000000000004    0.018239702523921448
44.900000000000006    0.01805163732818919
45.00000000000001    0.01786524051275093
45.1    0.01768050044460967
45.2    0.017497405531597177
45.300000000000004    0.01731594422286135
45.400000000000006    0.01713610500933965
45.50000000000001    0.01695787642421959
45.6    0.016781247043385582
45.7    0.016606205485853027
45.800000000000004    0.016432740414189587
45.900000000000006    0.016260840534923732
46.00000000000001    0.016090494598940977
46.1    0.01592169140186781
46.2    0.015754419784443533
46.300000000000004    0.015588668632880373
46.400000000000006    0.015424426879211786
46.50000000000001    0.015261683501629285
46.6    0.015100427524807992
46.7    0.014940648020220916
46.800000000000004    0.014782334106442346
46.900000000000006    0.014625474949440522
47.00000000000001    0.01447005976285942
47.1    0.01431607780829033
47.2    0.014163518395532907
47.300000000000004    0.014012370882846268
47.400000000000006    0.013862624677190022
47.50000000000001    0.013714269234455427
47.6    0.013567294059687061
47.7    0.013421688707294661
47.800000000000004    0.013277442781256098
47.900000000000006    0.013134545935310717
48.00000000000001    0.012992987873143787
48.1    0.012852758348562147
48.2    0.01271384716566094
48.300000000000004    0.01257624417898191
48.400000000000006    0.01243993929366295
48.50000000000001    0.012304922465579822
48.6    0.012171183701479078
48.7    0.012038713059103515
48.800000000000004    0.011907500647309326
48.900000000000006    0.011777536626175642
49.00000000000001    0.011648811207106513
49.1    0.011521314652925147
49.2    0.011395037277961064
49.300000000000004    0.011269969448129726
49.400000000000006    0.011146101581005296
49.50000000000001    0.011023424145886229
49.6    0.010901927663854062
49.7    0.010781602707825428
49.800000000000004    0.010662439902597517
49.900000000000006    0.01054442992488692
50.00000000000001    0.010427563503362183
50.1    0.010311831418669972
50.2    0.010197224503455256
50.300000000000004    0.01008373364237523
50.400000000000006    0.009971349772107452
50.50000000000001    0.009860063881352155
50.6    0.009749867010828764
50.7    0.009640750253266812
50.800000000000004    0.009532704753391468
50.900000000000006    0.00942572170790353
51.00000000000001    0.009319792365454264
51.1    0.009214908026614796
51.2    0.009111060043840826
51.300000000000004    0.00900823982143197
51.400000000000006    0.008906438815486372
51.50000000000001    0.008805648533850513
51.6    0.008705860536064399
51.7    0.008607066433301907
51.800000000000004    0.00850925788830685
51.900000000000006    0.008412426615324613
52.00000000000001    0.008316564380029205
52.1    0.008221662999446412
52.2    0.008127714341872563
52.300000000000004    0.008034710326789313
52.400000000000006    0.00794264292477445
52.50000000000001    0.007851504157408762
52.6    0.0077612860971791745
52.7    0.007671980867378002
52.800000000000004    0.00758358064199881
52.900000000000006    0.0074960776456284494
53.00000000000001    0.007409464153335674
53.1    0.007323732490556495
53.2    0.007238875032975949
53.300000000000004    0.007154884206406868
53.400000000000006    0.007071752486665262
53.50000000000001    0.0069894723994426994
53.6    0.006908036520175527
53.7    0.006827437473911371
53.800000000000004    0.0067476679351724635
53.900000000000006    0.006668720627816273
54.00000000000001    0.006590588324893454
54.1    0.0065132638485028505
54.2    0.006436740069644237
54.300000000000004    0.006361009908068143
54.400000000000006    0.006286066332123464
54.50000000000001    0.006211902358602435
54.6    0.006138511052583382
54.7    0.006065885527271078
54.800000000000004    0.00599401894383494
54.900000000000006    0.005922904511244924
55.00000000000001    0.005852535486105394
55.1    0.0057829051724869055
55.2    0.005714006921755925
55.300000000000004    0.005645834132402702
55.400000000000006    0.005578380249867079
55.50000000000001    0.00551163876636267
55.6    0.005445603220699026
55.7    0.005380267198102283
55.800000000000004    0.005315624330033977
55.900000000000006    0.005251668294008248
56.00000000000001    0.005188392813407527
56.1    0.0051257916572966305
56.2    0.005063858640235476
56.300000000000004    0.005002587622090129
56.400000000000006    0.0049419725078428175
56.50000000000001    0.004882007247400266
56.6    0.004822685835400969
56.7    0.004764002311021148
56.800000000000004    0.004705950757779425
56.900000000000006    0.004648525303340451
57.00000000000001    0.004591720119317463
57.1    0.004535529421073583
57.2    0.004479947467522204
57.300000000000004    0.0044249685609265045
57.400000000000006    0.004370587046697728
57.50000000000001    0.004316797313192846
57.6    0.004263593791511157
57.7    0.004210970955290213
57.800000000000004    0.0041589233205007875
57.900000000000006    0.00410744544524123
58.00000000000001    0.004056531929531033
58.1    0.004006177415103773
58.2    0.003956376585199331
58.300000000000004    0.003907124164355528
58.400000000000006    0.003858414918199313
58.50000000000001    0.003810243653237183
58.6    0.003762605216645268
58.7    0.0037154944960589276
58.800000000000004    0.0036689064193617545
58.900000000000006    0.0036228359544744
59.00000000000001    0.0035772781091428212
59.1    0.0035322279307263053
59.2    0.0034876805059850823
59.300000000000004    0.003443630960867697
59.400000000000006    0.003400074460298136
59.50000000000001    0.003357006207962704
59.6    0.0033144214460966424
59.7    0.0032723154552706476
59.800000000000004    0.0032306835541772113
59.900000000000006    0.003189521099416864
60.00000000000001    0.0031488234852841846
60.1    0.0031085861435539543
60.2    0.003068804543267096
60.300000000000004    0.0030294741905166527
60.400000000000006    0.0029905906282337354
60.50000000000001    0.0029521494359735618
60.6    0.0029141462297014513
60.7    0.0028765766615789523
60.800000000000004    0.002839436419750048
60.900000000000006    0.002802721228127448
61.00000000000001    0.0027664268461790415
61.1    0.002730549068714553
61.2    0.0026950837256722398
61.300000000000004    0.0026600266819059256
61.400000000000006    0.0026253738369721876
61.50000000000001    0.0025911211249177698
61.6    0.0025572645140672667
61.7    0.0025238000068110718
61.800000000000004    0.0024907236393936676
61.900000000000006    0.002458031481702143
62.00000000000001    0.002425719637055083
62.1    0.0023937842419917924
62.2    0.0023622214660618764
62.300000000000004    0.0023310275116152426
62.400000000000006    0.0023001986135924215
62.50000000000001    0.0022697310393153067
62.6    0.002239621088278398
62.7    0.002209865091940365
62.800000000000004    0.002180459413516197
62.900000000000006    0.0021514004477696707
63.00000000000001    0.00212268462080644
63.1    0.0020943083898675124
63.2    0.002066268243123315
63.300000000000004    0.0020385606994681926
63.400000000000006    0.002011182308315562
63.50000000000001    0.001984129649393473
63.6    0.0019573993325408615
63.7    0.0019309879975042397
63.800000000000004    0.00190489231373511
63.900000000000006    0.0018791089801878731
64.    0.0018536347251183081
64.1    0.0018284663058828407
64.2    0.0018036005087382115
64.3    0.0017790341486419853
64.39999999999999    0.0017547640690535255
64.5    0.0017307871417357686
64.6    0.0017071002665576087
64.7    0.0016837003712968882
64.8    0.0016605844114442208
64.89999999999999    0.0016377493700073448
65.    0.001615192257316261
65.1    0.0015929101108291524
65.2    0.0015708999949388186
65.3    0.0015491590007800185
65.39999999999999    0.0015276842460374713
65.5    0.0015064728747545611
65.6    0.0014855220571428898
65.7    0.001464828989392443
65.8    0.00144439089348265
65.89999999999999    0.0014242050169941546
66.    0.0014042686329212748
66.1    0.0013845790394854147
66.2    0.0013651335599490773
66.3    0.0013459295424308188
66.39999999999999    0.0013269643597208659
66.5    0.0013082354090976618
66.6    0.0012897401121450844
66.7    0.001271475914570583
66.8    0.0012534402860240805
66.89999999999999    0.0012356307199176662
67.    0.0012180447332461892
67.1    0.0012006798664085897
67.2    0.0011835336830301388
67.3    0.0011666037697854795
67.39999999999999    0.001149887736222453
67.5    0.001133383214586888
67.6    0.0011170878596481184
67.7    0.0011009993485254213
67.8    0.001085115380515252
67.89999999999999    0.0010694336769194153
68.    0.0010539519808739598
68.1    0.0010386680571791065
68.2    0.0010235796921298516
68.3    0.0010086846933476023
68.39999999999999    0.0009939808896125655
68.5    0.0009794661306970313
68.6    0.0009651382871995657
68.7    0.0009509952503800225
68.8    0.0009370349319954698
68.89999999999999    0.0009232552641369619
69.    0.0009096541990671939
69.1    0.0008962297090590503
69.2    0.0008829797862350073
69.3    0.0008699024424074501
69.39999999999999    0.0008569957089198114
69.5    0.0008442576364886568
69.6    0.0008316862950466069
69.7    0.0008192797735861521
69.8    0.0008070361800043881
69.89999999999999    0.0007949536409485383
70.    0.000783030301662493
70.1    0.000771264325834091
70.2    0.0007596538954434185
70.3    0.0007481972106118676
70.39999999999999    0.0007368924894521807
70.5    0.0007257379679193044
70.6    0.0007147318996621784
70.7    0.0007038725558763648
70.8    0.0006931582251575738
70.89999999999999    0.0006825872133560927
71.    0.0006721578434320543
71.1    0.0006618684553116222
71.2    0.0006517174057440255
71.3    0.000641703068159468
71.39999999999999    0.0006318238325279663
71.5    0.0006220781052189935
71.6    0.0006124643088620477
71.7    0.000602980882208043
71.8    0.0005936262799916582
71.89999999999999    0.0005843989727944279
72.    0.0005752974469088208
72.1    0.000566320204203146
72.2    0.0005574657619872713
72.3    0.0005487326528793062
72.39999999999999    0.0005401194246730232
72.5    0.0005316246402062673
72.6    0.0005232468772301454
72.7    0.0005149847282790551
72.8    0.0005068368005416663
72.89999999999999    0.0004988017157326244
73.    0.000490878109965201
73.1    0.0004830646336247855
73.2    0.000475359951243136
73.3    0.0004677627413735971
73.39999999999999    0.00046027169646705953
73.5    0.00045288552274882343
73.6    0.0004456029400962302
73.7    0.0004384226819172183
73.8    0.0004313434950296318
73.89999999999999    0.000424364139541392
74.    0.00041748338873147676
74.1    0.000410700028931777
74.2    0.00040401285940970793
74.3    0.00039742069225164734
74.39999999999999    0.0003909223522472404
74.5    0.00038451667677447327
74.6    0.00037820251568555313
74.7    0.0003719787311936258
74.8    0.0003658441977602849
74.89999999999999    0.0003597978019838531
75.    0.0003538384424885162
75.1    0.00034796502981420313
75.2    0.00034217648630729085
75.3    0.00033647174601207847
75.39999999999999    0.0003308497545630566
75.5    0.00032530946907796156
75.6    0.000319849858051597
75.7    0.00031446990125045914
75.8    0.00030916858960808845
75.89999999999999    0.0003039449251212518
76.    0.0002987979207468462
76.1    0.0002937266002995795
76.2    0.0002887299983504042
76.3    0.00028380716012574346
76.39999999999999    0.00027895714140742606
76.5    0.0002741790084333761
76.6    0.00026947183779909857
76.7    0.00026483471635985325
76.8    0.00026026674113359405
76.9    0.0002557670192046321
77.    0.0002513346676280605
77.1    0.0002469688133348637
77.2    0.00024266859303782355
77.3    0.00023843315313805145
77.4    0.00023426164963232313
77.5    0.000230153248021106
77.6    0.00022610712321726907
77.7    0.00022212245945555376
77.8    0.00021819845020269138
77.9    0.0002143342980682862
78.    0.00021052921471633075
78.1    0.00020678242077747764
78.2    0.00020309314576196102
78.3    0.00019946062797321625
78.4    0.0001958841144221939
78.5    0.0001923628607423414
78.6    0.0001888961311052693
78.7    0.00018548319813708997
78.8    0.00018212334283541895
78.9    0.00017881585448704617
79.    0.00017556003058628538
79.1    0.00017235517675394637
79.2    0.00016920060665699528
79.3    0.00016609564192886423
79.4    0.0001630396120903749
79.5    0.00016003185447135195
79.6    0.00015707171413284306
79.7    0.00015415854378999288
79.8    0.00015129170373554405
79.9    0.00014847056176397436
80.    0.00014569449309624762
80.1    0.000142962880305197
80.2    0.0001402751132415069
80.3    0.00013763058896037035
80.4    0.00013502871164867048
80.5    0.0001324688925528217
80.6    0.00012995054990722434
80.7    0.0001274731088632842
80.8    0.00012503600141905267
80.9    0.00012263866634944592
81.    0.0001202805491370812
81.1    0.0001179611019036509
81.2    0.00011567978334192259
81.3    0.00011343605864830971
81.4    0.00011122939945598157
81.5    0.0001090592837686072
81.6    0.00010692519589460166
81.7    0.000104826626381987
81.8    0.00010276307195378034
81.9    0.00010073403544396536
82.    0.00009873902573399862
82.1    0.00009677755768986387
82.2    0.0000948491520996844
82.3    0.00009295333561189646
82.4    0.00009108964067389297
82.5    0.00008925760547129763
82.6    0.00008745677386768683
82.7    0.00008568669534489876
82.8    0.00008394692494382995
82.9    0.00008223702320578622
83.    0.00008055655611431578
83.1    0.00007890509503758017
83.2    0.0000772822166712474
83.3    0.00007568750298185027
83.4    0.00007412054115070248
83.5    0.00007258092351825032
83.6    0.00007106824752902376
83.7    0.00006958211567694709
83.8    0.00006812213545125576
83.9    0.00006668791928284645
84.    0.00006527908449110462
84.1    0.00006389525323124778
84.2    0.0000625360524421079
84.3    0.00006120111379443625
84.4    0.00005989007363958577
84.5    0.00005860257295880419
84.6    0.00005733825731283441
84.7    0.000056096776792096026
84.8    0.00005487778596726114
84.9    0.00005368094384029167
85.    0.00005250591379596238
85.1    0.000051352363553769736
85.2    0.00005021996512034343
85.3    0.00004910839474227121
85.4    0.00004801733285936087
85.5    0.000046946464058331375
85.6    0.000045895477026968416
85.7    0.00004486406450865226
85.8    0.000043851923257373125
85.9    0.00004285875399311159
86.    0.00004188426135768
86.1    0.000040928153870948655
86.2    0.000039990143887503144
86.3    0.000039069947553713825
86.4    0.00003816728476518462
86.5    0.00003728187912464018
86.6    0.0000364134579001855
86.7    0.00003556175198397328
86.8    0.00003472649585126969
86.9    0.00003390742751990996
87.    0.00003310428851012225
87.1    0.0000323168238047585
87.2    0.00003154478180991994
87.3    0.00003078791431590397
87.4    0.00003004597645860804
87.5    0.00002931872668122364
87.6    0.000028605926696374895
87.7    0.000027907341448577073
87.8    0.000027222739077053926
87.9    0.000026551890878974792
88.    0.000025894571272979713
88.1    0.000025250557763097418
88.2    0.00002461963090302618
88.3    0.000024001574260731272
88.4    0.000023396174383422176
88.5    0.00002280322076284163
88.6    0.00002222250580093533
88.7    0.00002165382477583322
88.8    0.000021096975808175256
88.9    0.00002055175982776744
89.    0.000020017980540566966
89.1    0.00001949544439601829
89.2    0.000018983960554679895
89.3    0.00001848334085619936
89.4    0.00001799339978759195
89.5    0.0000175139544518674
89.6    0.00001704482453692142
89.7    0.000016585832284778332
89.8    0.000016136802461151638
89.9    0.000015697562325269562
90.    0.000015267941600041503
90.1    0.000014847772442510271
90.2    0.000014436889414617768
90.3    0.000014035129454243356
90.4    0.000013642331846572191
90.5    0.000013258338195715172
90.6    0.000012882992396657772
90.7    0.000012516140607469568
90.8    0.000012157631221812672
90.9    0.000011807314841715367
91.    0.000011465044250648423
91.1    0.000011130674386873131
91.2    0.000010804062317047246
91.3    0.000010485067210125601
91.4    0.000010173550311519868
91.5    9.869374917530669e-6
91.6    9.572406350044637e-6
91.7    9.282511931494492e-6
91.8    8.999560960080561e-6
91.9    8.72342468525689e-6
92.    8.45397628346103e-6
92.1    8.191090834118459e-6
92.2    7.934645295872847e-6
92.3    7.68451848310127e-6
92.4    7.4405910426454805e-6
92.5    7.202745430798998e-6
92.6    6.970865890549206e-6
92.7    6.744838429052498e-6
92.8    6.52455079533974e-6
92.9    6.309892458280944e-6
93.    6.100754584754525e-6
93.1    5.897030018097608e-6
93.2    5.698613256720342e-6
93.3    5.505400433014365e-6
93.4    5.317289292449916e-6
93.5    5.134179172905001e-6
93.6    4.955970984225982e-6
93.7    4.78256718800287e-6
93.8    4.613871777562803e-6
93.9    4.449790258177877e-6
94.    4.290229627500744e-6
94.1    4.135098356198595e-6
94.2    3.984306368803772e-6
94.3    3.8377650247710804e-6
94.4    3.6953870997539247e-6
94.5    3.5570867670718506e-6
94.6    3.422779579375965e-6
94.7    3.2923824505496703e-6
94.8    3.1658136377580903e-6
94.9    3.0429927237438617e-6
95.    2.923840599292168e-6
95.1    2.8082794458903732e-6
95.2    2.6962327185924826e-6
95.3    2.587625129060594e-6
95.4    2.482382628813759e-6
95.5    2.380432392632375e-6
95.6    2.2817028021913205e-6
95.7    2.1861234298328327e-6
95.8    2.0936250225535895e-6
95.9    2.0041394861528927e-6
96.    1.9175998695673494e-6
96.1    1.8339403493883892e-6
96.2    1.753096214537823e-6
96.3    1.6750038511305989e-6
96.4    1.5996007275032673e-6
96.5    1.5268253794225396e-6
96.6    1.4566173954440077e-6
96.7    1.3889174024520422e-6
96.8    1.323667051363254e-6
96.9    1.2608090029939029e-6
97.    1.2002869140807033e-6
97.1    1.1420454234697121e-6
97.2    1.0860301384690014e-6
97.3    1.0321876213488854e-6
97.4    9.804653760033745e-7
97.5    9.308118347635775e-7
97.6    8.831763453667736e-7
97.7    8.375091580782043e-7
97.8    7.93761412956894e-7
97.9    7.518851272747642e-7
98.    7.118331830808589e-7
98.1    6.735593149169436e-7
98.2    6.370180976648589e-7
98.3    6.021649345494075e-7
98.4    5.689560452747391e-7
98.5    5.373484543057241e-7
98.6    5.072999792821816e-7
98.7    4.78769219578046e-7
98.8    4.517155449874881e-7
98.9    4.2609908455625394e-7
99.    4.018807155314645e-7
99.1    3.7902205246001194e-7
99.2    3.5748543640430224e-7
99.3    3.372339242922431e-7
99.4    3.182312783999887e-7
99.5    3.004419559497547e-7
99.6    2.838310988442336e-7
99.7    2.6836452351638506e-7
99.8    2.5400871091305733e-7
99.9    2.4073079658357133e-7
100.    2.2849856090620326e-7
100.1    2.172804194223225e-7
100.2    2.0704541329282093e-7
100.3    1.9776319987092682e-7
100.4    1.8940404338554824e-7
100.5    1.819388057512032e-7
100.6    1.7533893747763623e-7
100.7    1.6957646869715453e-7
100.8    1.6462400030608423e-7
100.9    1.6045469520808865e-7
101.    1.5704226967292472e-7
101.1    1.5436098480036864e-7
101.2    1.5238563808960683e-7
101.3    1.5109155511269005e-7
101.4    1.5045458129712904e-7
101.5    1.5045107380606737e-7
101.6    1.510578935219521e-7
101.7    1.5225239713199017e-7
101.8    1.5401242931504627e-7
101.9    1.5631631502233315e-7
102.    1.5914285186104287e-7
102.1    1.6247130257103164e-7
102.2    1.6628138759844382e-7
102.3    1.7055327776559674e-7
102.4    1.7526758703265089e-7
102.5    1.80405365348226e-7
102.6    1.8594809160392555e-7
102.7    1.9187766666278396e-7
102.8    1.9817640649169416e-7
102.9    2.048270353752338e-7
103.    2.1181267921722787e-7
103.1    2.191168589348885e-7
103.2    2.267234839301783e-7
103.3    2.346168456551644e-7
103.4    2.4278161125461676e-7
103.5    2.5120281729520096e-7
103.6    2.5986586357661015e-7
103.7    2.687565070220852e-7
103.8    2.7786085565255154e-7
103.9    2.8716536263779406e-7
104.    2.9665682042963233e-7
104.1    3.0632235496499586e-7
104.2    3.161494199582941e-7
104.3    3.261257912598058e-7
104.4    3.3623956129395706e-7
104.5    3.4647913357015524e-7
104.6    3.5683321727041344e-7
104.7    3.6729082190609895e-7
104.8    3.7784125204818044e-7
104.9    3.88474102129731e-7
105.    3.9917925131852773e-7
105.1    4.09946858457348e-7
105.2    4.2076735707876165e-7
105.3    4.3163145047717085e-7
105.4    4.4253010686231617e-7
105.5    4.534545545678275e-7
105.6    4.6439627733181875e-7
105.7    4.7534700964049247e-7
105.8    4.862987321358338e-7
105.9    4.972436670888846e-7
106.    5.081742739337791e-7
106.1    5.190832448648549e-7
106.2    5.299635004966571e-7
106.3    5.408081855816658e-7
106.4    5.516106647908989e-7
106.5    5.623645185535071e-7
106.6    5.730635389536467e-7
106.7    5.837017256868214e-7
106.8    5.942732820733208e-7
106.9    6.047726111277958e-7
107.    6.151943116865813e-7
107.1    6.255331745882855e-7
107.2    6.357841789092572e-7
107.3    6.459424882579761e-7
107.4    6.560034471144611e-7
107.5    6.659625772302431e-7
107.6    6.758155740776328e-7
107.7    6.855583033492113e-7
107.8    6.951867975106078e-7
107.9    7.046972524034114e-7
108.    7.140860238979027e-7
108.1    7.233496245932911e-7
108.2    7.324847205710406e-7
108.3    7.414881281883281e-7
108.4    7.503568109306719e-7
108.5    7.590878762989026e-7
108.6    7.676785727542222e-7
108.7    7.761262866985952e-7
108.8    7.844285395080451e-7
108.9    7.925829846105722e-7
109.    8.005874045995585e-7
109.1    8.084397084039837e-7
109.2    8.161379284900602e-7
109.3    8.23680218114201e-7
109.4    8.310648486120509e-7
109.5    8.382902067330733e-7
109.6    8.453547920135659e-7
109.7    8.52257214193774e-7
109.8    8.5899619066962e-7
109.9    8.655705439899712e-7
110.    8.719791993898057e-7
110.1    8.782211823619461e-7
110.2    8.842956162694559e-7
110.3    8.902017199911994e-7
110.4    8.959388056107238e-7
110.5    9.01506276136722e-7
110.6    9.069036232621914e-7
110.7    9.121304251599174e-7
110.8    9.17186344311962e-7
110.9    9.22071125373416e-7
111.    9.267845930750616e-7
111.1    9.313266501561669e-7
111.2    9.356972753291543e-7
111.3    9.398965212851671e-7
111.4    9.439245127240987e-7
111.5    9.477814444222271e-7
111.6    9.5146757932934e-7
111.7    9.549832466995837e-7
111.8    9.583288402516234e-7
111.9    9.615048163602295e-7
112.    9.645116922802223e-7
112.1    9.67350044395388e-7
112.2    9.700205065029113e-7
112.3    9.725237681242934e-7
112.4    9.748605728436263e-7
112.5    9.770317166772185e-7
112.6    9.790380464709008e-7
112.7    9.808804583229193e-7
112.8    9.825598960369363e-7
112.9    9.840773495997052e-7
113.    9.854338536875186e-7
113.1    9.866304861980459e-7
113.2    9.876683668067003e-7
113.3    9.885486555534837e-7
113.4    9.892725514477773e-7
113.5    9.89841291104959e-7
113.6    9.902561474041846e-7
113.7    9.905184281703638e-7
113.8    9.906294748819935e-7
113.9    9.905906614013138e-7
114.    9.904033927271125e-7
114.1    9.900691037732874e-7
114.2    9.895892581667742e-7
114.3    9.889653470710425e-7
114.4    9.881988880284138e-7
114.5    9.87291423828157e-7
114.6    9.862445213913002e-7
114.7    9.850597706823584e-7
114.8    9.837387836356287e-7
114.9    9.822831931080067e-7
115.    9.806946518484466e-7
115.1    9.78974831488806e-7
115.2    9.77125421554068e-7
115.3    9.751481284927983e-7
115.4    9.730446747262021e-7
115.5    9.708167977163338e-7
115.6    9.684662490529595e-7
115.7    9.659947935591243e-7
115.8    9.634042084142514e-7
115.9    9.606962822969008e-7
116.    9.578728145428543e-7
116.1    9.549356143216836e-7
116.2    9.518864998316314e-7
116.3    9.48727297509349e-7
116.4    9.454598412585698e-7
116.5    9.420859716923224e-7
116.6    9.386075353951643e-7
116.7    9.350263841972721e-7
116.8    9.313443744678179e-7
116.9    9.275633664219917e-7
117.    9.236852234433707e-7
117.1    9.197118114223076e-7
117.2    9.156449981078085e-7
117.3    9.114866524756441e-7
117.4    9.072386441098244e-7
117.5    9.029028425981252e-7
117.6    8.984811169416836e-7
117.7    8.939753349807624e-7
117.8    8.89387362829094e-7
117.9    8.847190643266543e-7
118.    8.799723005028764e-7
118.1    8.751489290530789e-7
118.2    8.702508038282415e-7
118.3    8.652797743380101e-7
118.4    8.602376852637625e-7
118.5    8.551263759863316e-7
118.6    8.499476801249969e-7
118.7    8.447034250871814e-7
118.8    8.393954316318698e-7
118.9    8.340255134420978e-7
119.    8.285954767109165e-7
119.1    8.231071197372225e-7
119.2    8.175622325326618e-7
119.3    8.119625964396634e-7
119.4    8.063099837603464e-7
119.5    8.006061573938956e-7
119.6    7.948528704876267e-7
119.7    7.89051866094497e-7
119.8    7.832048768438822e-7
119.9    7.773136246189917e-7
120.    7.713798202464206e-7
120.1    7.65405163193786e-7
120.2    7.593913412773911e-7
120.3    7.533400303782579e-7
120.4    7.472528941678608e-7
120.5    7.41131583842669e-7
120.6    7.349777378670445e-7
120.7    7.287929817245685e-7
120.8    7.225789276788195e-7
120.9    7.163371745410049e-7
121.    7.100693074470241e-7
121.1    7.037768976416846e-7
121.2    6.974615022707125e-7
121.3    6.911246641817846e-7
121.4    6.847679117313775e-7
121.5    6.783927586005053e-7
121.6    6.720007036167384e-7
121.7    6.655932305843164e-7
121.8    6.591718081210811e-7
121.9    6.527378895017274e-7
122.    6.462929125092221e-7
122.1    6.398382992914115e-7
122.2    6.333754562255582e-7
122.3    6.269057737884872e-7
122.4    6.204306264334949e-7
122.5    6.13951372473453e-7
122.6    6.074693539701171e-7
122.7    6.009858966290281e-7
122.8    5.945023097013463e-7
122.9    5.880198858900082e-7
123.    5.815399012628124e-7
123.1    5.750636151712695e-7
123.2    5.685922701729594e-7
123.3    5.621270919623293e-7
123.4    5.556692893036434e-7
123.5    5.492200539716989e-7
123.6    5.42780560696249e-7
123.7    5.3635196711103e-7
123.8    5.29935413709492e-7
123.9    5.235320238032973e-7
124.    5.171429034869515e-7
124.1    5.10769141605973e-7
124.2    5.044118097307005e-7
124.3    4.980719621333242e-7
124.4    4.91750635770319e-7
124.5    4.854488502686618e-7
124.6    4.79167607915973e-7
124.7    4.729078936550997e-7
124.8    4.666706750826678e-7
124.9    4.6045690245142173e-7
125.    4.542675086762088e-7
125.1    4.481034093442803e-7
125.2    4.4196550272897e-7
125.3    4.358546698061431e-7
125.4    4.2977177427596534e-7
125.5    4.237176625863099e-7
125.6    4.176931639606966e-7
125.7    4.1169909042885087e-7
125.8    4.0573623686082824e-7
125.9    3.9980538100424316e-7
126.    3.939072835243731e-7
126.1    3.8804268804745124e-7
126.2    3.822123212067622e-7
126.3    3.764168926916495e-7
126.4    3.7065709529968275e-7
126.5    3.649336049907109e-7
126.6    3.592470809444532e-7
126.7    3.535981656200156e-7
126.8    3.4798748481826645e-7
126.9    3.4241564774726147e-7
127.    3.3688324708837614e-7
127.1    3.3139085906708527e-7
127.2    3.2593904352363793e-7
127.3    3.2052834398862324e-7
127.4    3.1515928775754675e-7
127.5    3.0983238597070805e-7
127.6    3.045481336927908e-7
127.7    2.993070099959875e-7
127.8    2.941094780438619e-7
127.9    2.889559851775885e-7
128.    2.8384696300503126e-7
128.1    2.7878282748964163e-7
128.2    2.7376397904298085e-7
128.3    2.6879080261750153e-7
128.4    2.638636678017576e-7
128.5    2.5898292891764414e-7
128.6    2.5414892511760454e-7
128.7    2.493619804849702e-7
128.8    2.446224041349962e-7
128.9    2.399304903171163e-7
129.    2.3528651851919364e-7
129.1    2.3069075357225926e-7
129.2    2.2614344575785815e-7
129.3    2.2164483091462646e-7
129.4    2.1719513054796094e-7
129.5    2.1279455194014983e-7
129.6    2.0844328826059558e-7
129.7    2.0414151867922132e-7
129.8    1.998894084785867e-7
129.9    1.956871091692058e-7
130.    1.9153475860379777e-7
130.1    1.8743248109335616e-7
130.2    1.8338038752505174e-7
130.3    1.7937857547911503e-7
130.4    1.754271293470057e-7
130.5    1.71526120452205e-7
130.6    1.6767560716905613e-7
130.7    1.638756350436481e-7
130.8    1.6012623691575416e-7
130.9    1.564274330406221e-7
131.    1.5277923121119119e-7
131.1    1.4918162688154892e-7
131.2    1.4563460329091665e-7
131.3    1.4213813158776667e-7
131.4    1.3869217095391635e-7
131.5    1.3529666873052424e-7
131.6    1.319515605432003e-7
131.7    1.2865677042761942e-7
131.8    1.254122109560472e-7
131.9    1.222177833644595e-7
132.    1.1907337767853054e-7
132.1    1.1597887284140601e-7
132.2    1.1293413684075682e-7
132.3    1.0993902683674415e-7
132.4    1.0699338928918744e-7
132.5    1.0409706008663826e-7
132.6    1.0124986467373241e-7
132.7    9.84516181790586e-8
132.8    9.570212554451743e-8
132.9    9.300118165348897e-8
133.    9.034857145842178e-8
133.1    8.774407011057078e-8
133.2    8.51874430877755e-8
133.3    8.267844632299114e-8
133.4    8.021682633276858e-8
133.5    7.780232034644956e-8
133.6    7.543465643310241e-8
133.7    7.311355363084249e-8
133.8    7.083872207436575e-8
133.9    6.860986312358447e-8
134.    6.642666949065349e-8
134.1    6.428882536839884e-8
134.2    6.21960065571808e-8
134.3    6.014788059242047e-8
134.4    5.814410687183987e-8
134.5    5.618433678227048e-8
134.6    5.426821382540006e-8
134.7    5.239537374582466e-8
134.8    5.0565444654680803e-8
134.9    4.8778047157532174e-8
135.    4.703279447835794e-8
135.1    4.5329292585540326e-8
135.2    4.366714031555395e-8
135.3    4.204592949837127e-8
135.4    4.046524508035035e-8
135.5    3.89246652491048e-8
135.6    3.7423761555434945e-8
135.7    3.596209903707228e-8
135.8    3.4539236340007844e-8
135.9    3.315472584181596e-8
136.    3.180811377156254e-8
136.1    3.049894033186245e-8
136.2    2.9226739818816987e-8
136.3    2.799104074264016e-8
136.4    2.6791365946743355e-8
136.5    2.562723272708425e-8
136.6    2.449815295003117e-8
136.7    2.3403633170824808e-8
136.8    2.2343174751979694e-8
136.9    2.1316273978211287e-8
137.    2.0322422174218233e-8
137.1    1.9361105820521763e-8
137.2    1.8431806667755916e-8
137.3    1.7534001852024364e-8
137.4    1.6667164009379248e-8
137.5    1.5830761387594085e-8
137.6    1.502425796131375e-8
137.7    1.4247113542499337e-8
137.8    1.3498783892697815e-8
137.9    1.277872083440862e-8
138.    1.208637236055663e-8
138.1    1.1421182745514464e-8
138.2    1.0782592652639783e-8
138.3    1.0170039244230704e-8
138.4    9.582956288209617e-9
138.5    9.020774265505934e-9
138.6    8.482920476954187e-9
138.7    7.968819148298674e-9
138.8    7.477891536126636e-9
138.9    7.009556031516274e-9
139.    6.563228263887893e-9
139.1    6.1383212046196465e-9
139.2    5.734245268773681e-9
139.3    5.350408416533076e-9
139.4    4.986216254614272e-9
139.5    4.641072136438586e-9
139.6    4.314377261170316e-9
139.7    4.005530772359906e-9
139.8    3.7139298571143023e-9
139.9    3.4389698419914777e-9
140.    3.1800442901039754e-9
140.1    2.9365450972401936e-9
140.2    2.707862590622256e-9
140.3    2.493387658654669e-9
140.4    2.2925150981858423e-9
140.5    2.1046392837586582e-9
140.6    1.9291534141063448e-9
140.7    1.7654496036643165e-9
140.8    1.61291897054456e-9
140.9    1.4709614930933305e-9
141.    1.339065272252824e-9
141.1    1.2167653061397019e-9
141.2    1.103596554356055e-9
141.3    9.990935575127432e-10
141.4    9.027905005102569e-10
141.5    8.142214683253244e-10
141.6    7.329286274054658e-10
141.7    6.584653187643717e-10
141.8    5.90385610430327e-10
141.9    5.282435409650856e-10
142.    4.715931786562989e-10
142.1    4.199886901602069e-10
142.2    3.730127079055371e-10
142.3    3.3033688604738886e-10
142.4    2.916504239375474e-10
142.5    2.56642720008662e-10
142.6    2.250034105217964e-10
142.7    1.9642240661865046e-10
142.8    1.7060513703972933e-10
142.9    1.4735770642762436e-10
143.    1.2652715064069388e-10
143.1    1.0796087293977191e-10
143.2    9.150654474477683e-11
143.3    7.701212211481336e-11
143.4    6.432586193309682e-11
143.5    5.32963379022916e-11
143.6    4.377245663188099e-11
143.7    3.560347281873392e-11
143.8    2.8639005251841973e-11
143.9    2.27290517287797e-11
144.    1.7725696413653938e-11
144.1    1.3519612566032108e-11
144.2    1.0039548798092772e-11
144.3    7.216066312355463e-12
144.4    4.979929560974012e-12
144.5    3.26211338082255e-12
144.6    1.9938090661927506e-12
144.7    1.1064313638201049e-12
144.8    5.3162440166144e-13
144.9    2.0126854125897972e-13
145.    4.7486167329119665e-14
145.1    2.6482125246040774e-15
