0.1    0.00014833448404494954
0.2    0.00028648627204578273
0.30000000000000004    0.00041477620374776546
0.4    0.0005335364767985459
0.5    0.0006431091968351203
0.6    0.0007438436317004167
0.7000000000000001    0.0008360937498672368
0.8    0.0009202160213238418
0.9    0.0009965674605050578
1.    0.0010655038921221032
1.1    0.0011273784219544619
1.2000000000000002    0.0011825400958190354
1.3000000000000003    0.0012313327310268971
1.4000000000000001    0.0012740939056776182
1.5000000000000002    0.0013111540921269364
1.6    0.0013428359218970857
1.7000000000000002    0.001369453570182166
1.8000000000000003    0.0013913122489352303
1.9000000000000001    0.0014087077983111066
2.    0.0014219263669811898
2.1    0.0014312441725353273
2.2    0.0014369273338433461
2.3000000000000003    0.0014392317678664748
2.4000000000000004    0.001438403143988759
2.5000000000000004    0.001434676889482248
2.6    0.0014282782009128233
2.7    0.0014194211587621303
2.8000000000000003    0.001408308812882793
2.9000000000000004    0.0013951344856871666
3.0000000000000004    0.0013800820134438096
3.1    0.0013633259398324487
3.2    0.0013450317289650901
3.3000000000000003    0.0013253559948223554
3.4000000000000004    0.0013044467443003467
3.5000000000000004    0.001282443631302436
3.6    0.0012594782195397133
3.7    0.001235674251921543
3.8000000000000003    0.001211147924623105
3.9000000000000004    0.0011860081641092753
4.    0.0011603569055739333
4.1    0.0011342893714207805
4.2    0.0011078943485665297
4.3    0.0010812544634902542
4.3999999999999995    0.0010544464540843809
4.5    0.0010275414374838468
4.6    0.0010006051731608625
4.7    0.0009736983206741984
4.8    0.0009468766915545335
4.9    0.0009201914948916643
5.    0.0008936895762659995
5.1    0.0008674136497360588
5.2    0.0008414025226564576
5.3    0.0008156913131573006
5.4    0.0007903116601666706
5.5    0.0007652919259033878
5.6    0.0007406573908077357
5.7    0.0007164304409139636
5.8    0.0006926307477002665
5.9    0.0006692754404800937
6.    0.0006463792714232378
6.1    0.000623954773316651
6.2    0.000602012410193399
6.3    0.0005805607209740762
6.4    0.0005596064562784289
6.5    0.0005391547085761738
6.6    0.0005192090358552312
6.7    0.0004997715789930593
6.8    0.0004808431730225286
6.9    0.00046242345248816456
7.    0.00044451095109155605
7.1    0.00042710319582659183
7.2    0.00041019679580595004
7.3    0.00039378752598012565
7.4    0.00037787040594928047
7.5    0.000362439774066506
7.6    0.00034748935702872427
7.7    0.00033301233514854655
7.8    0.0003190014034970329
7.9    0.000305448829103473
8.    0.0002923465043941891
8.1    0.0002796859970478932
8.2    0.00026745859644047355
8.3    0.00025565535684719993
8.4    0.0002442671375653169
8.5    0.0002332846401148571
8.6    0.0002226984426702924
8.7    0.0002124990318703773
8.8    0.00020267683214825292
8.9    0.00019322223271860272
9.    0.00018412561235339134
9.1    0.00017537736207251184
9.2    0.00016696790587050831
9.3    0.00015888771959546955
9.4    0.00015112734809120102
9.5    0.0001436774207088865
9.6    0.00013652866528966848
9.700000000000001    0.00012967192071491556
9.8    0.00012309814811637835
9.9    0.00011679844083403532
10.    0.00011076403320512117
10.1    0.00010498630826367648
10.200000000000001    0.00009945680442593692
10.3    0.00009416722123298669
10.4    0.00008910942421835279
10.5    0.00008427544896460268
10.6    0.00007965750440952817
10.700000000000001    0.00007524797545915856
10.8    0.00007103942496163878
10.9    0.0000670245950929214
11.    0.00006319640820228677
11.1    0.00005954796716288128
11.200000000000001    0.000056072555269760816
11.3    0.00005276363572536108
11.4    0.0000496148507498584
11.5    0.00004662002035153995
11.6    0.00004377314079007557
11.700000000000001    0.00004106838276347013
11.8    0.000038500089347443703
11.9    0.00003606277371408755
12.    0.00003375111665482521
12.1    0.000031559963930976225
12.200000000000001    0.000029484323473605463
12.3    0.000027519362452782328
12.4    0.00002566040423492784
12.5    0.00002390292524553801
12.6    0.00002224255175328166
12.700000000000001    0.00002067505659023407
12.8    0.000019196355821857483
12.9    0.00001780250537924828
13.    0.000016489697665150664
13.1    0.000015254258144263081
13.200000000000001    0.000014092641927480713
13.3    0.000013001430358845851
13.4    0.00001197732761320154
13.5    0.000011017157311791279
13.6    0.000010117859162357139
13.700000000000001    9.276485629633865e-6
13.8    8.490198641533972e-6
13.9    7.756266335748201e-6
14.    7.07205985096906e-6
14.1    6.435050166440963e-6
14.200000000000001    5.842804993097008e-6
14.3    5.292985719116303e-6
14.4    4.783344412339503e-6
14.5    4.311720881626738e-6
14.6    3.876039798899525e-6
14.700000000000001    3.4743078833036823e-6
14.8    3.10461114864426e-6
14.9    2.7651122149850367e-6
15.    2.454047685055548e-6
15.1    2.1697255859051666e-6
15.200000000000001    1.910522876024198e-6
15.3    1.6748830179849845e-6
15.4    1.4613136164761152e-6
15.5    1.2683841214647662e-6
15.6    1.0947235960714264e-6
15.700000000000001    9.390185486328983e-7
15.8    8.000108283065947e-7
15.9    6.764955834760752e-7
16.    5.673192821354776e-7
16.1    4.713777933379166e-7
16.200000000000003    3.876145287426776e-7
16.3    3.1501864322061643e-7
16.400000000000002    2.5262329343911694e-7
16.500000000000004    1.9950395329531118e-7
16.6    1.5477678502978054e-7
16.700000000000003    1.1759706483040966e-7
16.8    8.715766170083705e-8
16.900000000000002    6.2687568355502e-8
17.000000000000004    4.345048288500715e-8
17.1    2.8743439930113825e-8
17.200000000000003    1.789549009219508e-8
17.3    1.0266426308145068e-8
17.400000000000002    5.2455559169140644e-9
17.500000000000004    2.2505171580967914e-9
17.6    7.261388329870949e-10
17.700000000000003    1.4334642119729992e-10
17.8    1.1825096311578334e-11
17.900000000000002    2.161325496908599e-16
