0.1    1.1535901071866418e-8
0.2    2.253485800846074e-8
0.30000000000000004    3.3013236703015146e-8
0.4    4.298707100714078e-8
0.5    5.24720635005307e-8
0.6    6.148358660775627e-8
0.7000000000000001    7.003668403958485e-8
0.8    7.814607253724933e-8
0.9    8.582614389906239e-8
1.    9.30909672696999e-8
1.1    9.995429167337346e-8
1.2000000000000002    1.0642954877297694e-7
1.3000000000000003    1.1252985583812087e-7
1.4000000000000001    1.182680189057741e-7
1.5000000000000002    1.2365653611799954e-7
1.6    1.2870760122201456e-7
1.7000000000000002    1.3343310721852253e-7
1.8000000000000003    1.3784465014494544e-7
1.9000000000000001    1.4195353298085274e-7
2.    1.4577076966351233e-7
2.1    1.493070892021043e-7
2.2    1.525729398797207e-7
2.3000000000000003    1.555784935328422e-7
2.4000000000000004    1.5833364989851857e-7
2.5000000000000004    1.6084804102000462e-7
2.6    1.6313103570209772e-7
2.7    1.6519174400790132e-7
2.8000000000000003    1.6703902178920094e-7
2.9000000000000004    1.6868147524307355e-7
3.0000000000000004    1.7012746548777776e-7
3.1    1.7138511315136935e-7
3.2    1.724623029668825e-7
3.3000000000000003    1.7336668836827484e-7
3.4000000000000004    1.7410569608170352e-7
3.5000000000000004    1.746865307070197e-7
3.6    1.7511617928471533e-7
3.7    1.7540141584384368e-7
3.8000000000000003    1.755488059267451e-7
3.9000000000000004    1.7556471108668962e-7
4.    1.7545529335481308e-7
4.1    1.75226519672987e-7
4.2    1.748841662895029e-7
4.3    1.7443382311469046e-7
4.3999999999999995    1.738808980338095e-7
4.5    1.7323062117476863e-7
4.6    1.7248804912842777e-7
4.7    1.7165806911942977e-7
4.8    1.7074540312569793e-7
4.9    1.6975461194489997e-7
5.    1.6869009920635266e-7
5.1    1.6755611532699555e-7
5.2    1.6635676141017797e-7
5.3    1.650959930103283e-7
5.4    1.637776239301725e-7
5.5    1.6240533052852403e-7
5.6    1.609826554838728e-7
5.7    1.5951301137007044e-7
5.8    1.5799968416998438e-7
5.9    1.56445836727099e-7
6.    1.548545121348712e-7
6.1    1.5322863706372846e-7
6.2    1.5157102502566765e-7
6.3    1.4988437957647352e-7
6.4    1.4817129745565182e-7
6.5    1.4643427166422233e-7
6.6    1.4467569448058195e-7
6.7    1.428978604147014e-7
6.8    1.4110296910096898e-7
6.9    1.3929312813004641e-7
7.    1.3747035582014557e-7
7.1    1.3563658392817808e-7
7.2    1.3379366030127077e-7
7.3    1.3194335146917728e-7
7.4    1.300873451781479e-7
7.5    1.2822725286685592e-7
7.6    1.263646120850061e-7
7.7    1.245008888552761e-7
7.8    1.2263747997927388e-7
7.9    1.2077571528820544e-7
8.    1.1891685983897921e-7
8.1    1.170621160564851e-7
8.2    1.1521262582280478e-7
8.3    1.1336947251412546e-7
8.4    1.1153368298614204e-7
8.5    1.0970622950874263e-7
8.6    1.0788803165078477e-7
8.7    1.060799581157775e-7
8.8    1.0428282852928787e-7
8.9    1.0249741517890396e-7
9.    1.007244447075806e-7
9.1    9.896459976120671e-8
9.2    9.721852059122914e-8
9.3    9.548680661317171e-8
9.4    9.377001792188496e-8
9.5    9.206867676436806e-8
9.6    9.038326897099128e-8
9.700000000000001    8.871424534595769e-8
9.8    8.706202301782747e-8
9.9    8.542698675093349e-8
10.    8.380949021850259e-8
10.1    8.220985723830337e-8
10.200000000000001    8.062838297162083e-8
10.3    7.906533508636467e-8
10.4    7.752095488510222e-8
10.5    7.599545839880273e-8
10.6    7.448903744707097e-8
10.700000000000001    7.300186066564169e-8
10.8    7.153407450189159e-8
10.9    7.008580417912391e-8
11.    6.865715463036655e-8
11.1    6.724821140241465e-8
11.200000000000001    6.585904153084253e-8
11.3    6.44896943866931e-8
11.4    6.314020249555099e-8
11.5    6.181058232968487e-8
11.6    6.050083507394558e-8
11.700000000000001    5.921094736608182e-8
11.8    5.7940892012139313e-8
11.9    5.669062867758525e-8
12.    5.546010455479619e-8
12.1    5.424925500753416e-8
12.200000000000001    5.3058004193025745e-8
12.3    5.18862656622445e-8
12.4    5.073394293898893e-8
12.5    4.960093007833762e-8
12.6    4.848711220504719e-8
12.700000000000001    4.7392366032453647e-8
12.8    4.6316560362421306e-8
12.9    4.525955656687641e-8
13.    4.422120905144809e-8
13.1    4.32013657017324e-8
13.200000000000001    4.219986831267836e-8
13.3    4.1216553001592115e-8
13.4    4.025125060523577e-8
13.5    3.930378706149443e-8
13.6    3.837398377607038e-8
13.700000000000001    3.746165797465298e-8
13.8    3.6566623041005e-8
13.9    3.568868884139337e-8
14.    3.48276620357839e-8
14.1    3.398334637620899e-8
14.200000000000001    3.3155542992707575e-8
14.3    3.234405066722757e-8
14.4    3.154866609587053e-8
14.5    3.076918413984945e-8
14.6    3.0005398065522e-8
14.700000000000001    2.9257099773851905e-8
14.8    2.8524080019640865e-8
14.9    2.780612862086757e-8
15.    2.7103034658459837e-8
15.1    2.6414586666817052e-8
15.200000000000001    2.574057281539335e-8
15.3    2.5080781081642235e-8
15.4    2.443499941561656e-8
15.5    2.3803015896509246e-8
15.6    2.3184618881412535e-8
15.700000000000001    2.2579597146565888e-8
15.8    2.1987740021355492e-8
15.9    2.1408837515320552e-8
16.    2.084268043841584e-8
16.1    2.0289060514770688e-8
16.200000000000003    1.9747770490179355e-8
16.3    1.9218604233551386e-8
16.400000000000002    1.8701356832542686e-8
16.500000000000004    1.819582468358236e-8
16.6    1.7701805576504004e-8
16.700000000000003    1.7219098773984748e-8
16.8    1.674750508598754e-8
16.900000000000002    1.628682693939749e-8
17.000000000000004    1.5836868443039768e-8
17.1    1.539743544825396e-8
17.200000000000003    1.4968335605203707e-8
17.3    1.454937841508712e-8
17.400000000000002    1.414037527841226e-8
17.500000000000004    1.3741139539497515e-8
17.6    1.3351486527348362e-8
17.700000000000003    1.2971233593060085e-8
17.8    1.2600200143891081e-8
17.900000000000002    1.223820767414495e-8
18.000000000000004    1.1885079792997174e-8
18.1    1.1540642249396648e-8
18.200000000000003    1.1204722954168304e-8
18.3    1.0877151999439502e-8
18.400000000000002    1.0557761675507799e-8
18.500000000000004    1.024638648526445e-8
18.6    9.942863156285089e-9
18.700000000000003    9.647030650692424e-9
18.8    9.358730172896332e-9
18.900000000000002    9.077805175309188e-9
19.000000000000004    8.804101362133481e-9
19.1    8.53746669131469e-9
19.200000000000003    8.277751374748343e-9
19.300000000000004    8.024807876829426e-9
19.400000000000002    7.778490911425023e-9
19.500000000000004    7.538657437353617e-9
19.6    7.305166652446034e-9
19.700000000000003    7.077879986265404e-9
19.800000000000004    6.856661091555866e-9
19.900000000000002    6.641375834491218e-9
20.000000000000004    6.431892283789576e-9
20.1    6.22808069875925e-9
20.200000000000003    6.0298135163365766e-9
20.300000000000004    5.836965337177208e-9
20.400000000000002    5.649412910856471e-9
20.500000000000004    5.467035120235434e-9
20.6    5.289712965044851e-9
20.700000000000003    5.117329544738926e-9
20.800000000000004    4.949770040666872e-9
20.900000000000002    4.786921697610374e-9
21.000000000000004    4.628673804731247e-9
21.1    4.4749176759737986e-9
21.200000000000003    4.3255466299623284e-9
21.300000000000004    4.180455969434767e-9
21.400000000000002    4.039542960249746e-9
21.500000000000004    3.902706810004797e-9
21.6    3.7698486462998935e-9
21.700000000000003    3.6408714946808566e-9
21.800000000000004    3.5156802562938106e-9
21.900000000000002    3.3941816852824627e-9
22.000000000000004    3.2762843659571763e-9
22.1    3.1618986897639754e-9
22.200000000000003    3.0509368320801483e-9
22.300000000000004    2.9433127288631257e-9
22.400000000000002    2.8389420531754107e-9
22.500000000000004    2.737742191610629e-9
22.6    2.6396322206419024e-9
22.700000000000003    2.5445328829138394e-9
22.800000000000004    2.452366563498779e-9
22.900000000000002    2.3630572661358207e-9
23.000000000000004    2.2765305894717237e-9
23.1    2.1927137033197904e-9
23.200000000000003    2.111535324954293e-9
23.300000000000004    2.0329256954554004e-9
23.400000000000002    1.9568165561196373e-9
23.500000000000004    1.8831411249493204e-9
23.6    1.8118340732349872e-9
23.700000000000003    1.7428315022424874e-9
23.800000000000004    1.6760709200172616e-9
23.900000000000002    1.6114912183157917e-9
24.000000000000004    1.5490326496760916e-9
24.1    1.4886368046357408e-9
24.200000000000003    1.4302465891072078e-9
24.300000000000004    1.373806201919478e-9
24.400000000000002    1.3192611125330554e-9
24.500000000000004    1.2665580389365607e-9
24.6    1.2156449257323622e-9
24.700000000000003    1.1664709224159995e-9
24.800000000000004    1.118986361857891e-9
24.900000000000002    1.073142738990698e-9
25.000000000000004    1.0288926897088605e-9
25.1    9.86189969984521e-10
25.200000000000003    9.44989435204199e-10
25.300000000000004    9.052470197304974e-10
25.400000000000002    8.66919716691659e-10
25.500000000000004    8.299655580030445e-10
25.6    7.943435946232438e-10
25.700000000000003    7.60013877047036e-10
25.800000000000004    7.269374360373724e-10
25.900000000000002    6.950762635995718e-10
26.000000000000004    6.643932941976099e-10
26.1    6.348523862156472e-10
26.200000000000003    6.064183036644982e-10
26.300000000000004    5.790566981353442e-10
26.400000000000002    5.527340910008494e-10
26.500000000000004    5.27417855862965e-10
26.6    5.030762012504835e-10
26.700000000000003    4.796781535636768e-10
26.800000000000004    4.571935402672841e-10
26.900000000000002    4.355929733317305e-10
27.000000000000004    4.148478329212203e-10
27.1    3.949302513290303e-10
27.200000000000003    3.758130971585811e-10
27.300000000000004    3.574699597500423e-10
27.400000000000002    3.398751338508e-10
27.500000000000004    3.23003604528629e-10
27.6    3.0683103232726883e-10
27.700000000000003    2.913337386617613e-10
27.800000000000004    2.7648869145295645e-10
27.900000000000002    2.6227349099884013e-10
28.000000000000004    2.486663560818911e-10
28.1    2.3564611030974336e-10
28.200000000000003    2.2319216868821604e-10
28.300000000000004    2.112845244239184e-10
28.400000000000002    1.999037359553123e-10
28.500000000000004    1.8903091420899394e-10
28.6    1.7864771008050267e-10
28.700000000000003    1.6873630213655493e-10
28.800000000000004    1.5927938453605408e-10
28.900000000000002    1.5026015516907484e-10
29.000000000000004    1.4166230401007637e-10
29.1    1.3347000168391735e-10
29.200000000000003    1.2566788824106466e-10
29.300000000000004    1.1824106214166394e-10
29.400000000000002    1.111750694437507e-10
29.500000000000004    1.0445589319413168e-10
29.6    9.806994302021476e-11
29.700000000000003    9.200404491874498e-11
29.800000000000004    8.624543123934456e-11
29.900000000000002    8.078173086193732e-11
30.000000000000004    7.560095956263867e-11
30.1    7.069151056776536e-11
30.200000000000003    6.60421452927855e-11
30.300000000000004    6.164198426311239e-11
30.400000000000002    5.7480498214799206e-11
30.500000000000004    5.3547499372547184e-11
30.6    4.9833132901588497e-11
30.700000000000003    4.632786853203282e-11
30.800000000000004    4.3022492352468084e-11
30.900000000000002    3.990809877028796e-11
31.000000000000004    3.69760826363236e-11
31.1    3.4218131531227105e-11
31.200000000000003    3.162621821077205e-11
31.300000000000004    2.919259320825945e-11
31.400000000000002    2.6909777590986386e-11
31.500000000000004    2.477055586789729e-11
31.6    2.27679690472171e-11
31.700000000000003    2.0895307840326828e-11
31.800000000000004    1.9146106010078696e-11
31.900000000000002    1.7514133861076837e-11
32.    1.599339186946438e-11
32.1    1.457810444998385e-11
32.2    1.3262713857449846e-11
32.300000000000004    1.2041874221204992e-11
32.400000000000006    1.0910445709236933e-11
32.5    9.863488820518887e-12
32.6    8.89625880285143e-12
32.7    8.004200194208674e-12
32.800000000000004    7.182941484560306e-12
32.900000000000006    6.428289898057643e-12
33.    5.736226290626171e-12
33.1    5.10290016319172e-12
33.2    4.524624786561988e-12
33.300000000000004    3.9978724381501825e-12
33.400000000000006    3.519269745845405e-12
33.5    3.0855931387935766e-12
33.6    2.6937644026960782e-12
33.7    2.3408463376701447e-12
33.800000000000004    2.0240385158271897e-12
33.900000000000006    1.7406731382000455e-12
34.    1.488210987972323e-12
34.1    1.2642374786741348e-12
34.2    1.0664587949189847e-12
34.300000000000004    8.926981247562837e-13
34.400000000000006    7.40891981265052e-13
34.5    6.090866112395668e-13
34.6    4.954344902881656e-13
34.7    3.9819090188012484e-13
34.800000000000004    3.157105987877378e-13
34.900000000000006    2.4644454538425187e-13
35.    1.8893673889848553e-13
35.1    1.4182110848766096e-13
35.2    1.0381849034893162e-13
35.300000000000004    7.373367667735487e-14
35.400000000000006    5.045253855261798e-14
35.5    3.2939218906218964e-14
35.6    2.023339679573712e-14
35.7    1.1447618863875307e-14
35.800000000000004    5.7646990024654816e-15
35.900000000000006    2.4351825617138206e-15
36.    7.748704007857588e-16
36.1    1.6281550559577144e-16
36.2    3.9979624433023164e-17
36.300000000000004    1.0497734499048518e-17
36.400000000000006    1.645712345864368e-18
36.5    5.647838275842761e-20
