0.1    0.011342985550320806
0.2    0.022237391050319927
0.30000000000000004    0.03269242656852914
0.4    0.04271736325103892
0.5    0.05232151657071885
0.6    0.06151423059198784
0.7000000000000001    0.07030486320675398
0.8    0.07870277229871223
0.9    0.08671730279471221
1.    0.0943577745633904
1.1    0.10163347112269949
1.2000000000000002    0.10855362911936638
1.3000000000000003    0.11512742854466573
1.4000000000000001    0.12136398365221474
1.5000000000000002    0.1272723345447709
1.6    0.13286143939825476
1.7000000000000002    0.1381401672924219
1.8000000000000003    0.14311729161877215
1.9000000000000001    0.1478014840374141
2.    0.1522013089556972
2.1    0.15632521850248088
2.2    0.1601815479729391
2.3000000000000003    0.1637785117197899
2.4000000000000004    0.16712419946780016
2.5000000000000004    0.17022657302934652
2.6    0.1730934633997129
2.7    0.17573256821167316
2.8000000000000003    0.17815144952974865
2.9000000000000004    0.18035753196534385
3.0000000000000004    0.18235810109474584
3.1    0.18416030216273338
3.2    0.18577113905527196
3.3000000000000003    0.1871974735254791
3.4000000000000004    0.1884460246577251
3.5000000000000004    0.18952336855539223
3.6    0.19043593823845212
3.7    0.19119002373763033
3.8000000000000003    0.191791772372519
3.9000000000000004    0.19224718920156722
4.    0.1925621376324255
4.1    0.1927423401816497
4.2    0.19279337937327837
4.3    0.19272069876628517
4.3999999999999995    0.1925296041013813
4.5    0.192225264558094
4.6    0.19181271411348563
4.7    0.19129685299429425
4.8    0.19068244921468178
4.9    0.18997414019216374
5.    0.18917643443466364
5.1    0.1882937132919966
5.2    0.1873302327281506
5.3    0.1862901186696101
5.4    0.18517735389673143
5.5    0.1839957960873621
5.6    0.18274918685577918
5.7    0.18144115380921613
5.8    0.18007521252683223
5.9    0.17865476856218343
6.    0.17718311946529866
6.1    0.17566345682065565
6.2    0.17409886829754234
6.3    0.1724923397094707
6.4    0.17084675707949906
6.5    0.16916490870848713
6.6    0.16744948724348716
6.7    0.16570309174363576
6.8    0.16392822974107502
6.9    0.16212731929458502
7.    0.16030269103376
7.1    0.15845659019170474
7.2    0.15659117862436495
7.3    0.15470853681473828
7.4    0.15281066586034084
7.5    0.15089948944242315
7.6    0.14897685577554834
7.7    0.14704453953625438
7.8    0.14510424376962844
7.9    0.14315760177272394
8.    0.14120617895384505
8.1    0.13925147466681445
8.2    0.13729492401943064
8.3    0.13533789965539877
8.4    0.1333817135091017
8.5    0.13142761853264945
8.6    0.12947681039471637
8.7    0.12753042915074272
8.8    0.1255895608841401
8.9    0.12365523931819801
9.    0.1217284473984478
9.1    0.11981011884529091
9.2    0.11790113967674926
9.3    0.11600234970124165
9.4    0.11411454398033649
9.5    0.11223847426146832
9.6    0.1103748503806482
9.700000000000001    0.10852434163523385
9.8    0.10668757812685586
9.9    0.10486515207463266
10.    0.10305761909883357
10.1    0.10126549947517674
10.200000000000001    0.09948927935997579
10.3    0.09772941198637113
10.4    0.09598631883190357
10.5    0.09426039075770992
10.6    0.09255198911963583
10.700000000000001    0.09086144685158022
10.8    0.08918906952140097
10.9    0.08753513635972385
11.    0.08589990126201112
11.1    0.08428359376425792
11.200000000000001    0.08268641999269304
11.3    0.08110856358787183
11.4    0.07955018660355519
11.5    0.07801143038077851
11.6    0.07649241639751674
11.700000000000001    0.0749932470943605
11.8    0.07351400667662107
11.9    0.07205476189328464
12.    0.07061556279324148
12.1    0.06919644345921579
12.200000000000001    0.06779742271982435
12.3    0.06641850484019254
12.4    0.06505968019155729
12.5    0.06372092590028464
12.6    0.06240220647673144
12.700000000000001    0.06110347442437563
12.8    0.05982467082964215
12.9    0.05856572593284527
13.    0.05732655968066888
13.1    0.05610708226060076
13.200000000000001    0.054907194617735494
13.3    0.053726788954356126
13.4    0.05256574921270073
13.5    0.05142395154131668
13.6    0.05030126474540042
13.700000000000001    0.04919755072151603
13.8    0.048112664877081227
13.9    0.04704645653500454
14.    0.04599876932385185
14.1    0.04496944155391599
14.200000000000001    0.043958306579556794
14.3    0.04296519314817379
14.4    0.041989925736168665
14.5    0.041032324872247436
14.6    0.040092207448409106
14.700000000000001    0.03916938701895759
14.8    0.03826367408787254
14.9    0.037374876384865155
15.    0.03650279913044034
15.1    0.03564724529028105
15.200000000000001    0.03480801581926344
15.3    0.03398490989540705
15.4    0.03317772514405572
15.5    0.03238625785258215
15.6    0.03161030317589978
15.700000000000001    0.03084965533306182
15.8    0.030104107795220998
15.9    0.02937345346521651
16.    0.028657484849049755
16.1    0.027955994219504978
16.200000000000003    0.027268773772163964
16.3    0.026595615774058844
16.400000000000002    0.025936312705201203
16.500000000000004    0.02529065739322111
16.6    0.024658443141341593
16.700000000000003    0.024039463849911506
16.8    0.02343351413171222
16.900000000000002    0.022840389421249496
17.000000000000004    0.022259886078235144
17.1    0.02169180148546013
17.200000000000003    0.021135934141252977
17.3    0.020592083746714274
17.400000000000002    0.02006005128791223
17.500000000000004    0.019539639113219827
17.6    0.01903065100596805
17.700000000000003    0.018532892252587117
17.8    0.018046169706400654
17.900000000000002    0.01757029184723479
18.000000000000004    0.017105068836999065
18.1    0.01665031257139159
18.200000000000003    0.016205836727876465
18.3    0.015771456810078233
18.400000000000002    0.015346990188732075
18.500000000000004    0.01493225613932648
18.6    0.014527075876569637
18.700000000000003    0.014131272585807582
18.8    0.01374467145151819
18.900000000000002    0.013367099683001293
19.000000000000004    0.012998386537381565
19.1    0.012638363340037376
19.200000000000003    0.012286863502565065
19.300000000000004    0.011943722538384893
19.400000000000002    0.011608778076091618
19.500000000000004    0.011281869870649039
19.6    0.010962839812525401
19.700000000000003    0.010651531934862145
19.800000000000004    0.010347792418767309
19.900000000000002    0.010051469596820066
20.000000000000004    0.009762413954871315
20.1    0.00948047813222168
20.200000000000003    0.00920551692025619
20.300000000000004    0.00893738725961129
20.400000000000002    0.008675948235948496
20.500000000000004    0.00842106107440521
20.6    0.008172589132791687
20.700000000000003    0.007930397893600232
20.800000000000004    0.007694354954890579
20.900000000000002    0.007464330020113076
21.000000000000004    0.007240194886929066
21.1    0.007021823435085814
21.200000000000003    0.00680909161340095
21.300000000000004    0.0066018774259099635
21.400000000000002    0.0064000609172275855
21.500000000000004    0.006203524157172294
21.6    0.006012151224701718
21.700000000000003    0.00582582819120418
21.800000000000004    0.005644443103190336
21.900000000000002    0.005467885964427069
22.000000000000004    0.005296048717553962
22.1    0.00512882522522165
22.200000000000003    0.0049661112507888225
22.300000000000004    0.004807804438614042
22.400000000000002    0.0046538042939767285
22.500000000000004    0.004504012162660077
22.6    0.004358331210227651
22.700000000000003    0.0042166664010238365
22.800000000000004    0.004078924476927029
22.900000000000002    0.003945013935883416
23.000000000000004    0.00381484501024773
23.1    0.003688329644956376
23.200000000000003    0.00356538147555712
23.300000000000004    0.0034459158061184965
23.400000000000002    0.003329849587040912
23.500000000000004    0.0032171013927905466
23.6    0.0031075913995761363
23.700000000000003    0.003001241362987697
23.800000000000004    0.0028979745956153016
23.900000000000002    0.0027977159446654115
24.000000000000004    0.0027003917695909633
24.1    0.0026059299197509636
24.200000000000003    0.002514259712114373
24.300000000000004    0.002425311909022323
24.400000000000002    0.002339018696021881
24.500000000000004    0.002255313659784155
24.6    0.002174131766118257
24.700000000000003    0.002095409338092883
24.800000000000004    0.0020190840342754895
24.900000000000002    0.0019450948270995836
25.000000000000004    0.001873381981369078
25.1    0.0018038870329088227
25.200000000000003    0.0017365527673693796
25.300000000000004    0.001671323199193771
25.400000000000002    0.0016081435507536233
25.500000000000004    0.0015469602316611833
25.6    0.0014877208182635785
25.700000000000003    0.0014303740333251377
25.800000000000004    0.0013748697259032547
25.900000000000002    0.0013211588514224696
26.000000000000004    0.0012691934519516858
26.1    0.0012189266366884513
26.200000000000003    0.0011703125626543011
26.300000000000004    0.001123306415604514
26.400000000000002    0.0010778643911553876
26.500000000000004    0.0010339436761321933
26.6    0.0009915024301397602
26.700000000000003    0.0009504997673583863
26.800000000000004    0.0009108957385668509
26.900000000000002    0.0008726513133940938
27.000000000000004    0.0008357283628011808
27.1    0.0008000896417946056
27.200000000000003    0.0007656987723718916
27.300000000000004    0.0007325202267001902
27.400000000000002    0.0007005193105284851
27.500000000000004    0.0006696621468336837
27.6    0.0006399156597005796
27.700000000000003    0.0006112475584358264
27.800000000000004    0.0005836263219155631
27.900000000000002    0.0005570211831663953
28.000000000000004    0.0005314021141790856
28.1    0.0005067398109543587
28.200000000000003    0.00048300567877988934
28.300000000000004    0.00046017181773762007
28.400000000000002    0.00043821100844023314
28.500000000000004    0.0004170966979957126
28.6    0.0003968029861984806
28.700000000000003    0.00037730461194584823
28.800000000000004    0.0003585769398783641
28.900000000000002    0.00034059594724218455
29.000000000000004    0.0003233382109720177
29.1    0.0003067808949927721
29.200000000000003    0.00029090173773826326
29.300000000000004    0.00027567903988466396
29.400000000000002    0.00026109165229721085
29.500000000000004    0.000247118964187935
29.6    0.00023374089148213897
29.700000000000003    0.00022093786539188003
29.800000000000004    0.0002086908211941246
29.900000000000002    0.00019698118721106148
30.000000000000004    0.00018579087399090975
30.1    0.0001751022636864667
30.200000000000003    0.0001648981996291961
30.300000000000004    0.00015516197609663702
30.400000000000002    0.00014587732827063077
30.500000000000004    0.0001370284223839579
30.6    0.00012859984605316862
30.700000000000003    0.00012057659879495883
30.800000000000004    0.00011294408272374902
30.900000000000002    0.00010568809342806302
31.000000000000004    0.00009879481102315799
31.1    0.0000922507913775295
31.200000000000003    0.00008604295751081567
31.300000000000004    0.00008015859116054321
31.400000000000002    0.00007458532451532994
31.500000000000004    0.00006931113211217842
31.6    0.0000643243228951356
31.700000000000003    0.000059613532433141284
31.800000000000004    0.00005516771529445598
31.900000000000002    0.0000509761375752991
32.    0.000047028369580241144
32.1    0.000043314278651912666
32.2    0.000039824022147753985
32.300000000000004    0.000036548040561212276
32.400000000000006    0.00003347705078522606
32.5    0.000030602039515472243
32.6    0.000027914256791124132
32.7    0.000025405209670764825
32.800000000000004    0.00002306665604127933
32.900000000000006    0.000020890598557086692
33.    0.000018869278707947453
33.1    0.000016995171012670878
33.2    0.000015260977336860435
33.300000000000004    0.000013659621332049581
33.400000000000006    0.000012184242994582727
33.5    0.000010828193341712668
33.6    9.585029202889007e-6
33.7    8.448508124112853e-6
33.800000000000004    7.412583383457758e-6
33.900000000000006    6.471399115385364e-6
34.    5.619285542078796e-6
34.1    4.85075430964456e-6
34.2    4.160493927356934e-6
34.300000000000004    3.543365307772012e-6
34.400000000000006    2.994397405952145e-6
34.5    2.5087829559175507e-6
34.6    2.0818743022740152e-6
34.7    1.7091793253242118e-6
34.800000000000004    1.3863574577719993e-6
34.900000000000006    1.1092157912402532e-6
35.    8.737052708583701e-7
35.1    6.759169760897324e-7
35.2    5.120784861220947e-7
35.300000000000004    3.785503282500264e-7
35.400000000000006    2.7182250726340564e-7
35.5    1.8851111466340582e-7
35.6    1.2535501556538692e-7
35.7    7.92126122058296e-8
35.800000000000004    4.7058682041322545e-8
35.900000000000006    2.5981289296121185e-8
36.    1.3180586812314522e-8
36.1    6.040575616831266e-9
36.2    2.4726381449587896e-9
36.300000000000004    8.495049933546456e-10
36.400000000000006    1.985156135173682e-10
36.5    1.573660488735945e-11
