0.1    2.0817910444885936e-9
0.2    2.027258364824275e-9
0.30000000000000004    1.9739965412099836e-9
0.4    1.9219818447922485e-9
0.5    1.87119074617909e-9
0.6    1.8215999261310272e-9
0.7000000000000001    1.7731862854393734e-9
0.8    1.7259269540289225e-9
0.9    1.6797992993205893e-9
1.    1.634780933888365e-9
1.1    1.5908497224436445e-9
1.2000000000000002    1.5479837881787437e-9
1.3000000000000003    1.5061615185002527e-9
1.4000000000000001    1.4653615701816761e-9
1.5000000000000002    1.425562873963773e-9
1.6    1.3867446386298015e-9
1.7000000000000002    1.3488863545819693e-9
1.8000000000000003    1.3119677969442253e-9
1.9000000000000001    1.275969028215701e-9
2.    1.2408704004979969e-9
2.1    1.2066525573187565e-9
2.2    1.173296435072925e-9
2.3000000000000003    1.1407832641023538e-9
2.4000000000000004    1.1090945694335008e-9
2.5000000000000004    1.0782121711922188e-9
2.6    1.0481181847138393e-9
2.7    1.018795020365965e-9
2.8000000000000003    9.90225383100767e-10
2.9000000000000004    9.62392271752733e-10
3.0000000000000004    9.352789780973085e-10
3.1    9.088690856850404e-10
3.2    8.831464684654092e-10
3.3000000000000003    8.580952892136916e-10
3.4000000000000004    8.336999977738741e-10
3.5000000000000004    8.099453291297987e-10
3.6    7.868163013164548e-10
3.7    7.642982131825562e-10
3.8000000000000003    7.423766420152248e-10
3.9000000000000004    7.210374410370139e-10
4.    7.002667367850648e-10
4.1    6.80050926381751e-10
4.2    6.603766747057122e-10
4.3    6.412309114717509e-10
4.3999999999999995    6.226008282277205e-10
4.5    6.044738752760613e-10
4.6    5.868377585273343e-10
4.7    5.696804362927358e-10
4.8    5.529901160221641e-10
4.9    5.367552509942245e-10
5.    5.209645369640392e-10
5.1    5.056069087746376e-10
5.2    4.906715369375904e-10
5.3    4.761478243842006e-10
5.4    4.6202540407164585e-10
5.5    4.482941359818074e-10
5.6    4.3494410340420945e-10
5.7    4.2196560920251256e-10
5.8    4.0934917210192235e-10
5.9    3.970855229984115e-10
6.    3.8516560129075953e-10
6.1    3.735805512364677e-10
6.2    3.6232171833269175e-10
6.3    3.5138064572330995e-10
6.4    3.4074907063331024e-10
6.5    3.3041892083161356e-10
6.6    3.203823111235035e-10
6.7    3.1063153987373566e-10
6.8    3.011590855614231e-10
6.9    2.919576033677172e-10
7.    2.8301992179728e-10
7.1    2.7433903933448157e-10
7.2    2.6590812113521023e-10
7.3    2.5772049575513416e-10
7.4    2.4976965191518135e-10
7.5    2.420492353049722e-10
7.6    2.3455304542486e-10
7.7    2.2727503246719556e-10
7.8    2.2020929423736946e-10
7.9    2.1335007311512323e-10
8.    2.0669175305658397e-10
8.1    2.0022885663741259e-10
8.2    1.939560421373957e-10
8.3    1.8786810066679123e-10
8.4    1.8195995333464928e-10
8.5    1.762266484593224e-10
8.6    1.7066335882129695e-10
8.7    1.652653789584743e-10
8.8    1.6002812250394322e-10
8.9    1.5494711956629288e-10
9.    1.500180141524341e-10
9.1    1.4523656163289293e-10
9.2    1.4059862624948975e-10
9.3    1.3610017866528497e-10
9.4    1.3173729355664689e-10
9.5    1.2750614724726653e-10
9.6    1.2340301538391163e-10
9.700000000000001    1.1942427065368802e-10
9.8    1.1556638054256225e-10
9.9    1.1182590513485068e-10
10.    1.0819949495339097e-10
10.1    1.0468388884006328e-10
10.200000000000001    1.0127591187632853e-10
10.3    9.797247334342066e-11
10.4    9.477056472182452e-11
10.5    9.166725772964506e-11
10.6    8.865970239946837e-11
10.700000000000001    8.574512519329657e-11
10.8    8.292082715512979e-11
10.9    8.018418210075398e-11
11.    7.753263484429321e-11
11.1    7.496369946105879e-11
11.200000000000001    7.247495758623993e-11
11.3    7.006405674895835e-11
11.4    6.772870874121026e-11
11.5    6.546668802121193e-11
11.6    6.327583015066133e-11
11.700000000000001    6.11540302654213e-11
11.8    5.909924157913428e-11
11.9    5.7109473919262174e-11
12.    5.5182792295059744e-11
12.1    5.331731549697573e-11
12.200000000000001    5.1511214726980446e-11
12.3    4.9762712259317845e-11
12.4    4.807008013117861e-11
12.5    4.643163886279573e-11
12.6    4.4845756206457875e-11
12.700000000000001    4.331084592394509e-11
12.8    4.1825366591888234e-11
12.9    4.0387820434557226e-11
13.    3.8996752183586404e-11
13.1    3.7650747964148324e-11
13.200000000000001    3.634843420708873e-11
13.3    3.50884765865406e-11
13.4    3.386957898253975e-11
13.5    3.2690482468165214e-11
13.6    3.154996432073556e-11
13.700000000000001    3.044683705659469e-11
13.8    2.9379947489025354e-11
13.9    2.834817580883347e-11
14.    2.735043468715359e-11
14.1    2.638566840002566e-11
14.200000000000001    2.545285197430582e-11
14.3    2.4550990354471005e-11
14.4    2.3679117589890823e-11
14.5    2.2836296042139808e-11
14.6    2.2021615611929583e-11
14.700000000000001    2.123419298525232e-11
14.8    2.0473170898321137e-11
14.9    1.973771742091098e-11
15.    1.902702525770164e-11
15.1    1.834031106723326e-11
15.200000000000001    1.7676814798090544e-11
15.3    1.703579904193715e-11
15.4    1.6416548403028697e-11
15.5    1.5818368883838547e-11
15.6    1.5240587286435308e-11
15.700000000000001    1.4682550629259324e-11
15.8    1.4143625578949357e-11
15.9    1.3623197896876382e-11
16.    1.3120671900052399e-11
16.1    1.2635469936078857e-11
16.200000000000003    1.2167031871813434e-11
16.3    1.1714814595437509e-11
16.400000000000002    1.1278291531609839e-11
16.500000000000004    1.0856952169400507e-11
16.6    1.0450301602704546e-11
16.700000000000003    1.005786008284051e-11
16.8    9.67916258304208e-12
16.900000000000002    9.313758374561651e-12
17.000000000000004    8.96121061410586e-12
17.1    8.621095942329936e-12
17.200000000000003    8.293004093124843e-12
17.3    7.976537513433735e-12
17.400000000000002    7.671310993340787e-12
17.500000000000004    7.376951306182828e-12
17.6    7.093096858434993e-12
17.700000000000003    6.81939734913061e-12
17.8    6.555513438579143e-12
17.900000000000002    6.301116426149718e-12
18.000000000000004    6.055887936896036e-12
18.1    5.819519616799399e-12
18.200000000000003    5.5917128364132614e-12
18.3    5.372178402699503e-12
18.400000000000002    5.16063627884579e-12
18.500000000000004    4.956815311863994e-12
18.6    4.7604529677699645e-12
18.700000000000003    4.571295074150805e-12
18.8    4.389095569930735e-12
18.900000000000002    4.21361626214997e-12
19.000000000000004    4.044626589574924e-12
19.1    3.881903392963712e-12
19.200000000000003    3.72523069181332e-12
19.300000000000004    3.5743994674199203e-12
19.400000000000002    3.4292074520873307e-12
19.500000000000004    3.289458924321389e-12
19.6    3.1549645098545374e-12
19.700000000000003    3.0255409883453756e-12
19.800000000000004    2.9010111056042216e-12
19.900000000000002    2.7812033911966906e-12
20.000000000000004    2.6659519812837574e-12
20.1    2.5550964465576122e-12
20.200000000000003    2.4484816251378247e-12
20.300000000000004    2.34595746029341e-12
20.400000000000002    2.2473788428633173e-12
20.500000000000004    2.152605458245765e-12
20.6    2.0615016378355964e-12
20.700000000000003    1.9739362147877984e-12
20.800000000000004    1.889782383989479e-12
20.900000000000002    1.808917566126307e-12
21.000000000000004    1.7312232757312378e-12
21.1    1.656584993106886e-12
21.200000000000003    1.5848920400147356e-12
21.300000000000004    1.516037459027788e-12
21.400000000000002    1.4499178964462503e-12
21.500000000000004    1.3864334886763514e-12
21.6    1.325487751978078e-12
21.700000000000003    1.2669874754872887e-12
21.800000000000004    1.2108426174206507e-12
21.900000000000002    1.1569662043758443e-12
22.000000000000004    1.105274233640095e-12
22.1    1.0556855784215502e-12
22.200000000000003    1.0081218959233377e-12
22.300000000000004    9.62507538179152e-13
22.400000000000002    9.18769465572019e-13
22.500000000000004    8.76837162962286e-13
22.6    8.366425583486808e-13
22.700000000000003    7.981199439920347e-13
22.800000000000004    7.612058999309531e-13
22.900000000000002    7.258392198216988e-13
23.000000000000004    6.919608390353964e-13
23.1    6.595137649482981e-13
23.200000000000003    6.284430093619108e-13
23.300000000000004    5.986955229921838e-13
23.400000000000002    5.702201319679742e-13
23.500000000000004    5.429674762802213e-13
23.6    5.168899501266405e-13
23.700000000000003    4.919416440957977e-13
23.800000000000004    4.680782891381847e-13
23.900000000000002    4.452572022711068e-13
24.000000000000004    4.234372339684378e-13
24.1    4.025787171845075e-13
24.200000000000003    3.8264341796509004e-13
24.300000000000004    3.6359448759921693e-13
24.400000000000002    3.4539641626568564e-13
24.500000000000004    3.2801498813101177e-13
24.6    3.11417237856045e-13
24.700000000000003    2.955714084688343e-13
24.800000000000004    2.804469105643249e-13
24.900000000000002    2.660142827910261e-13
25.000000000000004    2.5224515358615485e-13
25.1    2.391122041230169e-13
25.200000000000003    2.265891324332882e-13
25.300000000000004    2.1465061867033876e-13
25.400000000000002    2.0327229147807172e-13
25.500000000000004    1.924306954336351e-13
25.6    1.821032595305785e-13
25.700000000000003    1.7226826667181998e-13
25.800000000000004    1.6290482414139344e-13
25.900000000000002    1.539928350262942e-13
26.000000000000004    1.4551297055860365e-13
26.1    1.3744664335118602e-13
26.200000000000003    1.2977598149849922e-13
26.300000000000004    1.224838035174898e-13
26.400000000000002    1.1555359410221728e-13
26.500000000000004    1.0896948066728663e-13
26.6    1.0271621065663512e-13
26.700000000000003    9.677912959357745e-14
26.800000000000004    9.114415984971776e-14
26.900000000000002    8.579778011044313e-14
27.000000000000004    8.072700551557788e-14
27.1    7.591936845458388e-14
27.200000000000003    7.136289999571913e-14
27.300000000000004    6.704611192985255e-14
27.400000000000002    6.295797940968717e-14
27.500000000000004    5.908792416567481e-14
27.6    5.542579828154078e-14
27.700000000000003    5.196186851067719e-14
27.800000000000004    4.868680111763613e-14
27.900000000000002    4.559164722747078e-14
28.000000000000004    4.266782866792262e-14
28.1    3.990712428776582e-14
28.200000000000003    3.730165673746361e-14
28.300000000000004    3.4843879696823294e-14
28.400000000000002    3.2526565536031706e-14
28.500000000000004    3.0342793395813075e-14
28.6    2.8285937673961457e-14
28.700000000000003    2.634965690516449e-14
28.800000000000004    2.45278830213278e-14
28.900000000000002    2.2814810980601776e-14
29.000000000000004    2.120488875351981e-14
29.1    1.9692807654150204e-14
29.200000000000003    1.8273493005707008e-14
29.300000000000004    1.6942095130105368e-14
29.400000000000002    1.5693980650218352e-14
29.500000000000004    1.4524724095672867e-14
29.6    1.343009980177603e-14
29.700000000000003    1.2406074092360445e-14
29.800000000000004    1.1448797737027457e-14
29.900000000000002    1.0554598674679918e-14
30.000000000000004    9.71997499350848e-15
30.1    8.941588160035264e-15
30.200000000000003    8.216256488627348e-15
30.300000000000004    7.540948843731694e-15
30.400000000000002    6.9127785672633095e-15
30.500000000000004    6.328997623484428e-15
30.6    5.7869909545274025e-15
30.700000000000003    5.28427103941923e-15
30.800000000000004    4.818472650139496e-15
30.900000000000002    4.387347797572139e-15
31.000000000000004    3.988760861943936e-15
31.1    3.6206839008007005e-15
31.200000000000003    3.281192128984873e-15
31.300000000000004    2.9684595649844423e-15
31.400000000000002    2.680754837790982e-15
31.500000000000004    2.4164371489002537e-15
31.6    2.1739523845761148e-15
31.700000000000003    1.9518293730369363e-15
31.800000000000004    1.74867628143028e-15
31.900000000000002    1.5631771485687048e-15
32.    1.3940885481446378e-15
32.1    1.2402363782547972e-15
32.2    1.1005127731168686e-15
32.300000000000004    9.738731321883867e-16
32.400000000000006    8.593332636897976e-16
32.5    7.559666373108133e-16
32.6    6.629017436361981e-16
32.7    5.793195556742979e-16
32.800000000000004    5.044510892043819e-16
32.900000000000006    4.375750589535142e-16
33.    3.7801562656790944e-16
33.1    3.251402377282244e-16
33.2    2.7835754486952596e-16
33.300000000000004    2.371154131281804e-16
33.400000000000006    2.0089900573430676e-16
33.5    1.6922894676287622e-16
33.6    1.4165955817618282e-16
33.7    1.177771687464264e-16
33.800000000000004    9.719849183724668e-17
33.900000000000006    7.956907027807243e-17
34.    6.456178535594325e-17
34.1    5.1875427864498767e-17
34.2    4.123332890742975e-17
34.300000000000004    3.238204851471125e-17
34.400000000000006    2.509011973160493e-17
34.5    1.9146846074466503e-17
34.6    1.4361150763977638e-17
34.7    1.0560475687561776e-17
34.800000000000004    7.589728072642987e-18
34.900000000000006    5.310273460636354e-18
35.    3.598972885495966e-18
35.1    2.347263043179914e-18
35.2    1.460277450353909e-18
35.300000000000004    8.560074292171018e-19
35.400000000000006    4.645010319143477e-19
35.5    2.270988732829372e-19
35.6    9.570515375208005e-20
35.7    3.209282511131093e-20
35.800000000000004    7.241235692796862e-21
35.900000000000006    7.055370621484414e-22
36.    1.5987709839530906e-23
36.1    6.660360872886217e-25
