0.1    1.6968970605727476e-8
0.2    3.2499275970196055e-8
0.30000000000000004    4.666874288899551e-8
0.4    5.955266715185118e-8
0.5    7.122377296542144e-8
0.6    8.175218777966788e-8
0.7000000000000001    9.120543088658883e-8
0.8    9.964841428641448e-8
0.9    1.0714345443480353e-7
1.    1.137502935955098e-7
1.1    1.195261296267903e-7
1.2000000000000002    1.2452565312685173e-7
1.3000000000000003    1.2880109095422417e-7
1.4000000000000001    1.324022552234558e-7
1.5000000000000002    1.3537659695526078e-7
1.6    1.377692636335348e-7
1.7000000000000002    1.39623159989797e-7
1.8000000000000003    1.4097901139889595e-7
1.9000000000000001    1.4187542932853048e-7
2.    1.4234897833952776e-7
2.1    1.4243424418418313e-7
2.2    1.421639025965007e-7
2.3000000000000003    1.415687884111512e-7
2.4000000000000004    1.4067796468759587e-7
2.5000000000000004    1.3951879155230384e-7
2.6    1.3811699449051704e-7
2.7    1.3649673280342736e-7
2.8000000000000003    1.346806718371617e-7
2.9000000000000004    1.3269005107562096e-7
3.0000000000000004    1.3054474794066976e-7
3.1    1.2826334011286646e-7
3.2    1.2586316636255235e-7
3.3000000000000003    1.2336038581171623e-7
3.4000000000000004    1.2077003556123666e-7
3.5000000000000004    1.1810608663126236e-7
3.6    1.1538149817460098e-7
3.7    1.1260826993406874e-7
3.8000000000000003    1.0979749292483178e-7
3.9000000000000004    1.0695939833188183e-7
4.    1.0410340462099406e-7
4.1    1.0123816286884819e-7
4.2    9.8371600324526e-8
4.3    9.551096222037268e-8
4.3999999999999995    9.26628518552813e-8
4.5    8.98332689778895e-8
4.6    8.702764650100281e-8
4.7    8.425088558183897e-8
4.8    8.150738910546678e-8
4.9    7.880109361112531e-8
5.    7.613549970301139e-8
5.1    7.351370098863979e-8
5.2    7.093841158905315e-8
5.3    6.841199226602265e-8
5.4    6.593647521196373e-8
5.5    6.351358754862137e-8
5.6    6.114477358068947e-8
5.7    5.8831215850435126e-8
5.8    5.6573855039132126e-8
5.9    5.437340876068298e-8
6.    5.223038929224752e-8
6.1    5.014512028601749e-8
6.2    4.811775250549534e-8
6.3    4.614827862876276e-8
6.4    4.423654716028163e-8
6.5    4.2382275491763116e-8
6.6    4.058506215158356e-8
6.7    3.884439828112295e-8
6.8    3.7159678375276855e-8
6.9    3.553021032323341e-8
7.    3.395522478443606e-8
7.1    3.2433883933475806e-8
7.2    3.096528960646674e-8
7.3    2.954849088027904e-8
7.4    2.8182491114824863e-8
7.5    2.6866254487423934e-8
7.6    2.559871204712413e-8
7.7    2.437876731571418e-8
7.8    2.3205301461047602e-8
7.9    2.207717806720208e-8
8.    2.0993247524926518e-8
8.1    1.995235106478039e-8
8.2    1.8953324454351674e-8
8.3    1.7995001379945754e-8
8.4    1.707621653217655e-8
8.5    1.6195808413954888e-8
8.6    1.535262188846634e-8
8.7    1.4545510483856326e-8
8.8    1.3773338470496207e-8
8.9    1.303498272589039e-8
9.    1.2329334401500502e-8
9.1    1.1655300405009054e-8
9.2    1.1011804710821536e-8
9.3    1.0397789510908652e-8
9.4    9.81221621742575e-9
9.5    9.254066327905664e-9
9.6    8.722342163213533e-9
9.700000000000001    8.216067487863517e-9
9.8    7.734288021743155e-9
9.9    7.276071851755147e-9
10.    6.840509751381541e-9
10.1    6.426715415688552e-9
10.200000000000001    6.033825618831928e-9
10.3    5.661000300683085e-9
10.4    5.307422588779345e-9
10.5    4.972298761409029e-9
10.6    4.654858157263204e-9
10.700000000000001    4.35435303673207e-9
10.8    4.070058399586377e-9
10.9    3.801271763465184e-9
11.    3.5473129072894732e-9
11.1    3.3075235834339853e-9
11.200000000000001    3.081267202222012e-9
11.3    2.8679284920533383e-9
11.4    2.6669131382322705e-9
11.5    2.4776474033407054e-9
11.6    2.2995777317856477e-9
11.700000000000001    2.1321703409479e-9
11.8    1.974910801176127e-9
11.9    1.8273036066866632e-9
12.    1.6888717392663333e-9
12.1    1.5591562265200385e-9
12.200000000000001    1.437715696255723e-9
12.3    1.3241259284653745e-9
12.4    1.2179794062299184e-9
12.5    1.1188848667577305e-9
12.6    1.0264668536531351e-9
12.700000000000001    9.403652714075363e-10
12.8    8.602349430083483e-10
12.9    7.857451714694351e-10
13.    7.165793060020896e-10
13.1    6.524343134703212e-10
13.200000000000001    5.930203556938051e-10
13.3    5.380603731036951e-10
13.4    4.872896751862831e-10
13.5    4.4045553809555e-10
13.6    3.9731680976011725e-10
13.700000000000001    3.576435227618657e-10
13.8    3.2121651521726683e-10
13.9    2.878270598520028e-10
14.    2.572765014172947e-10
14.1    2.2937590256633067e-10
14.200000000000001    2.0394569827290494e-10
14.3    1.8081535884543933e-10
14.4    1.5982306156571298e-10
14.5    1.4081537095262432e-10
14.6    1.2364692763352088e-10
14.700000000000001    1.0818014578254298e-10
14.8    9.428491906943408e-11
14.9    8.183833504366612e-11
15.    7.072439786955169e-11
15.1    6.08337593064831e-11
15.200000000000001    5.206345782702409e-11
15.3    4.431666574695258e-11
15.4    3.750244423938582e-11
15.5    3.153550609126013e-11
15.6    2.633598606084428e-11
15.700000000000001    2.1829218682072458e-11
15.8    1.7945523363464063e-11
15.9    1.4619996622352015e-11
16.    1.1792311289834564e-11
16.1    9.406522527063024e-12
16.200000000000003    7.410880482584697e-12
16.3    5.757649427581432e-12
16.400000000000002    4.4029331990862796e-12
16.500000000000004    3.306506784787742e-12
16.6    2.43165388401799e-12
16.700000000000003    1.745010275800537e-12
16.8    1.2164128315926998e-12
16.900000000000002    8.18754007941396e-13
17.000000000000004    5.278416585354397e-13
17.1    3.222640044746387e-13
17.200000000000003    1.8325960592550303e-13
17.3    9.459218091465964e-14
17.400000000000002    4.24301189398573e-14
17.500000000000004    1.5230536669667017e-14
17.6    3.627734572241778e-15
17.700000000000003    3.259037147007989e-16
17.8    8.039683268304154e-18
17.900000000000002    -7.345894528479139e-24
