0.1    4.0242786416669337e-13
0.2    1.580446094538891e-12
0.30000000000000004    3.4909317445976335e-12
0.4    6.0918102864282714e-12
0.5    9.342071466994804e-12
0.6    1.3201781945337577e-11
0.7000000000000001    1.763209492096506e-11
0.8    2.2595256953757554e-11
0.9    2.8054612166125115e-11
1.    3.3974604008952235e-11
1.1    4.0320774764007825e-11
1.2000000000000002    4.7059762946989015e-11
1.3000000000000003    5.415929876719205e-11
1.4000000000000001    6.15881977919512e-11
1.5000000000000002    6.931635295644825e-11
1.6    7.731472505226149e-11
1.7000000000000002    8.555533182108031e-11
1.8000000000000003    9.401123577335838e-11
1.9000000000000001    1.026565308452939e-10
2.    1.1146632800141431e-10
2.1    1.2041673988418077e-10
2.2    1.2948486460642262e-10
2.3000000000000003    1.3864876877704002e-10
2.4000000000000004    1.4788746984527687e-10
2.5000000000000004    1.5718091784395165e-10
2.6    1.6650997660733727e-10
2.7    1.758564045348897e-10
2.8000000000000003    1.8520283496773795e-10
2.9000000000000004    1.9453275624075142e-10
3.0000000000000004    2.0383049146909476e-10
3.1    2.1308117812444596e-10
3.2    2.2227074745250396e-10
3.3000000000000003    2.3138590378001719e-10
3.4000000000000004    2.404141037563399e-10
3.5000000000000004    2.493435355714421e-10
3.6    2.581630981893796e-10
3.7    2.668623806334418e-10
3.8000000000000003    2.754316413565471e-10
3.9000000000000004    2.838617877279427e-10
4.    2.9214435566487764e-10
4.1    3.002714894356444e-10
4.2    3.0823592165823893e-10
4.3    3.1603095351684666e-10
4.3999999999999995    3.2365043521642854e-10
4.5    3.310887466938535e-10
4.6    3.383407786022915e-10
4.7    3.4540191358394353e-10
4.8    3.522680078446368e-10
4.9    3.5893537304235934e-10
5.    3.654007585004204e-10
5.1    3.7166133375463377e-10
5.2    3.7771467126736824e-10
5.3    3.835587082724048e-10
5.4    3.8919170446719376e-10
5.5    3.94612264599638e-10
5.6    3.998193294406549e-10
5.7    4.048121606330974e-10
5.8    4.0959032589945374e-10
5.9    4.1415368461048146e-10
6.    4.185023737161622e-10
6.1    4.226367940396489e-10
6.2    4.2655759693420316e-10
6.3    4.3026567130249115e-10
6.4    4.337621309770406e-10
6.5    4.37048302460109e-10
6.6    4.401257130207337e-10
6.7    4.4299607914625963e-10
6.8    4.4566129534523667e-10
6.9    4.481234232981784e-10
7.    4.503846813523258e-10
7.1    4.5244743435624227e-10
7.2    4.5431418382976457e-10
7.3    4.559875584645705e-10
7.4    4.5747030495039676e-10
7.5    4.587652791217083e-10
7.6    4.59875437419448e-10
7.7    4.6080382866231433e-10
7.8    4.615535861218744e-10
7.9    4.621279198956905e-10
8.    4.62530109572531e-10
8.1    4.627634971836345e-10
8.2    4.6283148043394197e-10
8.3    4.62737506207125e-10
8.4    4.624850643382145e-10
8.5    4.6207768164758835e-10
8.6    4.615189162300602e-10
8.7    4.6081235199280683e-10
8.8    4.5996159343586857e-10
8.9    4.589702606689671e-10
9.    4.578419846584212e-10
9.1    4.5658040269795277e-10
9.2    4.55189154097225e-10
9.3    4.5367187608200117e-10
9.4    4.520321998998557e-10
9.5    4.5027374712544273e-10
9.6    4.484001261593745e-10
9.700000000000001    4.4641492891484895e-10
9.8    4.4432172768623006e-10
9.9    4.421240721938594e-10
10.    4.398254867994819e-10
10.1    4.3742946788671946e-10
10.200000000000001    4.349394814011566e-10
10.3    4.323589605446598e-10
10.4    4.296913036186638e-10
10.5    4.2693987201125716e-10
10.6    4.241079883229856e-10
10.700000000000001    4.211989346264015e-10
10.8    4.1821595085448955e-10
10.9    4.1516223331319114e-10
11.    4.12040933313362e-10
11.1    4.088551559176043e-10
11.200000000000001    4.0560795879750244e-10
11.3    4.023023511969182e-10
11.4    3.9894129299708306e-10
11.5    3.955276938793466e-10
11.6    3.920644125815362e-10
11.700000000000001    3.885542562439824e-10
11.8    3.8499997984138096e-10
11.9    3.8140428569674504e-10
12.    3.777698230738216e-10
12.1    3.740991878444345e-10
12.200000000000001    3.703949222273158e-10
12.3    3.6665951459509293e-10
12.4    3.628953993461926e-10
12.5    3.59104956838508e-10
12.6    3.5529051338179566e-10
12.700000000000001    3.514543412858263e-10
12.8    3.475986589614421e-10
12.9    3.437256310717324e-10
13.    3.398373687306517e-10
13.1    3.359359297464721e-10
13.200000000000001    3.320233189075648e-10
13.3    3.281014883080762e-10
13.4    3.2417233771115264e-10
13.5    3.2023771494744914e-10
13.6    3.162994163467313e-10
13.700000000000001    3.123591872004684e-10
13.8    3.084187222533688e-10
13.9    3.044796662219167e-10
14.    3.0054361433800364e-10
14.1    2.966121129158534e-10
14.200000000000001    2.926866599404806e-10
14.3    2.8876870567600694e-10
14.4    2.848596532922243e-10
14.5    2.8096085950784e-10
14.6    2.7707363524893547e-10
14.700000000000001    2.7319924632118786e-10
14.8    2.693389140945042e-10
14.9    2.6549381619874665e-10
15.    2.616650872292939e-10
15.1    2.578538194612424e-10
15.200000000000001    2.540610635710909e-10
15.3    2.5028782936482225e-10
15.4    2.465350865113226e-10
15.5    2.4280376528014963e-10
15.6    2.39094757282689e-10
15.700000000000001    2.3540891621579807e-10
15.8    2.3174705860707348e-10
15.9    2.2810996456092064e-10
16.    2.2449837850464095e-10
16.1    2.209130099338125e-10
16.200000000000003    2.1735453415624888e-10
16.3    2.1382359303388059e-10
16.400000000000002    2.103207957219287e-10
16.500000000000004    2.0684671940478436e-10
16.6    2.0340191002802854e-10
16.700000000000003    1.9998688302607104e-10
16.8    1.966021240449111e-10
16.900000000000002    1.9324808965956015e-10
17.000000000000004    1.8992520808568269e-10
17.1    1.8663387988505974e-10
17.200000000000003    1.833744786644842e-10
17.3    1.8014735176773938e-10
17.400000000000002    1.7695282096033148e-10
17.500000000000004    1.7379118310666946e-10
17.6    1.7066271083940901e-10
17.700000000000003    1.6756765322070712e-10
17.8    1.6450623639513728e-10
17.900000000000002    1.6147866423406083e-10
18.000000000000004    1.584851189712454e-10
18.1    1.5552576182955564e-10
18.200000000000003    1.5260073363855146e-10
18.3    1.497101554428546e-10
18.400000000000002    1.468541291011489e-10
18.500000000000004    1.4403273787570508e-10
18.6    1.4124604701233293e-10
18.700000000000003    1.384941043106778e-10
18.8    1.3577694068478983e-10
18.900000000000002    1.3309457071391246e-10
19.000000000000004    1.304469931834436e-10
19.1    1.278341916160408e-10
19.200000000000003    1.2525613479284436e-10
19.300000000000004    1.2271277726481296e-10
19.400000000000002    1.2020405985416958e-10
19.500000000000004    1.1772991014596608e-10
19.6    1.1529024296978874e-10
19.700000000000003    1.1288496087162435e-10
19.800000000000004    1.1051395457593326e-10
19.900000000000002    1.0817710343796078e-10
20.000000000000004    1.0587427588634494e-10
20.1    1.0360532985607304e-10
20.200000000000003    1.0137011321185498e-10
20.300000000000004    9.9168464161975e-11
20.400000000000002    9.700021166270607e-11
20.500000000000004    9.48651758133592e-11
20.6    9.276316824205776e-11
20.700000000000003    9.069399248232231e-11
20.800000000000004    8.865744434056527e-11
20.900000000000002    8.665331225458703e-11
21.000000000000004    8.468137764317855e-11
21.1    8.274141524693518e-11
21.200000000000003    8.08331934603866e-11
21.300000000000004    7.89564746555593e-11
21.400000000000002    7.711101549707616e-11
21.500000000000004    7.5296567248917e-11
21.6    7.351287607295237e-11
21.700000000000003    7.17596833193712e-11
21.800000000000004    7.003672580912561e-11
21.900000000000002    6.834373610851147e-11
22.000000000000004    6.668044279600833e-11
22.1    6.504657072151219e-11
22.200000000000003    6.344184125807181e-11
22.300000000000004    6.186597254626854e-11
22.400000000000002    6.03186797313597e-11
22.500000000000004    5.879967519331191e-11
22.6    5.730866876985861e-11
22.700000000000003    5.584536797270183e-11
22.800000000000004    5.440947819699028e-11
22.900000000000002    5.30007029242014e-11
23.000000000000004    5.1618743918552246e-11
23.1    5.0263301417067724e-11
23.200000000000003    4.893407431343557e-11
23.300000000000004    4.763076033576677e-11
23.400000000000002    4.6353056218395974e-11
23.500000000000004    4.5100657867838746e-11
23.6    4.387326052303419e-11
23.700000000000003    4.267055890999455e-11
23.800000000000004    4.149224739098343e-11
23.900000000000002    4.0338020108344634e-11
24.000000000000004    3.920757112309894e-11
24.1    3.810059454843385e-11
24.200000000000003    3.701678467819456e-11
24.300000000000004    3.595583611050245e-11
24.400000000000002    3.4917443866606895e-11
24.500000000000004    3.3901303505094076e-11
24.6    3.2907111231553127e-11
24.700000000000003    3.193456400382343e-11
24.800000000000004    3.098335963292317e-11
24.900000000000002    3.005319687977006e-11
25.000000000000004    2.9143775547803835e-11
25.1    2.8254796571610282e-11
25.200000000000003    2.7385962101654918e-11
25.300000000000004    2.653697558522465e-11
25.400000000000002    2.5707541843681583e-11
25.500000000000004    2.489736714612523e-11
25.6    2.4106159279559528e-11
25.700000000000003    2.333362761566302e-11
25.800000000000004    2.2579483174256317e-11
25.900000000000002    2.1843438683553675e-11
26.000000000000004    2.1125208637299495e-11
26.1    2.0424509348866536e-11
26.200000000000003    1.9741059002416917e-11
26.300000000000004    1.9074577701198912e-11
26.400000000000002    1.842478751307239e-11
26.500000000000004    1.7791412513344264e-11
26.6    1.7174178824991827e-11
26.700000000000003    1.6572814656355667e-11
26.800000000000004    1.5987050336381224e-11
26.900000000000002    1.541661834748233e-11
27.000000000000004    1.486125335610448e-11
27.1    1.4320692241059203e-11
27.200000000000003    1.3794674119702077e-11
27.300000000000004    1.3282940372021827e-11
27.400000000000002    1.2785234662714733e-11
27.500000000000004    1.2301302961307504e-11
27.6    1.1830893560391348e-11
27.700000000000003    1.1373757092038976e-11
27.800000000000004    1.0929646542460545e-11
27.900000000000002    1.0498317264963496e-11
28.000000000000004    1.0079526991273137e-11
28.1    9.673035841276332e-12
28.200000000000003    9.278606331240388e-12
28.300000000000004    8.896003380567855e-12
28.400000000000002    8.524994317135567e-12
28.500000000000004    8.16534888127799e-12
28.6    7.81683922846067e-12
28.700000000000003    7.4792399306933e-12
28.800000000000004    7.152327976741233e-12
28.900000000000002    6.835882771170903e-12
29.000000000000004    6.529686132278834e-12
29.1    6.233522288958894e-12
29.200000000000003    5.947177876540299e-12
29.300000000000004    5.6704419316404885e-12
29.400000000000002    5.403105886085309e-12
29.500000000000004    5.144963559925603e-12
29.6    4.8958111535900505e-12
29.700000000000003    4.655447239225244e-12
29.800000000000004    4.423672751244856e-12
29.900000000000002    4.200290976131223e-12
30.000000000000004    3.985107541527204e-12
30.1    3.777930404648169e-12
30.200000000000003    3.5785698400499645e-12
30.300000000000004    3.386838426779994e-12
30.400000000000002    3.2025510349523682e-12
30.500000000000004    3.0255248117673225e-12
30.6    2.8555791670111237e-12
30.700000000000003    2.6925357580648592e-12
30.800000000000004    2.536218474439032e-12
30.900000000000002    2.386453421883674e-12
31.000000000000004    2.2430689060711044e-12
31.1    2.105895415900907e-12
31.200000000000003    1.974765606439627e-12
31.300000000000004    1.8495142815177203e-12
31.400000000000002    1.7299783760116798e-12
31.500000000000004    1.6159969378346796e-12
31.6    1.5074111096470714e-12
31.700000000000003    1.4040641103205773e-12
31.800000000000004    1.3058012161636236e-12
31.900000000000002    1.212469741939738e-12
32.    1.123919021683206e-12
32.1    1.0400003893426085e-12
32.2    9.605671592637596e-13
32.300000000000004    8.854746065271687e-13
32.400000000000006    8.145799471584117e-13
32.5    7.477423182307331e-13
32.6    6.848227578636248e-13
32.7    6.256841851437967e-13
32.800000000000004    5.701913799775813e-13
32.900000000000006    5.18210962883276e-13
33.    4.696113747439463e-13
33.1    4.242628565290762e-13
33.2    3.820374289988951e-13
33.300000000000004    3.428088723937714e-13
33.400000000000006    3.064527061374553e-13
33.5    2.728461685448416e-13
33.6    2.4186819655948454e-13
33.7    2.1339940551625714e-13
33.800000000000004    1.8732206895664517e-13
33.900000000000006    1.6352009848519266e-13
34.    1.4187902368923181e-13
34.1    1.2228597212399247e-13
34.2    1.0462964937693915e-13
34.300000000000004    8.880031920533667e-14
34.400000000000006    7.468978376761353e-14
34.5    6.219136395144042e-14
34.6    5.1199879797954555e-14
34.7    4.1611631036815377e-14
34.800000000000004    3.332437773244763e-14
34.900000000000006    2.6237321047138866e-14
35.    2.025108413334232e-14
35.1    1.5267693141600624e-14
35.2    1.1190558373524523e-14
35.300000000000004    7.92445556380038e-15
35.400000000000006    5.3755073014869446e-15
35.5    3.4511646028664103e-15
35.6    2.060188622641773e-15
35.7    1.1126325196637782e-15
35.800000000000004    5.198234797957676e-16
35.900000000000006    1.943448896874936e-16
36.    5.0018672049034927e-17
36.1    4.7874601710522365e-18
