0.1    4.4373038459998943e-13
0.2    1.9172095182103515e-12
0.30000000000000004    4.6813976180241234e-12
0.4    8.984731922481094e-12
0.5    1.5063404511580514e-11
0.6    2.3141638633904314e-11
0.7000000000000001    3.343196338914521e-11
0.8    4.6135486622929454e-11
0.9    6.144216589845896e-11
1.    7.953107741697721e-11
1.1    1.0057068276629624e-10
1.2000000000000002    1.247190933836123e-10
1.3000000000000003    1.5212433262559422e-10
1.4000000000000001    1.829245953452535e-10
1.5000000000000002    2.1724850488141113e-10
1.6    2.5521536737265747e-10
1.7000000000000002    2.9693542331358284e-10
1.8000000000000003    3.425100962767169e-10
1.9000000000000001    3.9203223872908847e-10
2.    4.45586374877591e-10
2.1    5.032489404824143e-10
2.2    5.650885195827098e-10
2.3000000000000003    6.311660780833722e-10
2.4000000000000004    7.015351941563609e-10
2.5000000000000004    7.762422854143638e-10
2.6    8.553268328188078e-10
2.7    9.38821601288276e-10
2.8000000000000003    1.0267528569772776e-9
2.9000000000000004    1.1191405811990517e-9
3.0000000000000004    1.2159986809696958e-9
3.1    1.3173351961543348e-9
3.2    1.4231525031993768e-9
3.3000000000000003    1.53344751543806e-9
3.4000000000000004    1.6482118799595518e-9
3.5000000000000004    1.7674321710347727e-9
3.6    1.8910900800948887e-9
3.7    2.019162602261138e-9
3.8000000000000003    2.15162221942715e-9
3.9000000000000004    2.288437079897405e-9
4.    2.4295711745877926e-9
4.1    2.574984509796463e-9
4.2    2.7246332765552746e-9
4.3    2.8784700165741794e-9
4.3999999999999995    3.0364437847928104e-9
4.5    3.1985003085553526e-9
4.6    3.3645821434265403e-9
4.7    3.534628825668283e-9
4.8    3.7085770213979195e-9
4.9    3.88636067245073e-9
5.    4.067911138970554e-9
5.1    4.253157338753868e-9
5.2    4.442025883373791e-9
5.3    4.634441211111754e-9
5.4    4.830325716725653e-9
5.5    5.02959987808432e-9
5.6    5.232182379699177e-9
5.7    5.437990233184806e-9
5.8    5.646938894681042e-9
5.9    5.858942379270015e-9
6.    6.073913372422217e-9
6.1    6.291763338506491e-9
6.2    6.512402626399341e-9
6.3    6.735740572229564e-9
6.4    6.961685599294882e-9
6.5    7.190145315187439e-9
6.6    7.421026606165813e-9
6.7    7.654235728811269e-9
6.8    7.889678399006577e-9
6.9    8.127259878275859e-9
7.    8.36688505752428e-9
7.1    8.608458538216647e-9
7.2    8.851884711034087e-9
7.3    9.097067832048233e-9
7.4    9.343912096452433e-9
7.5    9.592321709889574e-9
7.6    9.842200957416222e-9
7.7    1.0093454270142794e-8
7.8    1.034598628958946e-8
7.9    1.0599701929797524e-8
8.    1.0854506437235893e-8
8.1    1.1110305448542268e-8
8.2    1.1367005046138555e-8
8.3    1.1624511811759792e-8
8.4    1.1882732877936002e-8
8.5    1.2141575977465905e-8
8.6    1.240094949092146e-8
8.7    1.266076249222199e-8
8.8    1.2920924792316317e-8
8.9    1.3181346981011218e-8
9.    1.3441940466984275e-8
9.1    1.37026175160188e-8
9.2    1.3963291287498355e-8
9.3    1.4223875869198093e-8
9.4    1.4484286310409824e-8
9.5    1.4744438653437367e-8
9.6    1.500424996349842e-8
9.700000000000001    1.5263638357069e-8
9.8    1.5522523028705854e-8
9.9    1.578082427638222e-8
10.    1.6038463525371808e-8
10.1    1.6295363350715307e-8
10.200000000000001    1.655144749830375e-8
10.3    1.6806640904612375e-8
10.4    1.7060869715118313e-8
10.5    1.7314061301435046e-8
10.6    1.756614427719619e-8
10.700000000000001    1.7817048512720745e-8
10.8    1.8066705148491408e-8
10.9    1.8315046606439294e-8
11.    1.8562006560831264e-8
11.1    1.8807519840746835e-8
11.200000000000001    1.90515224455981e-8
11.3    1.92939516266538e-8
11.4    1.9534745939280577e-8
11.5    1.9773845258103955e-8
11.6    2.0011190782294736e-8
11.700000000000001    2.024672503993645e-8
11.8    2.048039189150212e-8
11.9    2.0712136532466957e-8
12.    2.094190549508355e-8
12.1    2.1169646649345354e-8
12.200000000000001    2.1395309203163986e-8
12.3    2.1618843701785424e-8
12.4    2.1840202026469846e-8
12.5    2.2059337392459135e-8
12.6    2.227620434625612e-8
12.700000000000001    2.2490758762238704e-8
12.8    2.2702957838632023e-8
12.9    2.2912760092860977e-8
13.    2.3120125356305655e-8
13.1    2.332501476848078e-8
13.200000000000001    2.352739077066104e-8
13.3    2.3727217098972916e-8
13.4    2.3924458776973482e-8
13.5    2.4119082107736376e-8
13.6    2.4311054665464555e-8
13.700000000000001    2.4500345286649156e-8
13.8    2.4686924060793222e-8
13.9    2.4870762320719025e-8
14.    2.5051832632476842e-8
14.1    2.523010878487309e-8
14.200000000000001    2.540556577863497e-8
14.3    2.55781798152288e-8
14.4    2.5747928285348516e-8
14.5    2.591478975709036e-8
14.6    2.6078743963830074e-8
14.700000000000001    2.6239771791817584e-8
14.8    2.6397855267504515e-8
14.9    2.6552977544619572e-8
15.    2.6705122891005553e-8
15.1    2.685427667523279e-8
15.200000000000001    2.7000425353002205e-8
15.3    2.7143556453351795e-8
15.4    2.7283658564679174e-8
15.5    2.742072132059338e-8
15.6    2.7554735385607907e-8
15.700000000000001    2.768569244068742e-8
15.8    2.7813585168659646e-8
15.9    2.793840723950416e-8
16.    2.8060153295528975e-8
16.1    2.817881893644591e-8
16.200000000000003    2.8294400704355432e-8
16.3    2.8406896068650873e-8
16.400000000000002    2.8516303410852414e-8
16.500000000000004    2.862262200938027e-8
16.6    2.87258520242765e-8
16.700000000000003    2.8825994481884718e-8
16.8    2.8923051259496418e-8
16.900000000000002    2.901702506997273e-8
17.000000000000004    2.9107919446349513e-8
17.1    2.9195738726434532e-8
17.200000000000003    2.9280488037403974e-8
17.3    2.9362173280406023e-8
17.400000000000002    2.9440801115179085e-8
17.500000000000004    2.9516378944691544e-8
17.6    2.958891489980977e-8
17.700000000000003    2.9658417824001523e-8
17.8    2.9724897258080563e-8
17.900000000000002    2.978836342499903e-8
18.000000000000004    2.984882721469351e-8
18.1    2.990630016899041e-8
18.200000000000003    2.996079446657634e-8
18.3    3.0012322908038736e-8
18.400000000000002    3.006089890098193e-8
18.500000000000004    3.0106536445223517e-8
18.6    3.014925011807603e-8
18.700000000000003    3.018905505971802e-8
18.8    3.022596695865939e-8
18.900000000000002    3.0260002037304894e-8
19.000000000000004    3.0291177037619926e-8
19.1    3.031950920690242e-8
19.200000000000003    3.034501628366444e-8
19.300000000000004    3.0367716483627325e-8
19.400000000000002    3.038762848583295e-8
19.500000000000004    3.040477141887544e-8
19.6    3.041916484725539e-8
19.700000000000003    3.0430828757859636e-8
19.800000000000004    3.043978354657e-8
19.900000000000002    3.044605000500261e-8
20.000000000000004    3.044964930738106e-8
20.1    3.045060299754506e-8
20.200000000000003    3.0448932976097463e-8
20.300000000000004    3.0444661487690886e-8
20.400000000000002    3.043781110845666e-8
20.500000000000004    3.042840473357731e-8
20.6    3.041646556500436e-8
20.700000000000003    3.0402017099323446e-8
20.800000000000004    3.038508311576737e-8
20.900000000000002    3.0365687664379284e-8
21.000000000000004    3.034385505432647e-8
21.1    3.031960984236647e-8
21.200000000000003    3.029297682146598e-8
21.300000000000004    3.026398100957389e-8
21.400000000000002    3.023264763854909e-8
21.500000000000004    3.01990021432436e-8
21.6    3.0163070150741794e-8
21.700000000000003    3.012487746975663e-8
21.800000000000004    3.0084450080182334e-8
21.900000000000002    3.004181412280496e-8
22.000000000000004    2.999699588917051e-8
22.1    2.995002181161092e-8
22.200000000000003    2.990091845342806e-8
22.300000000000004    2.9849712499235925e-8
22.400000000000002    2.979643074546066e-8
22.500000000000004    2.9741100090998636e-8
22.6    2.9683747528032255e-8
22.700000000000003    2.9624400133003413e-8
22.800000000000004    2.9563085057743998e-8
22.900000000000002    2.9499829520763328e-8
23.000000000000004    2.9434660798692293e-8
23.1    2.9367606217883197e-8
23.200000000000003    2.9298693146165148e-8
23.300000000000004    2.9227948984754488e-8
23.400000000000002    2.915540116031926e-8
23.500000000000004    2.908107711719749e-8
23.6    2.900500430976804e-8
23.700000000000003    2.892721019497378e-8
23.800000000000004    2.8847722224995918e-8
23.900000000000002    2.8766567840078578e-8
24.000000000000004    2.8683774461503285e-8
24.1    2.8599369484711433e-8
24.200000000000003    2.851338027257479e-8
24.300000000000004    2.8425834148812362e-8
24.400000000000002    2.8336758391552752e-8
24.500000000000004    2.8246180227041078e-8
24.6    2.815412682348907e-8
24.700000000000003    2.8060625285067445e-8
24.800000000000004    2.7965702646039263e-8
24.900000000000002    2.7869385865033185e-8
25.000000000000004    2.777170181945503e-8
25.1    2.767267730003717e-8
25.200000000000003    2.757233900552354e-8
25.300000000000004    2.7470713537489782e-8
25.400000000000002    2.736782739529665e-8
25.500000000000004    2.726370697117569e-8
25.6    2.7158378545445823e-8
25.700000000000003    2.7051868281859012e-8
25.800000000000004    2.69442022230744e-8
25.900000000000002    2.683540628625899e-8
26.000000000000004    2.672550625881347e-8
26.1    2.6614527794222063e-8
26.200000000000003    2.6502496408024582e-8
26.300000000000004    2.6389437473909692e-8
26.400000000000002    2.627537621992759e-8
26.500000000000004    2.616033772482063e-8
26.6    2.6044346914470686e-8
26.700000000000003    2.592742855846172e-8
26.800000000000004    2.5809607266755604e-8
26.900000000000002    2.5690907486480534e-8
27.000000000000004    2.5571353498829817e-8
27.1    2.5450969416069936e-8
27.200000000000003    2.532977917865619e-8
27.300000000000004    2.52078065524546e-8
27.400000000000002    2.508507512606842e-8
27.500000000000004    2.496160830826782e-8
27.6    2.483742932552107e-8
27.700000000000003    2.4712561219626227e-8
27.800000000000004    2.458702684544116e-8
27.900000000000002    2.446084886871068e-8
28.000000000000004    2.4334049763989758e-8
28.1    2.4206651812660328e-8
28.200000000000003    2.4078677101041236e-8
28.300000000000004    2.3950147518588878e-8
28.400000000000002    2.3821084756188233e-8
28.500000000000004    2.3691510304531275e-8
28.6    2.3561445452582778e-8
28.700000000000003    2.343091128613106e-8
28.800000000000004    2.329992868642274e-8
28.900000000000002    2.3168518328879586e-8
29.000000000000004    2.303670068189659e-8
29.1    2.2904496005719286e-8
29.200000000000003    2.2771924351399185e-8
29.300000000000004    2.2639005559825777e-8
29.400000000000002    2.2505759260833833e-8
29.500000000000004    2.23722048723845e-8
29.6    2.223836159981853e-8
29.700000000000003    2.210424843518086e-8
29.800000000000004    2.1969884156614652e-8
29.900000000000002    2.1835287327823544e-8
30.000000000000004    2.170047629760097e-8
30.1    2.1565469199424748e-8
30.200000000000003    2.1430283951116215e-8
30.300000000000004    2.129493825456211e-8
30.400000000000002    2.115944959549784e-8
30.500000000000004    2.102383524335147e-8
30.6    2.0888112251146084e-8
30.700000000000003    2.0752297455460417e-8
30.800000000000004    2.0616407476445688e-8
30.900000000000002    2.048045871789748e-8
31.000000000000004    2.0344467367381655e-8
31.1    2.0208449396413205e-8
31.200000000000003    2.007242056068607e-8
31.300000000000004    1.9936396400353823e-8
31.400000000000002    1.9800392240358884e-8
31.500000000000004    1.966442319081017e-8
31.6    1.9528504147406904e-8
31.700000000000003    1.9392649791908593e-8
31.800000000000004    1.9256874592649036e-8
31.900000000000002    1.912119280509371e-8
32.    1.898561847243964e-8
32.1    1.8850165426255914e-8
32.2    1.8714847287164505e-8
32.300000000000004    1.857967746556005e-8
32.400000000000006    1.8444669162367327e-8
32.5    1.8309835369835675e-8
32.6    1.8175188872369105e-8
32.7    1.8040742247391427e-8
32.800000000000004    1.7906507866244748e-8
32.900000000000006    1.777249789512115e-8
33.    1.7638724296025817e-8
33.1    1.7505198827771266e-8
33.2    1.7371933047001256e-8
33.300000000000004    1.7238938309243712e-8
33.400000000000006    1.7106225769991668e-8
33.5    1.6973806385811263e-8
33.6    1.68416909154759e-8
33.7    1.6709889921125936e-8
33.800000000000004    1.6578413769452433e-8
33.900000000000006    1.644727263290487e-8
34.    1.6316476490921342e-8
34.1    1.618603513118072e-8
34.2    1.6055958150876028e-8
34.300000000000004    1.5926254958007817e-8
34.400000000000006    1.579693477269738e-8
34.5    1.5668006628518356e-8
34.6    1.5539479373846437e-8
34.7    1.5411361673226244e-8
34.800000000000004    1.528366200875461e-8
34.900000000000006    1.5156388681479572e-8
35.    1.5029549812814465e-8
35.1    1.4903153345966075e-8
35.2    1.4777207047376697e-8
35.300000000000004    1.4651718508178868e-8
35.400000000000006    1.4526695145662501e-8
35.5    1.4402144204753604e-8
35.6    1.4278072759503804e-8
35.7    1.415448771459045e-8
35.800000000000004    1.403139580682631e-8
35.900000000000006    1.39088036066783e-8
36.    1.3786717519794803e-8
36.1    1.3665143788540933e-8
36.2    1.3544088493541148e-8
36.300000000000004    1.3423557555228516e-8
36.400000000000006    1.330355673540052e-8
36.5    1.3184091638780221e-8
36.6    1.3065167714582912e-8
36.7    1.2946790258087158e-8
36.800000000000004    1.2828964412210277e-8
36.900000000000006    1.2711695169087212e-8
37.    1.259498737165278e-8
37.1    1.2478845715226492e-8
37.2    1.2363274749099768e-8
37.300000000000004    1.2248278878124804e-8
37.400000000000006    1.2133862364304783e-8
37.5    1.2020029328385118e-8
37.6    1.1906783751445065e-8
37.7    1.1794129476489568e-8
37.800000000000004    1.1682070210040466e-8
37.900000000000006    1.1570609523727442e-8
38.    1.1459750855877458e-8
38.1    1.1349497513102863e-8
38.2    1.1239852671887727e-8
38.300000000000004    1.1130819380171908e-8
38.400000000000006    1.1022400558932549e-8
38.50000000000001    1.0914599003762674e-8
38.6    1.0807417386446662e-8
38.7    1.0700858256532063e-8
38.800000000000004    1.0594924042897623e-8
38.900000000000006    1.0489617055317226e-8
39.00000000000001    1.0384939486019164e-8
39.1    1.028089341124093e-8
39.2    1.0177480792778771e-8
39.300000000000004    1.0074703479532012e-8
39.400000000000006    9.972563209041998e-9
39.50000000000001    9.87106160902489e-9
39.6    9.770200198898665e-9
39.7    9.669980391303652e-9
39.800000000000004    9.570403493616677e-9
39.900000000000006    9.471470709458247e-9
40.00000000000001    9.373183140192945e-9
40.1    9.275541786422478e-9
40.2    9.178547549471325e-9
40.300000000000004    9.08220123286491e-9
40.400000000000006    8.986503543799832e-9
40.50000000000001    8.891455094606186e-9
40.6    8.79705640420168e-9
40.7    8.703307899537392e-9
40.800000000000004    8.610209917035162e-9
40.900000000000006    8.517762704016107e-9
41.00000000000001    8.425966420120515e-9
41.1    8.334821138718577e-9
41.2    8.244326848312227e-9
41.300000000000004    8.154483453927473e-9
41.400000000000006    8.065290778497647e-9
41.50000000000001    7.976748564236855e-9
41.6    7.888856474003986e-9
41.7    7.801614092656928e-9
41.800000000000004    7.715020928396899e-9
41.900000000000006    7.629076414102862e-9
42.00000000000001    7.543779908655887e-9
42.1    7.459130698253305e-9
42.2    7.375127997712615e-9
42.300000000000004    7.291770951765241e-9
42.400000000000006    7.20905863633958e-9
42.50000000000001    7.126990059833798e-9
42.6    7.045564164378017e-9
42.7    6.964779827085747e-9
42.800000000000004    6.884635861294893e-9
42.900000000000006    6.805131017797751e-9
43.00000000000001    6.726263986060311e-9
43.1    6.648033395430786e-9
43.2    6.570437816337105e-9
43.300000000000004    6.493475761473543e-9
43.400000000000006    6.417145686976374e-9
43.50000000000001    6.341445993588471e-9
43.6    6.266375027812872e-9
43.7    6.1919310830553454e-9
43.800000000000004    6.11811240075568e-9
43.900000000000006    6.044917171508062e-9
44.00000000000001    5.972343536170193e-9
44.1    5.900389586961244e-9
44.2    5.829053368548684e-9
44.300000000000004    5.758332879124039e-9
44.400000000000006    5.688226071467093e-9
44.50000000000001    5.6187308539995746e-9
44.6    5.54984509182692e-9
44.7    5.481566607769338e-9
44.800000000000004    5.413893183381648e-9
44.900000000000006    5.346822559961711e-9
45.00000000000001    5.2803524395480235e-9
45.1    5.214480485905956e-9
45.2    5.149204325502934e-9
45.300000000000004    5.084521548472519e-9
45.400000000000006    5.020429709567411e-9
45.50000000000001    4.956926329101487e-9
45.6    4.8940088938804535e-9
45.7    4.8316748581220356e-9
45.800000000000004    4.76992164436467e-9
45.900000000000006    4.708746644365601e-9
46.00000000000001    4.6481472199879115e-9
46.1    4.5881207040766545e-9
46.2    4.528664401324286e-9
46.300000000000004    4.469775589125112e-9
46.400000000000006    4.411451518419154e-9
46.50000000000001    4.353689414525135e-9
46.6    4.296486477962909e-9
46.7    4.239839885265268e-9
46.800000000000004    4.183746789779009e-9
46.900000000000006    4.128204322455709e-9
47.00000000000001    4.0732095926318185e-9
47.1    4.018759688798392e-9
47.2    3.964851679360541e-9
47.300000000000004    3.9114826133863534e-9
47.400000000000006    3.858649521345768e-9
47.50000000000001    3.806349415839065e-9
47.6    3.7545792923153575e-9
47.7    3.7033361297807807e-9
47.800000000000004    3.652616891496925e-9
47.900000000000006    3.6024185256690456e-9
48.00000000000001    3.5527379661244555e-9
48.1    3.503572132981188e-9
48.2    3.4549179333066483e-9
48.300000000000004    3.4067722617666633e-9
48.400000000000006    3.359132001265046e-9
48.50000000000001    3.311994023573182e-9
48.6    3.26535518995042e-9
48.7    3.2192123517549737e-9
48.800000000000004    3.1735623510452687e-9
48.900000000000006    3.128402021172138e-9
49.00000000000001    3.083728187361739e-9
49.1    3.039537667289238e-9
49.2    2.99582727164344e-9
49.300000000000004    2.9525938046824126e-9
49.400000000000006    2.909834064780041e-9
49.50000000000001    2.8675448449639082e-9
49.6    2.8257229334440646e-9
49.7    2.784365114133339e-9
49.800000000000004    2.743468167158772e-9
49.900000000000006    2.7030288693646716e-9
50.00000000000001    2.663043994806899e-9
50.1    2.623510315238874e-9
50.2    2.584424600589236e-9
50.300000000000004    2.5457836194310886e-9
50.400000000000006    2.5075841394430617e-9
50.50000000000001    2.4698229278623433e-9
50.6    2.432496751929478e-9
50.7    2.3956023793253094e-9
50.800000000000004    2.3591365785999193e-9
50.900000000000006    2.32309611959374e-9
51.00000000000001    2.287477773850957e-9
51.1    2.2522783150251865e-9
51.2    2.217494519277542e-9
51.300000000000004    2.1831231656671354e-9
51.400000000000006    2.1491610365341944e-9
51.50000000000001    2.115604917875728e-9
51.6    2.0824515997139792e-9
51.7    2.049697876457424e-9
51.800000000000004    2.0173405472549943e-9
51.900000000000006    1.9853764163428383e-9
52.00000000000001    1.953802293384273e-9
52.1    1.9226149938028565e-9
52.2    1.8918113391084123e-9
52.300000000000004    1.8613881572165335e-9
52.400000000000006    1.8313422827611473e-9
52.50000000000001    1.8016705574005902e-9
52.6    1.7723698301170998e-9
52.7    1.7434369575098942e-9
52.800000000000004    1.7148688040816554e-9
52.900000000000006    1.6866622425189415e-9
53.00000000000001    1.6588141539661632e-9
53.1    1.6313214282934028e-9
53.2    1.6041809643582447e-9
53.300000000000004    1.5773896702614615e-9
53.400000000000006    1.5509444635967135e-9
53.50000000000001    1.524842271694442e-9
53.6    1.4990800318599566e-9
53.7    1.473654691605683e-9
53.800000000000004    1.4485632088778212e-9
53.900000000000006    1.4238025522773477e-9
54.00000000000001    1.3993697012755344e-9
54.1    1.3752616464240055e-9
54.2    1.351475389559262e-9
54.300000000000004    1.3280079440021535e-9
54.400000000000006    1.3048563347518788e-9
54.50000000000001    1.2820175986748202e-9
54.6    1.2594887846884143e-9
54.7    1.2372669539397693e-9
54.800000000000004    1.2153491799794934e-9
54.900000000000006    1.1937325489304672e-9
55.00000000000001    1.1724141596518624e-9
55.1    1.1513911238982956e-9
55.2    1.1306605664744e-9
55.300000000000004    1.1102196253845507e-9
55.400000000000006    1.090065451978193e-9
55.50000000000001    1.0701952110906344e-9
55.6    1.0506060811791715e-9
55.7    1.031295254455096e-9
55.800000000000004    1.0122599370112607e-9
55.900000000000006    9.934973489452962e-10
56.00000000000001    9.750047244787595e-10
56.1    9.567793120720631e-10
56.2    9.388183745353515e-10
56.300000000000004    9.211191891353078e-10
56.400000000000006    9.03679047698091e-10
56.50000000000001    8.864952567082971e-10
56.6    8.695651374040897e-10
56.7    8.528860258685645e-10
56.800000000000004    8.364552731173703e-10
56.900000000000006    8.20270245182723e-10
57.00000000000001    8.043283231936842e-10
57.1    7.886269034530186e-10
57.2    7.731633975104836e-10
57.300000000000004    7.579352322327086e-10
57.400000000000006    7.429398498695973e-10
57.50000000000001    7.281747081175531e-10
57.6    7.136372801793224e-10
57.7    6.993250548205955e-10
57.800000000000004    6.852355364235148e-10
57.900000000000006    6.713662450370228e-10
58.00000000000001    6.577147164241097e-10
58.1    6.442785021061555e-10
58.2    6.310551694041045e-10
58.300000000000004    6.180423014769656e-10
58.400000000000006    6.052374973573445e-10
58.50000000000001    5.92638371984035e-10
58.6    5.802425562320972e-10
58.7    5.680476969400221e-10
58.800000000000004    5.560514569342911e-10
58.900000000000006    5.442515150513434e-10
59.00000000000001    5.326455661568595e-10
59.1    5.212313211627348e-10
59.2    5.100065070413169e-10
59.300000000000004    4.989688668373972e-10
59.400000000000006    4.881161596776638e-10
59.50000000000001    4.774461607779591e-10
59.6    4.669566614480618e-10
59.7    4.5664546909442505e-10
59.800000000000004    4.4651040722049706e-10
59.900000000000006    4.3654931542491555e-10
60.00000000000001    4.267600493977219e-10
60.1    4.171404809142128e-10
60.2    4.0768849782700015e-10
60.300000000000004    3.98402004055957e-10
60.400000000000006    3.89278919576084e-10
60.50000000000001    3.8031718040370486e-10
60.6    3.7151473858049806e-10
60.7    3.62869562155855e-10
60.800000000000004    3.54379635167385e-10
60.900000000000006    3.460429576195707e-10
61.00000000000001    3.3785754546080224e-10
61.1    3.298214305586174e-10
61.2    3.2193266067328816e-10
61.300000000000004    3.141892994298844e-10
61.400000000000006    3.0658942628853475e-10
61.50000000000001    2.991311365133678e-10
61.6    2.9181254113970665e-10
61.7    2.84631766939956e-10
61.800000000000004    2.775869563879056e-10
61.900000000000006    2.706762676216534e-10
62.00000000000001    2.638978744051844e-10
62.1    2.572499660884954e-10
62.2    2.5073074756647724e-10
62.300000000000004    2.443384392364279e-10
62.400000000000006    2.380712769543778e-10
62.50000000000001    2.3192751199008932e-10
62.6    2.2590541098098073e-10
62.7    2.2000325588475907e-10
62.800000000000004    2.1421934393087062e-10
62.900000000000006    2.0855198757104603e-10
63.00000000000001    2.0299951442856353e-10
63.1    1.9756026724643778e-10
63.2    1.9223260383478432e-10
63.300000000000004    1.870148970169711e-10
63.400000000000006    1.8190553457484143e-10
63.50000000000001    1.7690291919306697e-10
63.6    1.7200546840249883e-10
63.7    1.6721161452261038e-10
63.800000000000004    1.625198046031369e-10
63.900000000000006    1.5792850036479994e-10
64.    1.5343617813921857e-10
64.1    1.4904132880806892e-10
64.2    1.447424577414034e-10
64.3    1.4053808473525168e-10
64.39999999999999    1.3642674394846747e-10
64.5    1.3240698383893514e-10
64.6    1.2847736709897125e-10
64.7    1.2463647059018906e-10
64.8    1.208828852776273e-10
64.89999999999999    1.172152161633687e-10
65.    1.1363208221939928e-10
65.1    1.1013211632003865e-10
65.2    1.0671396517377299e-10
65.3    1.0337628925447585e-10
65.39999999999999    1.0011776273220083e-10
65.5    9.69370734034788e-11
65.6    9.383292262105035e-11
65.7    9.080402522322831e-11
65.8    8.784910946275957e-11
65.89999999999999    8.496691693531092e-11
66.    8.21562025075192e-11
66.1    7.941573424460726e-11
66.2    7.674429333780167e-11
66.3    7.414067403112119e-11
66.39999999999999    7.160368354816577e-11
66.5    6.913214201819833e-11
66.6    6.672488240228024e-11
66.7    6.438075041896058e-11
66.8    6.209860446959703e-11
66.89999999999999    5.987731556357933e-11
67.    5.771576724327495e-11
67.1    5.5612855508673576e-11
67.2    5.356748874190541e-11
67.3    5.157858763145891e-11
67.39999999999999    4.9645085096372265e-11
67.5    4.7765926210071817e-11
67.6    4.5940068124146826e-11
67.7    4.4166479991972004e-11
67.8    4.2444142892263775e-11
67.89999999999999    4.077204975237311e-11
68.    3.9149205271489564e-11
68.1    3.7574625843925934e-11
68.2    3.604733948218977e-11
68.3    3.456638573985274e-11
68.39999999999999    3.313081563471186e-11
68.5    3.173969157146688e-11
68.6    3.03920872647492e-11
68.7    2.908708766193518e-11
68.8    2.7823788865870292e-11
68.89999999999999    2.6601298057803087e-11
69.    2.541873342012544e-11
69.1    2.42752240592362e-11
69.2    2.3169909928406554e-11
69.3    2.210194175067807e-11
69.39999999999999    2.107048094172099e-11
69.5    2.0074699532989485e-11
69.6    1.9113780094572322e-11
69.7    1.818691565845884e-11
69.8    1.7293309641657743e-11
69.89999999999999    1.643217576953671e-11
70.    1.560273799915932e-11
70.1    1.48042304427668e-11
70.2    1.403589729142268e-11
70.3    1.3296992738672166e-11
70.39999999999999    1.2586780904427353e-11
70.5    1.1904535758898573e-11
70.6    1.124954104670239e-11
70.7    1.062109021122417e-11
70.8    1.0018486318863326e-11
70.89999999999999    9.441041983797201e-12
71.    8.888079292561178e-12
71.1    8.35892972907537e-12
71.2    7.85293409971479e-12
71.3    7.369442458594231e-12
71.39999999999999    6.907814033026148e-12
71.5    6.4674171492263106e-12
71.6    6.047629158168231e-12
71.7    5.6478363617053305e-12
71.8    5.267433938833343e-12
71.89999999999999    4.905825872239096e-12
72.    4.56242487503726e-12
72.1    4.236652317749752e-12
72.2    3.927938155496246e-12
72.3    3.6357208554826168e-12
72.39999999999999    3.359447324650785e-12
72.5    3.0985728376235018e-12
72.6    2.8525609649461305e-12
72.7    2.6208835014201706e-12
72.8    2.4030203949687157e-12
72.89999999999999    2.198459675440366e-12
73.    2.006697383955212e-12
73.1    1.827237502370584e-12
73.2    1.6595918831235296e-12
73.3    1.503280179144023e-12
73.39999999999999    1.357829774386774e-12
73.5    1.2227757143086483e-12
73.6    1.0976606368578338e-12
73.7    9.820347036855524e-13
73.8    8.754555315574744e-13
73.89999999999999    7.774881242750391e-13
74.    6.87704804665444e-13
74.1    6.056851470413473e-13
74.2    5.310159098430455e-13
74.3    4.632909686994108e-13
74.39999999999999    4.021112497166347e-13
74.5    3.4708466310479816e-13
74.6    2.9782603711100377e-13
74.7    2.5395705229656966e-13
74.8    2.1510617606943971e-13
74.89999999999999    1.8090859760336654e-13
75.    1.510061630869047e-13
75.1    1.2504731113319707e-13
75.2    1.0268700878595724e-13
75.3    8.358668762034734e-14
75.39999999999999    6.741418729563047e-14
75.5    5.38449684486473e-14
75.6    4.256349775060884e-14
75.7    3.3264267820836666e-14
75.8    2.5685798199384403e-14
75.89999999999999    1.959495742583195e-14
76.    1.476636384916443e-14
76.1    1.0985478547380285e-14
76.2    8.046667308545733e-15
76.3    5.7838376834682666e-15
76.39999999999999    4.05449373887407e-15
76.5    2.7427989131840143e-15
76.6    1.778487386605697e-15
76.7    1.0974675017629116e-15
76.8    6.370654014890569e-16
76.9    3.3648361040514317e-16
77.    1.5029569092728372e-16
77.1    5.0028527715853103e-17
77.2    8.732044345448532e-18
77.3    8.534372888242884e-20
