0.1    0.0006531444654226772
0.2    0.0006466591968610867
0.30000000000000004    0.000640233481078505
0.4    0.0006338668606946963
0.5    0.0006275588803351985
0.6    0.000621309086651015
0.7000000000000001    0.0006151170283375714
0.8    0.0006089822561529504
0.9    0.0006029043229354166
1.    0.0005968827836202484
1.1    0.000590917195255887
1.2000000000000002    0.0005850071170194171
1.3000000000000003    0.0005791521102313908
1.4000000000000001    0.0005733517383700106
1.5000000000000002    0.0005676055670846783
1.6    0.0005619131642089293
1.7000000000000002    0.0005562740997727565
1.8000000000000003    0.0005506879460143439
1.9000000000000001    0.0005451542773912128
2.    0.0005396726705908013
2.1    0.0005342427045404808
2.2    0.0005288639604170253
2.3000000000000003    0.0005235360216555424
2.4000000000000004    0.0005182584739578776
2.5000000000000004    0.000513030905300503
2.6    0.0005078529059418998
2.7    0.0005027240684294445
2.8000000000000003    0.0004976439876058134
2.9000000000000004    0.0004926122606149075
3.0000000000000004    0.0004876284869073159
3.1    0.0004826922682453207
3.2    0.0004778032087074597
3.3000000000000003    0.00047296091469264815
3.4000000000000004    0.00046816499492387655
3.5000000000000004    0.00046341506045148915
3.6    0.0004587107246560535
3.7    0.00045405160325082816
3.8000000000000003    0.00044943731428384153
3.9000000000000004    0.00044486747813958554
4.    0.0004403417175403346
4.1    0.0004358596575470994
4.2    0.00043142092556022055
4.3    0.00042702515131961443
4.3999999999999995    0.0004226719669046745
4.5    0.0004183610067338375
4.6    0.0004140919075638261
4.7    0.00040986430848856745
4.8    0.00040567785093780314
4.9    0.00040153217867539156
5.    0.00039742693779731554
5.1    0.00039336177672939625
5.2    0.0003893363462247241
5.3    0.0003853502993608146
5.4    0.00038140329153649
5.5    0.00037749498046850123
5.6    0.00037362502618788957
5.7    0.00036979309103609824
5.8    0.0003659988396608392
5.9    0.00036224193901172153
6.    0.00035852205833564665
6.1    0.000354838869171977
6.2    0.00035119204534748494
6.3    0.00034758126297108384
6.4    0.00034400620042835235
6.5    0.0003404665383758539
6.6    0.0003369619597352568
6.7    0.00033349214968726184
6.8    0.0003300567956653417
6.9    0.0003266555873492977
7.    0.00032328821665863946
7.1    0.0003199543777457899
7.2    0.0003166537669891245
7.3    0.0003133860829858461
7.4    0.0003101510265447021
7.5    0.00030694830067854774
7.6    0.00030377761059676
7.7    0.000300638663697507
7.8    0.00029753116955987745
7.9    0.0002944548399358739
8.    0.00029140938874227347
8.1    0.000288394532052363
8.2    0.00028540998808754807
8.3    0.00028245547720884506
8.4    0.00027953072190825627
8.5    0.0002766354468000334
8.6    0.000273769378611834
8.7    0.0002709322461757724
8.8    0.00026812378041937175
8.9    0.00026534371435641834
9.    0.0002625917830777216
9.1    0.0002598677237417866
9.2    0.00025717127556539754
9.3    0.0002545021798141188
9.4    0.0002518601797927176
9.5    0.00024924502083550703
9.6    0.0002466564502966179
9.700000000000001    0.00024409421754019873
9.8    0.00024155807393054914
9.9    0.0002390477728221875
10.    0.00023656306954985802
10.1    0.00023410372141847847
10.200000000000001    0.00023166948769303198
10.3    0.0002292601295884056
10.4    0.0002268754102591785
10.5    0.00022451509478936118
10.6    0.0002221789501820908
10.700000000000001    0.00021986674534928217
10.8    0.00021757825110123977
10.9    0.00021531324013623042
11.    0.00021307148703002095
11.1    0.00021085276822538278
11.200000000000001    0.00020865686202156523
11.3    0.00020648354856374007
11.4    0.00020433260983241947
11.5    0.0002022038296328496
11.6    0.00020009699358438133
11.700000000000001    0.00019801188910982206
11.8    0.00019594830542476714
11.9    0.00019390603352691669
12.    0.00019188486618537708
12.1    0.00018988459792995053
12.200000000000001    0.0001879050250404127
12.3    0.0001859459455357835
12.4    0.00018400715916358848
12.5    0.00018208846738911613
12.6    0.0001801896733846716
12.700000000000001    0.00017831058201882706
12.8    0.000176450999845673
12.9    0.00017461073509406945
13.    0.00017278959765690063
13.1    0.0001709873990803334
13.200000000000001    0.0001692039525530809
13.3    0.00016743907289567414
13.4    0.00016569257654974084
13.5    0.00016396428156729523
13.6    0.00016225400760003765
13.700000000000001    0.0001605615758886682
13.8    0.00015888680925221205
13.9    0.0001572295320773617
14.    0.00015558957030783379
14.1    0.00015396675143374426
14.200000000000001    0.00015236090448100099
14.3    0.00015077186000071716
14.4    0.00014919945005864457
14.5    0.00014764350822462824
14.6    0.00014610386956208523
14.700000000000001    0.00014458037061750565
14.8    0.00014307284940997953
14.9    0.00014158114542074868
15.    0.00014010509958278615
15.1    0.00013864455427040198
15.200000000000001    0.00013719935328887858
15.3    0.0001357693418641347
15.4    0.0001343543666324199
15.5    0.0001329542756300396
15.6    0.00013156891828311265
15.700000000000001    0.0001301981453973601
15.8    0.00012884180914792868
15.9    0.00012749976306924754
16.    0.00012617186204491918
16.1    0.00012485796229764692
16.200000000000003    0.0001235579213791976
16.3    0.00012227159816040087
16.400000000000002    0.00012099885282118602
16.500000000000004    0.00011973954684065717
16.6    0.00011849354298720584
16.700000000000003    0.00011726070530866336
16.8    0.00011604089912249276
16.900000000000002    0.00011483399100602037
17.000000000000004    0.00011363984878670835
17.1    0.0001124583415324685
17.200000000000003    0.00011128933954201702
17.3    0.00011013271433527188
17.400000000000002    0.00010898833864379216
17.500000000000004    0.00010785608640126103
17.6    0.00010673583273401113
17.700000000000003    0.00010562745395159417
17.8    0.00010453082753739456
17.900000000000002    0.00010344583213928739
18.000000000000004    0.00010237234756034104
18.1    0.00010131025474956536
18.200000000000003    0.00010025943579270463
18.3    0.0000992197739030768
18.400000000000002    0.00009819115341245861
18.500000000000004    0.00009717345976201665
18.6    0.0000961665794932859
18.700000000000003    0.00009517040023919371
18.8    0.0000941848107151323
18.900000000000002    0.0000932097007100774
19.000000000000004    0.00009224496107775516
19.1    0.00009129048372785656
19.200000000000003    0.00009034616161729922
19.300000000000004    0.00008941188874153806
19.400000000000002    0.00008848756012592364
19.500000000000004    0.00008757307181710938
19.6    0.00008666832087450686
19.700000000000003    0.00008577320536179015
19.800000000000004    0.00008488762433844863
19.900000000000002    0.00008401147785138946
20.000000000000004    0.00008314466692658799
20.1    0.00008228709356078831
20.200000000000003    0.00008143866071325261
20.300000000000004    0.00008059927228412087
20.400000000000002    0.0000797688330078622
20.500000000000004    0.0000789472484969721
20.6    0.00007813442525271159
20.700000000000003    0.00007733027069465108
20.800000000000004    0.00007653469316782228
20.900000000000002    0.00007574760193439316
21.000000000000004    0.00007496890716540328
21.1    0.00007419851993256405
21.200000000000003    0.00007343635220012129
21.300000000000004    0.00007268231681678124
21.400000000000002    0.0000719363275076986
21.500000000000004    0.0000711982988665264
21.6    0.0000704681463475274
21.700000000000003    0.00006974578625774663
21.800000000000004    0.00006903113574924417
21.900000000000002    0.0000683241128113882
22.000000000000004    0.00006762463626320783
22.1    0.00006693262574580527
22.200000000000003    0.00006624800171482673
22.300000000000004    0.00006557068543299207
22.400000000000002    0.00006490059896268235
22.500000000000004    0.0000642376651585853
22.6    0.00006358180766039809
22.700000000000003    0.00006293295088558707
22.800000000000004    0.00006229102002220421
22.900000000000002    0.00006165594102175972
23.000000000000004    0.000061027640592150685
23.1    0.00006040604619064513
23.200000000000003    0.000059791086016921285
23.300000000000004    0.00005918268900616189
23.400000000000002    0.00005858078482220276
23.500000000000004    0.000057985303850735684
23.6    0.00005739617719256512
23.700000000000003    0.00005681333665691824
23.800000000000004    0.0000562367147548086
23.900000000000002    0.00005566624469245191
24.000000000000004    0.00005510186036473497
24.1    0.000054543496348736623
24.200000000000003    0.00005399108789730033
24.300000000000004    0.000053444570932658645
24.400000000000002    0.000052903882040108634
24.500000000000004    0.000052368958461738454
24.6    0.000051839738090204376
24.700000000000003    0.00005131615946255819
24.800000000000004    0.000050798161754124605
24.900000000000002    0.00005028568477242834
25.000000000000004    0.00004977866895117042
25.1    0.0000492770553442539
25.200000000000003    0.00004878078561985803
25.300000000000004    0.00004828980205456116
25.400000000000002    0.000047804047527511595
25.500000000000004    0.00004732346551464644
25.6    0.000046848000082958125
25.700000000000003    0.00004637759588480803
25.800000000000004    0.000045912198152287246
25.900000000000002    0.00004545175269162406
26.000000000000004    0.00004499620587763765
26.1    0.00004454550464823823
26.200000000000003    0.000044099596498972706
26.300000000000004    0.00004365842947761613
26.400000000000002    0.00004322195217880839
26.500000000000004    0.000042790113738735534
26.6    0.00004236286382985633
26.700000000000003    0.000041940152655672996
26.800000000000004    0.00004152193094554575
26.900000000000002    0.000041108149949551846
27.000000000000004    0.00004069876143338752
27.1    0.00004029371767331375
27.200000000000003    0.000039892971451144655
27.300000000000004    0.000039496476049278843
27.400000000000002    0.00003910418524577318
27.500000000000004    0.00003871605330945858
27.6    0.00003833203499509794
27.700000000000003    0.0000379520855385855
27.800000000000004    0.00003757616065218777
27.900000000000002    0.00003720421651982509
28.000000000000004    0.00003683620979239485
28.1    0.0000364720975831342
28.200000000000003    0.00003611183746302396
28.300000000000004    0.00003575538745623177
28.400000000000002    0.000035402706035595735
28.500000000000004    0.00003505375211814674
28.6    0.000034708485060670714
28.700000000000003    0.00003436686465530916
28.800000000000004    0.000034028851125198945
28.900000000000002    0.00003369440512015009
29.000000000000004    0.00003336348771236178
29.1    0.000033036060392176496
29.200000000000003    0.00003271208506387145
29.300000000000004    0.00003239152404148741
29.400000000000002    0.00003207434004469515
29.500000000000004    0.00003176049619469783
29.6    0.00003144995601017075
29.700000000000003    0.00003114268340323696
29.800000000000004    0.00003083864267547933
29.900000000000002    0.00003053779851398807
30.000000000000004    0.000030240115987443935
30.1    0.000029945560542236883
30.200000000000003    0.00002965409799861959
30.300000000000004    0.000029365694546895912
30.400000000000002    0.000029080316743643835
30.500000000000004    0.00002879793150797265
30.6    0.000028518506117814403
30.700000000000003    0.00002824200820624899
30.800000000000004    0.000027968405757862772
30.900000000000002    0.00002769766710514075
31.000000000000004    0.000027429760924891386
31.1    0.000027164656234704868
31.200000000000003    0.000026902322389443257
31.300000000000004    0.000026642729077763592
31.400000000000002    0.000026385846318672633
31.500000000000004    0.000026131644458113774
31.6    0.000025880094165585536
31.700000000000003    0.000025631166430791202
31.800000000000004    0.000025384832560319927
31.900000000000002    0.000025141064174358585
32.    0.000024899833203434365
32.1    0.00002466111188518762
32.2    0.00002442487276117529
32.300000000000004    0.000024191088673703975
32.400000000000006    0.000023959732762692933
32.5    0.000023730778462566484
32.6    0.00002350419949917588
32.7    0.00002327996988675009
32.800000000000004    0.000023058063924875367
32.900000000000006    0.000022838456195503723
33.    0.000022621121559989423
33.1    0.000022406035156153842
33.2    0.000022193172395378486
33.300000000000004    0.000021982508959725074
33.400000000000006    0.000021774020799083923
33.5    0.000021567684128349073
33.6    0.000021363475424620613
33.7    0.000021161371424434
33.800000000000004    0.000020961349121015807
33.900000000000006    0.000020763385761566097
34.    0.000020567458844566795
34.1    0.00002037354611711616
34.2    0.000020181625572289122
34.300000000000004    0.000019991675446523053
34.400000000000006    0.000019803674217029005
34.5    0.00001961760059922803
34.6    0.000019433433544212393
34.7    0.00001925115223623185
34.800000000000004    0.000019070736090204057
34.900000000000006    0.000018892164749249617
35.    0.000018715418082251046
35.1    0.000018540476181435864
35.2    0.00001836731935998334
35.300000000000004    0.000018195928149654753
35.400000000000006    0.000018026283298447
35.5    0.00001785836576826952
35.6    0.000017692156732643726
35.7    0.000017527637574425824
35.800000000000004    0.000017364789883551634
35.900000000000006    0.000017203595454804057
36.    0.000017044036285602735
36.1    0.000016886094573815607
36.2    0.000016729752715592284
36.300000000000004    0.000016574993303219124
36.400000000000006    0.000016421799122995662
36.5    0.000016270153153132224
36.6    0.000016120038561668796
36.7    0.00001597143870441464
36.800000000000004    0.00001582433712290863
36.900000000000006    0.000015678717542400078
37.    0.000015534563869849993
37.1    0.00001539186019195236
37.2    0.000015250590773175681
37.300000000000004    0.000015110740053823928
37.400000000000006    0.000014972292648117413
37.5    0.000014835233342293219
37.6    0.000014699547092724418
37.7    0.000014565219024059144
37.800000000000004    0.000014432234427377894
37.900000000000006    0.00001430057875837018
38.    0.000014170237635529388
38.1    0.000014041196838366402
38.2    0.000013913442305641222
38.300000000000004    0.00001378696013361298
38.400000000000006    0.00001366173657430766
38.50000000000001    0.000013537758033803868
38.6    0.000013415011070535928
38.7    0.000013293482393614803
38.800000000000004    0.000013173158861165944
38.900000000000006    0.000013054027478684795
39.00000000000001    0.000012936075397408668
39.1    0.000012819289912706103
39.2    0.00001270365846248247
39.300000000000004    0.000012589168625602255
39.400000000000006    0.000012475808120327847
39.50000000000001    0.000012363564802774393
39.6    0.000012252426665380814
39.7    0.000012142381835396751
39.800000000000004    0.000012033418573385343
39.900000000000006    0.000011925525271741556
40.00000000000001    0.00001181869045322613
40.1    0.000011712902769514765
40.2    0.000011608150999762588
40.300000000000004    0.00001150442404918373
40.400000000000006    0.00001140171094764569
40.50000000000001    0.000011300000848278665
40.6    0.000011199283026099345
40.7    0.000011099546876649407
40.800000000000004    0.000011000781914648234
40.900000000000006    0.000010902977772659962
41.00000000000001    0.000010806124199774549
41.1    0.000010710211060303
41.2    0.000010615228332486127
41.300000000000004    0.000010521166107217273
41.400000000000006    0.000010428014586778561
41.50000000000001    0.00001033576408359044
41.6    0.000010244405018974788
41.7    0.000010153927921930985
41.800000000000004    0.000010064323427925178
41.900000000000006    9.975582277692432e-6
42.00000000000001    9.887695316051689e-6
42.1    9.800653490733543e-6
42.2    9.714447851220283e-6
42.300000000000004    9.629069547598732e-6
42.400000000000006    9.54450982942517e-6
42.50000000000001    9.4607600446026e-6
42.6    9.37781163826994e-6
42.7    9.29565615170338e-6
42.800000000000004    9.214285221229403e-6
42.900000000000006    9.133690577149717e-6
43.00000000000001    9.053864042677634e-6
43.1    8.974797532886109e-6
43.2    8.89648305366704e-6
43.300000000000004    8.818912700701957e-6
43.400000000000006    8.74207865844377e-6
43.50000000000001    8.665973199109737e-6
43.6    8.59058868168516e-6
43.7    8.515917550938136e-6
43.800000000000004    8.44195233644492e-6
43.900000000000006    8.368685651625927e-6
44.00000000000001    8.296110192792313e-6
44.1    8.224218738202867e-6
44.2    8.153004147131345e-6
44.300000000000004    8.082459358943897e-6
44.400000000000006    8.012577392186669e-6
44.50000000000001    7.94335134368343e-6
44.6    7.87477438764298e-6
44.7    7.806839774776495e-6
44.800000000000004    7.73954083142457e-6
44.900000000000006    7.67287095869375e-6
45.00000000000001    7.606823631602726e-6
45.1    7.541392398237849e-6
45.2    7.476570878917924e-6
45.300000000000004    7.412352765368461e-6
45.400000000000006    7.3487318199046515e-6
45.50000000000001    7.285701874623898e-6
45.6    7.223256830606721e-6
45.7    7.1613906571270745e-6
45.800000000000004    7.100097390870979e-6
45.900000000000006    7.039371135164146e-6
46.00000000000001    6.979206059207965e-6
46.1    6.919596397324117e-6
46.2    6.860536448207533e-6
46.300000000000004    6.8020205741878005e-6
46.400000000000006    6.744043200498562e-6
46.50000000000001    6.686598814555346e-6
46.6    6.6296819652412925e-6
46.7    6.5732872622008815e-6
46.800000000000004    6.517409375141594e-6
46.900000000000006    6.462043033143472e-6
47.00000000000001    6.4071830239762175e-6
47.1    6.352824193424186e-6
47.2    6.298961444618721e-6
47.300000000000004    6.245589737378181e-6
47.400000000000006    6.1927040875553564e-6
47.50000000000001    6.140299566392073e-6
47.6    6.088371299881314e-6
47.7    6.036914468136255e-6
47.800000000000004    5.985924304766681e-6
47.900000000000006    5.935396096262253e-6
48.00000000000001    5.885325181382837e-6
48.1    5.8357069505556704e-6
48.2    5.7865368452794075e-6
48.300000000000004    5.737810357534867e-6
48.400000000000006    5.689523029202441e-6
48.50000000000001    5.641670451486219e-6
48.6    5.594248264344453e-6
48.7    5.5472521559267e-6
48.800000000000004    5.500677862017249e-6
48.900000000000006    5.454521165484857e-6
49.00000000000001    5.408777895738811e-6
49.1    5.3634439281911705e-6
49.2    5.318515183725136e-6
49.300000000000004    5.273987628169419e-6
49.400000000000006    5.229857271778713e-6
49.50000000000001    5.186120168720071e-6
49.6    5.142772416565065e-6
49.7    5.099810155787927e-6
49.800000000000004    5.0572295692692214e-6
49.900000000000006    5.015026881805369e-6
50.00000000000001    4.97319835962376e-6
50.1    4.9317403099033294e-6
50.2    4.890649080300783e-6
50.300000000000004    4.849921058482143e-6
50.400000000000006    4.809552671659722e-6
50.50000000000001    4.769540386134506e-6
50.6    4.729880706843574e-6
50.7    4.6905701769130006e-6
50.800000000000004    4.6516053772157215e-6
50.900000000000006    4.612982925934609e-6
51.00000000000001    4.574699478130469e-6
51.1    4.536751725315164e-6
51.2    4.499136395029535e-6
51.300000000000004    4.4618502504263246e-6
51.400000000000006    4.42489008985781e-6
51.50000000000001    4.388252746468294e-6
51.6    4.351935087791281e-6
51.7    4.315934015351274e-6
51.800000000000004    4.2802464642702875e-6
51.900000000000006    4.244869402878879e-6
52.00000000000001    4.2097998323316085e-6
52.1    4.175034786227116e-6
52.2    4.140571330232532e-6
52.300000000000004    4.1064065617122105e-6
52.400000000000006    4.072537609360897e-6
52.50000000000001    4.038961632841059e-6
52.6    4.0056758224245035e-6
52.7    3.972677398638133e-6
52.800000000000004    3.939963611913842e-6
52.900000000000006    3.9075317422425526e-6
53.00000000000001    3.875379098832157e-6
53.1    3.843503019769638e-6
53.2    3.8119008716869176e-6
53.300000000000004    3.7805700494308157e-6
53.400000000000006    3.7495079757367582e-6
53.50000000000001    3.7187121009063053e-6
53.6    3.688179902488494e-6
53.7    3.6579088849649075e-6
53.800000000000004    3.6278965794383743e-6
53.900000000000006    3.5981405433254166e-6
54.00000000000001    3.568638360052242e-6
54.1    3.5393876387542792e-6
54.2    3.5103860139793538e-6
54.300000000000004    3.4816311453941643e-6
54.400000000000006    3.453120717494429e-6
54.50000000000001    3.424852439318267e-6
54.6    3.3968240441630206e-6
54.7    3.3690332893054035e-6
54.800000000000004    3.3414779557249716e-6
54.900000000000006    3.3141558478307826e-6
55.00000000000001    3.2870647931913214e-6
55.1    3.260202642267625e-6
55.2    3.2335672681495328e-6
55.300000000000004    3.2071565662950167e-6
55.400000000000006    3.1809684542726305e-6
55.50000000000001    3.1550008715070387e-6
55.6    3.1292517790274273e-6
55.7    3.10371915921901e-6
55.800000000000004    3.0784010155773982e-6
55.900000000000006    3.0532953724659416e-6
56.00000000000001    3.0284002748758435e-6
56.1    3.0037137881892146e-6
56.2    2.979233997944874e-6
56.300000000000004    2.954959009606915e-6
56.400000000000006    2.930886948336076e-6
56.50000000000001    2.907015958763773e-6
56.6    2.8833442047687826e-6
56.7    2.859869869256647e-6
56.800000000000004    2.836591153941639e-6
56.900000000000006    2.813506279131328e-6
57.00000000000001    2.790613483513744e-6
57.1    2.7679110239469787e-6
57.2    2.745397175251404e-6
57.300000000000004    2.7230702300042238e-6
57.400000000000006    2.7009284983366123e-6
57.50000000000001    2.6789703077331228e-6
57.6    2.657194002833597e-6
57.7    2.6355979452373656e-6
57.800000000000004    2.614180513309801e-6
57.900000000000006    2.5929401019911504e-6
58.00000000000001    2.5718751226076933e-6
58.1    2.5509840026851014e-6
58.2    2.530265185763985e-6
58.300000000000004    2.509717131217785e-6
58.400000000000006    2.489338314072643e-6
58.50000000000001    2.469127224829589e-6
58.6    2.44908236928871e-6
58.7    2.4292022683754996e-6
58.800000000000004    2.4094854579692772e-6
58.900000000000006    2.3899304887335918e-6
59.00000000000001    2.3705359259486953e-6
59.1    2.351300349346059e-6
59.2    2.332222352944753e-6
59.300000000000004    2.3133005448898494e-6
59.400000000000006    2.294533547292772e-6
59.50000000000001    2.2759199960735176e-6
59.6    2.2574585408047583e-6
59.7    2.239147844557801e-6
59.800000000000004    2.2209865837504358e-6
59.900000000000006    2.202973447996561e-6
60.00000000000001    2.185107139957583e-6
60.1    2.167386375195673e-6
60.2    2.149809882028645e-6
60.300000000000004    2.1323764013867556e-6
60.400000000000006    2.1150846866710005e-6
60.50000000000001    2.0979335036133094e-6
60.6    2.0809216301382194e-6
60.7    2.0640478562263865e-6
60.800000000000004    2.0473109837795723e-6
60.900000000000006    2.0307098264873605e-6
61.00000000000001    2.0142432096953934e-6
61.1    1.9979099702752327e-6
61.2    1.9817089564957136e-6
61.300000000000004    1.9656390278959085e-6
61.400000000000006    1.949699055159606e-6
61.50000000000001    1.9338879199912104e-6
61.6    1.9182045149932026e-6
61.7    1.9026477435450363e-6
61.800000000000004    1.88721651968353e-6
61.900000000000006    1.8719097679845684e-6
62.00000000000001    1.8567264234463736e-6
62.1    1.841665431374084e-6
62.2    1.8267257472656686e-6
62.300000000000004    1.8119063366993298e-6
62.400000000000006    1.7972061752221816e-6
62.50000000000001    1.7826242482402047e-6
62.6    1.7681595509096415e-6
62.7    1.7538110880295894e-6
62.800000000000004    1.7395778739359074e-6
62.900000000000006    1.7254589323964226e-6
63.00000000000001    1.7114532965073283e-6
63.1    1.6975600085908904e-6
63.2    1.6837781200942878e-6
63.300000000000004    1.6701066914897626e-6
63.400000000000006    1.6565447921758896e-6
63.50000000000001    1.6430915003800275e-6
63.6    1.6297459030619946e-6
63.7    1.6165070958188269e-6
63.800000000000004    1.6033741827906986e-6
63.900000000000006    1.5903462765679953e-6
64.    1.5774224980994347e-6
64.1    1.5646019766013335e-6
64.2    1.5518838494679278e-6
64.3    1.5392672621828014e-6
64.39999999999999    1.5267513682313102e-6
64.5    1.514335329014092e-6
64.6    1.5020183137616158e-6
64.7    1.4897994994497032e-6
64.8    1.4776780707161267e-6
64.89999999999999    1.4656532197780894e-6
65.    1.4537241463508305e-6
65.1    1.441890057567072e-6
65.2    1.4301501678974982e-6
65.3    1.4185036990721514e-6
65.39999999999999    1.4069498800027877e-6
65.5    1.395487946706106e-6
65.6    1.3841171422279437e-6
65.7    1.3728367165683316e-6
65.8    1.3616459266074829e-6
65.89999999999999    1.3505440360326191e-6
66.    1.3395303152656558e-6
66.1    1.3286040413918027e-6
66.2    1.3177644980889752e-6
66.3    1.307010975558016e-6
66.39999999999999    1.2963427704537948e-6
66.5    1.285759185817092e-6
66.6    1.2752595310072967e-6
66.7    1.2648431216358939e-6
66.8    1.2545092795007639e-6
66.89999999999999    1.2442573325212123e-6
67.    1.2340866146738072e-6
67.1    1.2239964659289703e-6
67.2    1.2139862321882801e-6
67.3    1.2040552652225787e-6
67.39999999999999    1.1942029226107408e-6
67.5    1.1844285676791942e-6
67.6    1.174731569442173e-6
67.7    1.165111302542643e-6
67.8    1.1555671471939218e-6
67.89999999999999    1.146098489122017e-6
68.    1.136704719508596e-6
68.1    1.1273852349346788e-6
68.2    1.118139437324948e-6
68.3    1.1089667338927192e-6
68.39999999999999    1.0998665370855866e-6
68.5    1.0908382645316492e-6
68.6    1.0818813389864516e-6
68.7    1.0729951882804436e-6
68.8    1.064179245267148e-6
68.89999999999999    1.0554329477718546e-6
69.    1.0467557385409636e-6
69.1    1.038147065191927e-6
69.2    1.0296063801637204e-6
69.3    1.0211331406679513e-6
69.39999999999999    1.0127268086404942e-6
69.5    1.0043868506936978e-6
69.6    9.961127380691854e-7
69.7    9.879039465911437e-7
69.8    9.797599566201841e-7
69.89999999999999    9.716802530077599e-7
70.    9.63664325051057e-7
70.1    9.557116664484832e-7
70.2    9.478217752555789e-7
70.3    9.399941538415266e-7
70.39999999999999    9.322283088461101e-7
70.5    9.2452375113718e-7
70.6    9.168799957686191e-7
70.7    9.092965619387931e-7
70.8    9.01772972949459e-7
70.89999999999999    8.943087561651816e-7
71.    8.869034429731687e-7
71.1    8.795565687436188e-7
71.2    8.722676727904891e-7
71.3    8.650362983327283e-7
71.39999999999999    8.578619924559369e-7
71.5    8.507443060744762e-7
71.6    8.436827938940491e-7
71.7    8.366770143746231e-7
71.8    8.297265296938325e-7
71.89999999999999    8.22830905710825e-7
72.    8.15989711930436e-7
72.1    8.092025214678416e-7
72.2    8.024689110135936e-7
72.3    7.957884607990355e-7
72.39999999999999    7.891607545621263e-7
72.5    7.825853795136476e-7
72.6    7.760619263037868e-7
72.7    7.695899889891074e-7
72.8    7.631691649998952e-7
72.89999999999999    7.567990551078519e-7
73.    7.504792633941649e-7
73.1    7.442093972179507e-7
73.2    7.37989067185033e-7
73.3    7.31817887117068e-7
73.39999999999999    7.256954740210421e-7
73.5    7.196214480590699e-7
73.6    7.135954325185842e-7
73.7    7.076170537828082e-7
73.8    7.016859413015655e-7
73.89999999999999    6.958017275624665e-7
74.    6.899640480623422e-7
74.1    6.841725412790343e-7
74.2    6.78426848643507e-7
74.3    6.727266145122445e-7
74.39999999999999    6.670714861399591e-7
74.5    6.614611136526134e-7
74.6    6.558951500207391e-7
74.7    6.503732510330205e-7
74.8    6.448950752702113e-7
74.89999999999999    6.394602840793193e-7
75.    6.340685415480579e-7
75.1    6.287195144796123e-7
75.2    6.234128723676433e-7
75.3    6.181482873716092e-7
75.39999999999999    6.129254342923104e-7
75.5    6.077439905477292e-7
75.6    6.026036361491371e-7
75.7    5.975040536774354e-7
75.8    5.924449282597788e-7
75.89999999999999    5.874259475464333e-7
76.    5.824468016879085e-7
76.1    5.77507183312304e-7
76.2    5.726067875029226e-7
76.3    5.677453117761329e-7
76.39999999999999    5.62922456059439e-7
76.5    5.581379226698198e-7
76.6    5.533914162922748e-7
76.7    5.4868264395861e-7
76.8    5.440113150264651e-7
76.9    5.393771411585315e-7
77.    5.347798363020156e-7
77.1    5.302191166683258e-7
77.2    5.256947007129499e-7
77.3    5.212063091155786e-7
77.4    5.167536647603948e-7
77.5    5.123364927166364e-7
77.6    5.079545202192944e-7
77.7    5.036074766500593e-7
77.8    4.992950935184553e-7
77.9    4.950171044431679e-7
78.    4.907732451335821e-7
78.1    4.865632533714903e-7
78.2    4.823868689930116e-7
78.3    4.782438338706993e-7
78.4    4.74133891895808e-7
78.5    4.7005678896079557e-7
78.6    4.6601227294194406e-7
78.7    4.620000936822165e-7
78.8    4.580200029742646e-7
78.9    4.5407175454359213e-7
79.    4.5015510403195207e-7
79.1    4.462698089808504e-7
79.2    4.4241562881524415e-7
79.3    4.385923248274271e-7
79.4    4.347996601610452e-7
79.5    4.3103739979530074e-7
79.6    4.2730531052929957e-7
79.7    4.236031609665772e-7
79.8    4.199307214997563e-7
79.9    4.1628776429539604e-7
80.    4.1267406327894973e-7
80.1    4.090893941199104e-7
80.2    4.055335342170922e-7
80.3    4.0200626268406405e-7
80.4    3.9850736033471724e-7
80.5    3.950366096689952e-7
80.6    3.9159379485875284e-7
80.7    3.881787017337735e-7
80.8    3.847911177678914e-7
80.9    3.814308320652966e-7
81.    3.7809763534694795e-7
81.1    3.747913199371127e-7
81.2    3.715116797500731e-7
81.3    3.6825851027693174e-7
81.4    3.650316085725605e-7
81.5    3.618307732426813e-7
81.6    3.5865580443106326e-7
81.7    3.555065038068494e-7
81.8    3.5238267455201947e-7
81.9    3.4928412134894246e-7
82.    3.4621065036809855e-7
82.1    3.4316206925587203e-7
82.2    3.401381871224879e-7
82.3    3.371388145300793e-7
82.4    3.341637634808115e-7
82.5    3.3121284740521015e-7
82.6    3.2828588115050957e-7
82.7    3.253826809691878e-7
82.8    3.225030645075515e-7
82.9    3.1964685079447894e-7
83.    3.168138602302389e-7
83.1    3.1400391457542695e-7
83.2    3.1121683693999573e-7
83.3    3.0845245177242357e-7
83.4    3.0571058484894005e-7
83.5    3.029910632628746e-7
83.6    3.0029371541411735e-7
83.7    2.976183709986545e-7
83.8    2.9496486099821964e-7
83.9    2.9233301767003446e-7
84.    2.8972267453665444e-7
84.1    2.871336663758834e-7
84.2    2.8456582921081117e-7
84.3    2.820190002999423e-7
84.4    2.794930181273847e-7
84.5    2.769877223931681e-7
84.6    2.745029540036239e-7
84.7    2.720385550618678e-7
84.8    2.695943688583689e-7
84.9    2.6717023986159397e-7
85.    2.6476601370874984e-7
85.1    2.623815371966072e-7
85.2    2.600166582724044e-7
85.3    2.5767122602483596e-7
85.4    2.553450906751223e-7
85.5    2.5303810356815555e-7
85.6    2.5075011716374925e-7
85.7    2.4848098502791846e-7
85.8    2.4623056182429564e-7
85.9    2.4399870330557806e-7
86.    2.417852663050678e-7
86.1    2.395901087283094e-7
86.2    2.3741308954475636e-7
86.3    2.3525406877955023e-7
86.4    2.3311290750535908e-7
86.5    2.3098946783428053e-7
86.6    2.2888361290983154e-7
86.7    2.2679520689900109e-7
86.8    2.24724114984368e-7
86.9    2.2267020335629177e-7
87.    2.2063333920518383e-7
87.1    2.1861339071382326e-7
87.2    2.1661022704976166e-7
87.3    2.1462371835777514e-7
87.4    2.1265373575239775e-7
87.5    2.1070015131051274e-7
87.6    2.0876283806399807e-7
87.7    2.0684166999246145e-7
87.8    2.0493652201601648e-7
87.9    2.0304726998811267e-7
88.    2.0117379068846354e-7
88.1    1.9931596181599118e-7
88.2    1.9747366198187032e-7
88.3    1.9564677070259823e-7
88.4    1.9383516839315324e-7
88.5    1.9203873636018468e-7
88.6    1.9025735679527622e-7
88.7    1.884909127682757e-7
88.8    1.8673928822064777e-7
88.9    1.850023679589193e-7
89.    1.8328003764815534e-7
89.1    1.815721838055026e-7
89.2    1.7987869379378093e-7
89.3    1.7819945581513178e-7
89.4    1.7653435890471373e-7
89.5    1.748832929244635e-7
89.6    1.7324614855688575e-7
89.7    1.7162281729892494e-7
89.8    1.7001319145586088e-7
89.9    1.684171641352645e-7
90.    1.6683462924101722e-7
90.1    1.6526548146734592e-7
90.2    1.6370961629294712e-7
90.3    1.621669299751286e-7
90.4    1.6063731954401353e-7
90.5    1.5912068279678433e-7
90.6    1.5761691829198572e-7
90.7    1.5612592534385707e-7
90.8    1.546476040167252e-7
90.9    1.53181855119434e-7
91.    1.517285801998239e-7
91.1    1.502876815392478e-7
91.2    1.4885906214715118e-7
91.3    1.47442625755667e-7
91.4    1.4603827681427095e-7
91.5    1.4464592048449124e-7
91.6    1.4326546263462828e-7
91.7    1.41896809834549e-7
91.8    1.4053986935049748e-7
91.9    1.3919454913996658e-7
92.    1.378607578466053e-7
92.1    1.3653840479514346e-7
92.2    1.3522739998639932e-7
92.3    1.3392765409229143e-7
92.4    1.326390784508951e-7
92.5    1.3136158506156602e-7
92.6    1.3009508658005523e-7
92.7    1.288394963137032e-7
92.8    1.2759472821665238e-7
92.9    1.2636069688510092e-7
93.    1.251373175525883e-7
93.1    1.2392450608533288e-7
93.2    1.2272217897758517e-7
93.3    1.2153025334703238e-7
93.4    1.2034864693023165e-7
93.5    1.1917727807808749e-7
93.6    1.1801606575134107e-7
93.7    1.1686492951613003e-7
93.8    1.1572378953955095e-7
93.9    1.1459256658526768e-7
94.    1.1347118200916092e-7
94.1    1.1235955775499574e-7
94.2    1.112576163501367e-7
94.3    1.101652809012865e-7
94.4    1.0908247509025643e-7
94.5    1.080091231697823e-7
94.6    1.0694514995935326e-7
94.7    1.0589048084108157e-7
94.8    1.0484504175561419e-7
94.9    1.0380875919805048e-7
95.    1.0278156021391516e-7
95.1    1.0176337239514903e-7
95.2    1.0075412387613274e-7
95.3    9.975374332973239e-8
95.4    9.87621599633997e-8
95.5    9.777930351526835e-8
95.6    9.680510425030368e-8
95.7    9.583949295646967e-8
95.8    9.488240094093518e-8
95.9    9.393376002629079e-8
96.    9.299350254680993e-8
96.1    9.206156134473717e-8
96.2    9.113786976659414e-8
96.3    9.022236165951756e-8
96.4    8.931497136762797e-8
96.5    8.841563372841876e-8
96.6    8.752428406918612e-8
96.7    8.664085820345832e-8
96.8    8.576529242748063e-8
96.9    8.489752351671208e-8
97.    8.4037488722345e-8
97.1    8.318512576785877e-8
97.2    8.234037284559174e-8
97.3    8.150316861334271e-8
97.4    8.067345219099571e-8
97.5    7.985116315717742e-8
97.6    7.903624154591397e-8
97.7    7.82286278433465e-8
97.8    7.742826298444714e-8
97.9    7.663508834976624e-8
98.    7.58490457621975e-8
98.1    7.5070077483787e-8
98.2    7.429812621253134e-8
98.3    7.353313507923191e-8
98.4    7.277504764435367e-8
98.5    7.202380789490788e-8
98.6    7.12793602413684e-8
98.7    7.054164951459373e-8
98.8    6.981062096278645e-8
98.9    6.908622024846796e-8
99.    6.836839344546873e-8
99.1    6.765708703596135e-8
99.2    6.695224790748325e-8
99.3    6.625382335001017e-8
99.4    6.556176105303316e-8
99.5    6.48760091026676e-8
99.6    6.41965159787705e-8
99.7    6.352323055209469e-8
99.8    6.285610208143803e-8
99.9    6.219508021085078e-8
100.    6.154011496682637e-8
100.1    6.089115675552832e-8
100.2    6.024815636004667e-8
100.3    5.961106493764742e-8
100.4    5.897983401707078e-8
100.5    5.835441549583206e-8
100.6    5.7734761637540815e-8
100.7    5.71208250692457e-8
100.8    5.651255877879885e-8
100.9    5.590991611223509e-8
101.    5.5312850771164946e-8
101.1    5.472131681020334e-8
101.2    5.4135268634392904e-8
101.3    5.355466099666609e-8
101.4    5.297944899531606e-8
101.5    5.240958807148091e-8
101.6    5.1845034006661527e-8
101.7    5.128574292023743e-8
101.8    5.073167126701424e-8
101.9    5.0182775834781547e-8
102.    4.963901374189617e-8
102.1    4.910034243486533e-8
102.2    4.856671968597313e-8
102.3    4.803810359089376e-8
102.4    4.751445256634717e-8
102.5    4.699572534775999e-8
102.6    4.6481880986937466e-8
102.7    4.597287884976438e-8
102.8    4.5468678613912194e-8
102.9    4.4969240266567444e-8
103.    4.447452410217542e-8
103.1    4.3984490720200374e-8
103.2    4.34991010228919e-8
103.3    4.301831621308712e-8
103.4    4.254209779200794e-8
103.5    4.207040755708548e-8
103.6    4.1603207599797386e-8
103.7    4.1140460303516374e-8
103.8    4.068212834138049e-8
103.9    4.0228174674169686e-8
104.    3.977856254821173e-8
104.1    3.933325549328316e-8
104.2    3.889221732054313e-8
104.3    3.8455412120467846e-8
104.4    3.802280426081228e-8
104.5    3.7594358384570945e-8
104.6    3.717003940797268e-8
104.7    3.674981251846495e-8
104.8    3.633364317273746e-8
104.9    3.592149709474324e-8
105.    3.55133402737326e-8
105.1    3.5109138962317954e-8
105.2    3.470885967453009e-8
105.3    3.431246918390295e-8
105.4    3.39199345215677e-8
105.5    3.3531222974358955e-8
105.6    3.314630208293557e-8
105.7    3.276513963991179e-8
105.8    3.238770368801148e-8
105.9    3.201396251821565e-8
106.    3.164388466794497e-8
106.1    3.127743891923976e-8
106.2    3.0914594296959903e-8
106.3    3.055532006699348e-8
106.4    3.0199585734483235e-8
106.5    2.984736104205953e-8
106.6    2.949861596808409e-8
106.7    2.9153320724921672e-8
106.8    2.8811445757199828e-8
106.9    2.8472961740096458e-8
107.    2.8137839577643027e-8
107.1    2.7806050401024017e-8
107.2    2.7477565566901056e-8
107.3    2.7152356655743908e-8
107.4    2.6830395470176266e-8
107.5    2.6511654033323542e-8
107.6    2.619610458718975e-8
107.7    2.588371959102765e-8
107.8    2.557447171972875e-8
107.9    2.5268333862228214e-8
108.    2.4965279119915667e-8
108.1    2.4665280805051185e-8
108.2    2.4368312439209043e-8
108.3    2.4074347751714413e-8
108.4    2.3783360678108942e-8
108.5    2.349532535860528e-8
108.6    2.3210216136570947e-8
108.7    2.292800755702086e-8
108.8    2.2648674365105626e-8
108.9    2.2372191504626858e-8
109.    2.209853411655945e-8
109.1    2.1827677537575027e-8
109.2    2.1559597298585973e-8
109.3    2.129426912329341e-8
109.4    2.1031668926753084e-8
109.5    2.077177281394194e-8
109.6    2.0514557078339453e-8
109.7    2.0259998200517256e-8
109.8    2.000807284674391e-8
109.9    1.975875786759026e-8
110.    1.951203029655711e-8
110.1    1.926786734869556e-8
110.2    1.902624641925597e-8
110.3    1.8787145082328834e-8
110.4    1.8550541089509017e-8
110.5    1.8316412368565627e-8
110.6    1.8084737022112088e-8
110.7    1.785549332629803e-8
110.8    1.7628659729507754e-8
110.9    1.740421485105882e-8
111.    1.7182137479921892e-8
111.1    1.6962406573441825e-8
111.2    1.6745001256070248e-8
111.3    1.6529900818108404e-8
111.4    1.6317084714458533e-8
111.5    1.6106532563375367e-8
111.6    1.5898224145245894e-8
111.7    1.5692139401354962e-8
111.8    1.548825843267882e-8
111.9    1.528656149867444e-8
112.    1.5087029016082e-8
112.1    1.4889641557739205e-8
112.2    1.4694379851395032e-8
112.3    1.4501224778543482e-8
112.4    1.431015737325657e-8
112.5    1.4121158821026086e-8
112.6    1.3934210457620927e-8
112.7    1.3749293767945319e-8
112.8    1.3566390384903998e-8
112.9    1.338548208828887e-8
113.    1.3206550803652465e-8
113.1    1.3029578601205392e-8
113.2    1.2854547694719876e-8
113.3    1.2681440440433231e-8
113.4    1.2510239335963562e-8
113.5    1.2340927019241393e-8
113.6    1.2173486267429054e-8
113.7    1.2007899995871434e-8
113.8    1.1844151257032446e-8
113.9    1.1682223239461227e-8
114.    1.1522099266740996e-8
114.1    1.1363762796464632e-8
114.2    1.1207197419212931e-8
114.3    1.1052386857534613e-8
114.4    1.0899314964937066e-8
114.5    1.0747965724889964e-8
114.6    1.0598323249823812e-8
114.7    1.0450371780146547e-8
114.8    1.0304095683263028e-8
114.9    1.0159479452597688e-8
115.    1.0016507706638007e-8
115.1    9.875165187960564e-9
115.2    9.735436762293143e-9
115.3    9.597307417560174e-9
115.4    9.460762262944027e-9
115.5    9.325786527958324e-9
115.6    9.19236556151722e-9
115.7    9.060484831021763e-9
115.8    8.930129921440923e-9
115.9    8.801286534411724e-9
116.    8.673940487340187e-9
116.1    8.5480777125061e-9
116.2    8.423684256175877e-9
116.3    8.300746277729316e-9
116.4    8.1792500487786e-9
116.5    8.059181952307219e-9
116.6    7.940528481806247e-9
116.7    7.823276240422512e-9
116.8    7.707411940104601e-9
116.9    7.592922400769295e-9
117.    7.4797945494577e-9
117.1    7.3680154195120054e-9
117.2    7.2575721497460875e-9
117.3    7.148451983630516e-9
117.4    7.0406422684817346e-9
117.5    6.934130454653722e-9
117.6    6.828904094736146e-9
117.7    6.724950842765508e-9
117.8    6.622258453434669e-9
117.9    6.520814781306987e-9
118.    6.420607780043035e-9
118.1    6.3216255016266664e-9
118.2    6.2238560956007066e-9
118.3    6.127287808308144e-9
118.4    6.031908982135982e-9
118.5    5.937708054763108e-9
118.6    5.844673558424502e-9
118.7    5.752794119168021e-9
118.8    5.6620584561209365e-9
118.9    5.572455380764883e-9
119.    5.483973796215608e-9
119.1    5.396602696501549e-9
119.2    5.310331165858476e-9
119.3    5.225148378015729e-9
119.4    5.141043595506402e-9
119.5    5.058006168958908e-9
119.6    4.976025536417389e-9
119.7    4.8950912226498424e-9
119.8    4.815192838468484e-9
119.9    4.736320080059299e-9
120.    4.6584627283038505e-9
120.1    4.581610648121023e-9
120.2    4.505753787803455e-9
120.3    4.4308821783585164e-9
120.4    4.356985932867231e-9
120.5    4.284055245827049e-9
120.6    4.21208039252209e-9
120.7    4.141051728374658e-9
120.8    4.07095968832459e-9
120.9    4.001794786197739e-9
121.    3.933547614081258e-9
121.1    3.866208841713695e-9
121.2    3.799769215863453e-9
121.3    3.734219559725045e-9
121.4    3.6695507723149567e-9
121.5    3.6057538278737428e-9
121.6    3.542819775267926e-9
121.7    3.4807397374026076e-9
121.8    3.4195049106310377e-9
121.9    3.359106564179722e-9
122.    3.2995360395687065e-9
122.1    3.2407847500349057e-9
122.2    3.1828441799685644e-9
122.3    3.1257058843472425e-9
122.4    3.0693614881762186e-9
122.5    3.013802685931234e-9
122.6    2.959021241009522e-9
122.7    2.905008985178776e-9
122.8    2.8517578180397092e-9
122.9    2.799259706478166e-9
123.    2.7475066841393117e-9
123.1    2.696490850892598e-9
123.2    2.646204372301395e-9
123.3    2.5966394791062285e-9
123.4    2.547788466699718e-9
123.5    2.4996436946161707e-9
123.6    2.4521975860190085e-9
123.7    2.4054426271914876e-9
123.8    2.3593713670369824e-9
123.9    2.3139764165735264e-9
124.    2.269250448445644e-9
124.1    2.2251861964252235e-9
124.2    2.1817764549284525e-9
124.3    2.1390140785260837e-9
124.4    2.0968919814675908e-9
124.5    2.055403137202382e-9
124.6    2.0145405779036866e-9
124.7    1.974297394000713e-9
124.8    1.934666733714985e-9
124.9    1.895641802591311e-9
125.    1.8572158630449652e-9
125.1    1.8193822339011608e-9
125.2    1.7821342899458747e-9
125.3    1.7454654614766493e-9
125.4    1.7093692338529973e-9
125.5    1.6738391470637425e-9
125.6    1.6388687952801285e-9
125.7    1.6044518264248357e-9
125.8    1.5705819417369386e-9
125.9    1.537252895349683e-9
126.    1.5044584938602361e-9
126.1    1.4721925959074595e-9
126.2    1.4404491117569933e-9
126.3    1.409222002883211e-9
126.4    1.3785052815614396e-9
126.5    1.3482930104515505e-9
126.6    1.3185793021985228e-9
126.7    1.289358319029745e-9
126.8    1.2606242723503336e-9
126.9    1.2323714223540037e-9
127.    1.204594077624187e-9
127.1    1.1772865947471849e-9
127.2    1.1504433779206245e-9
127.3    1.1240588785781618e-9
127.4    1.0981275949972413e-9
127.5    1.0726440719304043e-9
127.6    1.0476029002236538e-9
127.7    1.022998716450189e-9
127.8    9.988262025346853e-10
127.9    9.750800853896262e-10
128.    9.51755136556198e-10
128.1    9.288461718338698e-10
128.2    9.063480509321477e-10
128.3    8.842556771112643e-10
128.4    8.625639968272422e-10
128.5    8.412679993886278e-10
128.6    8.203627166042482e-10
128.7    7.998432224423959e-10
128.8    7.797046326884166e-10
128.9    7.599421046066232e-10
129.    7.40550836602475e-10
129.1    7.215260678924994e-10
129.2    7.028630781698889e-10
129.3    6.845571872821769e-10
129.4    6.666037548969684e-10
129.5    6.489981801893029e-10
129.6    6.317359015118662e-10
129.7    6.148123960862749e-10
129.8    5.982231796788834e-10
129.9    5.819638062954279e-10
130.    5.660298678679942e-10
130.1    5.504169939431127e-10
130.2    5.351208513844756e-10
130.3    5.201371440666129e-10
130.4    5.054616125680158e-10
130.5    4.910900338865186e-10
130.6    4.77018221129928e-10
130.7    4.632420232310238e-10
130.8    4.4975732465409026e-10
130.9    4.365600451078364e-10
131.    4.2364613925508296e-10
131.1    4.110115964324108e-10
131.2    3.9865244036629514e-10
131.3    3.8656472889794855e-10
131.4    3.747445536981418e-10
131.5    3.631880399996059e-10
131.6    3.518913463202436e-10
131.7    3.4085066419444937e-10
131.8    3.300622179018138e-10
131.9    3.1952226420515575e-10
132.    3.092270920827259e-10
132.1    2.991730224664593e-10
132.2    2.8935640798558546e-10
132.3    2.797736327061761e-10
132.4    2.7042111187135946e-10
132.5    2.6129529165804257e-10
132.6    2.5239264891503223e-10
132.7    2.437096909184381e-10
132.8    2.3524295512414997e-10
132.9    2.26989008922997e-10
133.    2.189444493919858e-10
133.1    2.1110590305947574e-10
133.2    2.0347002566272633e-10
133.3    1.9603350190805478e-10
133.4    1.8879304523884545e-10
133.5    1.817453976019087e-10
133.6    1.7488732921067735e-10
133.7    1.682156383205595e-10
133.8    1.6172715099663775e-10
133.9    1.5541872089375108e-10
134.    1.4928722902381273e-10
134.1    1.433295835389995e-10
134.2    1.3754271950994322e-10
134.3    1.3192359870403295e-10
134.4    1.2646920937396921e-10
134.5    1.2117656603672192e-10
134.6    1.1604270926066417e-10
134.7    1.1106470546068414e-10
134.8    1.0623964667599685e-10
134.9    1.0156465037242383e-10
135.    9.703685923071914e-11
135.1    9.265344094493196e-11
135.2    8.841158801209397e-11
135.3    8.43085175407658e-11
135.4    8.034147104025421e-11
135.5    7.65077142335598e-11
135.6    7.280453685142478e-11
135.7    6.922925244215851e-11
135.8    6.577919817560721e-11
135.9    6.245173465548414e-11
136.    5.924424572444655e-11
136.1    5.6154138277689e-11
136.2    5.3178842076270034e-11
136.3    5.031580956055293e-11
136.4    4.7562515666780423e-11
136.5    4.491645764574242e-11
136.6    4.2375154877600167e-11
136.7    3.9936148697462193e-11
136.8    3.759700221698296e-11
136.9    3.535530014316166e-11
137.    3.3208648608539285e-11
137.1    3.115467499450487e-11
137.2    2.9191027763153456e-11
137.3    2.731537627854348e-11
137.4    2.552541064978666e-11
137.5    2.381884154909473e-11
137.6    2.219340005815904e-11
137.7    2.0646837495579454e-11
137.8    1.9176925253820834e-11
137.9    1.7781454640848746e-11
138.    1.6458236713217313e-11
138.1    1.520510212386901e-11
138.2    1.4019900956784971e-11
138.3    1.2900502575780683e-11
138.4    1.184479546519808e-11
138.5    1.0850687076890663e-11
138.6    9.91610367798475e-12
138.7    9.038990196274098e-12
138.8    8.217310076214352e-12
138.9    7.449045121340816e-12
139.    6.732195352059622e-12
139.1    6.06477885906286e-12
139.2    5.444831655499912e-12
139.3    4.870407531886813e-12
139.4    4.339577917785561e-12
139.5    3.850431735739756e-12
139.6    3.4010752625786585e-12
139.7    2.989631988273601e-12
139.8    2.614242482054515e-12
139.9    2.2730642513486728e-12
140.    1.9642716049791824e-12
140.1    1.6860555235924793e-12
140.2    1.4366235206967253e-12
140.3    1.2141995141174636e-12
140.4    1.0170236925357576e-12
140.5    8.433523859282491e-13
140.6    6.914579361484651e-13
140.7    5.596285691847277e-13
140.8    4.4616826889343427e-13
140.9    3.4941641237502054e-13
141.    2.679075151747899e-13
141.1    2.0028660957015655e-13
141.2    1.4521377774948964e-13
141.3    1.0136314589015516e-13
141.4    6.742276901559308e-14
141.5    4.209452512589057e-14
141.6    2.409400999190736e-14
141.7    1.2150424473106312e-14
141.8    5.0064779283282425e-15
141.9    1.4182744644219094e-15
142.    1.552150063464572e-16
