0.1    0.0018872158892033798
0.2    0.001835142094277882
0.30000000000000004    0.0017840534026458462
0.4    0.0017339582168261329
0.5    0.0016848626821161544
0.6    0.0016367708462452382
0.7000000000000001    0.001589684810584965
0.8    0.0015436048732863517
0.9    0.001498529664700696
1.    0.0014544562754281838
1.1    0.0014113803773258523
1.2000000000000002    0.0013692963377943735
1.3000000000000003    0.00132819732765122
1.4000000000000001    0.0012880754228862259
1.5000000000000002    0.0012489217005842805
1.6    0.0012107263292889343
1.7000000000000002    0.001173478654070043
1.8000000000000003    0.0011371672765482163
1.9000000000000001    0.001101780130118798
2.    0.0010673045506083597
2.1    0.0010337273425872191
2.2    0.0010010348415523678
2.3000000000000003    0.0009692129721863118
2.4000000000000004    0.0009382473028887539
2.5000000000000004    0.0009081230967697582
2.6    0.0008788253592850215
2.7    0.0008503388826861255
2.8000000000000003    0.0008226482874511749
2.9000000000000004    0.0007957380608540137
3.0000000000000004    0.0007695925928232517
3.1    0.0007441962092356217
3.2    0.0007195332027817353
3.3000000000000003    0.0006955878615360768
3.4000000000000004    0.0006723444953570794
3.5000000000000004    0.0006497874602373663
3.6    0.0006279011806615716
3.7    0.0006066700965534359
3.8000000000000003    0.0005860785455150388
3.9000000000000004    0.0005661109950590726
4.    0.0005467521016633671
4.1    0.0005279867181218942
4.2    0.0005097999005642109
4.3    0.0004921769150642104
4.3999999999999995    0.00047510324378204733
4.5    0.0004585645906016039
4.6    0.0004425468862404524
4.7    0.00042703629282080975
4.8    0.0004120192078990107
4.9    0.00039748226795809376
5.    0.0003834123513735564
5.1    0.0003697965808665073
5.2    0.0003566223254615866
5.3    0.00034387720196933473
5.4    0.0003315490760143006
5.5    0.0003196260626312922
5.6    0.00030809652645279016
5.7    0.0002969490815108751
5.8    0.00028617259067701165
5.9    0.00027575616476284653
6.    0.00026568916130479325
6.1    0.0002559611830546639
6.2    0.0002465620761979919
6.3    0.00023748192832099115
6.4    0.00022871106614634658
6.5    0.00022024005305723313
6.6    0.00021205968642814716
6.7    0.0002041609947802956
6.8    0.00019653523477845196
6.9    0.00018917388808535458
7.    0.00018206865808889218
7.1    0.00017521146651651226
7.2    0.00016859444995049035
7.3    0.000162209956256925
7.4    0.0001560505409405661
7.5    0.0001501089634368648
7.6    0.00014437818335192104
7.7    0.00013885135666033506
7.8    0.0001335218318703199
7.9    0.00012838314616480244
8.    0.0001234290215266572
8.1    0.0001186533608556352
8.2    0.00011405024408401936
8.3    0.00010961392429751226
8.4    0.00010533882386737925
8.5    0.00010121953059939628
8.6    0.00009725079390471332
8.7    0.00009342752099732579
8.8    0.0000897447731224461
8.9    0.00008619776181969536
9.    0.00008278184522468018
9.1    0.00007949252441218415
9.2    0.00007632543978389162
9.3    0.00007327636750325964
9.4    0.00007034121597988294
9.5    0.00006751602240542564
9.6    0.00006479694934295582
9.700000000000001    0.00006218028137128306
9.8    0.00005966242178568722
9.9    0.000057239889356219886
10.    0.000054909315144578963
10.1    0.000052667439380372955
10.200000000000001    0.00005051110839743309
10.3    0.0000484372716306769
10.4    0.00004644297867388583
10.5    0.00004452537639862674
10.6    0.000042681706134427305
10.700000000000001    0.00004090930091020147
10.8    0.00003920558275681747
10.9    0.00003756806007060532
11.    0.00003599432503751267
11.1    0.00003448205111753697
11.200000000000001    0.000033028990588989426
11.3    0.0000316329721520761
11.4    0.00003029189859122318
11.5    0.000029003744495517166
11.6    0.000027766554036578603
11.700000000000001    0.000026578438803146547
11.8    0.000025437575691607535
11.9    0.00002434220485166841
12.    0.000023290627686341176
12.1    0.00002228120490537845
12.200000000000001    0.000021312354631276776
12.3    0.000020382550556941144
12.4    0.000019490320154089493
12.5    0.00001863424293145911
12.6    0.000017812948741867337
12.700000000000001    0.00001702511613716685
12.8    0.000016269470770132
12.9    0.000015544783842305874
13.    0.000014849870596835872
13.1    0.000014183588855325511
13.200000000000001    0.00001354483759772951
13.3    0.000012932555584324012
13.4    0.000012345720018785589
13.5    0.000011783345251420298
13.6    0.000011244481521588952
13.700000000000001    0.000010728213738383696
13.8    0.000010233660298619223
13.9    9.759971941211864e-6
14.    9.306330637030604e-6
14.1    8.871948513314772e-6
14.200000000000001    8.456066811766267e-6
14.3    8.057954879435055e-6
14.4    7.676909191532144e-6
14.5    7.312252405315247e-6
14.6    6.9633324442086745e-6
14.700000000000001    6.629521611331983e-6
14.8    6.310215731626281e-6
14.9    6.004833321784053e-6
15.    5.712814787200491e-6
15.1    5.433621645182052e-6
15.200000000000001    5.166735773662189e-6
15.3    4.911658684689717e-6
15.4    4.667910821971177e-6
15.5    4.4350308817637065e-6
15.6    4.212575156430569e-6
15.700000000000001    4.000116899987266e-6
15.8    3.7972457149808517e-6
15.9    3.6035669600616484e-6
16.    3.418701177619893e-6
16.1    3.2422835408775192e-6
16.200000000000003    3.073963319837262e-6
16.3    2.913403365509298e-6
16.400000000000002    2.760279611847033e-6
16.500000000000004    2.6142805948413098e-6
16.6    2.4751069882336974e-6
16.700000000000003    2.3424711553259134e-6
16.8    2.2160967163747496e-6
16.900000000000002    2.0957181310764984e-6
17.000000000000004    1.981080295657578e-6
17.1    1.871938154101999e-6
17.200000000000003    1.7680563230586182e-6
17.3    1.6692087299842775e-6
17.400000000000002    1.57517826409107e-6
17.500000000000004    1.4857564396789523e-6
17.6    1.4007430714456368e-6
17.700000000000003    1.31994596137903e-6
17.8    1.2431805968474164e-6
17.900000000000002    1.170269859515118e-6
18.000000000000004    1.1010437447217904e-6
18.1    1.0353390909740057e-6
18.200000000000003    9.72999319208933e-7
18.3    9.138741814996908e-7
18.400000000000002    8.578195188821925e-7
18.500000000000004    8.046970279932426e-7
18.6    7.543740362182764e-7
18.700000000000003    7.067232850581025e-7
18.8    6.616227214313112e-7
18.900000000000002    6.189552966388887e-7
19.000000000000004    5.786087727261593e-7
19.1    5.404755359847746e-7
19.200000000000003    5.044524173466429e-7
19.300000000000004    4.7044051942904876e-7
19.400000000000002    4.383450499976841e-7
19.500000000000004    4.0807516162280274e-7
19.6    3.7954379730954256e-7
19.700000000000003    3.5266754189237427e-7
19.800000000000004    3.2736647898849934e-7
19.900000000000002    3.035640533136865e-7
20.000000000000004    2.811869381690189e-7
20.1    2.601649079141779e-7
20.200000000000003    2.4043071524880327e-7
20.300000000000004    2.2191997312922565e-7
20.400000000000002    2.0457104115427488e-7
20.500000000000004    1.883249162583118e-7
20.6    1.7312512755664027e-7
20.700000000000003    1.5891763519212139e-7
20.800000000000004    1.4565073303816127e-7
20.900000000000002    1.3327495511744184e-7
21.000000000000004    1.2174298560118476e-7
21.1    1.1100957225755486e-7
21.200000000000003    1.0103144322316939e-7
21.300000000000004    9.176722697578463e-8
21.400000000000002    8.317737538998844e-8
21.500000000000004    7.522408976244058e-8
21.6    6.787124969700294e-8
21.700000000000003    6.108434474371062e-8
21.800000000000004    5.483040868951007e-8
21.900000000000002    4.907795640203179e-8
22.000000000000004    4.379692313157154e-8
22.1    3.895860617929854e-8
22.200000000000003    3.453560884323309e-8
22.300000000000004    3.0501786556980407e-8
22.400000000000002    2.6832195138268925e-8
22.500000000000004    2.3503041068725433e-8
22.6    2.049163372780285e-8
22.700000000000003    1.777633950736457e-8
22.800000000000004    1.5336537735777722e-8
22.900000000000002    1.3152578342938527e-8
23.000000000000004    1.1205741200331785e-8
23.1    9.478197072211478e-9
23.200000000000003    7.952970116844895e-9
23.300000000000004    6.613901878504908e-9
23.400000000000002    5.445616713444704e-9
23.500000000000004    4.433488594701829e-9
23.6    3.5636092433529743e-9
23.700000000000003    2.822757534795451e-9
23.800000000000004    2.1983701314030184e-9
23.900000000000002    1.6785132941941101e-9
24.000000000000004    1.2518558279985607e-9
24.1    9.076431164350409e-10
24.200000000000003    6.356722045154473e-10
24.300000000000004    4.2626788802695584e-10
24.400000000000002    2.702597712857627e-10
24.500000000000004    1.5896025469505954e-10
24.6    8.414341675708768e-11
24.700000000000003    3.802475519570442e-11
24.800000000000004    1.3241753679043835e-11
24.900000000000002    2.835242143422263e-12
25.000000000000004    2.316823282627979e-13
