0.1    2.443490109261509e-8
0.2    4.852365538662652e-8
0.30000000000000004    7.226956151428517e-8
0.4    9.567589748152503e-8
0.5    1.1874592064029057e-7
0.6    1.4148286766472477e-7
0.7000000000000001    1.638899545311285e-7
0.8    1.8597037650160503e-7
0.9    2.0772730811130357e-7
1.    2.2916390315917816e-7
1.1    2.502832947021786e-7
1.2000000000000002    2.7108859505279325e-7
1.3000000000000003    2.9158289577986433e-7
1.4000000000000001    3.117692677125941e-7
1.5000000000000002    3.3165076094767056e-7
1.6    3.5123040485943164e-7
1.7000000000000002    3.7051120811299715e-7
1.8000000000000003    3.894961586802943e-7
1.9000000000000001    4.081882238589037e-7
2.    4.265903502936599e-7
2.1    4.447054640009314e-7
2.2    4.6253647039551697e-7
2.3000000000000003    4.8008625432009e-7
2.4000000000000004    4.973576800771244e-7
2.5000000000000004    5.14353591463239e-7
2.6    5.310768118058982e-7
2.7    5.475301440024034e-7
2.8000000000000003    5.637163705611202e-7
2.9000000000000004    5.796382536448738e-7
3.0000000000000004    5.952985351164623e-7
3.1    6.106999365862243e-7
3.2    6.258451594616065e-7
3.3000000000000003    6.407368849986758e-7
3.4000000000000004    6.55377774355523e-7
3.5000000000000004    6.697704686474991e-7
3.6    6.839175890042396e-7
3.7    6.978217366284205e-7
3.8000000000000003    7.114854928561951e-7
3.9000000000000004    7.249114192192634e-7
4.    7.381020575085294e-7
4.1    7.510599298392881e-7
4.2    7.637875387179076e-7
4.3    7.762873671099532e-7
4.3999999999999995    7.885618785097091e-7
4.5    8.006135170110546e-7
4.6    8.124447073796537e-7
4.7    8.240578551264117e-7
4.8    8.35455346582157e-7
4.9    8.466395489735136e-7
5.    8.576128104999148e-7
5.1    8.683774604117289e-7
5.2    8.789358090894484e-7
5.3    8.892901481239126e-7
5.4    8.994427503975228e-7
5.5    9.093958701664171e-7
5.6    9.191517431435618e-7
5.7    9.287125865827372e-7
5.8    9.380805993633684e-7
5.9    9.472579620761834e-7
6.    9.562468371096495e-7
6.1    9.650493687371715e-7
6.2    9.736676832050094e-7
6.3    9.821038888208874e-7
6.4    9.903600760432695e-7
6.5    9.984383175712615e-7
6.6    1.0063406684351216e-6
6.7    1.0140691660873432e-6
6.8    1.0216258304942871e-6
6.9    1.0290126642283321e-6
7.    1.036231652560521e-6
7.1    1.043284763553674e-6
7.2    1.0501739481559424e-6
7.3    1.0569011402947807e-6
7.4    1.0634682569713133e-6
7.5    1.0698771983550656e-6
7.6    1.0761298478790475e-6
7.7    1.0822280723351493e-6
7.8    1.0881737219698494e-6
7.9    1.093968630580193e-6
8.    1.0996146156100278e-6
8.1    1.1051134782464806e-6
8.2    1.1104670035166448e-6
8.3    1.115676960384465e-6
8.4    1.1207451018477988e-6
8.5    1.1256731650356351e-6
8.6    1.13046287130545e-6
8.7    1.1351159263406802e-6
8.8    1.1396340202483065e-6
8.9    1.1440188276565115e-6
9.    1.1482720078124156e-6
9.1    1.152395204679857e-6
9.2    1.1563900470372064e-6
9.3    1.160258148575207e-6
9.4    1.1640011079948136e-6
9.5    1.1676205091050185e-6
9.6    1.1711179209206578e-6
9.700000000000001    1.1744948977601671e-6
9.8    1.177752979343298e-6
9.9    1.1808936908887468e-6
10.    1.1839185432117193e-6
10.1    1.1868290328213904e-6
10.200000000000001    1.1896266420182604e-6
10.3    1.1923128389913917e-6
10.4    1.1948890779155122e-6
10.5    1.1973567990479775e-6
10.6    1.199717428825577e-6
10.700000000000001    1.2019723799611727e-6
10.8    1.204123051540167e-6
10.9    1.2061708291167738e-6
11.    1.2081170848101026e-6
11.1    1.2099631774000261e-6
11.200000000000001    1.2117104524228365e-6
11.3    1.2133602422666723e-6
11.4    1.2149138662667105e-6
11.5    1.2163726308001123e-6
11.6    1.2177378293807175e-6
11.700000000000001    1.2190107427534755e-6
11.8    1.2201926389886062e-6
11.9    1.2212847735754848e-6
12.    1.2222883895162374e-6
12.1    1.2232047174190476e-6
12.200000000000001    1.2240349755911568e-6
12.3    1.2247803701315642e-6
12.4    1.2254420950234076e-6
12.5    1.2260213322260217e-6
12.6    1.226519251766676e-6
12.700000000000001    1.2269370118319708e-6
12.8    1.2272757588588986e-6
12.9    1.2275366276255623e-6
13.    1.2277207413415335e-6
13.1    1.2278292117378645e-6
13.200000000000001    1.2278631391567317e-6
13.3    1.2278236126407171e-6
13.4    1.227711710021713e-6
13.5    1.227528498009456e-6
13.6    1.2272750322796752e-6
13.700000000000001    1.2269523575618606e-6
13.8    1.2265615077266334e-6
13.9    1.226103505872736e-6
14.    1.2255793644136105e-6
14.1    1.2249900851635875e-6
14.200000000000001    1.2243366594236623e-6
14.3    1.2236200680668681e-6
14.4    1.222841281623237e-6
14.5    1.2220012603643426e-6
14.6    1.2211009543874317e-6
14.700000000000001    1.220141303699131e-6
14.8    1.2191232382987304e-6
14.9    1.2180476782610435e-6
15.    1.2169155338188393e-6
15.1    1.2157277054448408e-6
15.200000000000001    1.2144850839332945e-6
15.3    1.2131885504811031e-6
15.4    1.2118389767685201e-6
15.5    1.2104372250394094e-6
15.6    1.208984148181061e-6
15.700000000000001    1.2074805898035648e-6
15.8    1.2059273843187446e-6
15.9    1.2043253570186434e-6
16.    1.2026753241535592e-6
16.1    1.2009780930096433e-6
16.200000000000003    1.1992344619860398e-6
16.3    1.1974452206715782e-6
16.400000000000002    1.1956111499210176e-6
16.500000000000004    1.1937330219308385e-6
16.6    1.1918116003145778e-6
16.700000000000003    1.189847640177718e-6
16.8    1.1878418881921164e-6
16.900000000000002    1.185795082669984e-6
17.000000000000004    1.1837079536374056e-6
17.1    1.1815812229074106e-6
17.200000000000003    1.1794156041525855e-6
17.3    1.1772118029772284e-6
17.400000000000002    1.174970516989052e-6
17.500000000000004    1.1726924358704297e-6
17.6    1.170378241449186e-6
17.700000000000003    1.1680286077689304e-6
17.8    1.1656442011589375e-6
17.900000000000002    1.1632256803035719e-6
18.000000000000004    1.1607736963112537e-6
18.1    1.1582888927829815e-6
18.200000000000003    1.1557719058803843e-6
18.3    1.1532233643933344e-6
18.400000000000002    1.1506438898071018e-6
18.500000000000004    1.1480340963690513e-6
18.6    1.145394591154898e-6
18.700000000000003    1.1427259741345015e-6
18.8    1.1400288382372182e-6
18.900000000000002    1.1373037694167975e-6
19.000000000000004    1.1345513467158305e-6
19.1    1.1317721423297587e-6
19.200000000000003    1.128966721670421e-6
19.300000000000004    1.1261356434291686e-6
19.400000000000002    1.1232794596395254e-6
19.500000000000004    1.1203987157394147e-6
19.6    1.1174939506329299e-6
19.700000000000003    1.114565696751675e-6
19.800000000000004    1.111614480115661e-6
19.900000000000002    1.1086408203937608e-6
20.000000000000004    1.1056452309637291e-6
20.1    1.1026282189717858e-6
20.200000000000003    1.0995902853917613e-6
20.300000000000004    1.0965319249350219e-6
20.400000000000002    1.0934536250065707e-6
20.500000000000004    1.0903558662104193e-6
20.6    1.0872391222538242e-6
20.700000000000003    1.08410386072279e-6
20.800000000000004    1.0809505434401755e-6
20.900000000000002    1.0777796265209999e-6
21.000000000000004    1.0745915604272705e-6
21.1    1.0713867900224118e-6
21.200000000000003    1.0681657546252692e-6
21.300000000000004    1.0649288880637123e-6
21.400000000000002    1.0616766187278275e-6
21.500000000000004    1.0584093696227057e-6
21.6    1.0551275584208221e-6
21.700000000000003    1.0518315975140213e-6
21.800000000000004    1.0485218940650943e-6
21.900000000000002    1.0451988500589597e-6
22.000000000000004    1.0418628623534479e-6
22.1    1.0385143227296922e-6
22.200000000000003    1.0351536179421207e-6
22.300000000000004    1.0317811297680654e-6
22.400000000000002    1.0283972350569704e-6
22.500000000000004    1.0250023057792245e-6
22.6    1.0215967090745987e-6
22.700000000000003    1.0181808073003054e-6
22.800000000000004    1.0147549580786717e-6
22.900000000000002    1.0113195143444333e-6
23.000000000000004    1.007874824391655e-6
23.1    1.0044212319202654e-6
23.200000000000003    1.0009590760822277e-6
23.300000000000004    9.974886915273286e-7
23.400000000000002    9.940104084486052e-7
23.500000000000004    9.905245526273948e-7
23.6    9.87031445478028e-7
23.700000000000003    9.835314040921462e-7
23.800000000000004    9.80024741282668e-7
23.900000000000002    9.765117656273817e-7
24.000000000000004    9.72992781512193e-7
24.1    9.694680891740068e-7
24.200000000000003    9.65937984743256e-7
24.300000000000004    9.624027602860809e-7
24.400000000000002    9.588627038461537e-7
24.500000000000004    9.553180994861576e-7
24.6    9.51769227328916e-7
24.700000000000003    9.482163635981812e-7
24.800000000000004    9.446597806590779e-7
24.900000000000002    9.410997470582042e-7
25.000000000000004    9.375365275633987e-7
25.1    9.339703832031675e-7
25.200000000000003    9.304015713057773e-7
25.300000000000004    9.268303455380174e-7
25.400000000000002    9.232569559436302e-7
25.500000000000004    9.196816489814113e-7
25.6    9.161046675629864e-7
25.700000000000003    9.125262510902636e-7
25.800000000000004    9.089466354925599e-7
25.900000000000002    9.053660532634102e-7
26.000000000000004    9.017847334970589e-7
26.1    8.98202901924632e-7
26.200000000000003    8.946207809499944e-7
26.300000000000004    8.910385896853022e-7
26.400000000000002    8.87456543986235e-7
26.500000000000004    8.838748564869261e-7
26.6    8.802937366345834e-7
26.700000000000003    8.767133907238117e-7
26.800000000000004    8.731340219306212e-7
26.900000000000002    8.695558303461509e-7
27.000000000000004    8.659790130100798e-7
27.1    8.624037639437516e-7
27.200000000000003    8.588302741829993e-7
27.300000000000004    8.552587318106826e-7
27.400000000000002    8.51689321988929e-7
27.500000000000004    8.481222269910932e-7
27.6    8.445576262334233e-7
27.700000000000003    8.40995696306449e-7
27.800000000000004    8.374366110060852e-7
27.900000000000002    8.338805413644504e-7
28.000000000000004    8.303276556804172e-7
28.1    8.267781195498743e-7
28.200000000000003    8.232320958957245e-7
28.300000000000004    8.196897449976014e-7
28.400000000000002    8.16151224521323e-7
28.500000000000004    8.126166895480693e-7
28.6    8.090862926033005e-7
28.700000000000003    8.055601836854033e-7
28.800000000000004    8.020385102940807e-7
28.900000000000002    7.985214174584748e-7
29.000000000000004    7.95009047765035e-7
29.1    7.915015413851259e-7
29.200000000000003    7.879990361023827e-7
29.300000000000004    7.845016673398088e-7
29.400000000000002    7.810095681866274e-7
29.500000000000004    7.775228694248793e-7
29.6    7.740416995557722e-7
29.700000000000003    7.705661848257875e-7
29.800000000000004    7.6709644925254e-7
29.900000000000002    7.63632614650398e-7
30.000000000000004    7.601748006558585e-7
30.1    7.567231247526858e-7
30.200000000000003    7.532777022968176e-7
30.300000000000004    7.498386465410277e-7
30.400000000000002    7.46406068659362e-7
30.500000000000004    7.429800777713393e-7
30.6    7.395607809659244e-7
30.700000000000003    7.361482833252732e-7
30.800000000000004    7.327426879482476e-7
30.900000000000002    7.293440959737149e-7
31.000000000000004    7.259526066036118e-7
31.1    7.22568317125802e-7
31.200000000000003    7.191913229367e-7
31.300000000000004    7.158217175636892e-7
31.400000000000002    7.124595926873163e-7
31.500000000000004    7.091050381632775e-7
31.6    7.057581420441869e-7
31.700000000000003    7.024189906011392e-7
31.800000000000004    6.990876683450569e-7
31.900000000000002    6.957642580478401e-7
32.    6.92448840763301e-7
32.1    6.891414958478971e-7
32.2    6.858423009812646e-7
32.300000000000004    6.825513321865512e-7
32.400000000000006    6.792686638505433e-7
32.5    6.75994368743605e-7
32.6    6.727285180394126e-7
32.7    6.694711813345032e-7
32.800000000000004    6.6622242666762e-7
32.900000000000006    6.629823205388793e-7
33.    6.597509279287347e-7
33.1    6.565283123167645e-7
33.2    6.533145357002665e-7
33.300000000000004    6.501096586126667e-7
33.400000000000006    6.469137401417522e-7
33.5    6.437268379477117e-7
33.6    6.405490082810063e-7
33.7    6.373803060000522e-7
33.800000000000004    6.342207845887326e-7
33.900000000000006    6.31070496173731e-7
34.    6.279294915416907e-7
34.1    6.247978201561992e-7
34.2    6.216755301746071e-7
34.300000000000004    6.185626684646695e-7
34.400000000000006    6.15459280621025e-7
34.5    6.12365410981504e-7
34.6    6.092811026432717e-7
34.7    6.062063974788094e-7
34.800000000000004    6.031413361517306e-7
34.900000000000006    6.000859581324359e-7
35.    5.970403017136081e-7
35.1    5.940044040255479e-7
35.2    5.909783010513564e-7
35.300000000000004    5.87962027641953e-7
35.400000000000006    5.849556175309486e-7
35.5    5.819591033493607e-7
35.6    5.789725166401723e-7
35.7    5.759958878727509e-7
35.800000000000004    5.730292464571076e-7
35.900000000000006    5.700726207580151e-7
36.    5.671260381089757e-7
36.1    5.641895248260445e-7
36.2    5.612631062215103e-7
36.300000000000004    5.58346806617431e-7
36.400000000000006    5.55440649359029e-7
36.5    5.525446568279461e-7
36.6    5.496588504553586e-7
36.7    5.467832507349563e-7
36.800000000000004    5.439178772357826e-7
36.900000000000006    5.410627486149412e-7
37.    5.382178826301672e-7
37.1    5.353832961522651e-7
37.2    5.325590051774184e-7
37.300000000000004    5.297450248393632e-7
37.400000000000006    5.26941369421435e-7
37.5    5.241480523684906e-7
37.6    5.213650862986947e-7
37.7    5.185924830151908e-7
37.800000000000004    5.158302535176365e-7
37.900000000000006    5.130784080136261e-7
38.    5.10336955929981e-7
38.1    5.076059059239234e-7
38.2    5.048852658941318e-7
38.300000000000004    5.021750429916708e-7
38.400000000000006    4.994752436308097e-7
38.50000000000001    4.967858734997184e-7
38.6    4.941069375710511e-7
38.7    4.914384401124142e-7
38.800000000000004    4.887803846967171e-7
38.900000000000006    4.861327742124175e-7
39.00000000000001    4.834956108736454e-7
39.1    4.808688962302259e-7
39.2    4.782526311775846e-7
39.300000000000004    4.75646815966548e-7
39.400000000000006    4.7305145021303793e-7
39.50000000000001    4.704665329076547e-7
39.6    4.6789206242515644e-7
39.7    4.6532803653383793e-7
39.800000000000004    4.6277445240479764e-7
39.900000000000006    4.6023130662110894e-7
40.00000000000001    4.5769859518688677e-7
40.1    4.5517631353625433e-7
40.2    4.52664456542206e-7
40.300000000000004    4.5016301852537964e-7
40.400000000000006    4.476719932627215e-7
40.50000000000001    4.4519137399606234e-7
40.6    4.4272115344058936e-7
40.7    4.402613237932307e-7
40.800000000000004    4.378118767409389e-7
40.900000000000006    4.353728034688872e-7
41.00000000000001    4.329440946685664e-7
41.1    4.305257405457976e-7
41.2    4.2811773082864674e-7
41.300000000000004    4.2572005477525465e-7
41.400000000000006    4.233327011815764e-7
41.50000000000001    4.209556583890292e-7
41.6    4.1858891429206143e-7
41.7    4.162324563456231e-7
41.800000000000004    4.1388627157256233e-7
41.900000000000006    4.1155034657092883e-7
42.00000000000001    4.0922466752119673e-7
42.1    4.069092201934056e-7
42.2    4.046039899542137e-7
42.300000000000004    4.023089617738763e-7
42.400000000000006    4.0002412023313827e-7
42.50000000000001    3.9774944953004874e-7
42.6    3.9548493348669554e-7
42.7    3.932305555558622e-7
42.800000000000004    3.9098629882760604e-7
42.900000000000006    3.8875214603576076e-7
43.00000000000001    3.8652807956436093e-7
43.1    3.8431408145399315e-7
43.2    3.8211013340807e-7
43.300000000000004    3.7991621679903293e-7
43.400000000000006    3.7773231267447836e-7
43.50000000000001    3.755584017632154e-7
43.6    3.7339446448124746e-7
43.7    3.7124048093768556e-7
43.800000000000004    3.6909643094059246e-7
43.900000000000006    3.6696229400275117e-7
44.00000000000001    3.6483804934737133e-7
44.1    3.6272367591372313e-7
44.2    3.606191523627054e-7
44.300000000000004    3.5852445708234503e-7
44.400000000000006    3.5643956819323167e-7
44.50000000000001    3.543644635538867e-7
44.6    3.522991207660648e-7
44.7    3.5024351717999534e-7
44.800000000000004    3.4819762989955654e-7
44.900000000000006    3.4616143578738784e-7
45.00000000000001    3.441349114699395e-7
45.1    3.421180333424621e-7
45.2    3.401107775739312e-7
45.300000000000004    3.381131201119165e-7
45.400000000000006    3.361250366873849e-7
45.50000000000001    3.341465028194514e-7
45.6    3.321774938200633e-7
45.7    3.3021798479863385e-7
45.800000000000004    3.282679506666134e-7
45.900000000000006    3.2632736614200424e-7
46.00000000000001    3.2439620575382265e-7
46.1    3.224744438464984e-7
46.2    3.205620545842261e-7
46.300000000000004    3.1865901195525817e-7
46.400000000000006    3.16765289776143e-7
46.50000000000001    3.1488086169591134e-7
46.6    3.130057012002107e-7
46.7    3.111397816153838e-7
46.800000000000004    3.0928307611249716e-7
46.900000000000006    3.0743555771131935e-7
47.00000000000001    3.05597199284246e-7
47.1    3.0376797356017696e-7
47.2    3.019478531283415e-7
47.300000000000004    3.0013681044207365e-7
47.400000000000006    2.9833481782254364e-7
47.50000000000001    2.965418474624345e-7
47.6    2.947578714295756e-7
47.7    2.929828616705253e-7
47.800000000000004    2.912167900141129e-7
47.900000000000006    2.894596281749244e-7
48.00000000000001    2.877113477567537e-7
48.1    2.8597192025599955e-7
48.2    2.8424131706502267e-7
48.300000000000004    2.825195094754557e-7
48.400000000000006    2.808064686814712e-7
48.50000000000001    2.79102165783006e-7
48.6    2.7740657178894115e-7
48.7    2.757196576202388e-7
48.800000000000004    2.7404139411304217e-7
48.900000000000006    2.7237175202172523e-7
49.00000000000001    2.7071070202191033e-7
49.1    2.690582147134382e-7
49.2    2.674142606232997e-7
49.300000000000004    2.657788102085305e-7
49.400000000000006    2.6415183385906063e-7
49.50000000000001    2.6253330190053183e-7
49.6    2.6092318459706886e-7
49.7    2.593214521540198e-7
49.800000000000004    2.5772807472065163e-7
49.900000000000006    2.561430223928156e-7
50.00000000000001    2.5456626521556876e-7
50.1    2.5299777318576255e-7
50.2    2.514375162545954e-7
50.300000000000004    2.4988546433012874e-7
50.400000000000006    2.48341587279766e-7
50.50000000000001    2.468058549327e-7
50.6    2.4527823708232207e-7
50.7    2.4375870348859895e-7
50.800000000000004    2.4224722388041597e-7
50.900000000000006    2.40743767957885e-7
51.00000000000001    2.3924830539462134e-7
51.1    2.3776080583998538e-7
51.2    2.3628123892129377e-7
51.300000000000004    2.3480957424599826e-7
51.400000000000006    2.3334578140383077e-7
51.50000000000001    2.3188982996892007e-7
51.6    2.3044168950187605e-7
51.7    2.2900132955184038e-7
51.800000000000004    2.2756871965851338e-7
51.900000000000006    2.2614382935414398e-7
52.00000000000001    2.2472662816549388e-7
52.1    2.2331708561577207e-7
52.2    2.2191517122653872e-7
52.300000000000004    2.20520854519581e-7
52.400000000000006    2.1913410501876172e-7
52.50000000000001    2.177548922518376e-7
52.6    2.1638318575225252e-7
52.7    2.1501895506089918e-7
52.800000000000004    2.1366216972785938e-7
52.900000000000006    2.1231279931411168e-7
53.00000000000001    2.1097081339321567e-7
53.1    2.0963618155297014e-7
53.2    2.0830887339704334e-7
53.300000000000004    2.0698885854657926e-7
53.400000000000006    2.0567610664177774e-7
53.50000000000001    2.0437058734345048e-7
53.6    2.0307227033454938e-7
53.7    2.0178112532167458e-7
53.800000000000004    2.0049712203655505e-7
53.900000000000006    1.9922023023750642e-7
54.00000000000001    1.979504197108647e-7
54.1    1.9668766027239635e-7
54.2    1.954319217686877e-7
54.300000000000004    1.9418317407850577e-7
54.400000000000006    1.929413871141439e-7
54.50000000000001    1.917065308227381e-7
54.6    1.904785751875665e-7
54.7    1.8925749022932272e-7
54.800000000000004    1.8804324600737242e-7
54.900000000000006    1.8683581262098275e-7
55.00000000000001    1.85635160210536e-7
55.1    1.844412589587182e-7
55.2    1.8325407909169164e-7
55.300000000000004    1.8207359088024158e-7
55.400000000000006    1.8089976464090656e-7
55.50000000000001    1.7973257073708856e-7
55.6    1.7857197958014207e-7
55.7    1.7741796163044413e-7
55.800000000000004    1.7627048739844615e-7
55.900000000000006    1.7512952744570608e-7
56.00000000000001    1.739950523859004e-7
56.1    1.7286703288582083e-7
56.2    1.7174543966634971e-7
56.300000000000004    1.7063024350341783e-7
56.400000000000006    1.695214152289463e-7
56.50000000000001    1.6841892573176898e-7
56.6    1.6732274595853737e-7
56.7    1.6623284691460842e-7
56.800000000000004    1.6514919966491713e-7
56.900000000000006    1.6407177533482862e-7
57.00000000000001    1.6300054511097797e-7
57.1    1.6193548024208948e-7
57.2    1.608765520397826e-7
57.300000000000004    1.5982373187936061e-7
57.400000000000006    1.5877699120058374e-7
57.50000000000001    1.577363015084259e-7
57.6    1.5670163437381702e-7
57.7    1.5567296143437005e-7
57.800000000000004    1.5465025439509176e-7
57.900000000000006    1.5363348502908017e-7
58.00000000000001    1.5262262517820514e-7
58.1    1.5161764675377792e-7
58.2    1.5061852173720106e-7
58.300000000000004    1.4962522218061067e-7
58.400000000000006    1.4863772020749843e-7
58.50000000000001    1.476559880133244e-7
58.6    1.4667999786611295e-7
58.7    1.4570972210703815e-7
58.800000000000004    1.447451331509924e-7
58.900000000000006    1.4378620348714586e-7
59.00000000000001    1.4283290567948868e-7
59.1    1.418852123673649e-7
59.2    1.409430962659889e-7
59.300000000000004    1.4000653016695354e-7
59.400000000000006    1.3907548693872308e-7
59.50000000000001    1.3814993952711614e-7
59.6    1.3722986095577476e-7
59.7    1.3631522432662224e-7
59.800000000000004    1.3540600282030892e-7
59.900000000000006    1.3450216969664924e-7
60.00000000000001    1.3360369829504148e-7
60.1    1.3271056203488167e-7
60.2    1.3182273441596434e-7
60.300000000000004    1.3094018901887169e-7
60.400000000000006    1.3006289950535338e-7
60.50000000000001    1.2919083961869384e-7
60.6    1.2832398318406994e-7
60.7    1.2746230410889905e-7
60.800000000000004    1.2660577638317544e-7
60.900000000000006    1.257543740797969e-7
61.00000000000001    1.2490807135488204e-7
61.1    1.240668424480767e-7
61.2    1.23230661682851e-7
61.300000000000004    1.2239950346678745e-7
61.400000000000006    1.2157334229185814e-7
61.50000000000001    1.2075215273469395e-7
61.6    1.199359094568435e-7
61.7    1.1912458720502381e-7
61.800000000000004    1.1831816081136051e-7
61.900000000000006    1.1751660519362182e-7
62.00000000000001    1.1671989535544043e-7
62.1    1.1592800638653051e-7
62.2    1.1514091346289112e-7
62.300000000000004    1.1435859184700715e-7
62.400000000000006    1.1358101688803814e-7
62.50000000000001    1.1280816402199845e-7
62.6    1.1204000877193276e-7
62.7    1.112765267480802e-7
62.800000000000004    1.1051769364803278e-7
62.900000000000006    1.0976348525688507e-7
63.00000000000001    1.0901387744737612e-7
63.1    1.0826884618002581e-7
63.2    1.0752836750325978e-7
63.300000000000004    1.0679241755353178e-7
63.400000000000006    1.0606097255543556e-7
63.50000000000001    1.0533400882181038e-7
63.6    1.0461150275384051e-7
63.7    1.038934308411464e-7
63.800000000000004    1.031797696618705e-7
63.900000000000006    1.0247049588275515e-7
64.    1.0176558625921451e-7
64.1    1.0106501763539926e-7
64.2    1.0036876694425678e-7
64.3    9.967681120758235e-8
64.39999999999999    9.898912753606588e-8
64.5    9.830569312933172e-8
64.6    9.76264852759745e-8
64.7    9.69514813535838e-8
64.8    9.628065882877078e-8
64.89999999999999    9.561399525718073e-8
65.    9.495146828350598e-8
65.1    9.429305564149107e-8
65.2    9.363873515393128e-8
65.3    9.2988484732668e-8
65.39999999999999    9.2342282378577e-8
65.5    9.170010618155195e-8
65.6    9.106193432048354e-8
65.7    9.042774506323086e-8
65.8    8.979751676659253e-8
65.89999999999999    8.917122787626776e-8
66.    8.854885692681436e-8
66.1    8.793038254160497e-8
66.2    8.731578343277329e-8
66.3    8.670503840115936e-8
66.39999999999999    8.609812633624908e-8
66.5    8.549502621610964e-8
66.6    8.489571710731955e-8
66.7    8.430017816489542e-8
66.8    8.3708388632214e-8
66.89999999999999    8.312032784092976e-8
67.    8.253597521088804e-8
67.1    8.195531025003627e-8
67.2    8.137831255432753e-8
67.3    8.080496180762354e-8
67.39999999999999    8.023523778159208e-8
67.5    7.966912033559972e-8
67.6    7.910658941660415e-8
67.7    7.854762505903875e-8
67.8    7.799220738469605e-8
67.89999999999999    7.744031660260737e-8
68.    7.689193300891752e-8
68.1    7.634703698675866e-8
68.2    7.58056090061173e-8
68.3    7.526762962370203e-8
68.39999999999999    7.473307948280382e-8
68.5    7.420193931315635e-8
68.6    7.367418993079213e-8
68.7    7.314981223789388e-8
68.8    7.262878722264661e-8
68.89999999999999    7.211109595908252e-8
69.    7.159671960692559e-8
69.1    7.108563941143334e-8
69.2    7.057783670323368e-8
69.3    7.007329289816192e-8
69.39999999999999    6.957198949709182e-8
69.5    6.907390808576713e-8
69.6    6.857903033462845e-8
69.7    6.808733799863805e-8
69.8    6.759881291710239e-8
69.89999999999999    6.711343701349207e-8
70.    6.663119229525897e-8
70.1    6.615206085365235e-8
70.2    6.56760248635304e-8
70.3    6.520306658317173e-8
70.39999999999999    6.473316835408353e-8
70.5    6.426631260080695e-8
70.6    6.380248183072205e-8
70.7    6.334165863384942e-8
70.8    6.288382568264991e-8
70.89999999999999    6.242896573182229e-8
71.    6.19770616180993e-8
71.1    6.152809626004179e-8
71.2    6.108205265783086e-8
71.3    6.06389138930577e-8
71.39999999999999    6.019866312851196e-8
71.5    5.976128360796883e-8
71.6    5.932675865597452e-8
71.7    5.889507167762833e-8
71.8    5.84662061583649e-8
71.89999999999999    5.8040145663734586e-8
72.    5.761687383918122e-8
72.1    5.719637440981994e-8
72.2    5.6778631180211944e-8
72.3    5.636362803413899e-8
72.39999999999999    5.5951348934375644e-8
72.5    5.554177792246067e-8
72.6    5.51348991184671e-8
72.7    5.4730696720770316e-8
72.8    5.432915500581623e-8
72.89999999999999    5.393025832788612e-8
73.    5.353399111886232e-8
73.1    5.314033788799204e-8
73.2    5.274928322164867e-8
73.3    5.236081178309533e-8
73.39999999999999    5.197490831224271e-8
73.5    5.1591557625409984e-8
73.6    5.1210744615083025e-8
73.7    5.083245424967059e-8
73.8    5.045667157326135e-8
73.89999999999999    5.008338170538003e-8
74.    4.971256984074023e-8
74.1    4.934422124899911e-8
74.2    4.897832127451022e-8
74.3    4.8614855336074866e-8
74.39999999999999    4.825380892669344e-8
74.5    4.7895167613316185e-8
74.6    4.753891703659293e-8
74.7    4.7185042910620745e-8
74.8    4.6833531022694005e-8
74.89999999999999    4.648436723305137e-8
75.    4.613753747462197e-8
75.1    4.579302775277298e-8
75.2    4.5450824145054456e-8
75.3    4.5110912800945466e-8
75.39999999999999    4.477327994159825e-8
75.5    4.4437911859582493e-8
75.6    4.41047949186292e-8
75.7    4.377391555337386e-8
75.8    4.344526026909955e-8
75.89999999999999    4.311881564147907e-8
76.    4.279456831631667e-8
76.1    4.2472505009291015e-8
76.2    4.2152612505694534e-8
76.3    4.183487766017607e-8
76.39999999999999    4.151928739648069e-8
76.5    4.120582870719038e-8
76.6    4.089448865346419e-8
76.7    4.058525436477787e-8
76.8    4.027811303866361e-8
76.9    3.997305194044964e-8
77.    3.967005840299953e-8
77.1    3.936911982645071e-8
77.2    3.9070223677953994e-8
77.3    3.8773357491412633e-8
77.4    3.84785088672196e-8
77.5    3.818566547199819e-8
77.6    3.7894815038338955e-8
77.7    3.760594536453865e-8
77.8    3.731904431433905e-8
77.9    3.703409981666445e-8
78.    3.675109986536128e-8
78.1    3.6470032518935045e-8
78.2    3.619088590028976e-8
78.3    3.591364819646633e-8
78.4    3.5638307658380254e-8
78.5    3.5364852600561274e-8
78.6    3.5093271400890945e-8
78.7    3.4823552500342115e-8
78.8    3.4555684402717904e-8
78.9    3.4289655674389425e-8
79.    3.402545494403689e-8
79.1    3.37630709023873e-8
79.2    3.3502492301954027e-8
79.3    3.324370795677774e-8
79.4    3.2986706742164334e-8
79.5    3.273147759442674e-8
79.6    3.247800951062397e-8
79.7    3.222629154830228e-8
79.8    3.197631282523533e-8
79.9    3.172806251916602e-8
80.    3.1481529867546764e-8
80.1    3.123670416728191e-8
80.2    3.09935747744689e-8
80.3    3.075213110414124e-8
80.4    3.051236263000985e-8
80.5    3.027425888420709e-8
80.6    3.0037809457028984e-8
80.7    2.9803003996679095e-8
80.8    2.95698322090122e-8
80.9    2.9338283857279163e-8
81.    2.9108348761870392e-8
81.1    2.8880016800061883e-8
81.2    2.8653277905760098e-8
81.3    2.8428122069247525e-8
81.4    2.8204539336929952e-8
81.5    2.7982519811081906e-8
81.6    2.776205364959445e-8
81.7    2.7543131065722586e-8
81.8    2.7325742327833263e-8
81.9    2.7109877759153623e-8
82.    2.6895527737520474e-8
82.1    2.668268269512894e-8
82.2    2.6471333118283197e-8
82.3    2.6261469547146584e-8
82.4    2.605308257549165e-8
82.5    2.5846162850453416e-8
82.6    2.5640701072279418e-8
82.7    2.5436687994083625e-8
82.8    2.5234114421598513e-8
82.9    2.503297121292911e-8
83.    2.4833249278307254e-8
83.1    2.463493957984558e-8
83.2    2.443803313129308e-8
83.3    2.424252099779148e-8
83.4    2.4048394295630865e-8
83.5    2.3855644192006753e-8
83.6    2.3664261904777913e-8
83.7    2.347423870222424e-8
83.8    2.328556590280562e-8
83.9    2.3098234874921495e-8
84.    2.2912237036670686e-8
84.1    2.2727563855611554e-8
84.2    2.2544206848523443e-8
84.3    2.2362157581169312e-8
84.4    2.2181407668056777e-8
84.5    2.200194877220226e-8
84.6    2.1823772604894482e-8
84.7    2.1646870925458497e-8
84.8    2.1471235541021532e-8
84.9    2.129685830627768e-8
85.    2.1123731123255e-8
85.1    2.095184594108236e-8
85.2    2.078119475575721e-8
85.3    2.061176960991366e-8
85.4    2.0443562592591827e-8
85.5    2.0276565839007453e-8
85.6    2.01107715303228e-8
85.7    1.994617189341652e-8
85.8    1.97827592006572e-8
85.9    1.962052576967455e-8
86.    1.9459463963132826e-8
86.1    1.9299566188505483e-8
86.2    1.9140824897849024e-8
86.3    1.898323258757837e-8
86.4    1.8826781798243668e-8
86.5    1.8671465114306105e-8
86.6    1.8517275163916017e-8
86.7    1.836420461869079e-8
86.8    1.8212246193494264e-8
86.9    1.8061392646215585e-8
87.    1.7911636777550297e-8
87.1    1.7762971430781114e-8
87.2    1.7615389491560345e-8
87.3    1.74688838876916e-8
87.4    1.7323447588913768e-8
87.5    1.7179073606684984e-8
87.6    1.7035754993967202e-8
87.7    1.689348484501215e-8
87.8    1.6752256295147696e-8
87.9    1.6612062520564324e-8
88.    1.6472896738103648e-8
88.1    1.63347522050463e-8
88.2    1.619762221890219e-8
88.3    1.6061500117199507e-8
88.4    1.5926379277276726e-8
88.5    1.5792253116073148e-8
88.6    1.565911508992176e-8
88.7    1.5526958694342716e-8
88.8    1.5395777463836426e-8
88.9    1.526556497167904e-8
89.    1.5136314829717117e-8
89.1    1.5008020688164408e-8
89.2    1.4880676235398556e-8
89.3    1.4754275197758838e-8
89.4    1.4628811339344678e-8
89.5    1.4504278461815136e-8
89.6    1.438067040418831e-8
89.7    1.4257981042642762e-8
89.8    1.4136204290319129e-8
89.9    1.4015334097121644e-8
90.    1.3895364449522822e-8
90.1    1.3776289370365373e-8
90.2    1.3658102918668549e-8
90.3    1.354079918943281e-8
90.4    1.3424372313445981e-8
90.5    1.3308816457090584e-8
90.6    1.3194125822151598e-8
90.7    1.3080294645624571e-8
90.8    1.2967317199525448e-8
90.9    1.2855187790700493e-8
91.    1.274390076063708e-8
91.1    1.2633450485274975e-8
91.2    1.2523831374819842e-8
91.3    1.2415037873555489e-8
91.4    1.2307064459657548e-8
91.5    1.2199905645009516e-8
91.6    1.209355597501699e-8
91.7    1.198801002842492e-8
91.8    1.188326241713368e-8
91.9    1.1779307786017573e-8
92.    1.1676140812743808e-8
92.1    1.1573756207590418e-8
92.2    1.1472148713268254e-8
92.3    1.1371313104740432e-8
92.4    1.1271244189044399e-8
92.5    1.117193680511528e-8
92.6    1.1073385823607609e-8
92.7    1.0975586146720361e-8
92.8    1.0878532708021415e-8
92.9    1.0782220472273059e-8
93.    1.0686644435258214e-8
93.1    1.0591799623607595e-8
93.2    1.0497681094627344e-8
93.3    1.0404283936127869e-8
93.4    1.0311603266252862e-8
93.5    1.0219634233309939e-8
93.6    1.0128372015600293e-8
93.7    1.0037811821251911e-8
93.8    9.947948888050773e-9
93.9    9.858778483274214e-9
94.    9.770295903525223e-9
94.1    9.68249647456644e-9
94.2    9.595375551156004e-9
94.3    9.508928516883601e-9
94.4    9.423150784006907e-9
94.5    9.338037793290001e-9
94.6    9.253585013841102e-9
94.7    9.169787942951584e-9
94.8    9.086642105936663e-9
94.9    9.00414305597502e-9
95.    8.922286373950743e-9
95.1    8.841067668295371e-9
95.2    8.760482574830456e-9
95.3    8.68052675661096e-9
95.4    8.601195903770354e-9
95.5    8.522485733364884e-9
95.6    8.444391989219473e-9
95.7    8.366910441774207e-9
95.8    8.290036887931998e-9
95.9    8.213767150905858e-9
96.    8.13809708006766e-9
96.1    8.063022550798025e-9
96.2    7.98853946433615e-9
96.3    7.914643747630392e-9
96.4    7.841331353190187e-9
96.5    7.768598258937776e-9
96.6    7.696440468062229e-9
96.7    7.624854008871843e-9
96.8    7.553834934649183e-9
96.9    7.483379323506638e-9
97.    7.413483278241102e-9
97.1    7.344142926191768e-9
97.2    7.275354419096195e-9
97.3    7.207113932949144e-9
97.4    7.139417667860406e-9
97.5    7.072261847915187e-9
97.6    7.005642721032676e-9
97.7    6.939556558828077e-9
97.8    6.873999656473416e-9
97.9    6.808968332559705e-9
98.    6.744458928959316e-9
98.1    6.6804678106905355e-9
98.2    6.6169913657804715e-9
98.3    6.55402600513059e-9
98.4    6.491568162382335e-9
98.5    6.4296142937825985e-9
98.6    6.3681608780513964e-9
98.7    6.307204416248856e-9
98.8    6.246741431643633e-9
98.9    6.186768469581961e-9
99.    6.12728209735647e-9
99.1    6.068278904077727e-9
99.2    6.009755500543604e-9
99.3    5.951708519111827e-9
99.4    5.894134613571598e-9
99.5    5.8370304590171705e-9
99.6    5.780392751720378e-9
99.7    5.724218209005737e-9
99.8    5.66850356912407e-9
99.9    5.613245591129447e-9
100.    5.558441054754264e-9
100.1    5.504086760285834e-9
100.2    5.450179528444827e-9
100.3    5.396716200262044e-9
100.4    5.343693636957798e-9
100.5    5.29110871982145e-9
100.6    5.23895835009039e-9
100.7    5.187239448831222e-9
100.8    5.135948956821176e-9
100.9    5.085083834429364e-9
101.    5.034641061499439e-9
101.1    4.984617637232663e-9
101.2    4.935010580071483e-9
101.3    4.885816927584005e-9
101.4    4.837033736348652e-9
101.5    4.788658081839623e-9
101.6    4.7406870583136255e-9
101.7    4.69311777869577e-9
101.8    4.645947374467396e-9
101.9    4.599172995553773e-9
102.    4.5527918102131206e-9
102.1    4.506801004924769e-9
102.2    4.4611977842801475e-9
102.3    4.415979370871873e-9
102.4    4.37114300518546e-9
102.5    4.326685945490718e-9
102.6    4.282605467733623e-9
102.7    4.238898865428973e-9
102.8    4.195563449553755e-9
102.9    4.152596548441163e-9
103.    4.1099955076746275e-9
103.1    4.067757689983266e-9
103.2    4.025880475136637e-9
103.3    3.984361259842008e-9
103.4    3.943197457639952e-9
103.5    3.902386498802387e-9
103.6    3.861925830230102e-9
103.7    3.821812915351107e-9
103.8    3.782045234019595e-9
103.9    3.7426202824154105e-9
104.    3.703535572944418e-9
104.1    3.664788634138642e-9
104.2    3.6263770105578243e-9
104.3    3.5882982626907348e-9
104.4    3.550549966857991e-9
104.5    3.5131297151140557e-9
104.6    3.4760351151515087e-9
104.7    3.4392637902040143e-9
104.8    3.4028133789513367e-9
104.9    3.3666815354242805e-9
105.    3.3308659289095096e-9
105.1    3.2953642438565017e-9
105.2    3.260174179783274e-9
105.3    3.225293451183839e-9
105.4    3.1907197874356363e-9
105.5    3.156450932707842e-9
105.6    3.122484645869591e-9
105.7    3.0888187003993443e-9
105.8    3.0554508842949116e-9
105.9    3.022378999982731e-9
106.    2.9896008642291588e-9
106.1    2.9571143080515e-9
106.2    2.9249171766296424e-9
106.3    2.8930073292180856e-9
106.4    2.861382639058995e-9
106.5    2.8300409932951537e-9
106.6    2.798980292883095e-9
106.7    2.7681984525085095e-9
106.8    2.7376934004996065e-9
106.9    2.70746307874278e-9
107.    2.67750544259853e-9
107.1    2.647818460816976e-9
107.2    2.6184001154548643e-9
107.3    2.5892484017923215e-9
107.4    2.5603613282508674e-9
107.5    2.5317369163106183e-9
107.6    2.503373200429719e-9
107.7    2.475268227962613e-9
107.8    2.4474200590795594e-9
107.9    2.4198267666869247e-9
108.    2.3924864363472793e-9
108.1    2.3653971661998075e-9
108.2    2.3385570668823697e-9
108.3    2.311964261452403e-9
108.4    2.2856168853101335e-9
108.5    2.259513086120052e-9
108.6    2.2336510237346105e-9
108.7    2.208028870118093e-9
108.8    2.1826448092697715e-9
108.9    2.157497037148791e-9
109.    2.1325837615993383e-9
109.1    2.1079032022753368e-9
109.2    2.0834535905665326e-9
109.3    2.0592331695244344e-9
109.4    2.035240193789416e-9
109.5    2.0114729295172982e-9
109.6    1.9879296543069744e-9
109.7    1.9646086571281382e-9
109.8    1.9415082382500066e-9
109.9    1.918626709169518e-9
110.    1.8959623925413204e-9
110.1    1.873513622106327e-9
110.2    1.8512787426225846e-9
110.3    1.829256109795049e-9
110.4    1.8074440902068216e-9
110.5    1.785841061250533e-9
110.6    1.7644454110592857e-9
110.7    1.743255538439344e-9
110.8    1.722269852802549e-9
110.9    1.7014867740987823e-9
111.    1.6809047327495993e-9
111.1    1.6605221695817046e-9
111.2    1.6403375357609677e-9
111.3    1.6203492927271028e-9
111.4    1.6005559121284857e-9
111.5    1.580955875756735e-9
111.6    1.5615476754834525e-9
111.7    1.542329813195095e-9
111.8    1.5233008007302782e-9
111.9    1.5044591598160236e-9
112.    1.485803422004824e-9
112.1    1.4673321286127477e-9
112.2    1.4490438306565627e-9
112.3    1.430937088792714e-9
112.4    1.413010473255685e-9
112.5    1.3952625637967158e-9
112.6    1.3776919496237021e-9
112.7    1.36029722934073e-9
112.8    1.3430770108878278e-9
112.9    1.326029911482413e-9
113.    1.3091545575590508e-9
113.1    1.292449584711136e-9
113.2    1.2759136376326685e-9
113.3    1.2595453700597906e-9
113.4    1.243343444712966e-9
113.5    1.2273065332403062e-9
113.6    1.2114333161594328e-9
113.7    1.1957224828019084e-9
113.8    1.18017273125585e-9
113.9    1.1647827683111258e-9
114.    1.1495513094024262e-9
114.1    1.134477078554642e-9
114.2    1.1195588083280042e-9
114.3    1.10479523976302e-9
114.4    1.090185122326319e-9
114.5    1.0757272138569632e-9
114.6    1.0614202805122693e-9
114.7    1.0472630967148922e-9
114.8    1.0332544450997294e-9
114.9    1.0193931164609547e-9
115.    1.0056779097005666e-9
115.1    9.921076317749912e-10
115.2    9.786810976447723e-10
115.3    9.653971302223588e-10
115.4    9.52254560321033e-10
115.5    9.392522266046894e-10
115.6    9.263889755368504e-10
115.7    9.136636613311547e-10
115.8    9.010751459006724e-10
115.9    8.886222988091296e-10
116.    8.763039972216317e-10
116.1    8.641191258554508e-10
116.2    8.520665769313898e-10
116.3    8.401452501261365e-10
116.4    8.283540525233906e-10
116.5    8.166918985669254e-10
116.6    8.051577100127195e-10
116.7    7.937504158822035e-10
116.8    7.824689524148662e-10
116.9    7.713122630225662e-10
117.    7.602792982425023e-10
117.1    7.49369015692006e-10
117.2    7.385803800222029e-10
117.3    7.279123628730922e-10
117.4    7.173639428284081e-10
117.5    7.069341053707182e-10
117.6    6.966218428366244e-10
117.7    6.864261543731291e-10
117.8    6.763460458934047e-10
117.9    6.663805300328734e-10
118.    6.565286261060564e-10
118.1    6.467893600632388e-10
118.2    6.37161764447717e-10
118.3    6.276448783532929e-10
118.4    6.182377473818001e-10
118.5    6.089394236006945e-10
118.6    5.997489655020434e-10
118.7    5.906654379604269e-10
118.8    5.816879121915597e-10
118.9    5.728154657115498e-10
119.    5.640471822962208e-10
119.1    5.553821519401664e-10
119.2    5.468194708170395e-10
119.3    5.383582412388603e-10
119.4    5.299975716173108e-10
119.5    5.217365764229525e-10
119.6    5.135743761471282e-10
119.7    5.055100972622913e-10
119.8    4.975428721833063e-10
119.9    4.896718392295009e-10
120.    4.818961425855233e-10
120.1    4.742149322641199e-10
120.2    4.666273640679931e-10
120.3    4.5913259955192003e-10
120.4    4.5172980598646955e-10
120.5    4.4441815631969253e-10
120.6    4.3719682914151483e-10
120.7    4.3006500864588336e-10
120.8    4.2302188459551853e-10
120.9    4.160666522852717e-10
121.    4.091985125060118e-10
121.1    4.024166715096949e-10
121.2    3.9572034097307606e-10
121.3    3.891087379629161e-10
121.4    3.825810849010046e-10
121.5    3.7613660952946146e-10
121.6    3.697745448759354e-10
121.7    3.634941292194951e-10
121.8    3.57294606056124e-10
121.9    3.5117522406545827e-10
122.    3.451352370768829e-10
122.1    3.391739040356647e-10
122.2    3.3329048897022735e-10
122.3    3.2748426095892954e-10
122.4    3.217544940972781e-10
122.5    3.161004674651783e-10
122.6    3.105214650948288e-10
122.7    3.050167759380881e-10
122.8    2.9958569383515025e-10
122.9    2.9422751748186715e-10
123.    2.889415503990775e-10
123.1    2.837271009009116e-10
123.2    2.7858348206317154e-10
123.3    2.735100116931067e-10
123.4    2.685060122979522e-10
123.5    2.6357081105489474e-10
123.6    2.5870373978052004e-10
123.7    2.539041349004628e-10
123.8    2.4917133741978405e-10
123.9    2.445046928926028e-10
124.    2.39903551393272e-10
124.1    2.3536726748625284e-10
124.2    2.308952001974228e-10
124.3    2.2648671298453187e-10
124.4    2.2214117370886447e-10
124.5    2.1785795460643183e-10
124.6    2.1363643225923668e-10
124.7    2.0947598756718237e-10
124.8    2.0537600572028919e-10
124.9    2.0133587617007417e-10
125.    1.9735499260251397e-10
125.1    1.9343275290996189e-10
125.2    1.8956855916406233e-10
125.3    1.857618175885288e-10
125.4    1.820119385316437e-10
125.5    1.7831833644036398e-10
125.6    1.7468042983276128e-10
125.7    1.7109764127192874e-10
125.8    1.6756939733932402e-10
125.9    1.6409512860921913e-10
126.    1.6067426962216853e-10
126.1    1.5730625885916285e-10
126.2    1.5399053871630813e-10
126.3    1.5072655547907493e-10
126.4    1.4751375929740076e-10
126.5    1.4435160415976052e-10
126.6    1.4123954786880612e-10
126.7    1.3817705201651018e-10
126.8    1.3516358195897674e-10
126.9    1.3219860679264707e-10
127.    1.2928159932936046e-10
127.1    1.264120360725157e-10
127.2    1.2358939719257653e-10
127.3    1.2081316650410586e-10
127.4    1.18082831440868e-10
127.5    1.1539788303326921e-10
127.6    1.1275781588425087e-10
127.7    1.1016212814665884e-10
127.8    1.0761032149946294e-10
127.9    1.0510190112507378e-10
128.    1.0263637568703886e-10
128.1    1.0021325730631433e-10
128.2    9.783206153979707e-11
128.3    9.549230735750395e-11
128.4    9.319351712007558e-11
128.5    9.09352165573495e-11
128.6    8.871693474587305e-11
128.7    8.653820408742751e-11
128.8    8.439856028730477e-11
128.9    8.229754233282097e-11
129.    8.023469247179674e-11
129.1    7.820955619164079e-11
129.2    7.622168219790826e-11
129.3    7.427062239392189e-11
129.4    7.235593185906859e-11
129.5    7.047716882918631e-11
129.6    6.863389467503532e-11
129.7    6.682567388286037e-11
129.8    6.505207403316293e-11
129.9    6.331266578136838e-11
130.    6.1607022837514e-11
130.1    5.993472194594113e-11
130.2    5.829534286642765e-11
130.3    5.668846835420537e-11
130.4    5.51136841397742e-11
130.5    5.357057891102717e-11
130.6    5.2058744292540486e-11
130.7    5.0577774827355286e-11
130.8    4.91272679577638e-11
130.9    4.7706824006623175e-11
131.    4.6316046158183965e-11
131.1    4.4954540439918716e-11
131.2    4.3621915703786824e-11
131.3    4.2317783608373015e-11
131.4    4.1041758599775e-11
131.5    3.9793457894301276e-11
131.6    3.857250146005002e-11
131.7    3.7378511999230203e-11
131.8    3.621111493008984e-11
131.9    3.5069938369750436e-11
132.    3.3954613116283884e-11
132.1    3.2864772631313554e-11
132.2    3.1800053023104034e-11
132.3    3.0760093029094606e-11
132.4    2.9744533998368986e-11
132.5    2.8753019875837863e-11
132.6    2.7785197184270678e-11
132.7    2.6840715008082796e-11
132.8    2.5919224976734283e-11
132.9    2.5020381248267722e-11
133.    2.4143840492332534e-11
133.1    2.3289261874628485e-11
133.2    2.24563070403948e-11
133.3    2.1644640098078426e-11
133.4    2.0853927603762402e-11
133.5    2.0083838545319613e-11
133.6    1.933404432608298e-11
133.7    1.8604218749779708e-11
133.8    1.789403800450398e-11
133.9    1.7203180647953063e-11
134.    1.6531327591154458e-11
134.1    1.5878162083851706e-11
134.2    1.5243369699220955e-11
134.3    1.4626638318514083e-11
134.4    1.4027658116731517e-11
134.5    1.3446121547135276e-11
134.6    1.2881723326570007e-11
134.7    1.233416042156754e-11
134.8    1.1803132032442604e-11
134.9    1.1288339580006122e-11
135.    1.0789486690629915e-11
135.1    1.0306279182340562e-11
135.2    9.838425049849835e-12
135.3    9.385634451585682e-12
135.4    8.947619694494113e-12
135.5    8.524095221375658e-12
135.6    8.114777596040999e-12
135.7    7.719385490119757e-12
135.8    7.3376396691432e-12
135.9    6.969262979455535e-12
136.    6.6139803342390854e-12
136.1    6.271518700402158e-12
136.2    5.941607085340737e-12
136.3    5.623976523640839e-12
136.4    5.3183600640388205e-12
136.5    5.024492756528015e-12
136.6    4.742111638961803e-12
136.7    4.470955724765752e-12
136.8    4.2107659901317025e-12
136.9    3.961285360809697e-12
137.    3.722258700101267e-12
137.1    3.4934327959955056e-12
137.2    3.2745563491832654e-12
137.3    3.065379959814224e-12
137.4    2.865656116610186e-12
137.5    2.6751391830991933e-12
137.6    2.493585386951306e-12
137.7    2.3207528071113955e-12
137.8    2.156401361919107e-12
137.9    2.000292797692097e-12
138.    1.8521906762627566e-12
138.1    1.7118603640989005e-12
138.2    1.579069019873802e-12
138.3    1.453585583554297e-12
138.4    1.335180764503453e-12
138.5    1.2236270302213385e-12
138.6    1.1186985951032762e-12
138.7    1.0201714088574117e-12
138.8    9.278231460528278e-13
138.9    8.414331940626082e-13
139.    7.607826426770691e-13
139.1    6.856542731511659e-13
139.2    6.158325470475678e-13
139.3    5.511035953174055e-13
139.4    4.912552080870445e-13
139.5    4.3607682349629104e-13
139.6    3.8535951730938036e-13
139.7    3.388959921822679e-13
139.8    2.9648056768972873e-13
139.9    2.5790916947353987e-13
140.    2.2297931881165299e-13
140.1    1.9149012294525051e-13
140.2    1.632422642758853e-13
140.3    1.3803799068832477e-13
140.4    1.1568110524753667e-13
140.5    9.597695628563412e-14
140.6    7.873242743825953e-14
140.7    6.375592781776476e-14
140.8    5.0857382290946766e-14
140.9    3.9850488514880895e-14
141.    3.057103045851924e-14
141.1    2.28671335383403e-14
141.2    1.658830716628105e-14
141.3    1.1585333985827413e-14
141.4    7.710261300059835e-15
141.5    4.816393511501108e-15
141.6    2.7582845921699594e-15
141.7    1.3917296518261595e-15
141.8    5.737583023573654e-16
141.9    1.6262601211089425e-16
142.    1.7807226922761873e-17
