0.1    2.55024605695035e-9
0.2    2.462602653388491e-9
0.30000000000000004    2.3775968966167903e-9
0.4    2.2951685238474826e-9
0.5    2.215257545887479e-9
0.6    2.1378043284752107e-9
0.7000000000000001    2.0627496667696733e-9
0.8    1.9900348533848536e-9
0.9    1.9196017403442277e-9
1.    1.8513927953123898e-9
1.1    1.785351152443797e-9
1.2000000000000002    1.7214206581722413e-9
1.3000000000000003    1.6595459122490684e-9
1.4000000000000001    1.5996723043229156e-9
1.5000000000000002    1.5417460463394426e-9
1.6    1.4857142010255256e-9
1.7000000000000002    1.4315247067092064e-9
1.8000000000000003    1.3791263987138223e-9
1.9000000000000001    1.3284690275526948e-9
2.    1.2795032741388597e-9
2.1    1.232180762213423e-9
2.2    1.1864540681851166e-9
2.3000000000000003    1.142276728563694e-9
2.4000000000000004    1.099603245159828e-9
2.5000000000000004    1.0583890882149318e-9
2.6    1.0185906976153935e-9
2.7    9.801654823371885e-10
2.8000000000000003    9.430718182587372e-10
2.9000000000000004    9.072690444720705e-10
3.0000000000000004    8.727174582150988e-10
3.1    8.393783085405705e-10
3.2    8.07213788830793e-10
3.3000000000000003    7.761870282606122e-10
3.4000000000000004    7.462620823052636e-10
3.5000000000000004    7.174039223837289e-10
3.6    6.895784247229667e-10
3.7    6.627523592324131e-10
3.8000000000000003    6.36893382830303e-10
3.9000000000000004    6.119700300474555e-10
4.    5.879516979868581e-10
4.1    5.648086307334116e-10
4.2    5.425119036408948e-10
4.3    5.210334075135105e-10
4.3999999999999995    5.003458327015156e-10
4.5    4.804226531316524e-10
4.6    4.6123811029384977e-10
4.7    4.427671972058604e-10
4.8    4.24985642377361e-10
4.9    4.0786989379463774e-10
5.    3.913971029463558e-10
5.1    3.7554510891008697e-10
5.2    3.602924225184288e-10
5.3    3.456182106225048e-10
5.4    3.3150228046964385e-10
5.5    3.17925064210951e-10
5.6    3.0486760355340895e-10
5.7    2.9231153457006586e-10
5.8    2.8023907268082133e-10
5.9    2.6863299781523817e-10
6.    2.574766397678298e-10
6.1    2.4675386375526803e-10
6.2    2.364490561839963e-10
6.3    2.2654711063584834e-10
6.4    2.1703341407837647e-10
6.5    2.0789383330577264e-10
6.6    1.9911470161548014e-10
6.7    1.9068280572484265e-10
6.8    1.8258537293142414e-10
6.9    1.7481005851998854e-10
7.    1.6734493341847839e-10
7.1    1.6017847210476988e-10
7.2    1.532995407654047e-10
7.3    1.4669738570702516e-10
7.4    1.4036162202071652e-10
7.5    1.3428222249906637e-10
7.6    1.28449506805291e-10
7.7    1.2285413089344444e-10
7.8    1.174870766783436e-10
7.9    1.1233964195353367e-10
8.    1.0740343055532177e-10
8.1    1.0267034277063931e-10
8.2    9.813256598623828e-11
8.3    9.378256557651874e-11
8.4    8.961307602706679e-11
8.5    8.561709229081124e-11
8.6    8.178786137354474e-11
8.7    7.81188741454094e-11
8.8    7.46038573748143e-11
8.9    7.123676598115132e-11
9.    6.801177550257231e-11
9.1    6.49232747750102e-11
9.2    6.196585881855386e-11
9.3    5.913432192723983e-11
9.4    5.642365095826153e-11
9.5    5.382901881657727e-11
9.6    5.134577813086211e-11
9.700000000000001    4.8969455116738076e-11
9.8    4.6695743623204474e-11
9.9    4.4520499358196666e-11
10.    4.243973428919936e-11
10.1    4.044961121486187e-11
10.200000000000001    3.854643850358063e-11
10.3    3.672666499503718e-11
10.4    3.498687506070833e-11
10.5    3.33237838194121e-11
10.6    3.1734232503974707e-11
10.700000000000001    3.021518397515952e-11
10.8    2.8763718379044617e-11
10.9    2.737702894407375e-11
11.    2.6052417914078552e-11
11.1    2.478729261360039e-11
11.200000000000001    2.3579161641916174e-11
11.3    2.242563119222326e-11
11.4    2.1324401492499396e-11
11.5    2.0273263364615257e-11
11.6    1.9270094898342377e-11
11.700000000000001    1.831285823696301e-11
11.8    1.7399596471250458e-11
11.9    1.6528430638655215e-11
12.    1.569755682460091e-11
12.1    1.490524336285589e-11
12.200000000000001    1.414982813201392e-11
12.3    1.3429715945186195e-11
12.4    1.2743376030068812e-11
12.5    1.20893395966196e-11
12.6    1.1466197489640282e-11
12.700000000000001    1.0872597923629058e-11
12.8    1.030724429733032e-11
12.9    9.768893085472432e-12
13.    9.25635180525178e-12
13.1    8.768477055176962e-12
13.200000000000001    8.304172623957178e-12
13.3    7.862387667173833e-12
13.4    7.442114949539369e-12
13.5    7.042389150599375e-12
13.6    6.662285231804704e-12
13.700000000000001    6.300916862925493e-12
13.8    5.9574349058419e-12
13.9    5.6310259538024945e-12
14.    5.320910924291959e-12
14.1    5.026343703707922e-12
14.200000000000001    4.746609842092487e-12
14.3    4.481025296224668e-12
14.4    4.2289352194196154e-12
14.5    3.989712796440126e-12
14.6    3.762758121964618e-12
14.700000000000001    3.5474971211090445e-12
14.8    3.343380510545528e-12
14.9    3.1498827988003913e-12
15.    2.9665013243653565e-12
15.1    2.7927553302922713e-12
15.200000000000001    2.6281850739865583e-12
15.3    2.4723509709552312e-12
15.4    2.3248327713020425e-12
15.5    2.1852287678055018e-12
15.6    2.0531550344482004e-12
15.700000000000001    1.928244694306515e-12
15.8    1.8101472157427214e-12
15.9    1.6985277358756192e-12
16.    1.5930664103445056e-12
16.1    1.493457788405123e-12
16.200000000000003    1.3994102124389024e-12
16.3    1.3106452409758e-12
16.400000000000002    1.226897094373426e-12
16.500000000000004    1.1479121223125176e-12
16.6    1.0734482923066157e-12
16.700000000000003    1.0032746984451298e-12
16.8    9.371710896186163e-13
16.900000000000002    8.749274164992634e-13
17.000000000000004    8.163433965768292e-13
17.1    7.612280965712764e-13
17.200000000000003    7.093995315700017e-13
17.3    6.606842802590904e-13
17.400000000000002    6.14917115639683e-13
17.500000000000004    5.719406506422282e-13
17.6    5.316049980735642e-13
17.700000000000003    4.93767444348485e-13
17.8    4.582921364817473e-13
17.900000000000002    4.250497818302684e-13
18.000000000000004    3.939173600962718e-13
18.1    3.647778471201656e-13
18.200000000000003    3.375199500070194e-13
18.3    3.120378531486746e-13
18.400000000000002    2.882309747183106e-13
18.500000000000004    2.660037332294129e-13
18.6    2.4526532376965406e-13
18.700000000000003    2.2592950352751492e-13
18.8    2.079143862507588e-13
18.900000000000002    1.9114224528472873e-13
19.000000000000004    1.7553932485240712e-13
19.1    1.6103565925234127e-13
19.200000000000003    1.475648996603225e-13
19.300000000000004    1.3506414823285868e-13
19.400000000000002    1.234737992245595e-13
19.500000000000004    1.1273738683706545e-13
19.6    1.028014395343915e-13
19.700000000000003    9.361534056201602e-14
19.800000000000004    8.513119442517264e-14
19.900000000000002    7.730369908340372e-14
20.000000000000004    7.009002363294454e-14
20.1    6.344969125558839e-14
20.200000000000003    5.73444672196869e-14
20.300000000000004    5.1738251730409324e-14
20.400000000000002    4.6596977429462926e-14
20.500000000000004    4.188851135849767e-14
20.6    3.758256120027212e-14
20.700000000000003    3.3650585625712274e-14
20.800000000000004    3.006570857674553e-14
20.900000000000002    2.6802637324146157e-14
21.000000000000004    2.3837584143538163e-14
21.1    2.1148191462752242e-14
21.200000000000003    1.8713460334839116e-14
21.300000000000004    1.6513682098901164e-14
21.400000000000002    1.4530373098099146e-14
21.500000000000004    1.2746212326200598e-14
21.6    1.1144981880236041e-14
21.700000000000003    9.711510102929269e-15
21.800000000000004    8.431617301334987e-15
21.900000000000002    7.292063934339752e-15
22.000000000000004    6.28050116393167e-15
22.1    5.385423671506005e-15
22.200000000000003    4.596124643201739e-15
22.300000000000004    3.902652831080744e-15
22.400000000000002    3.2957716047639697e-15
22.500000000000004    2.7669199054647657e-15
22.6    2.308175023509521e-15
22.700000000000003    1.912217120371588e-15
22.800000000000004    1.5722954207429129e-15
22.900000000000002    1.2821960025030325e-15
23.000000000000004    1.0362111158661528e-15
23.1    8.291099659140974e-16
23.200000000000003    6.561108946872378e-16
23.300000000000004    5.128549023969211e-16
23.400000000000002    3.9538044892539844e-16
23.500000000000004    3.000994811019894e-16
23.6    2.2377462987039414e-16
23.700000000000003    1.6349752837701727e-16
23.800000000000004    1.1666820017932695e-16
23.900000000000002    8.097547059639443e-17
24.000000000000004    5.437835649774519e-17
24.1    3.508839058829734e-17
24.200000000000003    2.155283870834948e-17
24.300000000000004    1.24387711963784e-17
24.400000000000002    6.617947740482894e-18
24.500000000000004    3.152482484709717e-18
24.6    1.2812515702240184e-18
24.700000000000003    4.0701069072646673e-19
24.800000000000004    8.419107498755323e-20
24.900000000000002    7.341439758177831e-21
25.000000000000004    1.882610628475881e-22
