0.1    1.3790497493209824e-8
0.2    5.3759631481528196e-8
0.30000000000000004    1.1785446066001297e-7
0.4    2.0409086252076324e-7
0.5    3.105552063244555e-7
0.6    4.3540559039633005e-7
0.7000000000000001    5.768726826981588e-7
0.8    7.332602011140452e-7
0.9    9.029450675021784e-7
1.    1.0843772673020345e-6
1.1    1.2760794443422533e-6
1.2000000000000002    1.4766462584638434e-6
1.3000000000000003    1.684743531651881e-6
1.4000000000000001    1.8991072065519966e-6
1.5000000000000002    2.1185421395313025e-6
1.6    2.3419207488226637e-6
1.7000000000000002    2.5681815367623353e-6
1.8000000000000003    2.7963275036896493e-6
1.9000000000000001    3.0254244697200322e-6
2.    3.25459931932504e-6
2.1    3.4830381824517394e-6
2.2    3.709984564785113e-6
2.3000000000000003    3.93473743869756e-6
2.4000000000000004    4.156649305435842e-6
2.5000000000000004    4.375124238164611e-6
2.6    4.589615914613928e-6
2.7    4.799625647262851e-6
2.8000000000000003    5.004700418229399e-6
2.9000000000000004    5.204430925326189e-6
3.0000000000000004    5.39844964507818e-6
3.1    5.586428917881456e-6
3.2    5.768079059907816e-6
3.3000000000000003    5.943146505826211e-6
3.4000000000000004    6.111411985917038e-6
3.5000000000000004    6.272688740696431e-6
3.6    6.42682077554414e-6
3.7    6.573680634967574e-6
3.8000000000000003    6.713165780198405e-6
3.9000000000000004    6.845198482569547e-6
4.    6.969725076864589e-6
4.1    7.08671446569166e-6
4.2    7.196156666967458e-6
4.3    7.298061409750493e-6
4.3999999999999995    7.3924567788552785e-6
4.5    7.479387908473699e-6
4.6    7.558915724842904e-6
4.7    7.631115737830568e-6
4.8    7.69607688115594e-6
4.9    7.753900400828902e-6
5.    7.804698791266839e-6
5.1    7.848594778440929e-6
5.2    7.8857203493071e-6
5.3    7.91621582669291e-6
5.4    7.9402289887376e-6
5.5    7.957914231919358e-6
5.6    7.96943177664905e-6
5.7    7.974946914364043e-6
5.8    7.974629295017472e-6
5.9    7.968652253827493e-6
6.    7.957192176126653e-6
6.1    7.940427899133339e-6
6.2    7.918540149454383e-6
6.3    7.891711015120195e-6
6.4    7.860123450950701e-6
6.5    7.823960816051085e-6
6.6    7.783406442241355e-6
6.7    7.738643232231526e-6
6.8    7.68985328636544e-6
6.9    7.637217556770064e-6
7.    7.580915527763185e-6
7.1    7.521124921390809e-6
7.2    7.4580214269857295e-6
7.3    7.391778453660545e-6
7.4    7.322566904671528e-6
7.5    7.250554972614299e-6
7.6    7.175907954437556e-6
7.7    7.098788085287371e-6
7.8    7.0193543902215915e-6
7.9    6.9377625528612305e-6
8.    6.854164800073707e-6
8.1    6.768709801810801e-6
8.2    6.681542585252652e-6
8.3    6.592804462437331e-6
8.4    6.502632970584001e-6
8.5    6.411161824345772e-6
8.6    6.318520879256419e-6
8.7    6.224836105663005e-6
8.8    6.130229572463753e-6
8.9    6.034819439997664e-6
9.    5.938719961459096e-6
9.1    5.8420414922365995e-6
9.2    5.744890506601118e-6
9.3    5.647369621193736e-6
9.4    5.549577624787945e-6
9.5    5.45160951382514e-6
9.6    5.353556533245841e-6
9.700000000000001    5.255506222161692e-6
9.8    5.157542463935612e-6
9.9    5.05974554025896e-6
10.    4.962192188835615e-6
10.1    4.864955664302925e-6
10.200000000000001    4.768105802039329e-6
10.3    4.671709084527283e-6
10.4    4.57582870995843e-6
10.5    4.480524662785768e-6
10.6    4.385853785944419e-6
10.700000000000001    4.291869854479209e-6
10.8    4.198623650332912e-6
10.9    4.106163038064209e-6
11.    4.01453304127907e-6
11.1    3.923775919573124e-6
11.200000000000001    3.833931245796082e-6
11.3    3.7450359834620043e-6
11.4    3.657124564141551e-6
11.5    3.5702289646840856e-6
11.6    3.4843787841285772e-6
11.700000000000001    3.3996013201731413e-6
11.8    3.3159216450830375e-6
11.9    3.2333626809267053e-6
12.    3.151945274038767e-6
12.1    3.0716882686174023e-6
12.200000000000001    2.992608579372179e-6
12.3    2.914721263145988e-6
12.4    2.8380395894424135e-6
12.5    2.762575109796868e-6
12.6    2.6883377259365526e-6
12.700000000000001    2.6153357566805197e-6
12.8    2.5435760035372022e-6
12.9    2.4730638149623564e-6
13.    2.4038031492455325e-6
13.1    2.3357966359983485e-6
13.200000000000001    2.2690456362222963e-6
13.3    2.2035503009383783e-6
13.4    2.1393096283647826e-6
13.5    2.0763215196327046e-6
13.6    2.014582833034039e-6
13.700000000000001    1.954089436797848e-6
13.8    1.8948362603957152e-6
13.9    1.836817344378886e-6
14.    1.7800258887527694e-6
14.1    1.7244542998968045e-6
14.200000000000001    1.6700942360399738e-6
14.3    1.6169366513042513e-6
14.4    1.5649718383302916e-6
14.5    1.5141894695011831e-6
14.6    1.4645786367819325e-6
14.700000000000001    1.4161278901935443e-6
14.8    1.368825274941889e-6
14.9    1.322658367222902e-6
15.    1.2776143087263467e-6
15.1    1.2336798398615297e-6
15.200000000000001    1.1908413317291319e-6
15.3    1.149084816863886e-6
15.4    1.108396018773514e-6
15.5    1.0687603802998957e-6
15.6    1.0301630908286532e-6
15.700000000000001    9.92589112373961e-7
15.8    9.560232045653362e-7
15.9    9.204499485636387e-7
16.    8.858537699333747e-7
16.1    8.522189604987174e-7
16.200000000000003    8.195296992103659e-7
16.3    7.877700720506475e-7
16.400000000000002    7.569240910038142e-7
16.500000000000004    7.269757121187149e-7
16.6    6.979088526904741e-7
16.700000000000003    6.697074075878722e-7
16.8    6.423552647526944e-7
16.900000000000002    6.158363198971452e-7
17.000000000000004    5.901344904249367e-7
17.1    5.652337286015486e-7
17.200000000000003    5.411180339985813e-7
17.3    5.177714652368381e-7
17.400000000000002    4.951781510523397e-7
17.500000000000004    4.733223007090969e-7
17.6    4.5218821378189035e-7
17.700000000000003    4.3176028933206215e-7
17.8    4.120230344986509e-7
17.900000000000002    3.929610725268703e-7
18.000000000000004    3.7455915025544907e-7
18.1    3.5680214508371276e-7
18.200000000000003    3.396750714390328e-7
18.3    3.23163086764553e-7
18.400000000000002    3.072514970467445e-7
18.500000000000004    2.919257619018492e-7
18.6    2.7717149923958917e-7
18.700000000000003    2.629744895223464e-7
18.8    2.4932067963715564e-7
18.900000000000002    2.361961863976966e-7
19.000000000000004    2.235872996927103e-7
19.1    2.1148048529696776e-7
19.200000000000003    1.9986238736035214e-7
19.300000000000004    1.8871983059012333e-7
19.400000000000002    1.7803982214104884e-7
19.500000000000004    1.6780955322755232e-7
19.6    1.5801640047156492e-7
19.700000000000003    1.486479269993682e-7
19.800000000000004    1.3969188330027564e-7
19.900000000000002    1.3113620785945357e-7
20.000000000000004    1.2296902757695605e-7
20.1    1.1517865798443196e-7
20.200000000000003    1.0775360327062344e-7
20.300000000000004    1.0068255612646036e-7
20.400000000000002    9.395439742007145e-8
20.500000000000004    8.755819571152756e-8
20.6    8.148320661713385e-8
20.700000000000003    7.571887203226734e-8
20.800000000000004    7.025481922169047e-8
20.900000000000002    6.508085978589574e-8
21.000000000000004    6.018698851152722e-8
21.1    5.5563382113859593e-8
21.200000000000003    5.120039787863871e-8
21.300000000000004    4.70885722107342e-8
21.400000000000002    4.3218619096279514e-8
21.500000000000004    3.9581428484988076e-8
21.6    3.61680645990023e-8
21.700000000000003    3.2969764174180045e-8
21.800000000000004    2.997793463972017e-8
21.900000000000002    2.7184152241493913e-8
22.000000000000004    2.4580160114453316e-8
22.1    2.2157866309043613e-8
22.200000000000003    1.9909341776360875e-8
22.300000000000004    1.78268183167064e-8
22.400000000000002    1.5902686495683197e-8
22.500000000000004    1.4129493532105787e-8
22.6    1.2499941161488559e-8
22.700000000000003    1.1006883478854008e-8
22.800000000000004    9.643324764396927e-9
22.900000000000002    8.402417295210922e-9
23.000000000000004    7.277459146350181e-9
23.1    6.26189198410779e-9
23.200000000000003    5.349298854293298e-9
23.300000000000004    4.5334019682248915e-9
23.400000000000002    3.808060488860848e-9
23.500000000000004    3.1672683194156043e-9
23.6    2.605151896690024e-9
23.700000000000003    2.115967991159045e-9
23.800000000000004    1.6941015157240575e-9
23.900000000000002    1.334063344989104e-9
24.000000000000004    1.0304881467017115e-9
24.1    7.78132226958019e-10
24.200000000000003    5.718713906406826e-10
24.300000000000004    4.0669881837187303e-10
24.400000000000002    2.7772296143060737e-10
24.500000000000004    1.8016545550752685e-10
24.6    1.0935905465762357e-10
24.700000000000003    6.074558625370636e-11
24.800000000000004    2.9873927900921374e-11
24.900000000000002    1.2398007091930834e-11
25.000000000000004    4.07627317304385e-12
25.1    9.678277544299571e-13
25.200000000000003    1.182808981157041e-13
25.300000000000004    1.9972533994244167e-16
