0.1    0.0001232524537118861
0.2    0.00024023748534619414
0.30000000000000004    0.00035110649000415515
0.4    0.0004560132345345915
0.5    0.0005551144761830415
0.6    0.0006485693136194329
0.7000000000000001    0.0007365385876984259
0.8    0.0008191843291441743
0.9    0.00089666925047831
1.    0.0009691562796326946
1.1    0.0010368081328069557
1.2000000000000002    0.0010997869242451333
1.3000000000000003    0.0011582538107159138
1.4000000000000001    0.0012123686685870743
1.5000000000000002    0.0012622898014869217
1.6    0.0013081736766437932
1.7000000000000002    0.001350174688089192
1.8000000000000003    0.001388444945000918
1.9000000000000001    0.0014231340835497528
2.    0.0014543891006969126
2.1    0.0014823542084697555
2.2    0.0015071707073201362
2.3000000000000003    0.0015289768772435135
2.4000000000000004    0.001547907885407472
2.5000000000000004    0.0015640957091058501
2.6    0.0015776690729192504
2.7    0.0015887533990244468
2.8000000000000003    0.001597470769654191
2.9000000000000004    0.0016039399007652345
3.0000000000000004    0.0016082761260261546
3.1    0.0016105913902878257
3.2    0.0016109942517482801
3.3000000000000003    0.0016095898920702727
3.4000000000000004    0.001606480133754225
3.5000000000000004    0.0016017634641114504
3.6    0.001595535065173353
3.7    0.0015878867227148606
3.8000000000000003    0.0015789064211533814
3.9000000000000004    0.00156867880647766
4.    0.0015572854367156457
4.1    0.0015448048324878897
4.2    0.0015313125295129926
4.3    0.0015168811338360472
4.3999999999999995    0.0015015803794345582
4.5    0.0014854771878769484
4.6    0.001468635729728934
4.7    0.0014511174874228883
4.8    0.0014329813193244122
4.9    0.001414283524748869
5.    0.0013950779096983418
5.1    0.0013754158531064796
5.2    0.0013553463733948824
5.3    0.0013349161951601031
5.4    0.0013141698158249324
5.5    0.0012931495721015367
5.6    0.0012718957061270601
5.7    0.0012504464311447053
5.8    0.0012288379966149334
5.9    0.0012071047526523843
6.    0.001185279213694416
6.1    0.0011633921213168392
6.2    0.0011414725061214437
6.3    0.0011195477486284234
6.4    0.0010976436391147038
6.5    0.0010757844363465689
6.6    0.0010539929251618834
6.7    0.0010322904728636228
6.8    0.0010106970843923636
6.9    0.0009892314562509532
7.    0.0009679110291596827
7.1    0.0009467520394250416
7.2    0.0009257695690095239
7.3    0.0009049775942939868
7.4    0.000884389033527789
7.5    0.0008640157929653542
7.6    0.0008438688116909423
7.7    0.0008239581051362526
7.8    0.0008042928072981249
7.9    0.0007848812116659466
8.    0.0007657308108705533
8.1    0.0007468483350683223
8.2    0.0007282397890759343
8.3    0.0007099104882728174
8.4    0.000691865093289707
8.5    0.0006741076435029569
8.6    0.0006566415893553472
8.7    0.0006394698235250767
8.8    0.0006225947109654321
8.9    0.0006060181178383327
9.    0.0005897414393655399
9.1    0.0005737656266217893
9.2    0.0005580912122945064
9.3    0.0005427183354350448
9.4    0.0005276467652266347
9.5    0.000512875923794328
9.6    0.0004984049080823433
9.700000000000001    0.00048423251082419227
9.8    0.00047035724063093366
9.9    0.00045677734122279346
10.    0.0004434908098292512
10.1    0.00043049541478247755
10.200000000000001    0.0004177887123287975
10.3    0.00040536806268256863
10.4    0.0003932306453465636
10.5    0.0003813734737226244
10.6    0.00036979340903598503
10.700000000000001    0.000358487173596297
10.8    0.00034745136341797614
10.9    0.0003366824602220834
11.    0.0003261768428415193
11.1    0.0003159307980508628
11.200000000000001    0.0003059405308417378
11.3    0.0002962021741641179
11.4    0.0002867117981535161
11.5    0.0002774654188635321
11.6    0.00026845900652273556
11.700000000000001    0.00025968849333440403
11.8    0.0002511497808371296
11.9    0.00024283874684383484
12.    0.00023475125197626082
12.1    0.0002268831458114918
12.200000000000001    0.00021923027265662937
12.3    0.0002117884769672298
12.4    0.00020455360842466577
12.5    0.00019752152668710363
12.6    0.00019068810582833058
12.700000000000001    0.00018404923847821004
12.8    0.0001776008396781038
12.9    0.00017133885046416135
13.    0.00016525924119093778
13.1    0.0001593580146073928
13.200000000000001    0.00015363120869689345
13.3    0.00014807489929245286
13.4    0.0001426852024780256
13.5    0.00013745827678629955
13.6    0.00013239032520304442
13.700000000000001    0.0001274775969877011
13.8    0.00012271638931953834
13.9    0.0001181030487783489
14.    0.0001136339726683137
14.1    0.00010930561019332673
14.200000000000001    0.00010511446349175147
14.3    0.00010105708853825686
14.4    0.00009713009592008215
14.5    0.00009333015149476899
14.6    0.00008965397693612406
14.700000000000001    0.00008609835017488245
14.8    0.00008266010574027142
14.9    0.00007933613500842206
15.    0.0000761233863633011
15.1    0.00007301886527560245
15.200000000000001    0.00007001963430479747
15.3    0.00006712281302930374
15.4    0.00006432557790951574
15.5    0.00006162516208822557
15.6    0.00005901885513274439
15.700000000000001    0.0000565040027228497
15.8    0.00005407800628847206
15.9    0.00005173832260086429
16.    0.000049482463320802255
16.1    0.00004730799450720687
16.200000000000003    0.00004521253608939388
16.3    0.00004319376130601597
16.400000000000002    0.00004124939611358776
16.500000000000004    0.00003937721856735647
16.6    0.00003757505817711792
16.700000000000003    0.000035840795240457106
16.8    0.00003417236015575102
16.900000000000002    0.00003256773271715248
17.000000000000004    0.00003102494139364279
17.1    0.000029542062594138537
17.200000000000003    0.00002811721992051455
17.3    0.000026748583410305162
17.400000000000002    0.000025434368770741914
17.500000000000004    0.00002417283660569111
17.6    0.0000229622916369544
17.700000000000003    0.000021801081921316587
17.8    0.000020687598064629565
17.900000000000002    0.000019620272434146418
18.000000000000004    0.000018597578370242444
18.1    0.000017618029398577502
18.200000000000003    0.00001668017844369603
18.3    0.00001578261704498159
18.400000000000002    0.000014923974575826467
18.500000000000004    0.000014102917466815202
18.6    0.000013318148433654179
18.700000000000003    0.00001256840571053955
18.8    0.000011852462289585657
18.900000000000002    0.000011169125166901968
19.000000000000004    0.000010517234595846343
19.1    9.89566334794628e-6
19.200000000000003    9.303315981932907e-6
19.300000000000004    8.739128121291275e-6
19.400000000000002    8.202065740696214e-6
19.500000000000004    7.691124461663267e-6
19.6    7.2053288577097546e-6
19.700000000000003    6.743731769290813e-6
19.800000000000004    6.30541362874476e-6
19.900000000000002    5.889481795448201e-6
20.000000000000004    5.495069901363026e-6
20.1    5.121337207122944e-6
20.200000000000003    4.767467968786247e-6
20.300000000000004    4.4326708153627305e-6
20.400000000000002    4.1161781371971845e-6
20.500000000000004    3.817245485266708e-6
20.6    3.535150981446875e-6
20.700000000000003    3.2691947397642372e-6
20.800000000000004    3.0186982986492185e-6
20.900000000000002    2.7830040641867375e-6
21.000000000000004    2.5614747643404525e-6
21.1    2.3534929141245485e-6
21.200000000000003    2.158460291669588e-6
21.300000000000004    1.9757974251369378e-6
21.400000000000002    1.8049430904057835e-6
21.500000000000004    1.645353819459968e-6
21.6    1.496503419390975e-6
21.700000000000003    1.3578825019177614e-6
21.800000000000004    1.2289980233276969e-6
21.900000000000002    1.1093728347245342e-6
22.000000000000004    9.985452424736643e-7
22.1    8.960685787209101e-7
22.200000000000003    8.015107818580991e-7
22.300000000000004    7.144539868096107e-7
22.400000000000002    6.344941249983875e-7
22.500000000000004    5.612405338599291e-7
22.6    4.943155757574353e-7
22.700000000000003    4.3335426615549843e-7
22.800000000000004    3.780039109066991e-7
22.900000000000002    3.279237524976846e-7
23.000000000000004    2.827846251092295e-7
23.1    2.4226861833466264e-7
23.200000000000003    2.0606874940261735e-7
23.300000000000004    1.7388864375276464e-7
23.400000000000002    1.4544222380725962e-7
23.500000000000004    1.2045340578297032e-7
23.6    9.865580439042664e-8
23.700000000000003    7.979244526359491e-8
23.800000000000004    6.36154849647275e-8
23.900000000000002    4.98859384119415e-8
24.000000000000004    3.8373413574132866e-8
24.1    2.8855853281464198e-8
24.200000000000003    2.111928399983564e-8
24.300000000000004    1.4957571415892108e-8
24.400000000000002    1.0172182690267703e-8
24.500000000000004    6.5719552203929e-9
24.6    3.97287177706464e-9
24.700000000000003    2.1978418631901473e-9
24.800000000000004    1.0764891536879912e-9
24.900000000000002    4.449448735716351e-10
25.000000000000004    1.456987590000368e-10
25.1    3.445462012211601e-11
25.200000000000003    4.1940846141237225e-12
25.300000000000004    7.054004998600095e-15
