0.1    7.41378012806703e-9
0.2    1.4626819209051587e-8
0.30000000000000004    2.1642821194334038e-8
0.4    2.8465438577635105e-8
0.5    3.509827283023129e-8
0.6    4.154487483925192e-8
0.7000000000000001    4.780874534880293e-8
0.8    5.389333540367053e-8
0.9    5.98020467953651e-8
1.    6.553823251027318e-8
1.1    7.110519717969161e-8
1.2000000000000002    7.650619753152687e-8
1.3000000000000003    8.174444284344717e-8
1.4000000000000001    8.682309539728219e-8
1.5000000000000002    9.174527093447358e-8
1.6    9.651403911238214e-8
1.7000000000000002    1.0113242396126801e-7
1.8000000000000003    1.0560340434176161e-7
1.9000000000000001    1.0992991440265451e-7
2.    1.1411484403883821e-7
2.1    1.1816103934923243e-7
2.2    1.2207130309454174e-7
2.3000000000000003    1.2584839515469257e-7
2.4000000000000004    1.294950329858011e-7
2.5000000000000004    1.3301389207653256e-7
2.6    1.3640760640371447e-7
2.7    1.3967876888707304e-7
2.8000000000000003    1.4282993184296492e-7
2.9000000000000004    1.4586360743698252e-7
3.0000000000000004    1.4878226813531654e-7
3.1    1.5158834715475939e-7
3.2    1.5428423891124315e-7
3.3000000000000003    1.5687229946680645e-7
3.4000000000000004    1.5935484697488845e-7
3.5000000000000004    1.6173416212385466e-7
3.6    1.6401248857866067e-7
3.7    1.661920334205644e-7
3.8000000000000003    1.6827496758480248e-7
3.9000000000000004    1.7026342629614792e-7
4.    1.721595095022703e-7
4.1    1.7396528230482453e-7
4.2    1.7568277538819557e-7
4.3    1.773139854458312e-7
4.3999999999999995    1.7886087560409635e-7
4.5    1.8032537584358775e-7
4.6    1.8170938341784973e-7
4.7    1.8301476326943273e-7
4.8    1.8424334844324346e-7
4.9    1.8539694049713417e-7
5.    1.8647730990968198e-7
5.1    1.8748619648511513e-7
5.2    1.8842530975534044e-7
5.3    1.8929632937903311e-7
5.4    1.901009055377487e-7
5.5    1.9084065932902268e-7
5.6    1.9151718315642336e-7
5.7    1.921320411165258e-7
5.8    1.9268676938277802e-7
5.9    1.9318287658623276e-7
6.    1.936218441931168e-7
6.1    1.9400512687921703e-7
6.2    1.943341529010597e-7
6.3    1.9461032446386497e-7
6.4    1.9483501808625527e-7
6.5    1.9500958496170638e-7
6.6    1.951353513167211e-7
6.7    1.9521361876571525e-7
6.8    1.9524566466260597e-7
6.9    1.952327424490875e-7
7.    1.9517608199959115e-7
7.1    1.9507688996291943e-7
7.2    1.9493635010054852e-7
7.3    1.9475562362159707e-7
7.4    1.9453584951445475e-7
7.5    1.9427814487507035e-7
7.6    1.9398360523190102e-7
7.7    1.9365330486751954e-7
7.8    1.9328829713688192e-7
7.9    1.9288961478226013e-7
8.    1.9245827024484124e-7
8.1    1.919952559730002e-7
8.2    1.9150154472724928e-7
8.3    1.9097808988187296e-7
8.4    1.9042582572325442e-7
8.5    1.8984566774490314e-7
8.6    1.8923851293919256e-7
8.7    1.8860524008581784e-7
8.8    1.8794671003698306e-7
8.9    1.87263765999335e-7
9.    1.865572338126462e-7
9.1    1.8582792222527e-7
9.2    1.8507662316637627e-7
9.3    1.8430411201498398e-7
9.4    1.835111478657997e-7
9.5    1.8269847379189235e-7
9.6    1.8186681710419982e-7
9.700000000000001    1.810168896079014e-7
9.8    1.801493878556652e-7
9.9    1.7926499339778757e-7
10.    1.7836437302924672e-7
10.1    1.7744817903368595e-7
10.200000000000001    1.7651704942434782e-7
10.3    1.7557160818197308e-7
10.4    1.7461246548969314e-7
10.5    1.7364021796492819e-7
10.6    1.7265544888831637e-7
10.700000000000001    1.716587284296902e-7
10.8    1.7065061387112776e-7
10.9    1.6963164982705707e-7
11.    1.6860236845417706e-7
11.1    1.675632896027547e-7
11.200000000000001    1.6651492107222182e-7
11.3    1.6545775887582674e-7
11.4    1.643922874486174e-7
11.5    1.6331897984979444e-7
11.6    1.6223829796215192e-7
11.700000000000001    1.6115069268879878e-7
11.8    1.6005660414718585e-7
11.9    1.5895646186046227e-7
12.    1.5785068494618458e-7
12.1    1.5673968230240328e-7
12.200000000000001    1.556238527911513e-7
12.3    1.545035854193581e-7
12.4    1.5337925951721478e-7
12.5    1.522512449140118e-7
12.6    1.511199021114777e-7
12.700000000000001    1.4998558245463964e-7
12.8    1.4884862830023103e-7
12.9    1.4770937318267236e-7
13.    1.4656814197764651e-7
13.1    1.4542525106329608e-7
13.200000000000001    1.442810084790636e-7
13.3    1.4313571408220215e-7
13.4    1.419896597019783e-7
13.5    1.4084312929159215e-7
13.6    1.3969639907783944e-7
13.700000000000001    1.3854973770853875e-7
13.8    1.3740340639774766e-7
13.9    1.3625765906879327e-7
14.    1.35112742495139e-7
14.1    1.3396889643911312e-7
14.200000000000001    1.3282635378852185e-7
14.3    1.3168534069117073e-7
14.4    1.3054607668731802e-7
14.5    1.2940877484008356e-7
14.6    1.282736418638363e-7
14.700000000000001    1.2714087825058376e-7
14.8    1.2601067839438714e-7
14.9    1.2488323071382363e-7
15.    1.2375871777252102e-7
15.1    1.2263731639778557e-7
15.200000000000001    1.2151919779734604e-7
15.3    1.2040452767423815e-7
15.4    1.1929346633984974e-7
15.5    1.1818616882515003e-7
15.6    1.1708278499012473e-7
15.700000000000001    1.159834596314404e-7
15.8    1.1488833258835765e-7
15.9    1.137975388469163e-7
16.    1.1271120864241489e-7
16.1    1.1162946756020361e-7
16.200000000000003    1.1055243663481593e-7
16.3    1.0948023244745408e-7
16.400000000000002    1.0841296722185633e-7
16.500000000000004    1.0735074891856181e-7
16.6    1.0629368132759553e-7
16.700000000000003    1.0524186415959498e-7
16.8    1.0419539313539566e-7
16.900000000000002    1.0315436007410036e-7
17.000000000000004    1.0211885297964805e-7
17.1    1.0108895612590452e-7
17.200000000000003    1.0006475014029385e-7
17.3    9.904631208599098e-8
17.400000000000002    9.803371554269336e-8
17.500000000000004    9.702703068599241e-8
17.6    9.602632436536433e-8
17.700000000000003    9.503166018079524e-8
17.8    9.404309855806571e-8
17.900000000000002    9.306069682270816e-8
18.000000000000004    9.208450927265683e-8
18.1    9.111458724961e-8
18.200000000000003    9.015097920912133e-8
18.3    8.919373078943823e-8
18.400000000000002    8.824288487910479e-8
18.500000000000004    8.729848168334783e-8
18.6    8.63605587892626e-8
18.700000000000003    8.542915122981555e-8
18.8    8.450429154668099e-8
18.900000000000002    8.3586009851929e-8
19.000000000000004    8.26743338885811e-8
19.1    8.176928909004977e-8
19.200000000000003    8.087089863847835e-8
19.300000000000004    7.997918352199898e-8
19.400000000000002    7.909416259092158e-8
19.500000000000004    7.821585261287196e-8
19.6    7.734426832689472e-8
19.700000000000003    7.64794224965356e-8
19.800000000000004    7.562132596191789e-8
19.900000000000002    7.476998769083138e-8
20.000000000000004    7.392541482884351e-8
20.1    7.308761274845324e-8
20.200000000000003    7.225658509729785e-8
20.300000000000004    7.143233384542966e-8
20.400000000000002    7.061485933167602e-8
20.500000000000004    6.980416030909734e-8
20.6    6.900023398955624e-8
20.700000000000003    6.820307608741191e-8
20.800000000000004    6.741268086235515e-8
20.900000000000002    6.662904116139348e-8
21.000000000000004    6.585214846000554e-8
21.1    6.508199290247134e-8
21.200000000000003    6.431856334139663e-8
21.300000000000004    6.356184737644226e-8
21.400000000000002    6.281183139227095e-8
21.500000000000004    6.20685005957235e-8
21.6    6.13318390522401e-8
21.700000000000003    6.060182972153385e-8
21.800000000000004    5.987845449253283e-8
21.900000000000002    5.916169421760174e-8
22.000000000000004    5.845152874605246e-8
22.1    5.774793695695884e-8
22.200000000000003    5.7050896791283944e-8
22.300000000000004    5.63603852833337e-8
22.400000000000002    5.567637859154656e-8
22.500000000000004    5.499885202862983e-8
22.6    5.4327780091055854e-8
22.700000000000003    5.3663136487926354e-8
22.800000000000004    5.3004894169216626e-8
22.900000000000002    5.2353025353410234e-8
23.000000000000004    5.1707501554534437e-8
23.1    5.106829360860511e-8
23.200000000000003    5.043537169949458e-8
23.300000000000004    4.980870538422831e-8
23.400000000000002    4.918826361772377e-8
23.500000000000004    4.857401477697708e-8
23.6    4.796592668471261e-8
23.700000000000003    4.736396663249922e-8
23.800000000000004    4.676810140334551e-8
23.900000000000002    4.6178297293782595e-8
24.000000000000004    4.5594520135444e-8
24.1    4.50167353161502e-8
24.200000000000003    4.4444907800506915e-8
24.300000000000004    4.387900215002749e-8
24.400000000000002    4.3318982542785654e-8
24.500000000000004    4.2764812792607394e-8
24.6    4.2216456367812284e-8
24.700000000000003    4.167387640950905e-8
24.800000000000004    4.113703574945705e-8
24.900000000000002    4.060589692749812e-8
25.000000000000004    4.008042220856916e-8
25.1    3.9560573599301736e-8
25.200000000000003    3.904631286421732e-8
25.300000000000004    3.8537601541523945e-8
25.400000000000002    3.803440095852383e-8
25.500000000000004    3.753667224663716e-8
25.6    3.704437635605082e-8
25.700000000000003    3.65574740699976e-8
25.800000000000004    3.6075926018673855e-8
25.900000000000002    3.55996926928022e-8
26.000000000000004    3.512873445684624e-8
26.1    3.4663011561882036e-8
26.200000000000003    3.4202484158135704e-8
26.300000000000004    3.374711230719261e-8
26.400000000000002    3.3296855993881395e-8
26.500000000000004    3.285167513784507e-8
26.6    3.2411529604799456e-8
26.700000000000003    3.1976379217488083e-8
26.800000000000004    3.1546183766338804e-8
26.900000000000002    3.112090301982861e-8
27.000000000000004    3.070049673456029e-8
27.1    3.028492466505923e-8
27.200000000000003    2.9874146573293995e-8
27.300000000000004    2.946812223792748e-8
27.400000000000002    2.9066811463301992e-8
27.500000000000004    2.8670174088166896e-8
27.6    2.8278169994150805e-8
27.700000000000003    2.7890759113984295e-8
27.800000000000004    2.7507901439479953e-8
27.900000000000002    2.7129557029272363e-8
28.000000000000004    2.675568601632423e-8
28.1    2.6386248615202867e-8
28.200000000000003    2.602120512913238e-8
28.300000000000004    2.5660515956825545e-8
28.400000000000002    2.5304141599100492e-8
28.500000000000004    2.4952042665285654e-8
28.6    2.4604179879418733e-8
28.700000000000003    2.426051408624437e-8
28.800000000000004    2.3921006257011678e-8
28.900000000000002    2.3585617495079767e-8
29.000000000000004    2.3254309041332763e-8
29.1    2.2927042279409866e-8
29.200000000000003    2.2603778740752958e-8
29.300000000000004    2.228448010947761e-8
29.400000000000002    2.1969108227068894e-8
29.500000000000004    2.165762509690856e-8
29.6    2.134999288863491e-8
29.700000000000003    2.1046173942340215e-8
29.800000000000004    2.0746130772608865e-8
29.900000000000002    2.044982607240097e-8
30.000000000000004    2.0157222716782065e-8
30.1    1.9868283766505913e-8
30.200000000000003    1.9582972471450546e-8
30.300000000000004    1.9301252273913448e-8
30.400000000000002    1.902308681176671e-8
30.500000000000004    1.8748439921477447e-8
30.6    1.8477275640995428e-8
30.700000000000003    1.820955821251095e-8
30.800000000000004    1.794525208508619e-8
30.900000000000002    1.7684321917163352e-8
31.000000000000004    1.7426732578952676e-8
31.1    1.7172449154700735e-8
31.200000000000003    1.69214369448459e-8
31.300000000000004    1.667366146806057e-8
31.400000000000002    1.6429088463183317e-8
31.500000000000004    1.6187683891045174e-8
31.6    1.594941393619084e-8
31.700000000000003    1.5714245008498318e-8
31.800000000000004    1.548214374469904e-8
31.900000000000002    1.5253077009801755e-8
32.    1.5027011898420947e-8
32.1    1.4803915736014158e-8
32.2    1.458375608002885e-8
32.300000000000004    1.4366500720962223e-8
32.400000000000006    1.4152117683335505e-8
32.5    1.394057522658482e-8
32.6    1.3731841845872076e-8
32.7    1.352588627281581e-8
32.800000000000004    1.3322677476146238e-8
32.900000000000006    1.3122184662285197e-8
33.    1.2924377275852474e-8
33.1    1.2729225000103158e-8
33.2    1.2536697757294076e-8
33.300000000000004    1.2346765708984599e-8
33.400000000000006    1.215939925627123e-8
33.5    1.1974569039959697e-8
33.6    1.1792245940674245e-8
33.7    1.1612401078908048e-8
33.800000000000004    1.1435005815014835e-8
33.900000000000006    1.1260031749143781e-8
34.    1.108745072111991e-8
34.1    1.0917234810270517e-8
34.2    1.0749356335200261e-8
34.300000000000004    1.0583787853515576e-8
34.400000000000006    1.0420502161500655e-8
34.5    1.0259472293745761e-8
34.6    1.010067152272963e-8
34.7    9.944073358357668e-9
34.800000000000004    9.789651547456665e-9
34.900000000000006    9.637380073228108e-9
35.    9.487233154660623e-9
35.1    9.339185245903344e-9
35.2    9.193211035601764e-9
35.300000000000004    9.049285446196268e-9
35.400000000000006    8.907383633185849e-9
35.5    8.767480984357021e-9
35.6    8.629553118979876e-9
35.7    8.493575886972321e-9
35.800000000000004    8.359525368032576e-9
35.900000000000006    8.2273778707436e-9
36.    8.097109931646658e-9
36.1    7.968698314288961e-9
36.2    7.84212000824377e-9
36.300000000000004    7.71735222810471e-9
36.400000000000006    7.594372412456056e-9
36.5    7.473158222818723e-9
36.6    7.353687542573372e-9
36.7    7.2359384758620025e-9
36.800000000000004    7.119889346468297e-9
36.900000000000006    7.005518696677526e-9
37.    6.89280528611776e-9
37.1    6.781728090581956e-9
37.2    6.672266300832585e-9
37.300000000000004    6.564399321389445e-9
37.400000000000006    6.458106769301607e-9
37.5    6.353368472902903e-9
37.6    6.250164470554322e-9
37.7    6.1484750093712705e-9
37.800000000000004    6.048280543937947e-9
37.900000000000006    5.949561735009597e-9
38.    5.852299448202303e-9
38.1    5.7564747526718285e-9
38.2    5.6620689197819525e-9
38.300000000000004    5.569063421762583e-9
38.400000000000006    5.477439930358682e-9
38.50000000000001    5.387180315470738e-9
38.6    5.298266643785921e-9
38.7    5.21068117740311e-9
38.800000000000004    5.124406372449828e-9
38.900000000000006    5.039424877692659e-9
39.00000000000001    4.955719533142013e-9
39.1    4.873273368651329e-9
39.2    4.792069602510658e-9
39.300000000000004    4.71209164003649e-9
39.400000000000006    4.633323072156702e-9
39.50000000000001    4.5557476739925625e-9
39.6    4.47934940343706e-9
39.7    4.404112399730596e-9
39.800000000000004    4.330020982034232e-9
39.900000000000006    4.257059648001198e-9
40.00000000000001    4.185213072346748e-9
40.1    4.114466105416753e-9
40.2    4.044803771755541e-9
40.300000000000004    3.976211268673338e-9
40.400000000000006    3.908673964813779e-9
40.50000000000001    3.842177398721309e-9
40.6    3.776707277409566e-9
40.7    3.71224947493046e-9
40.800000000000004    3.648790030944657e-9
40.900000000000006    3.5863151492934147e-9
41.00000000000001    3.524811196572148e-9
41.1    3.4642647007070244e-9
41.2    3.4046623495322997e-9
41.300000000000004    3.345990989372135e-9
41.400000000000006    3.288237623623985e-9
41.50000000000001    3.2313894113458307e-9
41.6    3.175433665846977e-9
41.7    3.120357853281698e-9
41.800000000000004    3.066149591248008e-9
41.900000000000006    3.0127966473892326e-9
42.00000000000001    2.960286938001146e-9
42.1    2.908608526642688e-9
42.2    2.857749622751998e-9
42.300000000000004    2.8076985802671843e-9
42.400000000000006    2.7584438962522252e-9
42.50000000000001    2.7099742095282835e-9
42.6    2.662278299310223e-9
42.7    2.6153450838492234e-9
42.800000000000004    2.5691636190807573e-9
42.900000000000006    2.5237230972788117e-9
43.00000000000001    2.479012845716152e-9
43.1    2.4350223253308735e-9
43.2    2.3917411293990195e-9
43.300000000000004    2.3491589822146266e-9
43.400000000000006    2.307265737775126e-9
43.50000000000001    2.2660513784746512e-9
43.6    2.2255060138038863e-9
43.7    2.18561987905637e-9
43.800000000000004    2.146383334042948e-9
43.900000000000006    2.1077868618125776e-9
44.00000000000001    2.069821067380745e-9
44.1    2.0324766764655843e-9
44.2    1.9957445342308457e-9
44.300000000000004    1.9596156040371085e-9
44.400000000000006    1.9240809662002613e-9
44.50000000000001    1.8891318167577923e-9
44.6    1.8547594662429825e-9
44.7    1.8209553384668617e-9
44.800000000000004    1.7877109693082543e-9
44.900000000000006    1.75501800551167e-9
45.00000000000001    1.7228682034932637e-9
45.1    1.6912534281550922e-9
45.2    1.6601656517073022e-9
45.300000000000004    1.6295969524986913e-9
45.400000000000006    1.5995395138554625e-9
45.50000000000001    1.5699856229281702e-9
45.6    1.540927669547245e-9
45.7    1.5123581450865637e-9
45.800000000000004    1.4842696413357457e-9
45.900000000000006    1.4566548493805346e-9
46.00000000000001    1.4295065584919355e-9
46.1    1.4028176550235988e-9
46.2    1.3765811213176737e-9
46.300000000000004    1.3507900346195462e-9
46.400000000000006    1.3254375660005415e-9
46.50000000000001    1.3005169792895252e-9
46.6    1.2760216300128882e-9
46.7    1.2519449643432662e-9
46.800000000000004    1.2282805180566902e-9
46.900000000000006    1.2050219154980332e-9
47.00000000000001    1.1821628685555916e-9
47.1    1.1596971756436548e-9
47.2    1.1376187206941066e-9
47.300000000000004    1.115921472156139e-9
47.400000000000006    1.0945994820047536e-9
47.50000000000001    1.0736468847578575e-9
47.6    1.0530578965016042e-9
47.7    1.032826813924592e-9
47.800000000000004    1.01294801336018e-9
47.900000000000006    9.93415949837676e-10
48.00000000000001    9.742251561416142e-10
48.1    9.55370241879748e-10
48.2    9.368458925592977e-10
48.300000000000004    9.186468686717359e-10
48.400000000000006    9.007680047857787e-10
48.50000000000001    8.832042086489277e-10
48.6    8.659504602972717e-10
48.7    8.490018111733129e-10
48.800000000000004    8.323533832525739e-10
48.900000000000006    8.160003681780685e-10
49.00000000000001    7.999380264030678e-10
49.1    7.841616863421872e-10
49.2    7.686667435302832e-10
49.300000000000004    7.53448659789986e-10
49.400000000000006    7.385029624067642e-10
49.50000000000001    7.238252433123489e-10
49.6    7.094111582762697e-10
49.7    6.952564261048594e-10
49.800000000000004    6.81356827848808e-10
49.900000000000006    6.677082060182093e-10
50.00000000000001    6.543064638055439e-10
50.1    6.411475643165927e-10
50.2    6.282275298089425e-10
50.300000000000004    6.155424409383031e-10
50.400000000000006    6.030884360126968e-10
50.50000000000001    5.90861710253909e-10
50.6    5.788585150668552e-10
50.7    5.670751573163069e-10
50.800000000000004    5.55507998611395e-10
50.900000000000006    5.441534545972519e-10
51.00000000000001    5.330079942542917e-10
51.1    5.220681392047684e-10
51.2    5.113304630267073e-10
51.300000000000004    5.007915905751821e-10
51.400000000000006    4.904481973106334e-10
51.50000000000001    4.802970086345811e-10
51.6    4.703347992323435e-10
51.7    4.6055839242293e-10
51.800000000000004    4.509646595158735e-10
51.900000000000006    4.4155051917518133e-10
52.00000000000001    4.323129367901229e-10
52.1    4.2324892385304256e-10
52.2    4.143555373437745e-10
52.300000000000004    4.05629879121109e-10
52.400000000000006    3.970690953209044e-10
52.50000000000001    3.886703757608947e-10
52.6    3.804309533520851e-10
52.7    3.723481035168055e-10
52.800000000000004    3.644191436133208e-10
52.900000000000006    3.566414323668992e-10
53.00000000000001    3.4901236930730425e-10
53.1    3.4152939421277345e-10
53.2    3.34189986560143e-10
53.300000000000004    3.2699166498150093e-10
53.400000000000006    3.199319867268657e-10
53.50000000000001    3.1300854713322577e-10
53.6    3.062189790996326e-10
53.7    2.9956095256826753e-10
53.800000000000004    2.9303217401179787e-10
53.900000000000006    2.86630385926499e-10
54.00000000000001    2.803533663313688e-10
54.1    2.7419892827319185e-10
54.2    2.681649193373241e-10
54.300000000000004    2.622492211643949e-10
54.400000000000006    2.564497489725e-10
54.50000000000001    2.507644510853932e-10
54.6    2.4519130846605327e-10
54.7    2.397283342559223e-10
54.800000000000004    2.3437357331968845e-10
54.900000000000006    2.29125101795466e-10
55.00000000000001    2.2398102665051367e-10
55.1    2.1893948524229894e-10
55.2    2.1399864488474176e-10
55.300000000000004    2.0915670242000776e-10
55.400000000000006    2.044118837953234e-10
55.50000000000001    1.997624436449388e-10
55.6    1.952066648775303e-10
55.7    1.9074285826824127e-10
55.800000000000004    1.863693620560946e-10
55.900000000000006    1.820845415463261e-10
56.00000000000001    1.7788678871750068e-10
56.1    1.737745218337027e-10
56.2    1.6974618506144995e-10
56.300000000000004    1.658002480914874e-10
56.400000000000006    1.6193520576524363e-10
56.50000000000001    1.5814957770601693e-10
56.6    1.54441907954897e-10
56.7    1.5081076461113556e-10
56.800000000000004    1.4725473947722468e-10
56.900000000000006    1.4377244770837748e-10
57.00000000000001    1.4036252746658233e-10
57.1    1.370236395789513e-10
57.2    1.3375446720059128e-10
57.300000000000004    1.3055371548165764e-10
57.400000000000006    1.2742011123888175e-10
57.50000000000001    1.2435240263110995e-10
57.6    1.2134935883922504e-10
57.7    1.1840976975017066e-10
57.800000000000004    1.1553244564505201e-10
57.900000000000006    1.1271621689131694e-10
58.00000000000001    1.0995993363902673e-10
58.1    1.0726246552097307e-10
58.2    1.0462270135691442e-10
58.300000000000004    1.020395488615411e-10
58.400000000000006    9.951193435635012e-11
58.50000000000001    9.703880248546332e-11
58.6    9.46191159349531e-11
58.7    9.225185515614011e-11
58.800000000000004    8.993601809248906e-11
58.900000000000006    8.767061991010652e-11
59.00000000000001    8.54546927319776e-11
59.1    8.328728537558134e-11
59.2    8.116746309422921e-11
59.300000000000004    7.909430732177796e-11
59.400000000000006    7.706691542084713e-11
59.50000000000001    7.508440043439631e-11
59.6    7.314589084076084e-11
59.7    7.125053031189785e-11
59.800000000000004    6.939747747506465e-11
59.900000000000006    6.758590567768699e-11
60.00000000000001    6.581500275543465e-11
60.1    6.408397080357296e-11
60.2    6.239202595134381e-11
60.300000000000004    6.073839813951777e-11
60.400000000000006    5.912233090110034e-11
60.50000000000001    5.754308114492475e-11
60.6    5.599991894238207e-11
60.7    5.449212731707518e-11
60.800000000000004    5.3019002037363826e-11
60.900000000000006    5.157985141194535e-11
61.00000000000001    5.017399608814352e-11
61.1    4.880076885311092e-11
61.2    4.7459514437911e-11
61.300000000000004    4.6149589324157424e-11
61.400000000000006    4.4870361553631154e-11
61.50000000000001    4.362121054040544e-11
61.6    4.2401526885791987e-11
61.7    4.1210712195774273e-11
61.800000000000004    4.0048178901189103e-11
61.900000000000006    3.891335008040798e-11
62.00000000000001    3.780565928454547e-11
62.1    3.672455036521742e-11
62.2    3.5669477304810647e-11
62.300000000000004    3.463990404911222e-11
62.400000000000006    3.3635304342436595e-11
62.50000000000001    3.265516156515522e-11
62.6    3.1698968573475804e-11
62.7    3.076622754168435e-11
62.800000000000004    2.98564498066736e-11
62.900000000000006    2.8969155714632568e-11
63.00000000000001    2.8103874470114006e-11
63.1    2.726014398729878e-11
63.2    2.6437510743342567e-11
63.300000000000004    2.563552963403579e-11
63.400000000000006    2.4853763831515835e-11
63.50000000000001    2.4091784644111164e-11
63.6    2.3349171378226153e-11
63.7    2.2625511202383838e-11
63.800000000000004    2.1920399013169437e-11
63.900000000000006    2.123343730329454e-11
64.    2.05642360315731e-11
64.1    1.9912412494850813e-11
64.2    1.9277591201901177e-11
64.3    1.8659403749195977e-11
64.39999999999999    1.805748869857336e-11
64.5    1.747149145673072e-11
64.6    1.6901064156586047e-11
64.7    1.6345865540428877e-11
64.8    1.5805560844844616e-11
64.89999999999999    1.527982168741298e-11
65.    1.4768325955135605e-11
65.1    1.4270757694607489e-11
65.2    1.3786807003806071e-11
65.3    1.3316169925641461e-11
65.39999999999999    1.2858548343112804e-11
65.5    1.2413649876051862e-11
65.6    1.1981187779537515e-11
65.7    1.1560880843858353e-11
65.8    1.1152453296045586e-11
65.89999999999999    1.0755634702912374e-11
66.    1.0370159875687792e-11
66.1    9.995768776093247e-12
66.2    9.632206423871502e-12
66.3    9.279222805897169e-12
66.39999999999999    8.936572786529618e-12
66.5    8.604016019636133e-12
66.6    8.281316861772238e-12
66.7    7.968244286890291e-12
66.8    7.664571802394232e-12
66.89999999999999    7.370077366487969e-12
67.    7.084543306902409e-12
67.1    6.807756240890002e-12
67.2    6.539506996515055e-12
67.3    6.279590535284638e-12
67.39999999999999    6.027805875897293e-12
67.5    5.7839560193586606e-12
67.6    5.5478478752697275e-12
67.7    5.319292189287327e-12
67.8    5.098103471796717e-12
67.89999999999999    4.884099927759782e-12
68.    4.677103387745626e-12
68.1    4.476939240008589e-12
68.2    4.283436363744227e-12
68.3    4.09642706350832e-12
68.39999999999999    3.915747004565716e-12
68.5    3.74123514951446e-12
68.6    3.57273369578601e-12
68.7    3.410088014282003e-12
68.8    3.2531465890660457e-12
68.89999999999999    3.101760957975976e-12
69.    2.9557856543207086e-12
69.1    2.815078149505484e-12
69.2    2.67949879668538e-12
69.3    2.5489107752781883e-12
69.39999999999999    2.4231800365700662e-12
69.5    2.302175250063708e-12
69.6    2.1857677509415357e-12
69.7    2.073831488244774e-12
69.8    1.966242974084214e-12
69.89999999999999    1.8628812336457125e-12
70.    1.7636277560873648e-12
70.1    1.668366446305031e-12
70.2    1.5769835774678552e-12
70.3    1.4893677444799635e-12
70.39999999999999    1.4054098181635201e-12
70.5    1.3250029002935342e-12
70.6    1.2480422794299943e-12
70.7    1.1744253874661194e-12
70.8    1.1040517570342324e-12
70.89999999999999    1.0368229795569644e-12
71.    9.726426641716776e-13
71.1    9.114163972592749e-13
71.2    8.530517027789568e-13
71.3    7.974580032685993e-13
71.39999999999999    7.445465815897656e-13
71.5    6.942305432987183e-13
71.6    6.464247797614535e-13
71.7    6.010459318774871e-13
71.8    5.580123545256456e-13
71.89999999999999    5.172440815691612e-13
72.    4.786627916052029e-13
72.1    4.4219177425655433e-13
72.2    4.077558971236331e-13
72.3    3.752815733225912e-13
72.39999999999999    3.4469672965495825e-13
72.5    3.1593077533733655e-13
72.6    2.889145712979738e-13
72.7    2.6358040012132797e-13
72.8    2.398619364467164e-13
72.89999999999999    2.1769421801426618e-13
73.    1.9701361721032461e-13
73.1    1.777578131419984e-13
73.2    1.5986576426372123e-13
73.3    1.4327768153329189e-13
73.39999999999999    1.279350020394959e-13
73.5    1.137803631587181e-13
73.6    1.0075757722008351e-13
73.7    8.88116066006583e-14
73.8    7.788853940041271e-14
73.89999999999999    6.793556547252201e-14
74.    5.890095301336566e-14
74.1    5.073402555036866e-14
74.2    4.338513940757885e-14
74.3    3.6805661601337455e-14
74.39999999999999    3.094794818062086e-14
74.5    2.5765322979277053e-14
74.6    2.121205681248358e-14
74.7    1.7243347061192743e-14
74.8    1.3815297690847416e-14
74.89999999999999    1.088489963052115e-14
75.    8.41001159685555e-15
75.1    6.349341268090247e-15
75.2    4.662426851040564e-15
75.3    3.3096190072270243e-15
75.39999999999999    2.25206319909786e-15
75.5    1.4516820297436245e-15
75.6    8.711565482897659e-16
75.7    4.73908605203747e-16
75.8    2.240768828522281e-16
75.89999999999999    8.64797187835825e-17
76.    2.6595058400081673e-17
76.1    1.054449547058804e-17
76.2    7.048289389665494e-18
76.3    4.636966872379225e-18
76.39999999999999    2.9436069688567567e-18
76.5    1.788180298551187e-18
76.6    1.0298078056293908e-18
76.7    5.541648783857162e-19
76.8    2.715532139845193e-19
76.9    1.1541809439729793e-19
77.    3.916286981762876e-20
77.1    8.977977006520517e-21
77.2    8.700865163320707e-22
77.3    2.019444006025095e-24
