0.1    0.00026498592618313694
0.2    0.0002613984477736585
0.30000000000000004    0.0002578550986733903
0.4    0.00025435541907790844
0.5    0.0002508989522939136
0.6    0.00024748524475758815
0.7000000000000001    0.00024411384605165247
0.8    0.00024078430892115476
0.9    0.00023749618928802906
1.    0.0002342490462644525
1.1    0.00023104244216503282
1.2000000000000002    0.0002278759425178624
1.3000000000000003    0.00022474911607446357
1.4000000000000001    0.0002216615348186581
1.5000000000000002    0.00021861277397439168
1.6    0.00021560241201253882
1.7000000000000002    0.0002126300306567201
1.8000000000000003    0.0002096952148881559
1.9000000000000001    0.00020679755294958813
2.    0.00020393663634829052
2.1    0.00020111205985820057
2.2    0.00019832342152119165
2.3000000000000003    0.00019557032264751575
2.4000000000000004    0.0001928523678154377
2.5000000000000004    0.00019016916487008673
2.6    0.00018752032492154756
2.7    0.00018490546234221434
2.8000000000000003    0.00018232419476343028
2.9000000000000004    0.00017977614307143334
3.0000000000000004    0.0001772609314026324
3.1    0.00017477818713823045
3.2    0.00017232754089821967
3.3000000000000003    0.00016990862653476594
3.4000000000000004    0.00016752108112500267
3.5000000000000004    0.00016516454496325422
3.6    0.00016283866155270647
3.7    0.0001605430775965433
3.8000000000000003    0.0001582774429885671
3.9000000000000004    0.0001560414108033211
4.    0.0001538346372857296
4.1    0.00015165678184027399
4.2    0.00014950750701972018
4.3    0.00014738647851341458
4.3999999999999995    0.00014529336513516227
4.5    0.00014322783881070414
4.6    0.00014118957456480899
4.7    0.00013917825050799125
4.8    0.00013719354782287373
4.9    0.00013523515075020525
5.    0.00013330274657454792
5.1    0.00013139602560964875
5.2    0.00012951468118350664
5.3    0.00012765840962314872
5.4    0.00012582691023912707
5.5    0.0001240198853097497
5.6    0.00012223704006505547
5.7    0.00012047808267054603
5.8    0.0001187427242106854
5.9    0.0001170306786721781
6.    0.00011534166292703639
6.1    0.00011367539671544742
6.2    0.0001120316026284495
6.3    0.00011041000609042937
6.4    0.00010881033534144681
6.5    0.00010723232141940007
6.6    0.00010567569814203754
6.7    0.00010414020208882669
6.8    0.00010262557258268915
6.9    0.00010113155167160845
7.    0.000099657884110121
7.1    0.0000982043173406968
7.2    0.00009677060147501828
7.3    0.00009535648927516522
7.4    0.00009396173613471185
7.5    0.00009258610005974488
7.6    0.00009122934164980892
7.7    0.00008989122407878584
7.8    0.00008857151307571495
7.9    0.00008726997690556043
8.    0.00008598638634993222
8.1    0.00008472051468776687
8.2    0.00008347213767597375
8.3    0.00008224103353005295
8.4    0.00008102698290468952
8.5    0.00007982976887433072
8.6    0.00007864917691375082
8.7    0.00007748499487860892
8.8    0.00007633701298600383
8.9    0.00007520502379503344
9.    0.00007408882218735906
9.1    0.00007298820534778328
9.2    0.00007190297274484404
9.3    0.0000708329261114292
9.4    0.00006977786942541463
9.5    0.000068737608890334
9.6    0.00006771195291607792
9.700000000000001    0.00006670071209963162
9.8    0.00006570369920585254
9.9    0.00006472072914829021
10.    0.00006375161897005499
10.1    0.00006279618782473562
10.200000000000001    0.00006185425695737188
10.3    0.00006092564968548143
10.4    0.00006001019138014897
10.5    0.000059107709447175725
10.6    0.000058218033308295626
10.700000000000001    0.000057340994382458126
10.8    0.00005647642606718279
10.9    0.000055624163719973764
11.    0.000054784044637439675
11.1    0.00005395590801666425
11.200000000000001    0.00005313959495193229
11.3    0.000052334948434492595
11.4    0.00005154181333456713
11.5    0.00005076003638254806
11.6    0.00004998946615027073
11.700000000000001    0.00004922995303241567
11.8    0.000048481349228040806
11.9    0.00004774350872224192
12.    0.00004701628726794221
12.1    0.000046299542367809815
12.200000000000001    0.00004559313325630372
12.3    0.00004489692088184714
12.4    0.0000442107678891288
12.5    0.000043534538601531356
12.6    0.0000428680990036873
12.700000000000001    0.000042211316724161674
12.8    0.000041564061018261784
12.9    0.00004092620275097371
13.    0.00004029761438002531
13.1    0.00003967816993907585
13.200000000000001    0.000039067745021031884
13.3    0.00003846621676148928
13.4    0.00003787346382230148
13.5    0.000037289366375273505
13.6    0.000036713806085981864
13.700000000000001    0.00003614666609772016
13.8    0.000035587831015569966
13.9    0.00003503718689059714
14.    0.00003449462120417344
14.1    0.000033960022852422754
14.200000000000001    0.000033433282130792425
14.3    0.00003291429071874901
14.4    0.00003240294166459845
14.5    0.00003189912937043022
14.6    0.0000314027495771857
14.700000000000001    0.00003091369934984979
14.8    0.00003043187706276644
14.9    0.00002995718238507678
15.    0.00002948951626628047
15.1    0.000029028780921919456
15.200000000000001    0.00002857487981938393
15.3    0.00002812771766384036
15.4    0.000027687200384280954
15.5    0.00002725323511969438
15.6    0.00002682573020535753
15.700000000000001    0.000026404595159247602
15.8    0.00002598974066857441
15.9    0.00002558107857643237
16.    0.000025178521868571864
16.1    0.00002478198466028941
16.200000000000003    0.000024391382183436497
16.3    0.000024006630773546165
16.400000000000002    0.00002362764785707745
16.500000000000004    0.00002325435193877654
16.6    0.00002288666258915518
16.700000000000003    0.00002252450043208443
16.8    0.000022167787132504758
16.900000000000002    0.0000218164453842508
17.000000000000004    0.000021470398897990986
17.1    0.00002112957238928115
17.200000000000003    0.000020793891566731686
17.3    0.000020463283120287716
17.400000000000002    0.000020137674709621656
17.500000000000004    0.000019816994952637773
17.6    0.000019501173414087962
17.700000000000003    0.000019190140594298144
17.8    0.00001888382791800504
17.900000000000002    0.000018582167723302287
18.000000000000004    0.000018285093250695518
18.1    0.000017992538632265858
18.200000000000003    0.000017704438880940967
18.3    0.000017420729879873374
18.400000000000002    0.000017141348371925
18.500000000000004    0.000016866231949257677
18.6    0.000016595319043028863
18.700000000000003    0.00001632854891319171
18.8    0.000016065861638399115
18.900000000000002    0.000015807198106010976
19.000000000000004    0.00001555250000220405
19.1    0.00001530170980218354
19.200000000000003    0.000015054770760495967
19.300000000000004    0.000014811626901442708
19.400000000000002    0.000014572223009593216
19.500000000000004    0.000014336504620397485
19.6    0.00001410441801089703
19.700000000000003    0.000013875910190533601
19.800000000000004    0.000013650928892055118
19.900000000000002    0.000013429422562517949
20.000000000000004    0.000013211340354384883
20.1    0.000012996632116718185
20.200000000000003    0.000012785248386467097
20.300000000000004    0.000012577140379848537
20.400000000000002    0.000012372259983821372
20.500000000000004    0.000012170559747652263
20.6    0.000011971992874573407
20.700000000000003    0.000011776513213531028
20.800000000000004    0.000011584075251023892
20.900000000000002    0.000011394634103031116
21.000000000000004    0.000011208145507028979
21.1    0.00001102456581409539
21.200000000000003    0.000010843851981101704
21.300000000000004    0.00001066596156299117
21.400000000000002    0.000010490852705143202
21.500000000000004    0.000010318484135822632
21.6    0.000010148815158713686
21.700000000000003    9.981805645537374e-6
21.800000000000004    9.817416028752148e-6
21.900000000000002    9.655607294336673e-6
22.000000000000004    9.49634097465431e-6
22.1    9.339579141398526e-6
22.200000000000003    9.18528439861842e-6
22.300000000000004    9.033419875823817e-6
22.400000000000002    8.883949221169161e-6
22.500000000000004    8.736836594715426e-6
22.6    8.592046661769616e-6
22.700000000000003    8.449544586300795e-6
22.800000000000004    8.30929602443225e-6
22.900000000000002    8.171267118009037e-6
23.000000000000004    8.035424488240008e-6
23.1    7.901735229413914e-6
23.200000000000003    7.770166902688934e-6
23.300000000000004    7.64068752995453e-6
23.400000000000002    7.5132655877654056e-6
23.500000000000004    7.387870001346609e-6
23.6    7.264470138669507e-6
23.700000000000003    7.1430358045972225e-6
23.800000000000004    7.023537235099685e-6
23.900000000000002    6.905945091537119e-6
24.000000000000004    6.790230455011491e-6
24.1    6.6763648207851885e-6
24.200000000000003    6.564320092766375e-6
24.300000000000004    6.454068578060315e-6
24.400000000000002    6.345582981585905e-6
24.500000000000004    6.238836400757071e-6
24.6    6.133802320228034e-6
24.700000000000003    6.030454606702049e-6
24.800000000000004    5.928767503802927e-6
24.900000000000002    5.828715627008719e-6
25.000000000000004    5.730273958646786e-6
25.1    5.633417842949859e-6
25.200000000000003    5.5381229811724625e-6
25.300000000000004    5.444365426766789e-6
25.400000000000002    5.352121580617766e-6
25.500000000000004    5.261368186336549e-6
25.6    5.172082325611739e-6
25.700000000000003    5.084241413618074e-6
25.800000000000004    4.997823194481518e-6
25.900000000000002    4.912805736800516e-6
26.000000000000004    4.829167429222767e-6
26.1    4.746886976076746e-6
26.200000000000003    4.665943393057613e-6
26.300000000000004    4.586316002966891e-6
26.400000000000002    4.507984431505197e-6
26.500000000000004    4.4309286031176e-6
26.6    4.355128736891069e-6
26.700000000000003    4.280565342503288e-6
26.800000000000004    4.20721921622247e-6
26.900000000000002    4.1350714369574926e-6
27.000000000000004    4.064103362357802e-6
27.1    3.9942966249627026e-6
27.200000000000003    3.925633128399317e-6
27.300000000000004    3.858095043628743e-6
27.400000000000002    3.7916648052398685e-6
27.500000000000004    3.726325107790363e-6
27.6    3.66205890219435e-6
27.700000000000003    3.5988493921560275e-6
27.800000000000004    3.536680030649085e-6
27.900000000000002    3.475534516440999e-6
28.000000000000004    3.4153967906620976e-6
28.1    3.3562510334185915e-6
28.200000000000003    3.298081660449199e-6
28.300000000000004    3.240873319824989e-6
28.400000000000002    3.1846108886915644e-6
28.500000000000004    3.129279470053678e-6
28.6    3.0748643896012594e-6
28.700000000000003    3.021351192576772e-6
28.800000000000004    2.9687256406830934e-6
28.900000000000002    2.9169737090317976e-6
29.000000000000004    2.8660815831310756e-6
29.1    2.8160356559130847e-6
29.200000000000003    2.7668225247999984e-6
29.300000000000004    2.7184289888085855e-6
29.400000000000002    2.6708420456927225e-6
29.500000000000004    2.62404888912337e-6
29.6    2.578036905905648e-6
29.700000000000003    2.5327936732326058e-6
29.800000000000004    2.488306955975092e-6
29.900000000000002    2.4445647040075523e-6
30.000000000000004    2.4015550495690718e-6
30.1    2.3592663046594128e-6
30.200000000000003    2.317686958469618e-6
30.300000000000004    2.2768056748465933e-6
30.400000000000002    2.2366112897916536e-6
30.500000000000004    2.1970928089921456e-6
30.6    2.1582394053860705e-6
30.700000000000003    2.120040416759285e-6
30.800000000000004    2.082485343374765e-6
30.900000000000002    2.045563845633594e-6
31.000000000000004    2.009265741767446e-6
31.1    1.9735810055617964e-6
31.200000000000003    1.93849976411004e-6
31.300000000000004    1.9040122955976115e-6
31.400000000000002    1.870109027116087e-6
31.500000000000004    1.8367805325067468e-6
31.6    1.8040175302333223e-6
31.700000000000003    1.7718108812834578e-6
31.800000000000004    1.7401515870986632e-6
31.900000000000002    1.7090307875323632e-6
32.    1.6784397588355691e-6
32.1    1.6483699116701341e-6
32.2    1.6188127891488823e-6
32.300000000000004    1.589760064902575e-6
32.400000000000006    1.5612035411732223e-6
32.5    1.5331351469334407e-6
32.6    1.50554693603159e-6
32.7    1.4784310853623263e-6
32.800000000000004    1.4517798930621845e-6
32.900000000000006    1.4255857767300499e-6
33.    1.399841271671987e-6
33.1    1.3745390291703453e-6
33.2    1.3496718147766233e-6
33.300000000000004    1.3252325066279991e-6
33.400000000000006    1.3012140937870244e-6
33.5    1.2776096746043434e-6
33.6    1.2544124551040595e-6
33.7    1.231615747391544e-6
33.800000000000004    1.2092129680832435e-6
33.900000000000006    1.1871976367584462e-6
34.    1.1655633744324616e-6
34.1    1.144303902051173e-6
34.2    1.1234130390064799e-6
34.300000000000004    1.102884701672604e-6
34.400000000000006    1.0827129019626887e-6
34.5    1.062891745905747e-6
34.6    1.043415432243428e-6
34.7    1.0242782510465731e-6
34.800000000000004    1.0054745823510728e-6
34.900000000000006    9.869988948129988e-7
35.    9.688457443825996e-7
35.1    9.510097729969974e-7
35.2    9.334857072913277e-7
35.300000000000004    9.162683573280258e-7
35.400000000000006    8.993526153441326e-7
35.5    8.827334545163003e-7
35.6    8.664059277432464e-7
35.7    8.503651664455137e-7
35.800000000000004    8.346063793822633e-7
35.900000000000006    8.191248514848671e-7
36.    8.039159427070725e-7
36.1    7.889750868915396e-7
36.2    7.7429779065259e-7
36.300000000000004    7.598796322747726e-7
36.400000000000006    7.457162606273136e-7
36.5    7.318033940939312e-7
36.6    7.181368195180934e-7
36.7    7.047123911632836e-7
36.800000000000004    6.915260296882583e-7
36.900000000000006    6.785737211369249e-7
37.    6.658515159428497e-7
37.1    6.533555279479461e-7
37.2    6.4108193343541e-7
37.300000000000004    6.290269701765342e-7
37.400000000000006    6.171869364912529e-7
37.5    6.055581903223134e-7
37.6    5.94137148322785e-7
37.7    5.82920284956778e-7
37.800000000000004    5.71904131613196e-7
37.900000000000006    5.610852757323373e-7
38.    5.504603599451389e-7
38.1    5.400260812249718e-7
38.2    5.297791900517407e-7
38.300000000000004    5.197164895881412e-7
38.400000000000006    5.098348348679213e-7
38.50000000000001    5.001311319960057e-7
38.6    4.906023373602611e-7
38.7    4.812454568547742e-7
38.800000000000004    4.720575451145262e-7
38.900000000000006    4.630357047612271e-7
39.00000000000001    4.541770856602043e-7
39.1    4.454788841882435e-7
39.2    4.3693834251206706e-7
39.300000000000004    4.285527478775282e-7
39.400000000000006    4.20319431909188e-7
39.50000000000001    4.122357699202128e-7
39.6    4.04299180232451e-7
39.7    3.9650712350653765e-7
39.800000000000004    3.888571020818614e-7
39.900000000000006    3.813466593263153e-7
40.00000000000001    3.7397337899564157e-7
40.1    3.667348846022569e-7
40.2    3.596288387934379e-7
40.300000000000004    3.526529427387292e-7
40.400000000000006    3.45804935526426e-7
40.50000000000001    3.3908259356903067e-7
40.6    3.3248373001755804e-7
40.7    3.2600619418453153e-7
40.800000000000004    3.196478709755998e-7
40.900000000000006    3.1340668032960744e-7
41.00000000000001    3.0728057666703417e-7
41.1    3.012675483466633e-7
41.2    2.953656171303592e-7
41.300000000000004    2.895728376558848e-7
41.400000000000006    2.838872969175703e-7
41.50000000000001    2.783071137548089e-7
41.6    2.7283043834818733e-7
41.7    2.67455451723211e-7
41.800000000000004    2.621803652614546e-7
41.900000000000006    2.570034202190989e-7
42.00000000000001    2.519228872526832e-7
42.1    2.469370659520419e-7
42.2    2.420442843802272e-7
42.300000000000004    2.3724289862043634e-7
42.400000000000006    2.3253129232972886e-7
42.50000000000001    2.279078762995341e-7
42.6    2.233710880227889e-7
42.7    2.1891939126761214e-7
42.800000000000004    2.1455127565748266e-7
42.900000000000006    2.1026525625775494e-7
43.00000000000001    2.060598731684632e-7
43.1    2.0193369112330148e-7
43.2    1.9788529909472512e-7
43.300000000000004    1.939133099050467e-7
43.400000000000006    1.9001635984346477e-7
43.50000000000001    1.8619310828891206e-7
43.6    1.824422373387009e-7
43.7    1.7876245144278908e-7
43.800000000000004    1.7515247704368238e-7
43.900000000000006    1.7161106222182054e-7
44.00000000000001    1.681369763463901e-7
44.1    1.6472900973150956e-7
44.2    1.6138597329767053e-7
44.300000000000004    1.5810669823838076e-7
44.400000000000006    1.5489003569193936e-7
44.50000000000001    1.5173485641822388e-7
44.6    1.4864005048051068e-7
44.7    1.4560452693214188e-7
44.800000000000004    1.426272135080385e-7
44.900000000000006    1.3970705632099374e-7
45.00000000000001    1.3684301956262858e-7
45.1    1.340340852089766e-7
45.2    1.3127925273063697e-7
45.300000000000004    1.2857753880739273e-7
45.400000000000006    1.2592797704726426e-7
45.50000000000001    1.2332961770991162e-7
45.6    1.2078152743433502e-7
45.7    1.182827889708003e-7
45.800000000000004    1.158325009169283e-7
45.900000000000006    1.1342977745790683e-7
46.00000000000001    1.1107374811071695e-7
46.1    1.0876355747237912e-7
46.2    1.064983649720881e-7
46.300000000000004    1.0427734462726667e-7
46.400000000000006    1.0209968480336603e-7
46.50000000000001    9.996458797748537e-8
46.6    9.787127050564396e-8
46.7    9.581896239371791e-8
46.800000000000004    9.380690707196256e-8
46.900000000000006    9.183436117307055e-8
47.00000000000001    8.990059431372199e-8
47.1    8.800488887955557e-8
47.2    8.614653981351922e-8
47.300000000000004    8.432485440756853e-8
47.400000000000006    8.253915209762779e-8
47.50000000000001    8.078876426179053e-8
47.6    7.907303402170804e-8
47.7    7.739131604710021e-8
47.800000000000004    7.574297636336891e-8
47.900000000000006    7.412739216225024e-8
48.00000000000001    7.254395161545632e-8
48.1    7.09920536912814e-8
48.2    6.947110797410401e-8
48.300000000000004    6.798053448676139e-8
48.400000000000006    6.651976351573187e-8
48.50000000000001    6.50882354391153e-8
48.6    6.368540055733732e-8
48.7    6.231071892653869e-8
48.800000000000004    6.096366019465159e-8
48.900000000000006    5.964370344004176e-8
49.00000000000001    5.8350337012770035e-8
49.1    5.7083058378363616e-8
49.2    5.5841373964100094e-8
49.300000000000004    5.462479900772812e-8
49.400000000000006    5.343285740863724e-8
49.50000000000001    5.2265081581392054e-8
49.6    5.112101231162598e-8
49.7    5.000019861423941e-8
49.800000000000004    4.890219759389269e-8
49.900000000000006    4.78265743077105e-8
50.00000000000001    4.677290163023402e-8
50.1    4.5740760120513454e-8
50.2    4.472973789136924e-8
50.300000000000004    4.3739430480739025e-8
50.400000000000006    4.276944072512119e-8
50.50000000000001    4.181937863504998e-8
50.6    4.0888861272590285e-8
50.7    3.99775126308103e-8
50.800000000000004    3.908496351521442e-8
50.900000000000006    3.8210851427086154e-8
51.00000000000001    3.7354820448739905e-8
51.1    3.6516521130611876e-8
51.2    3.569561038021571e-8
51.300000000000004    3.489175135288059e-8
51.400000000000006    3.410461334427273e-8
51.50000000000001    3.333387168468283e-8
51.6    3.257920763500937e-8
51.7    3.184030828447354e-8
51.800000000000004    3.111686644997021e-8
51.900000000000006    3.040858057709127e-8
52.00000000000001    2.9715154642750545e-8
52.1    2.903629805941479e-8
52.2    2.8371725580898516e-8
52.300000000000004    2.77211572097e-8
52.400000000000006    2.7084318105871378e-8
52.50000000000001    2.6460938497371117e-8
52.6    2.5850753591898565e-8
52.7    2.5253503490176335e-8
52.800000000000004    2.4668933100668618e-8
52.900000000000006    2.4096792055695223e-8
53.00000000000001    2.3536834628930676e-8
53.1    2.2988819654277987e-8
53.2    2.2452510446064188e-8
53.300000000000004    2.192767472057291e-8
53.400000000000006    2.1414084518866026e-8
53.50000000000001    2.0911516130890744e-8
53.6    2.041975002083616e-8
53.7    1.993857075374035e-8
53.800000000000004    1.9467766923307438e-8
53.900000000000006    1.90071310809311e-8
54.00000000000001    1.8556459665895803e-8
54.1    1.8115552936738628e-8
54.2    1.76842149037655e-8
54.300000000000004    1.7262253262680048e-8
54.400000000000006    1.684947932932935e-8
54.50000000000001    1.6445707975539793e-8
54.6    1.6050757566021956e-8
54.7    1.5664449896340272e-8
54.800000000000004    1.5286610131911582e-8
54.900000000000006    1.4917066748036486e-8
55.00000000000001    1.4555651470930014e-8
55.1    1.4202199219753372e-8
55.2    1.3856548049605146e-8
55.300000000000004    1.3518539095491479e-8
55.400000000000006    1.318801651722411e-8
55.50000000000001    1.2864827445252081e-8
55.6    1.2548821927417434e-8
55.7    1.22398528765969e-8
55.800000000000004    1.1937776019235482e-8
55.900000000000006    1.1642449844753302e-8
56.00000000000001    1.1353735555804261e-8
56.1    1.1071497019383783e-8
56.2    1.0795600718760908e-8
56.300000000000004    1.0525915706231761e-8
56.400000000000006    1.0262313556674278e-8
56.50000000000001    1.000466832189192e-8
56.6    9.752856485739105e-9
56.7    9.50675692000844e-9
56.800000000000004    9.266250841073725e-9
56.900000000000006    9.031221767268064e-9
57.00000000000001    8.801555477001256e-9
57.1    8.577139967581895e-9
57.2    8.357865414754182e-9
57.300000000000004    8.143624132923564e-9
57.400000000000006    7.934310536068924e-9
57.50000000000001    7.729821099320808e-9
57.6    7.530054321206938e-9
57.7    7.334910686544544e-9
57.800000000000004    7.144292629969689e-9
57.900000000000006    6.958104500100011e-9
58.00000000000001    6.7762525243166905e-9
58.1    6.598644774145078e-9
58.2    6.425191131252201e-9
58.300000000000004    6.255803254015399e-9
58.400000000000006    6.090394544678143e-9
58.50000000000001    5.928880117079649e-9
58.6    5.771176764936498e-9
58.7    5.617202930680791e-9
58.800000000000004    5.466878674839597e-9
58.900000000000006    5.3201256459482636e-9
59.00000000000001    5.176867050989048e-9
59.1    5.03702762634081e-9
59.2    4.900533609241834e-9
59.300000000000004    4.7673127097506506e-9
59.400000000000006    4.637294083196467e-9
59.50000000000001    4.510408303112531e-9
59.6    4.386587334645708e-9
59.7    4.2657645084304024e-9
59.800000000000004    4.147874494924458e-9
59.900000000000006    4.032853279196236e-9
60.00000000000001    3.920638136153898e-9
60.1    3.811167606215271e-9
60.2    3.7043814714028033e-9
60.300000000000004    3.600220731863098e-9
60.400000000000006    3.4986275828038212e-9
60.50000000000001    3.399545391834684e-9
60.6    3.3029186767144803e-9
60.7    3.2086930834904405e-9
60.800000000000004    3.1168153650254924e-9
60.900000000000006    3.0272333599122864e-9
61.00000000000001    2.9398959717543676e-9
61.1    2.8547531488240813e-9
61.2    2.771755864082437e-9
61.300000000000004    2.6908560955489055e-9
61.400000000000006    2.612006807033329e-9
61.50000000000001    2.5351619292035598e-9
61.6    2.4602763409983635e-9
61.7    2.3873058513682647e-9
61.800000000000004    2.3162071813518977e-9
61.900000000000006    2.246937946467346e-9
62.00000000000001    2.179456639425153e-9
62.1    2.113722613149685e-9
62.2    2.0496960641114656e-9
62.300000000000004    1.9873380159561528e-9
62.400000000000006    1.9266103034306397e-9
62.50000000000001    1.86747555660434e-9
62.6    1.8098971853685366e-9
62.7    1.7538393642242946e-9
62.800000000000004    1.6992670173460504e-9
62.900000000000006    1.646145803912048e-9
63.00000000000001    1.594442103705753e-9
63.1    1.5441230029823517e-9
63.2    1.4951562805859797e-9
63.300000000000004    1.4475103943274247e-9
63.400000000000006    1.4011544676092914e-9
63.50000000000001    1.356058276295334e-9
63.6    1.3121922358191408e-9
63.7    1.2695273885361972e-9
63.800000000000004    1.228035391299403e-9
63.900000000000006    1.1876885032717462e-9
64.    1.148459573958864e-9
64.1    1.110322031463458e-9
64.2    1.0732498709576115e-9
64.3    1.0372176433685079e-9
64.39999999999999    1.0022004442734487e-9
64.5    9.681739030004452e-10
64.6    9.351141719324489e-10
64.7    9.029979160101611e-10
64.8    8.718023024306099e-10
64.89999999999999    8.415049905361889e-10
65.    8.120841218951705e-10
65.1    7.835183105674333e-10
65.2    7.557866335489835e-10
65.3    7.288686214009805e-10
65.39999999999999    7.027442490515262e-10
65.5    6.773939267697027e-10
65.6    6.527984913122195e-10
65.7    6.289391972354793e-10
65.8    6.057977083717963e-10
65.89999999999999    5.833560894660082e-10
66.    5.615967979728947e-10
66.1    5.405026760080997e-10
66.2    5.200569424505281e-10
66.3    5.002431852006025e-10
66.39999999999999    4.810453535765425e-10
66.5    4.6244775086755633e-10
66.6    4.4443502701776755e-10
66.7    4.2699217145657235e-10
66.8    4.101045060665594e-10
66.89999999999999    3.9375767828235987e-10
67.    3.779376543259002e-10
67.1    3.6263071256922487e-10
67.2    3.478234370253841e-10
67.3    3.335027109689757e-10
67.39999999999999    3.1965571067207714e-10
67.5    3.0626989926903563e-10
67.6    2.933330207370812e-10
67.7    2.808330939926905e-10
67.8    2.6875840710338897e-10
67.89999999999999    2.570975116134445e-10
68.    2.458392169809586e-10
68.1    2.3497258511979437e-10
68.2    2.244869250503437e-10
68.3    2.1437178765889158e-10
68.39999999999999    2.0461696055115025e-10
68.5    1.9521246301749326e-10
68.6    1.8614854108796678e-10
68.7    1.774156626894857e-10
68.8    1.690045129001092e-10
68.89999999999999    1.6090598929259117e-10
69.    1.531111973741211e-10
69.1    1.4561144611437323e-10
69.2    1.3839824356468897e-10
69.3    1.3146329256016624e-10
69.39999999999999    1.247984865147355e-10
69.5    1.1839590529097002e-10
69.6    1.1224781116265607e-10
69.7    1.0634664484888154e-10
69.8    1.0068502163498768e-10
69.89999999999999    9.525572756744293e-11
70.    9.005171572710036e-11
70.1    8.506610257814452e-11
70.2    8.029216438797561e-11
70.3    7.57233337244245e-11
70.39999999999999    7.135319601943805e-11
70.5    6.717548620541013e-11
70.6    6.318408542024744e-11
70.7    5.937301777668937e-11
70.8    5.5736447202330113e-11
70.89999999999999    5.226867433885484e-11
71.    4.8964133511447355e-11
71.1    4.581738975421292e-11
71.2    4.282313590107544e-11
71.3    3.9976189734505996e-11
71.39999999999999    3.7271491195557755e-11
71.5    3.47040996485064e-11
71.6    3.226919120568653e-11
71.7    2.996205610491883e-11
71.8    2.7778096144882813e-11
71.89999999999999    2.5712822169673318e-11
72.    2.3761851611288957e-11
72.1    2.1920906079393606e-11
72.2    2.0185809003886335e-11
72.3    1.8552483325918007e-11
72.39999999999999    1.7016949239266454e-11
72.5    1.5575321978036032e-11
72.6    1.4223809650493853e-11
72.7    1.2958711122683097e-11
72.8    1.1776413941754647e-11
72.89999999999999    1.0673392308143122e-11
73.    9.646205088834214e-12
73.1    8.691493872850032e-12
73.2    7.80598106960076e-12
73.3    6.986468048625348e-12
73.39999999999999    6.229833317509424e-12
73.5    5.533030740393265e-12
73.6    4.8930877957089085e-12
73.7    4.30710386894682e-12
73.8    3.7722485873833286e-12
73.89999999999999    3.2857601855246447e-12
74.    2.84494391082069e-12
74.1    2.4471704615011154e-12
74.2    2.089874460029196e-12
74.3    1.7705529595941057e-12
74.39999999999999    1.486763984001627e-12
74.5    1.2361250990848597e-12
74.6    1.0163120168891915e-12
74.7    8.250572296348729e-13
74.8    6.601486753875616e-13
74.89999999999999    5.194284316138419e-13
75.    4.0079144039130136e-13
75.1    3.021842604604989e-13
75.2    2.2160384791418163e-13
75.3    1.5709636364660307e-13
75.39999999999999    1.0675601021053745e-13
75.5    6.872387760515503e-14
75.6    4.118674932726578e-14
75.7    2.2375967456440437e-14
75.8    1.0566008489367189e-14
75.89999999999999    4.07244848521598e-15
76.    1.2507498590313043e-15
76.1    4.95249737934865e-16
76.2    3.3060686113529433e-16
76.3    2.1721637504189078e-16
76.39999999999999    1.3771129757380493e-16
76.5    8.354740729970981e-17
76.6    4.805189465234295e-17
76.7    2.5824191906501318e-17
76.8    1.2637955848604946e-17
76.9    5.364517500812957e-18
77.    1.817887026833592e-18
77.1    4.1620492728095326e-19
77.2    4.0283597171875145e-20
77.3    9.337603499656951e-23
