0.1    7.207392544743645e-9
0.2    2.8511327097610884e-8
0.30000000000000004    6.344058579466186e-8
0.4    1.115319742338481e-7
0.5    1.7233029354798816e-7
0.6    2.4538830907044933e-7
0.7000000000000001    3.302667157450337e-7
0.8    4.2653410042723314e-7
0.9    5.337669012197867e-7
1.    6.515493639813335e-7
1.1    7.794734961429121e-7
1.2000000000000002    9.171390179631099e-7
1.3000000000000003    1.0641533113488025e-6
1.4000000000000001    1.2201313663646596e-6
1.5000000000000002    1.3846957255509057e-6
1.6    1.5574764261652317e-6
1.7000000000000002    1.7381109404612497e-6
1.8000000000000003    1.926244114112428e-6
1.9000000000000001    2.121528102887142e-6
2.    2.323622307677159e-6
2.1    2.532193307978719e-6
2.2    2.7469147939222445e-6
2.3000000000000003    2.9674674969436877e-6
2.4000000000000004    3.1935391191875464e-6
2.5000000000000004    3.4248242617286762e-6
2.6    3.661024351697255e-6
2.7    3.901847568388431e-6
2.8000000000000003    4.1470087684355595e-6
2.9000000000000004    4.396229410123286e-6
3.0000000000000004    4.649237476914202e-6
3.1    4.905767400260255e-6
3.2    5.165559981767784e-6
3.3000000000000003    5.428362314782511e-6
3.4000000000000004    5.693927705458715e-6
3.5000000000000004    5.962015593374387e-6
3.6    6.232391471752098e-6
3.7    6.504826807343126e-6
3.8000000000000003    6.7790989600303116e-6
3.9000000000000004    7.054991102203106e-6
4.    7.332292137956271e-6
4.1    7.610796622161855e-6
4.2    7.890304679462048e-6
4.3    8.170621923228874e-6
4.3999999999999995    8.451559374534783e-6
4.5    8.732933381176521e-6
4.6    9.014565536793008e-6
4.7    9.2962826001163e-6
4.8    9.577916414393062e-6
4.9    9.859303827012584e-6
5.    0.000010140286609375708
5.1    0.000010420711377037706
5.2    0.000010700429510156602
5.3    0.000010979297074277224
5.4    0.000011257174741479715
5.5    0.000011533927711920146
5.6    0.000011809425635789438
5.7    0.000012083542535715703
5.8    0.000012356156729633769
5.9    0.000012627150754144717
6.    0.000012896411288386862
6.1    0.000013163829078438771
6.2    0.00001342929886227367
6.3    0.00001369271929528365
6.4    0.000013953992876391101
6.5    0.000014213025874763758
6.6    0.000014469728257148867
6.7    0.000014724013615841063
6.8    0.000014975799097297674
6.9    0.00001522500533141426
7.    0.00001547155636147243
7.1    0.000015715379574771216
7.2    0.000015956405633952315
7.3    0.00001619456840902906
7.4    0.000016429804910127975
7.5    0.00001666205522095121
7.6    0.000016891262432967486
7.7    0.00001711737258033844
7.8    0.000017340334575586694
7.9    0.000017560100146011267
8.    0.000017776623770855576
8.1    0.00001798986261923234
8.2    0.000018199776488809567
8.3    0.000018406327745260842
8.4    0.000018609481262483025
8.5    0.000018809204363583726
8.6    0.000019005466762640364
8.7    0.000019198240507232566
8.8    0.000019387499921748694
8.9    0.000019573221551467246
9.    0.000019755384107413312
9.1    0.00001993396841198991
9.2    0.000020108957345383585
9.3    0.00002028033579274331
9.4    0.000020448090592131566
9.5    0.00002061221048324575
9.6    0.000020772686056908105
9.700000000000001    0.000020929509705321955
9.8    0.000021082675573091452
9.9    0.000021232179509002317
10.    0.000021378019018560267
10.1    0.00002152019321728371
10.200000000000001    0.000021658702784747276
10.3    0.000021793549919372198
10.4    0.00002192473829395943
10.5    0.000022052273011961354
10.6    0.00002217616056448737
10.700000000000001    0.000022296408788038818
10.8    0.000022413026822968323
10.9    0.000022526025071296683
11.    0.000022635415105837984
11.1    0.000022741209510736496
11.200000000000001    0.000022843421852443045
11.3    0.000022942066730998997
11.4    0.00002303715980248133
11.5    0.00002312871775430869
11.6    0.00002321675826960947
11.700000000000001    0.00002330129999225027
11.8    0.000023382362492520173
11.9    0.000023459966233464723
12.    0.000023534132537863624
12.1    0.000023604883555846044
12.200000000000001    0.00002367224223313708
12.3    0.000023736232279929216
12.4    0.000023796878140372295
12.5    0.000023854204962675357
12.6    0.000023908238569814127
12.700000000000001    0.000023959005430837185
12.8    0.000024006532632764337
12.9    0.000024050847853070414
13.    0.000024091979332747876
13.1    0.0000241299558499411
13.200000000000001    0.000024164806694145858
13.3    0.00002419656164096699
13.4    0.000024225250927427317
13.5    0.00002425090522782101
13.6    0.000024273555630104402
13.700000000000001    0.000024293233612817434
13.8    0.000024309971022528596
13.9    0.000024323800051796623
14.    0.00002433475321764186
14.1    0.0000243428633405205
14.200000000000001    0.000024348163523794448
14.3    0.00002435068713369036
14.4    0.000024350467779740513
14.5    0.00002434753929569874
14.6    0.00002434193572092477
14.700000000000001    0.000024333691282229636
14.8    0.00002432284037617585
14.9    0.00002430941755182508
15.    0.00002429345749392684
15.1    0.000024274995006541256
15.200000000000001    0.000024254064997089293
15.3    0.00002423070246082372
15.4    0.00002420494246571404
15.5    0.00002417682013773911
15.6    0.00002414637064658034
15.700000000000001    0.00002411362919170948
15.8    0.000024078630988864117
15.9    0.00002404141125690467
16.    0.000024002005205046282
16.1    0.000023960448020459467
16.200000000000003    0.00002391677485623302
16.3    0.000023871020819693038
16.400000000000002    0.000023823220961071806
16.500000000000004    0.00002377341026252048
16.6    0.000023721623627459276
16.700000000000003    0.000023667895870259347
16.8    0.000023612261706250204
16.900000000000002    0.000023554755742046873
17.000000000000004    0.000023495412466190605
17.1    0.00002343426624009785
17.200000000000003    0.00002337135128931131
17.3    0.00002330670169504732
17.400000000000002    0.000023240351386034305
17.500000000000004    0.00002317233413063651
17.6    0.000023102683529257195
17.700000000000003    0.00002303143300701645
17.8    0.00002295861580669768
17.900000000000002    0.00002288426498195764
18.000000000000004    0.00002280841339079482
18.1    0.00002273109368927077
18.200000000000003    0.000022652338325479316
18.3    0.00002257217953375862
18.400000000000002    0.000022490649329140973
18.500000000000004    0.000022407779502035264
18.6    0.000022323601613137542
18.700000000000003    0.00002223814698856441
18.8    0.000022151446715204793
18.900000000000002    0.000022063531636285168
19.000000000000004    0.000021974432347143784
19.1    0.00002188417919120904
19.200000000000003    0.000021792802256177676
19.300000000000004    0.0000217003313703883
19.400000000000002    0.00002160679609938567
19.500000000000004    0.00002151222574267163
19.6    0.000021416649330638327
19.700000000000003    0.000021320095621679228
19.800000000000004    0.00002122259309947432
19.900000000000002    0.000021124169970444837
20.000000000000004    0.00002102485416137387
20.1    0.000020924673317188623
20.200000000000003    0.000020823654798900604
20.300000000000004    0.00002072182568169969
20.400000000000002    0.000020619212753198492
20.500000000000004    0.000020515842511823083
20.6    0.000020411741165346397
20.700000000000003    0.000020306934629561043
20.800000000000004    0.000020201448527087337
20.900000000000002    0.000020095308186313715
21.000000000000004    0.000019988538640465485
21.1    0.000019881164626799048
21.200000000000003    0.000019773210585917795
21.300000000000004    0.000019664700661206748
21.400000000000002    0.00001955565869838251
21.500000000000004    0.00001944610824515541
21.6    0.00001933607255100072
21.700000000000003    0.000019225574567036056
21.800000000000004    0.000019114636946001537
21.900000000000002    0.00001900328204234016
22.000000000000004    0.00001889153191237532
22.1    0.000018779408314582562
22.200000000000003    0.000018666932709952876
22.300000000000004    0.000018554126262444777
22.400000000000002    0.0000184410098395223
22.500000000000004    0.000018327604012776508
22.6    0.00001821392905862776
22.700000000000003    0.0000181000049591062
22.800000000000004    0.000017985851402708038
22.900000000000002    0.00001787148778532494
23.000000000000004    0.00001775693321124457
23.1    0.00001764220649421936
23.200000000000003    0.000017527326158601615
23.300000000000004    0.000017412310440542527
23.400000000000002    0.000017297177289252785
23.500000000000004    0.000017181944368322827
23.6    0.00001706662905710031
23.700000000000003    0.00001695124845212295
23.800000000000004    0.000016835819368604572
23.900000000000002    0.000016720358341972234
24.000000000000004    0.00001660488162945286
24.1    0.000016489405211706827
24.200000000000003    0.000016373944794507258
24.300000000000004    0.000016258515810462765
24.400000000000002    0.000016143133420781894
24.500000000000004    0.00001602781251707772
24.6    0.000015912567723210504
24.700000000000003    0.00001579741339716714
24.800000000000004    0.000015682363632975266
24.900000000000002    0.00001556743226265093
25.000000000000004    0.00001545263285817762
25.1    0.000015337978733515822
25.200000000000003    0.00001522348294664096
25.300000000000004    0.000015109158301608606
25.400000000000002    0.000014995017350645387
25.500000000000004    0.000014881072396264179
25.6    0.000014767335493402352
25.700000000000003    0.000014653818451581387
25.800000000000004    0.000014540532837086922
25.900000000000002    0.000014427489975167833
26.000000000000004    0.000014314700952252903
26.1    0.000014202176618184124
26.200000000000003    0.000014089927588465247
26.300000000000004    0.00001397796424652463
26.400000000000002    0.000013866296745991043
26.500000000000004    0.00001375493501298134
26.6    0.000013643888748399144
26.700000000000003    0.0000135331674302433
26.800000000000004    0.000013422780315925036
26.900000000000002    0.000013312736444593026
27.000000000000004    0.000013203044639465297
27.1    0.000013093713510166936
27.200000000000003    0.000012984751455072892
27.300000000000004    0.00001287616666365479
27.400000000000002    0.000012767967118831042
27.500000000000004    0.00001266016059931926
27.6    0.000012552754681990248
27.700000000000003    0.000012445756744222885
27.800000000000004    0.000012339173966258857
27.900000000000002    0.00001223301333355667
28.000000000000004    0.000012127281639144272
28.1    0.00001202198548596939
28.200000000000003    0.000011917131289247074
28.300000000000004    0.000011812725278803559
28.400000000000002    0.000011708773501416271
28.500000000000004    0.00001160528182314858
28.6    0.000011502255931679577
28.700000000000003    0.00001139970133862754
28.800000000000004    0.000011297623381867072
28.900000000000002    0.000011196027227838955
29.000000000000004    0.000011094917873852502
29.1    0.000010994300150379703
29.200000000000003    0.000010894178723340704
29.300000000000004    0.000010794558096380208
29.400000000000002    0.000010695442613134325
29.500000000000004    0.000010596836459487357
29.6    0.000010498743665818084
29.700000000000003    0.000010401168109235267
29.800000000000004    0.000010304113515801913
29.900000000000002    0.000010207583462747747
30.000000000000004    0.000010111581380669876
30.1    0.000010016110555720845
30.200000000000003    9.921174131784257e-6
30.300000000000004    9.826775112637198e-6
30.400000000000002    9.732916364099293e-6
30.500000000000004    9.639600616168297e-6
30.6    9.546830465141531e-6
30.700000000000003    9.454608375723318e-6
30.800000000000004    9.362936683117915e-6
30.900000000000002    9.271817595107647e-6
31.000000000000004    9.181253194116136e-6
31.1    9.091245439256521e-6
31.200000000000003    9.001796168363998e-6
31.300000000000004    8.912907100013073e-6
31.400000000000002    8.824579835518804e-6
31.500000000000004    8.736815860922302e-6
31.6    8.649616548959837e-6
31.700000000000003    8.562983161015938e-6
31.800000000000004    8.476916849059838e-6
31.900000000000002    8.391418657565412e-6
32.    8.30648952541446e-6
32.1    8.222130287782995e-6
32.2    8.138341678010694e-6
32.300000000000004    8.055124329453284e-6
32.400000000000006    7.972478777317686e-6
32.5    7.890405460480007e-6
32.6    7.808904723286072e-6
32.7    7.727976817334733e-6
32.800000000000004    7.647621903243482e-6
32.900000000000006    7.56784005239674e-6
33.    7.488631248676393e-6
33.1    7.409995390174808e-6
33.2    7.331932290890137e-6
33.300000000000004    7.2544416824039125e-6
33.400000000000006    7.177523215540939e-6
33.5    7.1011764620114276e-6
33.6    7.025400916035345e-6
33.7    6.950195995949098e-6
33.800000000000004    6.875561045794283e-6
33.900000000000006    6.80149533688885e-6
34.    6.727998069380383e-6
34.1    6.655068373781675e-6
34.2    6.582705312488667e-6
34.300000000000004    6.510907881280528e-6
34.400000000000006    6.439675010802243e-6
34.5    6.3690055680294405e-6
34.6    6.298898357715693e-6
34.7    6.229352123822237e-6
34.800000000000004    6.160365550930224e-6
34.900000000000006    6.091937265635459e-6
35.    6.024065837925828e-6
35.1    5.956749782541263e-6
35.2    5.889987560316575e-6
35.300000000000004    5.823777579506958e-6
35.400000000000006    5.758118197096408e-6
35.5    5.693007720089079e-6
35.6    5.628444406783561e-6
35.7    5.564426468030374e-6
35.800000000000004    5.500952068472556e-6
35.900000000000006    5.438019327769456e-6
36.    5.375626321803961e-6
36.1    5.313771083873078e-6
36.2    5.2524516058620845e-6
36.300000000000004    5.1916658394022314e-6
36.400000000000006    5.1314116970122634e-6
36.5    5.071687053223599e-6
36.6    5.012489745689582e-6
36.7    4.953817576278608e-6
36.800000000000004    4.895668312151482e-6
36.900000000000006    4.838039686822941e-6
37.    4.7809294012075126e-6
37.1    4.724335124649837e-6
37.2    4.6682544959395735e-6
37.300000000000004    4.6126851243109404e-6
37.400000000000006    4.55762459042702e-6
37.5    4.50307044734904e-6
37.6    4.449020221490607e-6
37.7    4.395471413557154e-6
37.800000000000004    4.34242149947052e-6
37.900000000000006    4.289867931279092e-6
38.    4.237808138053279e-6
38.1    4.186239526766696e-6
38.2    4.135159483163108e-6
38.300000000000004    4.084565372609217e-6
38.400000000000006    4.034454540933446e-6
38.50000000000001    3.98482431525086e-6
38.6    3.93567200477435e-6
38.7    3.886994901612174e-6
38.800000000000004    3.838790281551999e-6
38.900000000000006    3.791055404831651e-6
39.00000000000001    3.743787516896502e-6
39.1    3.696983849143869e-6
39.2    3.650641619654361e-6
39.300000000000004    3.604758033910388e-6
39.400000000000006    3.5593302855020216e-6
39.50000000000001    3.5143555568201455e-6
39.6    3.469831019737244e-6
39.7    3.425753836275802e-6
39.800000000000004    3.3821211592645665e-6
39.900000000000006    3.3389301329826615e-6
40.00000000000001    3.296177893791848e-6
40.1    3.253861570756894e-6
40.2    3.2119782862543036e-6
40.300000000000004    3.170525156569532e-6
40.400000000000006    3.1294992924826972e-6
40.50000000000001    3.0888977998430806e-6
40.6    3.0487177801324055e-6
40.7    3.0089563310171054e-6
40.800000000000004    2.9696105468897084e-6
40.900000000000006    2.9306775193994044e-6
41.00000000000001    2.8921543379719986e-6
41.1    2.854038090319291e-6
41.2    2.816325862938137e-6
41.300000000000004    2.779014741599146e-6
41.400000000000006    2.7421018118253416e-6
41.50000000000001    2.705584159360697e-6
41.6    2.6694588706288513e-6
41.7    2.6337230331820184e-6
41.800000000000004    2.598373736140271e-6
41.900000000000006    2.5634080706212916e-6
42.00000000000001    2.528823130160725e-6
42.1    2.494616011123249e-6
42.2    2.4607838131044767e-6
42.300000000000004    2.4273236393238774e-6
42.400000000000006    2.3942325970086896e-6
42.50000000000001    2.361507797769116e-6
42.6    2.3291463579648025e-6
42.7    2.2971453990627326e-6
42.800000000000004    2.2655020479867515e-6
42.900000000000006    2.234213437458686e-6
43.00000000000001    2.2032767063312705e-6
43.1    2.172688999913005e-6
43.2    2.1424474702849928e-6
43.300000000000004    2.1125492766099113e-6
43.400000000000006    2.082991585433251e-6
43.50000000000001    2.05377157097686e-6
43.6    2.0248864154249846e-6
43.7    1.996333309202882e-6
43.800000000000004    1.9681094512480798e-6
43.900000000000006    1.9402120492744624e-6
44.00000000000001    1.912638320029237e-6
44.1    1.8853854895428841e-6
44.2    1.858450793372239e-6
44.300000000000004    1.8318314768368031e-6
44.400000000000006    1.8055247952482556e-6
44.50000000000001    1.7795280141335994e-6
44.6    1.7538384094515828e-6
44.7    1.7284532678028947e-6
44.800000000000004    1.70336988663406e-6
44.900000000000006    1.6785855744350843e-6
45.00000000000001    1.6540976509311058e-6
45.1    1.6299034472679923e-6
45.2    1.6060003061920766e-6
45.300000000000004    1.5823855822240905e-6
45.400000000000006    1.5590566418274042e-6
45.50000000000001    1.5360108635706854e-6
45.6    1.5132456382849359e-6
45.7    1.4907583692152741e-6
45.800000000000004    1.468546472167223e-6
45.900000000000006    1.4466073756478674e-6
46.00000000000001    1.424938521001801e-6
46.1    1.403537362542014e-6
46.2    1.3824013676758337e-6
46.300000000000004    1.3615280170259176e-6
46.400000000000006    1.340914804546494e-6
46.50000000000001    1.3205592376348314e-6
46.6    1.3004588372380977e-6
46.7    1.2806111379556655e-6
46.800000000000004    1.2610136881368883e-6
46.900000000000006    1.2416640499745568e-6
47.00000000000001    1.2225597995939737e-6
47.1    1.203698527137813e-6
47.2    1.1850778368468398e-6
47.300000000000004    1.166695347136494e-6
47.400000000000006    1.1485486906695276e-6
47.50000000000001    1.1306355144246465e-6
47.6    1.1129534797613595e-6
47.7    1.0955002624809547e-6
47.800000000000004    1.0782735528838654e-6
47.900000000000006    1.0612710558233065e-6
48.00000000000001    1.0444904907553674e-6
48.1    1.0279295917856449e-6
48.2    1.0115861077123628e-6
48.300000000000004    9.954578020661777e-7
48.400000000000006    9.795424531467142e-7
48.50000000000001    9.638378540557692e-7
48.6    9.483418127274378e-7
48.7    9.330521519551275e-7
48.800000000000004    9.179667094154764e-7
48.900000000000006    9.030833376893546e-7
49.00000000000001    8.883999042799305e-7
49.1    8.739142916278703e-7
49.2    8.596243971237644e-7
49.300000000000004    8.455281331178157e-7
49.400000000000006    8.316234269268342e-7
49.50000000000001    8.179082208386669e-7
49.6    8.043804721139885e-7
49.7    7.910381529856656e-7
49.800000000000004    7.778792506556183e-7
49.900000000000006    7.649017672893399e-7
50.00000000000001    7.521037200080217e-7
50.1    7.39483140878421e-7
50.2    7.270380769005174e-7
50.300000000000004    7.147665899929433e-7
50.400000000000006    7.026667569762985e-7
50.50000000000001    6.907366695544147e-7
50.6    6.789744342935422e-7
50.7    6.673781725995944e-7
50.800000000000004    6.559460206934265e-7
50.900000000000006    6.446761295842416e-7
51.00000000000001    6.335666650411625e-7
51.1    6.22615807563002e-7
51.2    6.118217523462834e-7
51.300000000000004    6.011827092515478e-7
51.400000000000006    5.906969027680229e-7
51.50000000000001    5.803625719766475e-7
51.6    5.701779705115575e-7
51.7    5.60141366519968e-7
51.800000000000004    5.502510426206685e-7
51.900000000000006    5.405052958609646e-7
52.00000000000001    5.309024376722575e-7
52.1    5.2144079382426e-7
52.2    5.121187043778337e-7
52.300000000000004    5.029345236365911e-7
52.400000000000006    4.938866200971754e-7
52.50000000000001    4.849733763983598e-7
52.6    4.7619318926894334e-7
52.7    4.6754446947452154e-7
52.800000000000004    4.590256417630831e-7
52.900000000000006    4.506351448095977e-7
53.00000000000001    4.4237143115950537e-7
53.1    4.34232967171197e-7
53.2    4.262182329575478e-7
53.300000000000004    4.1832572232646694e-7
53.400000000000006    4.1055394272052676e-7
53.50000000000001    4.029014151557233e-7
53.6    3.953666741593828e-7
53.7    3.879482677072183e-7
53.800000000000004    3.806447571596113e-7
53.900000000000006    3.734547171971048e-7
54.00000000000001    3.66376735755177e-7
54.1    3.5940941395829253e-7
54.2    3.5255136605324295e-7
54.300000000000004    3.458012193418874e-7
54.400000000000006    3.3915761411321236e-7
54.50000000000001    3.32619203574785e-7
54.6    3.261846537836672e-7
54.7    3.1985264357672017e-7
54.800000000000004    3.136218645004242e-7
54.900000000000006    3.074910207401578e-7
55.00000000000001    3.014588290490121e-7
55.1    2.955240186761257e-7
55.2    2.8968533129461246e-7
55.300000000000004    2.839415209290243e-7
55.400000000000006    2.782913538824642e-7
55.50000000000001    2.7273360866332653e-7
55.6    2.672670759116242e-7
55.7    2.618905583250612e-7
55.800000000000004    2.566028705847577e-7
55.900000000000006    2.5140283928066677e-7
56.00000000000001    2.462893028367504e-7
56.1    2.4126111143588213e-7
56.2    2.363171269445228e-7
56.300000000000004    2.3145622283716482e-7
56.400000000000006    2.2667728412059977e-7
56.50000000000001    2.219792072579882e-7
56.6    2.1736090009275976e-7
56.7    2.1282128177237862e-7
56.800000000000004    2.0835928267196186e-7
56.900000000000006    2.039738443178036e-7
57.00000000000001    1.9966391931076538e-7
57.1    1.9542847124961112e-7
57.2    1.9126647465425665e-7
57.300000000000004    1.8717691488897115e-7
57.400000000000006    1.8315878808551076e-7
57.50000000000001    1.792111010662681e-7
57.6    1.7533287126737702e-7
57.7    1.7152312666181397e-7
57.800000000000004    1.6778090568252915e-7
57.900000000000006    1.6410525714559565e-7
58.00000000000001    1.6049524017338236e-7
58.1    1.5694992411780733e-7
58.2    1.5346838848359968e-7
58.300000000000004    1.5004972285169276e-7
58.400000000000006    1.466930268026774e-7
58.50000000000001    1.4339740984031592e-7
58.6    1.4016199131522583e-7
58.7    1.369859003486301e-7
58.800000000000004    1.3386827575624844e-7
58.900000000000006    1.308082659723325e-7
59.00000000000001    1.278050289738208e-7
59.1    1.248577322046987e-7
59.2    1.2196555250046435e-7
59.300000000000004    1.1912767601281126e-7
59.400000000000006    1.1634329813445889e-7
59.50000000000001    1.1361162342420898e-7
59.6    1.1093186553215973e-7
59.7    1.0830324712517668e-7
59.800000000000004    1.0572499981253227e-7
59.900000000000006    1.0319636407177657e-7
60.00000000000001    1.007165891748737e-7
60.1    9.828493311451101e-8
60.2    9.590066253071131e-8
60.300000000000004    9.35630526376719e-8
60.400000000000006    9.12713871508319e-8
60.50000000000001    8.902495821426474e-8
60.6    8.682306632827516e-8
60.7    8.466502027731229e-8
60.800000000000004    8.255013705815507e-8
60.900000000000006    8.04777418083653e-8
61.00000000000001    7.844716773506051e-8
61.1    7.645775604396326e-8
61.2    7.450885586875173e-8
61.300000000000004    7.259982420074626e-8
61.400000000000006    7.073002581885506e-8
61.50000000000001    6.88988332198939e-8
61.6    6.710562654917362e-8
61.7    6.534979353145549e-8
61.800000000000004    6.363072940220451e-8
61.900000000000006    6.194783683918752e-8
62.00000000000001    6.030052589441614e-8
62.1    5.868821392640982e-8
62.2    5.711032553281967e-8
62.300000000000004    5.5566292483384157e-8
62.400000000000006    5.405555365325162e-8
62.50000000000001    5.257755495663321e-8
62.6    5.113174928084433e-8
62.7    4.97175964206744e-8
62.800000000000004    4.83345630131127e-8
62.900000000000006    4.698212247248389e-8
63.00000000000001    4.565975492590611e-8
63.1    4.4366947149115004e-8
63.2    4.31031925027044e-8
63.300000000000004    4.1867990868693404e-8
63.400000000000006    4.066084858747887e-8
63.50000000000001    3.948127839518264e-8
63.6    3.8328799361360406e-8
63.7    3.720293682708743e-8
63.800000000000004    3.610322234344235e-8
63.900000000000006    3.502919361035823e-8
64.    3.398039441586079e-8
64.1    3.295637457570249e-8
64.2    3.1956689873368475e-8
64.3    3.098090200047828e-8
64.39999999999999    3.002857849756956e-8
64.5    2.909929269528651e-8
64.6    2.819262365593129e-8
64.7    2.7308156115433354e-8
64.8    2.6445480425689795e-8
64.89999999999999    2.560419249732009e-8
65.    2.4783893742779134e-8
65.1    2.3984191019893733e-8
65.2    2.320469657578379e-8
65.3    2.244502799116032e-8
65.39999999999999    2.1704808125034282e-8
65.5    2.0983665059821126e-8
65.6    2.028123204681805e-8
65.7    1.9597147452094168e-8
65.8    1.8931054702760833e-8
65.89999999999999    1.828260223364504e-8
66.    1.765144343434726e-8
66.1    1.7037236596682888e-8
66.2    1.643964486255113e-8
66.3    1.5858336172136077e-8
66.39999999999999    1.529298321257115e-8
66.5    1.4743263366909845e-8
66.6    1.4208858663563312e-8
66.7    1.3689455726092196e-8
66.8    1.3184745723366518e-8
66.89999999999999    1.269442432014714e-8
67.    1.2218191628044998e-8
67.1    1.1755752156851733e-8
67.2    1.1306814766272477e-8
67.3    1.0871092618020672e-8
67.39999999999999    1.0448303128329837e-8
67.5    1.0038167920808017e-8
67.6    9.64041277969259e-9
67.7    9.254767603483418e-9
67.8    8.880966358967295e-9
67.89999999999999    8.518747035589398e-9
68.    8.167851600204558e-9
68.1    7.82802595223904e-9
68.2    7.499019879198612e-9
68.3    7.1805870125208904e-9
68.39999999999999    6.872484783871317e-9
68.5    6.57447438171727e-9
68.6    6.286320708350988e-9
68.7    6.007792337238653e-9
68.8    5.7386614707191536e-9
68.89999999999999    5.478703898110491e-9
69.    5.2276989541364495e-9
69.1    4.985429477735896e-9
69.2    4.7516817712249e-9
69.3    4.5262455598166395e-9
69.39999999999999    4.308913951477629e-9
69.5    4.099483397188754e-9
69.6    3.897753651482024e-9
69.7    3.7035277333987767e-9
69.8    3.516611887749003e-9
69.89999999999999    3.3368155467449317e-9
70.    3.1639512919593764e-9
70.1    2.9978348166349752e-9
70.2    2.8382848883457264e-9
70.3    2.685123311975831e-9
70.39999999999999    2.5381748930568974e-9
70.5    2.397267401422709e-9
70.6    2.262231535204991e-9
70.7    2.1329008851825406e-9
70.8    2.0091118994059426e-9
70.89999999999999    1.8907038482219113e-9
71.    1.7775187895531894e-9
71.1    1.6694015345578763e-9
71.2    1.5661996135831365e-9
71.3    1.4677632424455217e-9
71.39999999999999    1.3739452890255052e-9
71.5    1.2846012401890575e-9
71.6    1.1995891690122742e-9
71.7    1.118769702330899e-9
71.8    1.0420059885853461e-9
71.89999999999999    9.691636659882888e-10
72.    9.001108309909021e-10
72.1    8.347180070571545e-10
72.2    7.728581137360736e-10
72.3    7.144064360464246e-10
72.39999999999999    6.592405941438002e-10
72.5    6.072405132942562e-10
72.6    5.58288394151207e-10
72.7    5.122686832928421e-10
72.8    4.690680441036562e-10
72.89999999999999    4.285753278812051e-10
73.    3.9068154528276383e-10
73.1    3.5527983802771956e-10
73.2    3.222654509019351e-10
73.3    2.9153570400297016e-10
73.39999999999999    2.629899653288897e-10
73.5    2.36529623578696e-10
73.6    2.1205806126998524e-10
73.7    1.8948062811686586e-10
73.8    1.6870461465962268e-10
73.89999999999999    1.4963922620474803e-10
74.    1.3219555698695296e-10
74.1    1.1628656462822311e-10
74.2    1.018270448361901e-10
74.3    8.873360638457363e-11
74.39999999999999    7.692464633672001e-11
74.5    6.632032553120757e-11
74.6    5.68425443204793e-11
74.7    4.841491856805335e-11
74.8    4.096275588443604e-11
74.89999999999999    3.441303212500198e-11
75.    2.8694368135846432e-11
75.1    2.3737006714548286e-11
75.2    1.9472789864684777e-11
75.3    1.583513624829986e-11
75.39999999999999    1.2759020227597477e-11
75.5    1.0181191438292087e-11
75.6    8.040425176025699e-12
75.7    6.277701833911642e-12
75.8    4.842605606884935e-12
75.89999999999999    3.690314821976082e-12
76.    2.777690249677814e-12
76.1    2.0638453015560455e-12
76.2    1.50974698934904e-12
76.3    1.0837638396001631e-12
76.39999999999999    7.587284575593898e-13
76.5    5.125964940285879e-13
76.6    3.319442252108374e-13
76.7    2.0456880240448734e-13
76.8    1.1859486836835706e-13
76.9    6.255768563936511e-14
77.    2.7906084309716128e-14
77.1    9.276976193276953e-15
77.2    1.617118070429679e-15
77.3    1.5784659515163912e-17
