0.1    1.337941687478311e-9
0.2    1.3159173451050852e-9
0.30000000000000004    1.2942252156281401e-9
0.4    1.2728609067713319e-9
0.5    1.2518200710019908e-9
0.6    1.231098405394825e-9
0.7000000000000001    1.2106916514864123e-9
0.8    1.1905955951206763e-9
0.9    1.1708060662856576e-9
1.    1.151318938941941e-9
1.1    1.1321301308430518e-9
1.2000000000000002    1.113235603348162e-9
1.3000000000000003    1.0946313612274078e-9
1.4000000000000001    1.0763134524601181e-9
1.5000000000000002    1.058277968026271e-9
1.6    1.0405210416914521e-9
1.7000000000000002    1.023038849785599e-9
1.8000000000000003    1.0058276109758117e-9
1.9000000000000001    9.88883586033504e-10
2.    9.722030775961307e-10
2.1    9.55782429923778e-10
2.2    9.396180286508333e-10
2.3000000000000003    9.237063005330054e-10
2.4000000000000004    9.080437131898944e-10
2.5000000000000004    8.926267748433733e-10
2.6    8.774520340519814e-10
2.7    8.625160794415442e-10
2.8000000000000003    8.478155394322453e-10
2.9000000000000004    8.333470819623378e-10
3.0000000000000004    8.191074142087054e-10
3.1    8.050932823044455e-10
3.2    7.913014710536956e-10
3.3000000000000003    7.7772880364385e-10
3.4000000000000004    7.643721413553581e-10
3.5000000000000004    7.512283832692834e-10
3.6    7.38294465972775e-10
3.7    7.255673632626176e-10
3.8000000000000003    7.130440858470239e-10
3.9000000000000004    7.007216810458164e-10
4.    6.885972324891389e-10
4.1    6.766678598148543e-10
4.2    6.649307183647614e-10
4.3    6.533829988797623e-10
4.3999999999999995    6.420219271941118e-10
4.5    6.308447639288821e-10
4.6    6.198488041847626e-10
4.7    6.09031377234296e-10
4.8    5.983898462137012e-10
4.9    5.879216078143606e-10
5.    5.776240919740946e-10
5.1    5.674947615683246e-10
5.2    5.575311121012353e-10
5.3    5.477306713970083e-10
5.4    5.380909992912478e-10
5.5    5.286096873226805e-10
5.6    5.192843584252053e-10
5.7    5.101126666203934e-10
5.8    5.010922967105193e-10
5.9    4.922209639721908e-10
6.    4.834964138506597e-10
6.1    4.749164216548942e-10
6.2    4.66478792253469e-10
6.3    4.581813597713613e-10
6.4    4.500219872876843e-10
6.5    4.419985665344672e-10
6.6    4.3410901759650575e-10
6.7    4.2635128861234806e-10
6.8    4.1872335547649246e-10
6.9    4.112232215428251e-10
7.    4.038489173293633e-10
7.1    3.96598500224349e-10
7.2    3.894700541937435e-10
7.3    3.8246168949017035e-10
7.4    3.755715423633321e-10
7.5    3.687977747719718e-10
7.6    3.621385740973972e-10
7.7    3.555921528586081e-10
7.8    3.491567484290712e-10
7.9    3.4283062275517056e-10
8.    3.3661206207636397e-10
8.1    3.304993766470835e-10
8.2    3.244909004604102e-10
8.3    3.1858499097353254e-10
8.4    3.127800288350437e-10
8.5    3.070744176140782e-10
8.6    3.014665835313251e-10
8.7    2.959549751919403e-10
8.8    2.905380633203567e-10
8.9    2.852143404970556e-10
9.    2.7998232089726633e-10
9.1    2.748405400316485e-10
9.2    2.697875544889642e-10
9.3    2.648219416807374e-10
9.4    2.599422995879331e-10
9.5    2.551472465096739e-10
9.6    2.504354208139749e-10
9.700000000000001    2.4580548069054064e-10
9.8    2.4125610390561634e-10
9.9    2.367859875589027e-10
10.    2.3239384784254512e-10
10.1    2.2807841980220488e-10
10.200000000000001    2.2383845710021604e-10
10.3    2.196727317808277e-10
10.4    2.1558003403754653e-10
10.5    2.1155917198257632e-10
10.6    2.0760897141835438e-10
10.700000000000001    2.0372827561119054e-10
10.8    1.9991594506701608e-10
10.9    1.9617085730925536e-10
11.    1.924919066641531e-10
11.1    1.8887800406506436e-10
11.200000000000001    1.8532807684686185e-10
11.3    1.8184106852971528e-10
11.4    1.784159386040194e-10
11.5    1.7505166231762895e-10
11.6    1.7174723046538837e-10
11.700000000000001    1.6850164918093436e-10
11.8    1.65313939730762e-10
11.9    1.6218313831053329e-10
12.    1.5910829584361293e-10
12.1    1.5608847778181748e-10
12.200000000000001    1.5312276390836173e-10
12.3    1.5021024814298355e-10
12.4    1.4735003834923725e-10
12.5    1.4454125614393302e-10
12.6    1.4178303670871439e-10
12.700000000000001    1.3907452860375403e-10
12.8    1.3641489358354986e-10
12.9    1.3380330641481528e-10
13.    1.3123895469643754e-10
13.1    1.2872103868149587e-10
13.200000000000001    1.2624877110132497e-10
13.3    1.238213769915991e-10
13.4    1.2143809352043516e-10
13.5    1.1909816981848821e-10
13.6    1.1680086681103006e-10
13.700000000000001    1.1454545705199364e-10
13.8    1.1233122455996789e-10
13.9    1.1015746465612888e-10
14.    1.0802348380409105e-10
14.1    1.0592859945166202e-10
14.200000000000001    1.0387213987448817e-10
14.3    1.0185344402157582e-10
14.4    9.987186136266646e-11
14.5    9.792675173746066e-11
14.6    9.601748520666632e-11
14.700000000000001    9.414344190486262e-11
14.8    9.230401189515741e-11
14.9    9.049859502563016e-11
15.    8.872660078753871e-11
15.1    8.69874481752793e-11
15.200000000000001    8.528056554807952e-11
15.3    8.360539049341502e-11
15.4    8.196136969212646e-11
15.5    8.034795878523234e-11
15.6    7.876462224241013e-11
15.700000000000001    7.721083323213877e-11
15.8    7.568607349348565e-11
15.9    7.418983320952067e-11
16.    7.272161088234293e-11
16.1    7.128091320970617e-11
16.200000000000003    6.986725496322781e-11
16.3    6.848015886816173e-11
16.400000000000002    6.711915548472856e-11
16.500000000000004    6.578378309097715e-11
16.6    6.447358756717473e-11
16.700000000000003    6.318812228169829e-11
16.8    6.192694797842242e-11
16.900000000000002    6.068963266558096e-11
17.000000000000004    5.947575150609335e-11
17.1    5.828488670933853e-11
17.200000000000003    5.711662742435972e-11
17.3    5.5970569634487674e-11
17.400000000000002    5.4846316053369644e-11
17.500000000000004    5.374347602238367e-11
17.6    5.266166540942923e-11
17.700000000000003    5.160050650907704e-11
17.8    5.055962794406427e-11
17.900000000000002    4.953866456811997e-11
18.000000000000004    4.853725737010856e-11
18.1    4.755505337947501e-11
18.200000000000003    4.65917055729773e-11
18.3    4.56468727826956e-11
18.400000000000002    4.4720219605299784e-11
18.500000000000004    4.3811416312564565e-11
18.6    4.292013876311532e-11
18.700000000000003    4.2046068315395836e-11
18.8    4.11888917418385e-11
18.900000000000002    4.034830114422684e-11
19.000000000000004    3.952399387023715e-11
19.1    3.8715672431144015e-11
19.200000000000003    3.792304442067654e-11
19.300000000000004    3.7145822435014027e-11
19.400000000000002    3.63837239939066e-11
19.500000000000004    3.563647146290541e-11
19.6    3.490379197669641e-11
19.700000000000003    3.418541736351442e-11
19.800000000000004    3.348108407063602e-11
19.900000000000002    3.279053309092953e-11
20.000000000000004    3.211350989045347e-11
20.1    3.144976433709272e-11
20.200000000000003    3.0799050630215196e-11
20.300000000000004    3.0161127231340245e-11
20.400000000000002    2.9535756795806985e-11
20.500000000000004    2.8922706105426463e-11
20.6    2.832174600211102e-11
20.700000000000003    2.7732651322463963e-11
20.800000000000004    2.715520083332231e-11
20.900000000000002    2.6589177168235656e-11
21.000000000000004    2.6034366764875204e-11
21.1    2.549055980335692e-11
21.200000000000003    2.4957550145469134e-11
21.300000000000004    2.443513527479553e-11
21.400000000000002    2.3923116237715887e-11
21.500000000000004    2.3421297585281954e-11
21.6    2.292948731594927e-11
21.700000000000003    2.2447496819160928e-11
21.800000000000004    2.197514081976766e-11
21.900000000000002    2.1512237323274844e-11
22.000000000000004    2.105860756190724e-11
22.1    2.0614075941479403e-11
22.200000000000003    2.017846998906111e-11
22.300000000000004    1.975162030142937e-11
22.400000000000002    1.933336049429505e-11
22.500000000000004    1.8923527152293387e-11
22.6    1.8521959779731362e-11
22.700000000000003    1.812850075207888e-11
22.800000000000004    1.774299526819608e-11
22.900000000000002    1.7365291303284127e-11
23.000000000000004    1.699523956255529e-11
23.1    1.6632693435605326e-11
23.200000000000003    1.6277508951486727e-11
23.300000000000004    1.5929544734466153e-11
23.400000000000002    1.558866196046221e-11
23.500000000000004    1.525472431415188e-11
23.6    1.4927597946737414e-11
23.700000000000003    1.4607151434362775e-11
23.800000000000004    1.4293255737174909e-11
23.900000000000002    1.3985784159017546e-11
24.000000000000004    1.3684612307748188e-11
24.1    1.3389618056174195e-11
24.200000000000003    1.310068150359596e-11
24.300000000000004    1.2817684937947682e-11
24.400000000000002    1.2540512798531911e-11
24.500000000000004    1.22690516393353e-11
24.6    1.200319009292088e-11
24.700000000000003    1.1742818834885135e-11
24.800000000000004    1.1487830548876195e-11
24.900000000000002    1.1238119892161304e-11
25.000000000000004    1.099358346173902e-11
25.1    1.0754119760986518e-11
25.200000000000003    1.0519629166835349e-11
25.300000000000004    1.0290013897467886e-11
25.400000000000002    1.0065177980526553e-11
25.500000000000004    9.845027221829746e-12
25.6    9.62946917458632e-12
25.700000000000003    9.418413109101421e-12
25.800000000000004    9.211769982967828e-12
25.900000000000002    9.009452411733866e-12
26.000000000000004    8.811374640042654e-12
26.1    8.61745251323498e-12
26.200000000000003    8.427603449410558e-12
26.300000000000004    8.241746411938774e-12
26.400000000000002    8.059801882413432e-12
26.500000000000004    7.881691834046268e-12
26.6    7.707339705490465e-12
26.700000000000003    7.536670375090097e-12
26.800000000000004    7.369610135547724e-12
26.900000000000002    7.206086669004596e-12
27.000000000000004    7.0460290225272416e-12
27.1    6.889367583995186e-12
27.200000000000003    6.736034058382172e-12
27.300000000000004    6.58596144442684e-12
27.400000000000002    6.439084011686511e-12
27.500000000000004    6.2953372779670946e-12
27.6    6.154657987125781e-12
27.700000000000003    6.016984087239258e-12
27.800000000000004    5.882254709132424e-12
27.900000000000002    5.7504101452627096e-12
28.000000000000004    5.621391828953212e-12
28.1    5.4951423139717e-12
28.200000000000003    5.37160525444758e-12
28.300000000000004    5.250725385124833e-12
28.400000000000002    5.132448501941606e-12
28.500000000000004    5.016721442935969e-12
28.6    4.903492069470813e-12
28.700000000000003    4.792709247771452e-12
28.800000000000004    4.684322830774343e-12
28.900000000000002    4.578283640279335e-12
29.000000000000004    4.474543449403906e-12
29.1    4.37305496533065e-12
29.200000000000003    4.273771812346702e-12
29.300000000000004    4.176648515170412e-12
29.400000000000002    4.081640482558492e-12
29.500000000000004    3.988703991192044e-12
29.6    3.897796169835257e-12
29.700000000000003    3.808874983763648e-12
29.800000000000004    3.721899219456859e-12
29.900000000000002    3.6368284695520733e-12
30.000000000000004    3.5536231180552175e-12
30.1    3.472244325802975e-12
30.200000000000003    3.392654016175527e-12
30.300000000000004    3.314814861052825e-12
30.400000000000002    3.2386902670117657e-12
30.500000000000004    3.1642443617615336e-12
30.6    3.091441980811626e-12
30.700000000000003    3.0202486543690737e-12
30.800000000000004    2.9506305944630503e-12
30.900000000000002    2.882554682291233e-12
31.000000000000004    2.815988455784425e-12
31.1    2.7509000973883315e-12
31.200000000000003    2.6872584220559506e-12
31.300000000000004    2.625032865448569e-12
31.400000000000002    2.564193472343383e-12
31.500000000000004    2.504710885241409e-12
31.6    2.446556333175589e-12
31.700000000000003    2.3897016207135048e-12
31.800000000000004    2.3341191171525247e-12
31.900000000000002    2.279781745905372e-12
32.    2.226662974070154e-12
32.1    2.1747368021849457e-12
32.2    2.123977754162014e-12
32.300000000000004    2.0743608673998784e-12
32.400000000000006    2.0258616830690356e-12
32.5    1.9784562365695748e-12
32.6    1.932121048158145e-12
32.7    1.886833113740169e-12
32.800000000000004    1.842569895825456e-12
32.900000000000006    1.7993093146446896e-12
33.    1.7570297394242126e-12
33.1    1.7157099798150094e-12
33.2    1.6753292774760097e-12
33.300000000000004    1.63586729780643e-12
33.400000000000006    1.5973041218268142e-12
33.5    1.5596202382042424e-12
33.6    1.5227965354228777e-12
33.7    1.4868142940918244e-12
33.800000000000004    1.4516551793936122e-12
33.900000000000006    1.4173012336679254e-12
34.    1.3837348691290008e-12
34.1    1.3509388607140079e-12
34.2    1.318896339061439e-12
34.300000000000004    1.2875907836158874e-12
34.400000000000006    1.2570060158582027e-12
34.5    1.2271261926579752e-12
34.6    1.197935799747912e-12
34.7    1.1694196453148921e-12
34.800000000000004    1.1415628537098522e-12
34.900000000000006    1.1143508592714027e-12
35.    1.0877694002617194e-12
35.1    1.0618045129146216e-12
35.2    1.036442525591938e-12
35.300000000000004    1.0116700530466364e-12
35.400000000000006    9.8747399079185e-13
35.5    9.638415095734519e-13
35.6    9.40760049943823e-13
35.7    9.182173169363879e-13
35.800000000000004    8.962012748374546e-13
35.900000000000006    8.747001420560894e-13
36.    8.537023860873945e-13
36.1    8.33196718570009e-13
36.2    8.13172090435362e-13
36.300000000000004    7.936176871463432e-13
36.400000000000006    7.745229240255087e-13
36.5    7.558774416692909e-13
36.6    7.376711014485501e-13
36.7    7.198939810927978e-13
36.800000000000004    7.025363703572626e-13
36.900000000000006    6.85588766770393e-13
37.    6.690418714619193e-13
37.1    6.528865850690123e-13
37.2    6.371140037189654e-13
37.300000000000004    6.217154150881531e-13
37.400000000000006    6.066822945347171e-13
37.5    5.920063013046149e-13
37.6    5.776792748092312e-13
37.7    5.636932309734431e-13
37.800000000000004    5.500403586528001e-13
37.900000000000006    5.367130161188815e-13
38.    5.237037276112659e-13
38.1    5.110051799550389e-13
38.2    4.9861021924304e-13
38.300000000000004    4.865118475811765e-13
38.400000000000006    4.747032198955721e-13
38.50000000000001    4.631776408015882e-13
38.6    4.519285615322466e-13
38.7    4.4094957692527627e-13
38.800000000000004    4.3023442246893335e-13
38.900000000000006    4.197769714037571e-13
39.00000000000001    4.095712318804919e-13
39.1    3.9961134417284476e-13
39.2    3.898915779438134e-13
39.300000000000004    3.8040632956511296e-13
39.400000000000006    3.7115011948858303e-13
39.50000000000001    3.621175896678468e-13
39.6    3.5330350103096176e-13
39.7    3.4470273100149523e-13
39.800000000000004    3.363102710682873e-13
39.900000000000006    3.2812122440208606e-13
40.00000000000001    3.201308035190823e-13
40.1    3.1233432799017796e-13
40.2    3.047272221945749e-13
40.300000000000004    2.973050131179494e-13
40.400000000000006    2.900633281933031e-13
40.50000000000001    2.829978931846082e-13
40.6    2.7610453011209977e-13
40.7    2.6937915521814957e-13
40.800000000000004    2.628177769732929e-13
40.900000000000006    2.564164941220976e-13
41.00000000000001    2.501714937670307e-13
41.1    2.440790494907368e-13
41.2    2.3813551951573243e-13
41.300000000000004    2.323373448997199e-13
41.400000000000006    2.2668104776794725e-13
41.50000000000001    2.2116322958006503e-13
41.6    2.157805694316312e-13
41.7    2.105298223900638e-13
41.800000000000004    2.0540781786277466e-13
41.900000000000006    2.0041145799929937e-13
42.00000000000001    1.9553771612453021e-13
42.1    1.907836352038228e-13
42.2    1.861463263388751e-13
42.300000000000004    1.81622967293823e-13
42.400000000000006    1.7721080105123863e-13
42.50000000000001    1.7290713439716164e-13
42.6    1.687093365349387e-13
42.7    1.646148377265924e-13
42.800000000000004    1.6062112796258674e-13
42.900000000000006    1.567257556580055e-13
43.00000000000001    1.5292632637524296e-13
43.1    1.4922050157333805e-13
43.2    1.4560599738172795e-13
43.300000000000004    1.4208058340040652e-13
43.400000000000006    1.3864208152329938e-13
43.50000000000001    1.3528836478692095e-13
43.6    1.3201735624154179e-13
43.7    1.2882702784666624e-13
43.800000000000004    1.257153993883133e-13
43.900000000000006    1.2268053741913173e-13
44.00000000000001    1.1972055422013953e-13
44.1    1.1683360678415532e-13
44.2    1.1401789582017912e-13
44.300000000000004    1.1127166477805931e-13
44.400000000000006    1.0859319889414234e-13
44.50000000000001    1.0598082425615724e-13
44.6    1.0343290688755853e-13
44.7    1.0094785185153794e-13
44.800000000000004    9.85241023731908e-14
44.900000000000006    9.616013898019815e-14
45.00000000000001    9.385447866160521e-14
45.1    9.160567404423323e-14
45.2    8.94123125861586e-14
45.300000000000004    8.727301578760139e-14
45.400000000000006    8.5186438417984e-14
45.50000000000001    8.31512677597818e-14
45.6    8.116622286778417e-14
45.7    7.923005384451171e-14
45.800000000000004    7.734154113095752e-14
45.900000000000006    7.549949481211427e-14
46.00000000000001    7.370275393735921e-14
46.1    7.195018585566607e-14
46.2    7.024068556448213e-14
46.300000000000004    6.857317507301317e-14
46.400000000000006    6.694660277855399e-14
46.50000000000001    6.535994285692299e-14
46.6    6.381219466532517e-14
46.7    6.23023821585097e-14
46.800000000000004    6.082955331715349e-14
46.900000000000006    5.939277958895309e-14
47.00000000000001    5.799115534142469e-14
47.1    5.6623797326851365e-14
47.2    5.5289844158624227e-14
47.300000000000004    5.3988455799079626e-14
47.400000000000006    5.2718813058462306e-14
47.50000000000001    5.148011710468964e-14
47.6    5.027158898400891e-14
47.7    4.9092469152025524e-14
47.800000000000004    4.794201701498345e-14
47.900000000000006    4.6819510481094935e-14
48.00000000000001    4.5724245521780035e-14
48.1    4.465553574269582e-14
48.2    4.361271196389777e-14
48.300000000000004    4.2595121809580524e-14
48.400000000000006    4.1602129306678533e-14
48.50000000000001    4.063311449253649e-14
48.6    3.968747303111431e-14
48.7    3.876461583796237e-14
48.800000000000004    3.786396871328813e-14
48.900000000000006    3.6984971983363603e-14
49.00000000000001    3.612708014995723e-14
49.1    3.5289761547473645e-14
49.2    3.4472498008061056e-14
49.300000000000004    3.367478453389867e-14
49.400000000000006    3.289612897712575e-14
49.50000000000001    3.2136051726898765e-14
49.6    3.1394085403471716e-14
49.7    3.066977455926898e-14
49.800000000000004    2.996267538681298e-14
49.900000000000006    2.927235543302648e-14
50.00000000000001    2.8598393320265365e-14
50.1    2.794037847375087e-14
50.2    2.7297910854956593e-14
50.300000000000004    2.6670600701351105e-14
50.400000000000006    2.6058068272091908e-14
50.50000000000001    2.5459943599353557e-14
50.6    2.487586624560846e-14
50.7    2.4305485066390557e-14
50.800000000000004    2.3748457978574313e-14
50.900000000000006    2.3204451733958362e-14
51.00000000000001    2.2673141698264394e-14
51.1    2.215421163497762e-14
51.2    2.164735349457782e-14
51.300000000000004    2.1152267208371224e-14
51.400000000000006    2.0668660487364124e-14
51.50000000000001    2.0196248625710272e-14
51.6    1.973475430880821e-14
51.7    1.9283907425984092e-14
51.800000000000004    1.884344488742923e-14
51.900000000000006    1.8413110445684998e-14
52.00000000000001    1.799265452106945e-14
52.1    1.7581834031483057e-14
52.2    1.7180412226154416e-14
52.300000000000004    1.678815852330862e-14
52.400000000000006    1.6404848351861605e-14
52.50000000000001    1.6030262996601214e-14
52.6    1.5664189447437778e-14
52.7    1.5306420252015387e-14
52.800000000000004    1.4956753371911056e-14
52.900000000000006    1.4614992042478034e-14
53.00000000000001    1.4280944635708698e-14
53.1    1.3954424526872682e-14
53.2    1.3635249963967417e-14
53.300000000000004    1.3323243940659011e-14
53.400000000000006    1.3018234072098716e-14
53.50000000000001    1.2720052473969698e-14
53.6    1.2428535644209298e-14
53.7    1.2143524348000893e-14
53.800000000000004    1.1864863505261534e-14
53.900000000000006    1.1592402081090972e-14
54.00000000000001    1.1325992978875373e-14
54.1    1.1065492935991469e-14
54.2    1.081076242217078e-14
54.300000000000004    1.0561665540317764e-14
54.400000000000006    1.0318069929911603e-14
54.50000000000001    1.0079846672610518e-14
54.6    9.846870200495574e-15
54.7    9.619018206378584e-15
54.800000000000004    9.396171556441754e-15
54.900000000000006    9.178214205195515e-15
55.00000000000001    8.965033112374881e-15
55.1    8.7565181621052e-15
55.2    8.552562084052927e-15
55.300000000000004    8.353060376567248e-15
55.400000000000006    8.157911231833967e-15
55.50000000000001    7.967015462920651e-15
55.6    7.780276432631293e-15
55.7    7.59759998432047e-15
55.800000000000004    7.418894374343148e-15
55.900000000000006    7.244070206354019e-15
56.00000000000001    7.073040367259081e-15
56.1    6.905719964840274e-15
56.2    6.742026267016259e-15
56.300000000000004    6.581878642638791e-15
56.400000000000006    6.425198503882506e-15
56.50000000000001    6.271909250190998e-15
56.6    6.12193621353786e-15
56.7    5.975206605334317e-15
56.800000000000004    5.8316494645270054e-15
56.900000000000006    5.691195607279975e-15
57.00000000000001    5.5537775778394e-15
57.1    5.419329600774134e-15
57.2    5.2877875344457e-15
57.300000000000004    5.159088825806806e-15
57.400000000000006    5.033172466333892e-15
57.50000000000001    4.909978949157791e-15
57.6    4.789450227397899e-15
57.7    4.671529673569645e-15
57.800000000000004    4.5561620401160745e-15
57.900000000000006    4.443293421026587e-15
58.00000000000001    4.332871214482164e-15
58.1    4.22484408654192e-15
58.2    4.119161935781898e-15
58.300000000000004    4.015775858980021e-15
58.400000000000006    3.91463811767892e-15
58.50000000000001    3.815702105689964e-15
58.6    3.718922317585035e-15
58.7    3.624254317901068e-15
58.800000000000004    3.53165471133178e-15
58.900000000000006    3.441081113724899e-15
59.00000000000001    3.3524921238992844e-15
59.1    3.2658472961909517e-15
59.2    3.1811071138779403e-15
59.300000000000004    3.09823296325901e-15
59.400000000000006    3.0171871085636158e-15
59.50000000000001    2.9379326674841434e-15
59.6    2.8604335874848515e-15
59.7    2.784654622731375e-15
59.800000000000004    2.710561311710042e-15
59.900000000000006    2.6381199555232577e-15
60.00000000000001    2.5672975967259687e-15
60.1    2.4980619988852364e-15
60.2    2.430381626632237e-15
60.300000000000004    2.3642256263770677e-15
60.400000000000006    2.299563807547579e-15
60.50000000000001    2.2363666243613685e-15
60.6    2.1746051582009117e-15
60.7    2.1142511004367246e-15
60.800000000000004    2.0552767358118593e-15
60.900000000000006    1.9976549262770545e-15
61.00000000000001    1.941359095344851e-15
61.1    1.8863632129120934e-15
61.2    1.8326417804992044e-15
61.300000000000004    1.780169816954219e-15
61.400000000000006    1.7289228446339729e-15
61.50000000000001    1.6788768759035666e-15
61.6    1.630008400156851e-15
61.7    1.5822943711488825e-15
61.800000000000004    1.5357121947582923e-15
61.900000000000006    1.4902397171206963e-15
62.00000000000001    1.4458552130990806e-15
62.1    1.4025373751626201e-15
62.2    1.3602653025528493e-15
62.300000000000004    1.3190184908204936e-15
62.400000000000006    1.278776821690036e-15
62.50000000000001    1.2395205532131665e-15
62.6    1.2012303102630525e-15
62.7    1.1638870752975676e-15
62.800000000000004    1.127472179458967e-15
62.900000000000006    1.0919672938869705e-15
63.00000000000001    1.0573544213683693e-15
63.1    1.023615888234246e-15
63.2    9.907343364972533e-16
63.300000000000004    9.586927162580558e-16
63.400000000000006    9.27474278355986e-16
63.50000000000001    8.970625672491653e-16
63.6    8.674414141300083e-16
63.7    8.38594930255414e-16
63.800000000000004    8.105075005101938e-16
63.900000000000006    7.831637771529693e-16
64.    7.565486737952876e-16
64.1    7.30647359557025e-16
64.2    7.054452534230659e-16
64.3    6.809280187861668e-16
64.39999999999999    6.570815581577887e-16
64.5    6.338920080719154e-16
64.6    6.113457341447791e-16
64.7    5.894293262953663e-16
64.8    5.681295941500417e-16
64.89999999999999    5.474335625492485e-16
65.    5.273284672750397e-16
65.1    5.078017508471783e-16
65.2    4.888410585181356e-16
65.3    4.704342343798891e-16
65.39999999999999    4.525693175815365e-16
65.5    4.3523453871692892e-16
65.6    4.1841831630182147e-16
65.7    4.0210925336541165e-16
65.8    3.862961341920507e-16
65.89999999999999    3.7096792115277385e-16
66.    3.5611375160795776e-16
66.1    3.417229349950731e-16
66.2    3.2778494992940377e-16
66.3    3.142894414661723e-16
66.39999999999999    3.0122621842121067e-16
66.5    2.8858525079326693e-16
66.6    2.763566672733318e-16
66.7    2.64530752830879e-16
66.8    2.5309794638597663e-16
66.89999999999999    2.420488385817675e-16
67.    2.313741695642162e-16
67.1    2.2106482692600474e-16
67.2    2.1111184366239718e-16
67.3    2.0150639618536542e-16
67.39999999999999    1.9223980245290592e-16
67.5    1.833035201212138e-16
67.6    1.7468914476408105e-16
67.7    1.6638840816888507e-16
67.8    1.583931766549916e-16
67.89999999999999    1.506954494796772e-16
68.    1.4328735728762895e-16
68.1    1.361611605847273e-16
68.2    1.293092482862232e-16
68.3    1.2272413631424727e-16
68.39999999999999    1.163984662115824e-16
68.5    1.1032500382957553e-16
68.6    1.0449663803541379e-16
68.7    9.890637945871617e-17
68.8    9.354735929170595e-17
68.89999999999999    8.84128281057719e-17
69.    8.349615471637669e-17
69.1    7.879082508450015e-17
69.2    7.429044120690467e-17
69.3    6.998872012146719e-17
69.39999999999999    6.587949284386397e-17
69.5    6.19567034001405e-17
69.6    5.821440785505746e-17
69.7    5.464677338614666e-17
69.8    5.1248077353849763e-17
69.89999999999999    4.801270640810679e-17
70.    4.4935155637626865e-17
70.1    4.201002769246076e-17
70.2    3.923203198378922e-17
70.3    3.6595983840750504e-17
70.39999999999999    3.409680373739361e-17
70.5    3.172951651599073e-17
70.6    2.948925061825818e-17
70.7    2.7371237324778515e-17
70.8    2.5370810062075232e-17
70.89999999999999    2.3483403651223005e-17
71.    2.1704553608323416e-17
71.1    2.0029895464074365e-17
71.2    1.845516406353779e-17
71.3    1.6976192912280306e-17
71.39999999999999    1.5588913498069905e-17
71.5    1.4289354661174728e-17
71.6    1.3073641926564312e-17
71.7    1.1937996884847976e-17
71.8    1.0878736552882159e-17
71.89999999999999    9.89227278252335e-18
72.    8.975111609870053e-18
72.1    8.123852667836057e-18
72.2    7.335188589825947e-18
72.3    6.605904409401242e-18
72.39999999999999    5.932876956708512e-18
72.5    5.313074294161274e-18
72.6    4.7435551237849e-18
72.7    4.2214682134972064e-18
72.8    3.7440518016951776e-18
72.89999999999999    3.308633067231229e-18
73.    2.9126275153333693e-18
73.1    2.5535384488990096e-18
73.2    2.2289563730364772e-18
73.3    1.9365584733240653e-18
73.39999999999999    1.674107997609296e-18
73.5    1.439453760970942e-18
73.6    1.2305295346231086e-18
73.7    1.0453535310254484e-18
73.8    8.820278244365556e-19
73.89999999999999    7.387377957368455e-19
74.    6.1375158802401985e-19
74.1    5.054195450638428e-19
74.2    4.1217366822430694e-19
74.3    3.3252705147307187e-19
74.39999999999999    2.650733229731974e-19
74.5    2.0848611019231912e-19
74.6    1.6151846378302846e-19
74.7    1.2300231274579083e-19
74.8    9.184790690574041e-20
74.89999999999999    6.70432727549496e-20
75.    4.76536172836179e-20
75.1    3.2820829511413294e-20
75.2    2.1762856026557245e-20
75.3    1.3773201436579716e-20
75.39999999999999    8.220317512311536e-21
75.5    4.54707436644295e-21
75.6    2.2701873342244194e-21
75.7    9.796305468965687e-22
75.8    3.378944118382682e-22
75.89999999999999    7.899408383400376e-23
76.    7.889518097110891e-24
76.1    1.972389960308957e-26
