0.1    0.00004265392457804591
0.2    0.00008464418396490388
0.30000000000000004    0.00012597777684749016
0.4    0.00016666121525355022
0.5    0.00020670097329703692
0.6    0.00024610348703244563
0.7000000000000001    0.0002848751543178198
0.8    0.00032302233468625794
0.9    0.0003605513492257575
1.    0.00039746848046722904
1.1    0.0004337799722805232
1.2000000000000002    0.0004694920297783071
1.3000000000000003    0.000504610819227639
1.4000000000000001    0.0005391424679690812
1.5000000000000002    0.0005730930643432044
1.6    0.00060646865762433
1.7000000000000002    0.0006392752579613649
1.8000000000000003    0.0006715188363255831
1.9000000000000001    0.0007032053244652106
2.    0.0007343406148666736
2.1    0.0007649305607223696
2.2    0.0007949809759048263
2.3000000000000003    0.0008244976349471123
2.4000000000000004    0.0008534862730293683
2.5000000000000004    0.0008819525859713281
2.6    0.0009099022302306965
2.7    0.0009373408229072666
2.8000000000000003    0.000964273941752642
2.9000000000000004    0.0009907071251854466
3.0000000000000004    0.0010166458723119007
3.1    0.001042095642951643
3.2    0.0010670618576686791
3.3000000000000003    0.0010915498978073498
3.4000000000000004    0.001115565105533193
3.5000000000000004    0.0011391127838785984
3.6    0.0011621981967931388
3.7    0.0011848265691984702
3.8000000000000003    0.001207003087047699
3.9000000000000004    0.0012287328973891011
4.    0.0012500211084341044
4.1    0.0012708727896294163
4.2    0.0012912929717332098
4.3    0.0013112866468952635
4.3999999999999995    0.0013308587687409586
4.5    0.0013500142524590377
4.6    0.0013687579748930356
4.7    0.001387094774636285
4.8    0.0014050294521304042
4.9    0.0014225667697671909
5.    0.001439711451993814
5.1    0.0014564681854212346
5.2    0.0014728416189357626
5.3    0.0014888363638136649
5.4    0.0015044569938387471
5.5    0.0015197080454228292
5.6    0.001534594017729023
5.7    0.0015491193727977515
5.8    0.001563288535675421
5.9    0.0015771058945456744
6.    0.0015905758008631472
6.1    0.0016037025694896618
6.2    0.0016164904788327817
6.3    0.0016289437709866518
6.4    0.0016410666518750674
6.5    0.0016528632913966905
6.6    0.0016643378235723543
6.7    0.0016754943466943898
6.8    0.0016863369234779008
6.9    0.001696869581213942
7.    0.0017070963119245153
7.1    0.001717021072519342
7.2    0.0017266477849543378
7.3    0.0017359803363917368
7.4    0.0017450225793618087
7.5    0.001753778331926105
7.6    0.0017622513778421855
7.7    0.0017704454667297606
7.8    0.0017783643142382103
7.9    0.001786011602215407
8.    0.001793390978877809
8.1    0.0018005060589817577
8.2    0.0018073604239959417
8.3    0.0018139576222749654
8.4    0.0018203011692339856
8.5    0.0018263945475243595
8.6    0.0018322412072102625
8.7    0.0018378445659462256
8.8    0.0018432080091555566
8.9    0.0018483348902095834
9.    0.0018532285306077005
9.1    0.0018578922201581503
9.2    0.0018623292171595204
9.3    0.0018665427485828965
9.4    0.0018705360102546475
9.5    0.0018743121670397947
9.6    0.0018778743530259198
9.700000000000001    0.0018812256717075963
9.8    0.0018843691961712783
9.9    0.0018873079692806362
10.    0.0018900450038622858
10.1    0.0018925832828918844
10.200000000000001    0.0018949257596805602
10.3    0.001897075358061636
10.4    0.00189903497257762
10.5    0.001900807468667427
10.6    0.001902395682853802
10.700000000000001    0.0019038024229309184
10.8    0.0019050304681521046
10.9    0.0019060825694176935
11.    0.0019069614494629484
11.1    0.0019076698030460397
11.200000000000001    0.001908210297136053
11.3    0.0019085855711009896
11.4    0.001908798236895744
11.5    0.001908850879250023
11.6    0.0019087460558561888
11.700000000000001    0.001908486297556994
11.8    0.0019080741085331927
11.9    0.0019075119664909938
12.    0.0019068023228493432
12.1    0.0019059476029270057
12.200000000000001    0.0019049502061294248
12.3    0.0019038125061353417
12.4    0.0019025368510831543
12.5    0.0019011255637569825
12.6    0.0018995809417724442
12.700000000000001    0.001897905257762088
12.8    0.0018961007595605015
12.9    0.0018941696703890453
13.    0.001892114189040209
13.1    0.0018899364900615734
13.200000000000001    0.00188763872393935
13.3    0.0018852230172814964
13.4    0.0018826914730003693
13.5    0.0018800461704949257
13.6    0.0018772891658324347
13.700000000000001    0.0018744224919296957
13.8    0.0018714481587337405
13.9    0.001868368153402017
14.    0.0018651844404820215
14.1    0.0018618989620903918
14.200000000000001    0.001858513638091413
14.3    0.0018550303662749628
14.4    0.0018514510225338498
14.5    0.0018477774610405483
14.6    0.0018440115144233212
14.700000000000001    0.001840154993941707
14.8    0.0018362096896613672
14.9    0.001832177370628287
15.    0.0018280597850423048
15.1    0.0018238586604299777
15.200000000000001    0.0018195757038167591
15.3    0.0018152126018984845
15.4    0.0018107710212121558
15.5    0.0018062526083060164
15.6    0.0018016589899089038
15.700000000000001    0.0017969917730988744
15.8    0.0017922525454710926
15.9    0.0017874428753049765
16.    0.0017825643117305868
16.1    0.0017776183848942626
16.200000000000003    0.0017726066061234836
16.3    0.0017675304680909644
16.400000000000002    0.0017623914449779645
16.500000000000004    0.0017571909926368135
16.6    0.0017519305487526421
16.700000000000003    0.0017466115330043177
16.8    0.0017412353472245692
16.900000000000002    0.0017358033755593104
17.000000000000004    0.0017303169846261378
17.1    0.0017247775236720196
17.200000000000003    0.001719186324730152
17.3    0.0017135447027759893
17.400000000000002    0.001707853955882438
17.500000000000004    0.0017021153653742193
17.6    0.0016963301959813785
17.700000000000003    0.0016904996959919633
17.8    0.0016846250974038393
17.900000000000002    0.0016787076160756646
18.000000000000004    0.0016727484518770004
18.1    0.0016667487888375704
18.200000000000003    0.0016607097952956518
18.3    0.0016546326240456093
18.400000000000002    0.00164851841248456
18.500000000000004    0.0016423682827581664
18.6    0.0016361833419055683
18.700000000000003    0.0016299646820034318
18.8    0.0016237133803091316
18.900000000000002    0.0016174304994030532
19.000000000000004    0.0016111170873300224
19.1    0.0016047741777398532
19.200000000000003    0.0015984027900270144
19.300000000000004    0.0015920039294694203
19.400000000000002    0.0015855785873663388
19.500000000000004    0.0015791277411754136
19.6    0.0015726523546488109
19.700000000000003    0.0015661533779684738
19.800000000000004    0.0015596317478805037
19.900000000000002    0.0015530883878286503
20.000000000000004    0.0015465242080869197
20.1    0.0015399401058913025
20.200000000000003    0.0015333369655672008
20.300000000000004    0.001526715658549531
20.400000000000002    0.0015200770429509122
20.500000000000004    0.0015134219638187373
20.6    0.00150675125288579
20.700000000000003    0.0015000657286114766
20.800000000000004    0.0014933661969936118
20.900000000000002    0.0014866534517019817
21.000000000000004    0.0014799282742950998
21.1    0.001473191434414056
21.200000000000003    0.0014664436901532922
21.300000000000004    0.0014596857881896803
21.400000000000002    0.0014529184639010865
21.500000000000004    0.0014461424414840922
21.6    0.001439358434070857
21.700000000000003    0.0014325671438451442
21.800000000000004    0.0014257692621574935
21.900000000000002    0.0014189654696395472
22.000000000000004    0.0014121564363175436
22.1    0.0014053428217249621
22.200000000000003    0.0013985252750143295
22.300000000000004    0.0013917044350682023
22.400000000000002    0.0013848809306092947
22.500000000000004    0.0013780553803097947
22.6    0.001371228392899838
22.700000000000003    0.0013644005672751654
22.800000000000004    0.0013575724926039423
22.900000000000002    0.0013507447484327677
23.000000000000004    0.0013439179047918597
23.1    0.0013370925222994253
23.200000000000003    0.0013302691522652109
23.300000000000004    0.0013234483367932461
23.400000000000002    0.001316630608883782
23.500000000000004    0.0013098164925344122
23.6    0.0013030065028404021
23.700000000000003    0.0012962011460942108
23.800000000000004    0.0012894009198842228
23.900000000000002    0.0012826063131926716
24.000000000000004    0.0012758178064927906
24.1    0.0012690358718451603
24.200000000000003    0.0012622609729932774
24.300000000000004    0.0012554935654583417
24.400000000000002    0.0012487340966332615
24.500000000000004    0.0012419830058758858
24.6    0.0012352407246014638
24.700000000000003    0.0012285076763743337
24.800000000000004    0.0012217842769988475
24.900000000000002    0.0012150709346095332
25.000000000000004    0.001208368049760497
25.1    0.0012016760155140697
25.200000000000003    0.0011949952175287052
25.300000000000004    0.0011883260341461251
25.400000000000002    0.00118166883647772
25.500000000000004    0.0011750239884902084
25.6    0.0011683918470905632
25.700000000000003    0.0011617727622101946
25.800000000000004    0.0011551670768884094
25.900000000000002    0.0011485751273551407
26.000000000000004    0.0011419972431129552
26.1    0.001135433747018337
26.200000000000003    0.001128884955362259
26.300000000000004    0.0011223511779500446
26.400000000000002    0.001115832718180512
26.500000000000004    0.001109329873124422
26.6    0.0011028429336022202
26.700000000000003    0.0010963721842610853
26.800000000000004    0.0010899179036512792
26.900000000000002    0.0010834803643018126
27.000000000000004    0.00107705983279542
27.1    0.0010706565698428584
27.200000000000003    0.0010642708303565196
27.300000000000004    0.001057902863523378
27.400000000000002    0.0010515529128772613
27.500000000000004    0.0010452212163704567
27.6    0.001038908006444654
27.700000000000003    0.00103261351010123
27.800000000000004    0.0010263379489708845
27.900000000000002    0.0010200815393826088
28.000000000000004    0.001013844492432029
28.1    0.0010076270140490895
28.200000000000003    0.001001429305065106
28.300000000000004    0.0009952515612791798
28.400000000000002    0.0009890939735239838
28.500000000000004    0.0009829567277309173
28.6    0.0009768400049946437
28.700000000000003    0.0009707439816370023
28.800000000000004    0.0009646688292703097
28.900000000000002    0.0009586147148600479
29.000000000000004    0.0009525818007869453
29.1    0.0009465702449084544
29.200000000000003    0.0009405802006196289
29.300000000000004    0.0009346118169134099
29.400000000000002    0.0009286652384403125
29.500000000000004    0.0009227406055675344
29.6    0.0009168380544374733
29.700000000000003    0.0009109577170256679
29.800000000000004    0.0009050997211981642
29.900000000000002    0.0008992641907683074
30.000000000000004    0.0008934512455529684
30.1    0.0008876610014282049
30.200000000000003    0.0008818935703843631
30.300000000000004    0.0008761490605806237
30.400000000000002    0.0008704275763989969
30.500000000000004    0.0008647292184977654
30.6    0.0008590540838643882
30.700000000000003    0.0008534022658678585
30.800000000000004    0.0008477738543105331
30.900000000000002    0.0008421689354794201
31.000000000000004    0.0008365875921969424
31.1    0.0008310299038711813
31.200000000000003    0.0008254959465455853
31.300000000000004    0.000819985792948179
31.400000000000002    0.0008144995125402435
31.500000000000004    0.0008090371715644995
31.6    0.0008035988330927747
31.700000000000003    0.0007981845570731773
31.800000000000004    0.0007927944003767657
31.900000000000002    0.0007874284168437285
32.    0.0007820866573290704
32.1    0.000776769169747814
32.2    0.0007714759991197146
32.300000000000004    0.0007662071876135042
32.400000000000006    0.0007609627745906486
32.5    0.0007557427966486432
32.6    0.0007505472876638325
32.7    0.0007453762788337729
32.800000000000004    0.0007402297987191256
32.900000000000006    0.0007351078732851036
33.    0.0007300105259424527
33.1    0.0007249377775879949
33.2    0.0007198896466447172
33.300000000000004    0.0007148661491014196
33.400000000000006    0.000709867298551929
33.5    0.0007048931062338701
33.6    0.0006999435810670094
33.7    0.0006950187296911704
33.800000000000004    0.0006901185565037229
33.900000000000006    0.0006852430636966511
34.    0.0006803922512932057
34.1    0.0006755661171841367
34.2    0.0006707646571635247
34.300000000000004    0.0006659878649641938
34.400000000000006    0.0006612357322927299
34.5    0.0006565082488640918
34.6    0.0006518054024358289
34.7    0.0006471271788419051
34.800000000000004    0.0006424735620261303
34.900000000000006    0.0006378445340752066
35.    0.0006332400752513908
35.1    0.0006286601640247725
35.2    0.0006241047771051851
35.300000000000004    0.0006195738894737305
35.400000000000006    0.0006150674744139429
35.5    0.0006105855035425815
35.6    0.0006061279468400568
35.7    0.0006016947726805034
35.800000000000004    0.000597285947861486
35.900000000000006    0.0005929014376333594
36.    0.0005885412057282704
36.1    0.000584205214388816
36.2    0.0005798934243963563
36.300000000000004    0.0005756057950989816
36.400000000000006    0.0005713422844391464
36.5    0.0005671028489809615
36.6    0.0005628874439371607
36.7    0.0005586960231957303
36.800000000000004    0.000554528539346217
36.900000000000006    0.0005503849437057112
37.    0.0005462651863445087
37.1    0.0005421692161114535
37.2    0.0005380969806589711
37.300000000000004    0.0005340484264677833
37.400000000000006    0.0005300234988713186
37.5    0.0005260221420798159
37.6    0.0005220442992041218
37.7    0.0005180899122791947
37.800000000000004    0.0005141589222873017
37.900000000000006    0.0005102512691809312
38.    0.0005063668919054066
38.1    0.0005025057284212109
38.2    0.0004986677157260316
38.300000000000004    0.0004948527898765139
38.400000000000006    0.0004910608860097404
38.50000000000001    0.0004872919383644258
38.6    0.0004835458803018414
38.7    0.00047982264432646634
38.800000000000004    0.00047612216210636343
38.900000000000006    0.00047244436449329815
39.00000000000001    0.0004687891815425794
39.1    0.0004651565425326512
39.2    0.0004615463759844139
39.300000000000004    0.0004579586096802958
39.400000000000006    0.00045439317068306695
39.50000000000001    0.0004508499853544009
39.6    0.0004473289793731885
39.7    0.0004438300777536037
39.800000000000004    0.00044035320486292436
39.900000000000006    0.0004368982844391124
40.00000000000001    0.0004334652396081537
40.1    0.00043005399290116093
40.2    0.0004266644662712388
40.300000000000004    0.0004232965811101253
40.400000000000006    0.000419950258264591
40.50000000000001    0.00041662541805262117
40.6    0.00041332198027936655
40.7    0.00041003986425287267
40.800000000000004    0.00040677898879958984
40.900000000000006    0.00040353927227966286
41.00000000000001    0.0004003206326020043
41.1    0.0003971229872391577
41.2    0.0003939462532419427
41.300000000000004    0.0003907903472538965
41.400000000000006    0.00038765518552550516
41.50000000000001    0.0003845406839282303
41.6    0.0003814467579683336
41.7    0.0003783733228004988
41.800000000000004    0.00037532029324125724
41.900000000000006    0.00037228758378221496
42.00000000000001    0.0003692751086030871
42.1    0.0003662827815845381
42.2    0.00036331051632083265
42.300000000000004    0.00036035822613229927
42.400000000000006    0.0003574258240776055
42.50000000000001    0.0003545132229658505
42.6    0.00035162033536847423
42.7    0.00034874707363098873
42.800000000000004    0.00034589334988452744
42.900000000000006    0.00034305907605722264
43.00000000000001    0.00034024416388540353
43.1    0.00033744852492462694
43.2    0.00033467207056053273
43.300000000000004    0.00033191471201953447
43.400000000000006    0.00032917636037934104
43.50000000000001    0.00032645692657931293
43.6    0.00032375632143065767
43.7    0.00032107445562646144
43.800000000000004    0.0003184112397515635
43.900000000000006    0.0003157665842922697
44.00000000000001    0.000313140399645915
44.1    0.0003105325961302664
44.2    0.0003079430839927768
44.300000000000004    0.000305371773419688
44.400000000000006    0.0003028185745449828
44.50000000000001    0.00030028339745919255
44.6    0.0002977661522180564
44.7    0.00029526674885103834
44.800000000000004    0.00029278509736970165
44.900000000000006    0.0002903211077759431
45.00000000000001    0.0002878746900700864
45.1    0.00028544575425884137
45.2    0.0002830342103631234
45.300000000000004    0.00028063996842574347
45.400000000000006    0.00027826293851895964
45.50000000000001    0.00027590303075190534
45.6    0.0002735601552778788
45.7    0.0002712342223015127
45.800000000000004    0.0002689251420858124
45.900000000000006    0.00026663282495907137
46.00000000000001    0.0002643571813216636
46.1    0.00026209812165271025
46.2    0.0002598555565166311
46.300000000000004    0.00025762939656957237
46.400000000000006    0.00025541955256572153
46.50000000000001    0.00025322593536349975
46.6    0.00025104845593164576
46.7    0.00024888702535518214
46.800000000000004    0.0002467415548412702
46.900000000000006    0.00024461195572495707
47.00000000000001    0.00024249813947480945
47.1    0.0002404000176984419
47.2    0.0002383175021479379
47.300000000000004    0.00023625050472516457
47.400000000000006    0.0002341989374869856
47.50000000000001    0.00023216271265036966
47.6    0.00023014174259739756
47.7    0.00022813593988016864
47.800000000000004    0.00022614521722561174
47.900000000000006    0.0002241694875401936
48.00000000000001    0.0002222086639145336
48.1    0.00022026265962792353
48.2    0.00021833138815275115
48.300000000000004    0.00021641476315883458
48.400000000000006    0.00021451269851766015
48.50000000000001    0.00021262510830653502
48.6    0.00021075190681264701
48.7    0.0002088930085370361
48.800000000000004    0.00020704832819848273
48.900000000000006    0.0002052177807373052
49.00000000000001    0.00020340128131907632
49.1    0.00020159874533825462
49.2    0.00019981008842173144
49.300000000000004    0.000198035226432302
49.400000000000006    0.0001962740754720487
49.50000000000001    0.0001945265518856509
49.6    0.00019279257226361484
49.7    0.0001910720534454239
49.800000000000004    0.00018936491252261585
49.900000000000006    0.0001876710668417843
50.00000000000001    0.00018599043400750436
50.1    0.00018432293188518615
50.2    0.00018266847860385637
50.300000000000004    0.0001810269925588693
50.400000000000006    0.00017939839241454524
50.50000000000001    0.00017778259710674212
50.6    0.00017617952584535784
50.7    0.00017458909811676434
50.800000000000004    0.00017301123368617725
50.900000000000006    0.0001714458525999581
51.00000000000001    0.00016989287518785336
51.1    0.00016835222206516823
51.2    0.00016682381413487876
51.300000000000004    0.00016530757258968254
51.400000000000006    0.0001638034189139862
51.50000000000001    0.00016231127488583515
51.6    0.0001608310625787829
51.7    0.00015936270436369988
51.800000000000004    0.0001579061229105294
51.900000000000006    0.00015646124118998199
52.00000000000001    0.00015502798247517627
52.1    0.00015360627034322427
52.2    0.00015219602867676144
52.300000000000004    0.000150797181665424
52.400000000000006    0.00014940965380727327
52.50000000000001    0.00014803336991016822
52.6    0.00014666825509308533
52.7    0.00014531423478738914
52.800000000000004    0.00014397123473805395
52.900000000000006    0.0001426391810048345
53.00000000000001    0.0001413179999633887
53.1    0.00014000761830635478
53.2    0.0001387079630443783
53.300000000000004    0.0001374189615070965
53.400000000000006    0.00013614054134407453
53.50000000000001    0.0001348726305256987
53.6    0.00013361515734402392
53.7    0.00013236805041357938
53.800000000000004    0.00013113123867213128
53.900000000000006    0.00012990465138140272
54.00000000000001    0.00012868821812775182
54.1    0.00012748186882281188
54.2    0.00012628553370408756
54.300000000000004    0.0001250991433355145
54.400000000000006    0.00012392262860797893
54.50000000000001    0.00012275592073979913
54.6    0.00012159895127717004
54.7    0.00012045165209456857
54.800000000000004    0.00011931395539512697
54.900000000000006    0.00011818579371096466
55.00000000000001    0.00011706709990348981
55.1    0.00011595780716366349
55.2    0.00011485784901223087
55.300000000000004    0.00011376715929991835
55.400000000000006    0.00011268567220759792
55.50000000000001    0.00011161332224641953
55.6    0.00011055004425791107
55.7    0.00010949577341404695
55.800000000000004    0.00010845044521728683
55.900000000000006    0.00010741399550058333
56.00000000000001    0.00010638636042735953
56.1    0.00010536747649145883
56.2    0.00010435728051706424
56.300000000000004    0.00010335570965859112
56.400000000000006    0.00010236270140055098
56.50000000000001    0.00010137819355738918
56.6    0.00010040212427329435
56.7    0.00009943443202198334
56.800000000000004    0.00009847505560645884
56.900000000000006    0.00009752393415874294
57.00000000000001    0.00009658100713958488
57.1    0.00009564621433814485
57.2    0.00009471949587165378
57.300000000000004    0.00009380079218504973
57.400000000000006    0.0000928900440505906
57.50000000000001    0.00009198719256744575
57.6    0.00009109217916126258
57.7    0.00009020494558371489
57.800000000000004    0.00008932543391202685
57.900000000000006    0.00008845358654847812
58.00000000000001    0.00008758934621988636
58.1    0.00008673265597707219
58.2    0.00008588345919430139
58.300000000000004    0.00008504169956871085
58.400000000000006    0.00008420732111971281
58.50000000000001    0.0000833802681883824
58.6    0.00008256048543682569
58.7    0.0000817479178475312
58.800000000000004    0.00008094251072270223
58.900000000000006    0.00008014420968357406
59.00000000000001    0.00007935296066971264
59.1    0.00007856870993829814
59.2    0.00007779140406339117
59.300000000000004    0.00007702098993518491
59.400000000000006    0.00007625741475924034
59.50000000000001    0.00007550062605570743
59.6    0.00007475057165853126
59.7    0.00007400719971464362
59.800000000000004    0.00007327045868314043
59.900000000000006    0.00007254029733444693
60.00000000000001    0.00007181666474946641
60.1    0.00007109951031871905
60.2    0.00007038878374146596
60.300000000000004    0.00006968443502482133
60.400000000000006    0.00006898641448285242
60.50000000000001    0.00006829467273566734
60.6    0.00006760916070849169
60.7    0.00006692982963073302
60.800000000000004    0.00006625663103503541
60.900000000000006    0.00006558951675632227
61.00000000000001    0.00006492843893082882
61.1    0.00006427334999512473
61.2    0.0000636242026851262
61.300000000000004    0.0000629809500350993
61.400000000000006    0.00006234354537665257
61.50000000000001    0.00006171194233772122
61.6    0.00006108609484154233
61.7    0.00006046595710562108
61.800000000000004    0.00005985148364068879
61.900000000000006    0.00005924262924965285
62.00000000000001    0.00005863934902653757
62.1    0.00005804159835541965
62.2    0.00005744933290935312
62.300000000000004    0.00005686250864928949
62.400000000000006    0.00005628108182298981
62.50000000000001    0.00005570500896392944
62.6    0.000055134246890197384
62.7    0.000054568752703387896
62.800000000000004    0.00005400848378748723
62.900000000000006    0.00005345339780775314
63.00000000000001    0.00005290345270958954
63.1    0.00005235860671741543
63.2    0.00005181881833352741
63.300000000000004    0.00005128404633695878
63.400000000000006    0.00005075424978233232
63.50000000000001    0.000050229387998708516
63.6    0.00004970942058842977
63.7    0.000049194307425959124
63.800000000000004    0.000048684008656716155
63.900000000000006    0.00004817848469590743
64.    0.000047677696227353775
64.1    0.000047181604202313786
64.2    0.00004669016983830388
64.3    0.00004620335461791455
64.39999999999999    0.0000457211202876238
64.5    0.000045243428856607345
64.6    0.00004477024259554656
64.7    0.000044301524035431864
64.8    0.000043837235966366686
64.89999999999999    0.00004337734143636523
65.    0.00004292180375015112
65.1    0.0000424705864679526
65.2    0.000042023653404295263
65.3    0.000041580968626794264
65.39999999999999    0.000041142496454943636
65.5    0.000040708201458904765
65.6    0.00004027804845829366
65.7    0.000039852002520965435
65.8    0.00003943002896180029
65.89999999999999    0.000039012093341485805
66.    0.00003859816146529947
66.1    0.00003818819938189178
66.2    0.000037782173382065756
66.3    0.00003738004999755864
66.39999999999999    0.00003698179599982187
66.5    0.00003658737839880125
66.6    0.00003619676444171629
66.7    0.00003580992161184053
66.8    0.000035426817627281136
66.89999999999999    0.00003504742043975903
67.    0.0000346716982333888
67.1    0.00003429961942346021
67.2    0.00003393115265521848
67.3    0.000033566266802646874
67.39999999999999    0.00003320493096724842
67.5    0.000032847114476829674
67.6    0.000032492786884284836
67.7    0.00003214191796638073
67.8    0.000031794477722543
67.89999999999999    0.000031450436373643816
68.    0.00003110976436078981
68.1    0.00003077243234411319
68.2    0.000030438411201561807
68.3    0.000030107672027693376
68.39999999999999    0.000029780186132469053
68.5    0.000029455925040050146
68.6    0.000029134860487595893
68.7    0.000028816964424063447
68.8    0.00002850220900900964
68.89999999999999    0.00002819056661139421
69.    0.000027882009808386205
69.1    0.00002757651138417173
69.2    0.000027274044328763886
69.3    0.00002697458183681546
69.39999999999999    0.000026678097306433345
69.5    0.00002638456433799618
69.6    0.000026093956732973518
69.7    0.00002580624849274836
69.8    0.0000255214138174418
69.89999999999999    0.00002523942710474056
70.    0.000024960262948726945
70.1    0.0000246838961387123
70.2    0.000024410301658072187
70.3    0.000024139454683085728
70.39999999999999    0.000023871330581776765
70.5    0.00002360590491275879
70.6    0.000023343153424082443
70.7    0.00002308305205208671
70.8    0.000022825576920252676
70.89999999999999    0.00002257070433806048
71.    0.00002231841079985023
71.1    0.000022068672983685468
71.2    0.000021821467750220372
71.3    0.000021576772141570214
71.39999999999999    0.000021334563380185127
71.5    0.000021094818867727777
71.6    0.000020857516183954192
71.7    0.000020622633085598085
71.8    0.000020390147505259112
71.89999999999999    0.000020160037550294386
72.    0.00001993228150171405
72.1    0.000019706857813080226
72.2    0.000019483745109409915
72.3    0.000019262922186081465
72.39999999999999    0.000019044368007745224
72.5    0.0000188280617072375
72.6    0.00001861398258449891
72.7    0.00001840211010549627
72.8    0.000018192423901148644
72.89999999999999    0.000017984903766257222
73.    0.0000177795296584392
73.1    0.000017576281697065904
73.2    0.000017375140162204318
73.3    0.000017176085493563793
73.39999999999999    0.000016979098289445354
73.5    0.000016784159305696758
73.6    0.00001659124945467022
73.7    0.000016400349804185498
73.8    0.000016211441576496005
73.89999999999999    0.000016024506147260505
74.    0.00001583952504451748
74.1    0.00001565647994766501
74.2    0.000015475352686444357
74.3    0.00001529612523992774
74.39999999999999    0.000015118779735510703
74.5    0.00001494329844790846
74.6    0.000014769663798157046
74.7    0.00001459785835261808
74.8    0.000014427864821988795
74.89999999999999    0.000014259666060315768
75.    0.000014093245064012903
75.1    0.00001392858497088461
75.2    0.000013765669059152618
75.3    0.000013604480746487623
75.39999999999999    0.000013445003589045135
75.5    0.000013287221280505758
75.6    0.000013131117651120281
75.7    0.000012976676666758801
75.8    0.000012823882427964344
75.89999999999999    0.000012672719169011398
76.    0.000012523171256968146
76.1    0.000012375223190764076
76.2    0.00001222885960026134
76.3    0.000012084065245331056
76.39999999999999    0.000011940825014933915
76.5    0.000011799123926205323
76.6    0.000011658947123545081
76.7    0.000011520279877711662
76.8    0.000011383107584920633
76.9    0.000011247415765948156
77.    0.000011113190065238745
77.1    0.000010980416250017085
77.2    0.00001084908020940528
77.3    0.000010719167953543997
77.4    0.000010590665612718133
77.5    0.000010463559436487528
77.6    0.000010337835792821346
77.7    0.00001021348116723783
77.8    0.000010090482161948161
77.9    9.968825495004713e-6
78.    9.84849799945422e-6
78.1    9.729486622495115e-6
78.2    9.61177842463943e-6
78.3    9.495360578879582e-6
78.4    9.380220369858912e-6
78.5    9.266345193047702e-6
78.6    9.153722553922663e-6
78.7    9.042340067151631e-6
78.8    8.932185455782689e-6
78.9    8.823246550437291e-6
79.    8.715511288508553e-6
79.1    8.608967713363298e-6
79.2    8.503603973549049e-6
79.3    8.399408322005543e-6
79.4    8.296369115280145e-6
79.5    8.194474812748362e-6
79.6    8.093713975838368e-6
79.7    7.994075267260035e-6
79.8    7.895547450238569e-6
79.9    7.79811938775229e-6
80.    7.701780041775108e-6
80.1    7.606518472523034e-6
80.2    7.512323837705438e-6
80.3    7.419185391780581e-6
80.4    7.327092485215169e-6
80.5    7.236034563749062e-6
80.6    7.1460011676632916e-6
80.7    7.056981931053289e-6
80.8    6.968966581105992e-6
80.9    6.8819449373815485e-6
81.    6.795906911098917e-6
81.1    6.71084250442621e-6
81.2    6.626741809775065e-6
81.3    6.543595009099277e-6
81.4    6.461392373197933e-6
81.5    6.38012426102252e-6
81.6    6.299781118988371e-6
81.7    6.220353480290408e-6
81.8    6.1418319642230345e-6
81.9    6.064207275504213e-6
82.    5.987470203603774e-6
82.1    5.911611622075883e-6
82.2    5.836622487895674e-6
82.3    5.762493840800041e-6
82.4    5.689216802632517e-6
82.5    5.61678257669238e-6
82.6    5.545182447087726e-6
82.7    5.4744077780928565e-6
82.8    5.404450013509473e-6
82.9    5.335300676032147e-6
83.    5.26695136661779e-6
83.1    5.19939376385916e-6
83.2    5.132619623362256e-6
83.3    5.066620777128078e-6
83.4    5.001389132938037e-6
83.5    4.936916673743413e-6
83.6    4.873195457059026e-6
83.7    4.810217614360484e-6
83.8    4.747975350485709e-6
83.9    4.686460943040109e-6
84.    4.62566674180603e-6
84.1    4.5655851681555105e-6
84.2    4.50620871446752e-6
84.3    4.447529943548823e-6
84.4    4.38954148805847e-6
84.5    4.332236049936505e-6
84.6    4.275606399836206e-6
84.7    4.219645376560305e-6
84.8    4.164345886500815e-6
84.9    4.1097009030828206e-6
85.    4.055703466211871e-6
85.1    4.002346681725141e-6
85.2    3.949623720846411e-6
85.3    3.8975278196445994e-6
85.4    3.8460522784960956e-6
85.5    3.795190461550741e-6
85.6    3.744935796201387e-6
85.7    3.695281772557185e-6
85.8    3.6462219429206436e-6
85.9    3.597749921267762e-6
86.    3.549859382732462e-6
86.1    3.5025440630940674e-6
86.2    3.4557977582685333e-6
86.3    3.4096143238032506e-6
86.4    3.363987674375302e-6
86.5    3.318911783293221e-6
86.6    3.274380682002359e-6
86.7    3.230388459593496e-6
86.8    3.1869292623152034e-6
86.9    3.1439972930893913e-6
87.    3.1015868110304337e-6
87.1    3.059692130967647e-6
87.2    3.0183076229711215e-6
87.3    2.9774277118810565e-6
87.4    2.9370468768402793e-6
87.5    2.8971596508302663e-6
87.6    2.8577606202103105e-6
87.7    2.8188444242602295e-6
87.8    2.780405754726126e-6
87.9    2.7424393553696e-6
88.    2.704940021520079e-6
88.1    2.6679025996305204e-6
88.2    2.631321986836211e-6
88.3    2.5951931305169065e-6
88.4    2.559511027862001e-6
88.5    2.5242707254389644e-6
88.6    2.489467318765027e-6
88.7    2.4550959518817857e-6
88.8    2.4211518169330533e-6
88.9    2.3876301537459068e-6
89.    2.354526249414577e-6
89.1    2.3218354378877113e-6
89.2    2.2895530995584085e-6
89.3    2.2576746608574603e-6
89.4    2.2261955938496325e-6
89.5    2.1951114158327875e-6
89.6    2.1644176889401873e-6
89.7    2.1341100197456487e-6
89.8    2.1041840588716415e-6
89.9    2.0746355006004325e-6
90.    2.0454600824881086e-6
90.1    2.016653584981332e-6
90.2    1.9882118310373136e-6
90.3    1.9601306857464244e-6
90.4    1.932406055957618e-6
90.5    1.9050338899069542e-6
90.6    1.87801017684865e-6
90.7    1.8513309466891564e-6
90.8    1.8249922696238926e-6
90.9    1.7989902557768268e-6
91.    1.7733210548427842e-6
91.1    1.7479808557324537e-6
91.2    1.722965886220269e-6
91.3    1.6982724125948143e-6
91.4    1.6738967393120028e-6
91.5    1.6498352086509964e-6
91.6    1.6260842003726636e-6
91.7    1.6026401313807948e-6
91.8    1.5794994553858488e-6
91.9    1.556658662571361e-6
92.    1.5341142792630095e-6
92.1    1.5118628676000885e-6
92.2    1.4899010252097873e-6
92.3    1.4682253848837492e-6
92.4    1.4468326142574188e-6
92.5    1.4257194154917464e-6
92.6    1.4048825249574246e-6
92.7    1.384318712921644e-6
92.8    1.3640247832373367e-6
92.9    1.3439975730347942e-6
93.    1.3242339524157787e-6
93.1    1.3047308241501273e-6
93.2    1.2854851233745732e-6
93.3    1.2664938172942298e-6
93.4    1.2477539048861674e-6
93.5    1.2292624166056386e-6
93.6    1.2110164140943582e-6
93.7    1.1930129898913811e-6
93.8    1.1752492671461863e-6
93.9    1.15772239933399e-6
94.    1.140429569973472e-6
94.1    1.123367992346758e-6
94.2    1.106534909221578e-6
94.3    1.0899275925757714e-6
94.4    1.073543343323936e-6
94.5    1.0573794910463616e-6
94.6    1.0414333937201434e-6
94.7    1.0257024374524334e-6
94.8    1.0101840362159517e-6
94.9    9.94875631586586e-7
95.    9.797746924831682e-7
95.1    9.648787149093601e-7
95.2    9.501852216976664e-7
95.3    9.35691762255555e-7
95.4    9.213959123136619e-7
95.5    9.07295273676055e-7
95.6    8.933874739725412e-7
95.7    8.796701664130897e-7
95.8    8.661410295441964e-7
95.9    8.527977670073308e-7
96.    8.396381072993525e-7
96.1    8.266598035349387e-7
96.2    8.138606332109648e-7
96.3    8.012383979728721e-7
96.4    7.887909233829787e-7
96.5    7.765160586906846e-7
96.6    7.644116766046704e-7
96.7    7.52475673066968e-7
96.8    7.407059670288907e-7
96.9    7.291005002289472e-7
97.    7.176572369724879e-7
97.1    7.063741639133607e-7
97.2    6.952492898372459e-7
97.3    6.842806454469819e-7
97.4    6.734662831495609e-7
97.5    6.628042768450736e-7
97.6    6.522927217173181e-7
97.7    6.419297340262771e-7
97.8    6.317134509023029e-7
97.9    6.216420301421011e-7
98.    6.117136500064169e-7
98.1    6.019265090194697e-7
98.2    5.922788257701559e-7
98.3    5.827688387148236e-7
98.4    5.733948059818686e-7
98.5    5.64155005177963e-7
98.6    5.550477331959397e-7
98.7    5.460713060243454e-7
98.8    5.372240585586184e-7
98.9    5.285043444139661e-7
99.    5.199105357397289e-7
99.1    5.114410230355584e-7
99.2    5.030942149689142e-7
99.3    4.948685381944463e-7
99.4    4.867624371746883e-7
99.5    4.787743740025271e-7
99.6    4.709028282250281e-7
99.7    4.6314629666897177e-7
99.8    4.555032932677925e-7
99.9    4.4797234889011717e-7
100.    4.4055201116972354e-7
100.1    4.3324084433709113e-7
100.2    4.260374290523487e-7
100.3    4.189403622397372e-7
100.4    4.1194825692352855e-7
100.5    4.050597420653891e-7
100.6    3.9827346240317904e-7
100.7    3.915880782911663e-7
100.8    3.8500226554169263e-7
100.9    3.7851471526822285e-7
101.    3.721241337297657e-7
101.1    3.6582924217675814e-7
101.2    3.5962877669820757e-7
101.3    3.5352148807030967e-7
101.4    3.4750614160636277e-7
101.5    3.4158151700799696e-7
101.6    3.3574640821784683e-7
101.7    3.2999962327339574e-7
101.8    3.2433998416226827e-7
101.9    3.187663266787386e-7
102.    3.132775002815677e-7
102.1    3.0787236795312104e-7
102.2    3.025498060597256e-7
102.3    2.9730870421336354e-7
102.4    2.921479651345498e-7
102.5    2.8706650451645067e-7
102.6    2.820632508903102e-7
102.7    2.77137145492007e-7
102.8    2.722871421298966e-7
102.9    2.6751220705382106e-7
103.    2.6281131882532765e-7
103.1    2.5818346818907086e-7
103.2    2.5362765794538025e-7
103.3    2.491429028240208e-7
103.4    2.44728229359096e-7
103.5    2.403826757650857e-7
103.6    2.3610529181406085e-7
103.7    2.3189513871398381e-7
103.8    2.2775128898816677e-7
103.9    2.2367282635584995e-7
104.    2.196588456138219e-7
104.1    2.157084525192135e-7
104.2    2.1182076367333065e-7
104.3    2.0799490640657656e-7
104.4    2.0423001866445688e-7
104.5    2.0052524889459912e-7
104.6    1.968797559349083e-7
104.7    1.9329270890267624e-7
104.8    1.897632870847763e-7
104.9    1.862906798289095e-7
105.    1.8287408643575776e-7
105.1    1.7951271605230757e-7
105.2    1.7620578756604759e-7
105.3    1.7295252950020743e-7
105.4    1.6975217991000353e-7
105.5    1.6660398627981128e-7
105.6    1.63507205421364e-7
105.7    1.6046110337285768e-7
105.8    1.5746495529907832e-7
105.9    1.5451804539238347e-7
106.    1.5161966677471376e-7
106.1    1.4876912140049908e-7
106.2    1.459657199604443e-7
106.3    1.4320878178631402e-7
106.4    1.404976347565581e-7
106.5    1.37831615202888e-7
106.6    1.352100678176719e-7
106.7    1.3263234556232312e-7
106.8    1.3009780957646953e-7
106.9    1.2760582908802716e-7
107.    1.2515578132418377e-7
107.1    1.2274705142314884e-7
107.2    1.2037903234683498e-7
107.3    1.1805112479433682e-7
107.4    1.1576273711624978e-7
107.5    1.1351328522984131e-7
107.6    1.1130219253500481e-7
107.7    1.091288898310625e-7
107.8    1.0699281523436798e-7
107.9    1.0489341409668148e-7
108.    1.028301389243873e-7
108.1    1.0080244929844705e-7
108.2    9.8809811795187e-8
108.3    9.685169990779281e-8
108.4    9.492759396865536e-8
108.5    9.303698107238611e-8
108.6    9.11793549996678e-8
108.7    8.935421614179739e-8
108.8    8.756107142599699e-8
108.9    8.579943424144818e-8
109.    8.406882436607519e-8
109.1    8.236876789401125e-8
109.2    8.069879716382736e-8
109.3    7.90584506874332e-8
109.4    7.74472730797169e-8
109.5    7.586481498884266e-8
109.6    7.431063302727563e-8
109.7    7.278428970347427e-8
109.8    7.12853533542715e-8
109.9    6.9813398077926e-8
110.    6.836800366782227e-8
110.1    6.694875554688961e-8
110.2    6.555524470260649e-8
110.3    6.418706762270007e-8
110.4    6.284382623149189e-8
110.5    6.152512782686307e-8
110.6    6.023058501785443e-8
110.7    5.895981566291326e-8
110.8    5.771244280876266e-8
110.9    5.6488094629850754e-8
111.    5.528640436846888e-8
111.1    5.410701027542776e-8
111.2    5.2949555551357675e-8
111.3    5.18136882886107e-8
111.4    5.0699061413731654e-8
111.5    4.96053326305343e-8
111.6    4.85321643637535e-8
111.7    4.7479223703255496e-8
111.8    4.644618234885426e-8
111.9    4.5432716555644325e-8
112.    4.443850707993792e-8
112.1    4.346323912573579e-8
112.2    4.25066022917422e-8
112.3    4.156829051894922e-8
112.4    4.0648002038725614e-8
112.5    3.974543932147219e-8
112.6    3.8860309025802676e-8
112.7    3.7992321948225916e-8
112.8    3.7141192973376133e-8
112.9    3.630664102475788e-8
113.    3.5488389015978563e-8
113.1    3.46861638025114e-8
113.2    3.3899696133957865e-8
113.3    3.312872060679472e-8
113.4    3.2372975617620344e-8
113.5    3.163220331690853e-8
113.6    3.09061495632094e-8
113.7    3.019456387786898e-8
113.8    2.949719940018797e-8
113.9    2.8813812843089455e-8
114.    2.8144164449218007e-8
114.1    2.7488017947519867e-8
114.2    2.6845140510287956e-8
114.3    2.6215302710644444e-8
114.4    2.5598278480478858e-8
114.5    2.4993845068839462e-8
114.6    2.4401783000754785e-8
114.7    2.382187603650066e-8
114.8    2.325391113130273e-8
114.9    2.2697678395453805e-8
115.    2.215297105488025e-8
115.1    2.161958541210576e-8
115.2    2.1097320807649002e-8
115.3    2.0585979581829945e-8
115.4    2.0085367036988736e-8
115.5    1.959529140009991e-8
115.6    1.9115563785802342e-8
115.7    1.8645998159829466e-8
115.8    1.818641130281112e-8
115.9    1.7736622774496176e-8
116.    1.7296454878345923e-8
116.1    1.686573262650952e-8
116.2    1.644428370518692e-8
116.3    1.6031938440374786e-8
116.4    1.5628529763960683e-8
116.5    1.5233893180217332e-8
116.6    1.4847866732636157e-8
116.7    1.447029097114994e-8
116.8    1.4101008919681966e-8
116.9    1.373986604408664e-8
117.    1.338671022041247e-8
117.1    1.3041391703534839e-8
117.2    1.2703763096120377e-8
117.3    1.2373679317940978e-8
117.4    1.2050997575525505e-8
117.5    1.1735577332151596e-8
117.6    1.142728027815176e-8
117.7    1.1125970301580706e-8
117.8    1.0831513459177493e-8
117.9    1.0543777947671931e-8
118.    1.026263407539665e-8
118.1    9.987954234228757e-9
118.2    9.71961287183433e-9
118.3    9.457486464233155e-9
118.4    9.201453488665357e-9
118.5    8.951394396758544e-9
118.6    8.707191588014475e-9
118.7    8.468729383570933e-9
118.8    8.235894000278481e-9
118.9    8.008573525060802e-9
119.    7.786657889569961e-9
119.1    7.570038845124476e-9
119.2    7.358609937935547e-9
119.3    7.1522664846131244e-9
119.4    6.950905547959129e-9
119.5    6.754425913017545e-9
119.6    6.562728063421592e-9
119.7    6.375714157998285e-9
119.8    6.193288007638646e-9
119.9    6.015355052446362e-9
120.    5.841822339136516e-9
120.1    5.672598498704445e-9
120.2    5.50759372434458e-9
120.3    5.346719749628028e-9
120.4    5.189889826937142e-9
120.5    5.037018706140909e-9
120.6    4.888022613529334e-9
120.7    4.742819230978901e-9
120.8    4.601327675378996e-9
120.9    4.463468478279902e-9
121.    4.329163565791636e-9
121.1    4.198336238717164e-9
121.2    4.070911152909646e-9
121.3    3.9468142998721916e-9
121.4    3.825972987578359e-9
121.5    3.7083158215236967e-9
121.6    3.5937726859988234e-9
121.7    3.4822747255814456e-9
121.8    3.373754326855217e-9
121.9    3.26814510033885e-9
122.    3.165381862635834e-9
122.1    3.0654006187905363e-9
122.2    2.9681385448637796e-9
122.3    2.8735339707059736e-9
122.4    2.7815263629482503e-9
122.5    2.6920563081895397e-9
122.6    2.6050654963889817e-9
122.7    2.5204967044591904e-9
122.8    2.43829378005666e-9
122.9    2.3584016255661846e-9
123.    2.280766182285998e-9
123.1    2.205334414798422e-9
123.2    2.1320542955293295e-9
123.3    2.060874789504674e-9
123.4    1.991745839285143e-9
123.5    1.924618350087628e-9
123.6    1.8594441750903945e-9
123.7    1.7961761009158392e-9
123.8    1.7347678332954156e-9
123.9    1.6751739829069404e-9
124.    1.617350051393391e-9
124.1    1.5612524175457944e-9
124.2    1.5068383236657325e-9
124.3    1.4540658620924616e-9
124.4    1.4028939618998103e-9
124.5    1.353282375757804e-9
124.6    1.3051916669607607e-9
124.7    1.2585831966126935e-9
124.8    1.2134191109828526e-9
124.9    1.1696623290078257e-9
125.    1.1272765299623605e-9
125.1    1.086226141281175e-9
125.2    1.0464763265323698e-9
125.3    1.0079929735474573e-9
125.4    9.707426827011e-10
125.5    9.346927553406369e-10
125.6    8.998111823593881e-10
125.7    8.660666329212098e-10
125.8    8.334284433268962e-10
125.9    8.018666060243629e-10
126.    7.713517587602125e-10
126.1    7.418551738681845e-10
126.2    7.13348747702418e-10
126.3    6.858049902018865e-10
126.4    6.591970145940123e-10
126.5    6.334985272283967e-10
126.6    6.086838175474658e-10
126.7    5.847277481848282e-10
126.8    5.616057451956201e-10
126.9    5.39293788413726e-10
127.    5.177684019365781e-10
127.1    4.970066447350795e-10
127.2    4.769861013869536e-10
127.3    4.576848729368612e-10
127.4    4.390815678703673e-10
127.5    4.211552932166847e-10
127.6    4.0388564576396165e-10
127.7    3.8725270339470546e-10
127.8    3.7123701653717423e-10
127.9    3.558195997303827e-10
128.    3.4098192330632416e-10
128.1    3.267059051796392e-10
128.2    3.129739027516061e-10
128.3    2.9976870492479244e-10
128.4    2.870735242232311e-10
128.5    2.7487198902293113e-10
128.6    2.631481358880192e-10
128.7    2.5188640201021767e-10
128.8    2.410716177560565e-10
128.9    2.3068899931221992e-10
129.    2.2072414143666936e-10
129.1    2.111630103073804e-10
129.2    2.0199193647265692e-10
129.3    1.9319760789733875e-10
129.4    1.8476706310877005e-10
129.5    1.7668768443627123e-10
129.6    1.6894719134751363e-10
129.7    1.615336338785408e-10
129.8    1.5443538615451966e-10
129.9    1.4764114000610292e-10
130.    1.4113989867237792e-10
130.1    1.3492097059593283e-10
130.2    1.289739633074057e-10
130.3    1.232887773948918e-10
130.4    1.1785560056136334e-10
130.5    1.1266490176950676e-10
130.6    1.0770742546814786e-10
130.7    1.0297418590405317e-10
130.8    9.845646151681087e-11
130.9    9.414578941502659e-11
131.    9.003395993198227e-11
131.1    8.61130112638878e-11
131.2    8.237522418484616e-11
131.3    7.881311684153304e-11
131.4    7.541943962282991e-11
131.5    7.218717010843145e-11
131.6    6.91095080907341e-11
131.7    6.617987067205337e-11
131.8    6.339188743479872e-11
131.9    6.073939568559029e-11
132.    5.821643577021614e-11
132.1    5.581724645953501e-11
132.2    5.3536260406291145e-11
132.3    5.1368099670988544e-11
132.4    4.9307571315603514e-11
132.5    4.734966306640524e-11
132.6    4.548953904276378e-11
132.7    4.3722535551372044e-11
132.8    4.204415694796903e-11
132.9    4.0450071561428745e-11
133.    3.8936107682194894e-11
133.1    3.749824961493593e-11
133.2    3.613263379188836e-11
133.3    3.483554494810237e-11
133.4    3.360341235799599e-11
133.5    3.243280613191642e-11
133.6    3.1320433570567964e-11
133.7    3.0263135580017954e-11
133.8    2.9257883143090145e-11
133.9    2.8301773848918432e-11
134.    2.7392028477604834e-11
134.1    2.652598764245698e-11
134.2    2.570110848572249e-11
134.3    2.4914961429209598e-11
134.4    2.4165226979327722e-11
134.5    2.344969258394301e-11
134.6    2.2766249542782162e-11
134.7    2.2112889969035495e-11
134.8    2.148770380154989e-11
134.9    2.0888875868997906e-11
135.    2.0314683002327445e-11
135.1    1.9763491197367175e-11
135.2    1.9233752825771868e-11
135.3    1.872400389362817e-11
135.4    1.823286134815467e-11
135.5    1.7759020430780507e-11
135.6    1.730125207611176e-11
135.7    1.6858400357341728e-11
135.8    1.6429379975736556e-11
135.9    1.6013173795616855e-11
136.    1.56088304220833e-11
136.1    1.5215461823303343e-11
136.2    1.4832240994307925e-11
136.3    1.4458399664321267e-11
136.4    1.409322604485662e-11
136.5    1.3736062619224882e-11
136.6    1.3386303972473186e-11
136.7    1.304339466206959e-11
136.8    1.2706827127599643e-11
136.9    1.2376139639486193e-11
137.    1.2050914286310097e-11
137.1    1.173077500089896e-11
137.2    1.141538562246101e-11
137.3    1.1104447997402633e-11
137.4    1.0797700115720779e-11
137.5    1.0494914283341892e-11
137.6    1.0195895331234823e-11
137.7    9.900478858139814e-12
137.8    9.608529508981292e-12
137.9    9.31993928722853e-12
138.    9.034625900865518e-12
138.1    8.752531141982303e-12
138.2    8.47361929840003e-12
138.3    8.197875598971725e-12
138.4    7.925304689749084e-12
138.5    7.655929142174938e-12
138.6    7.389787992206056e-12
138.7    7.1269353103808974e-12
138.8    6.867438801750468e-12
138.9    6.611378436151715e-12
139.    6.358845106999114e-12
139.1    6.10993932060852e-12
139.2    5.864769912710151e-12
139.3    5.62345279399402e-12
139.4    5.386109722786142e-12
139.5    5.152867106464714e-12
139.6    4.923854828626833e-12
139.7    4.699205103339647e-12
139.8    4.4790513562985655e-12
139.9    4.263527130994399e-12
140.    4.052765021324696e-12
140.1    3.846895628485357e-12
140.2    3.646046544934058e-12
140.3    3.4503419367222324e-12
140.4    3.2599023512868935e-12
140.5    3.074842344000816e-12
140.6    2.895269317546474e-12
140.7    2.7212826425652096e-12
140.8    2.552972798745238e-12
140.9    2.3904215167560873e-12
141.    2.2337082010988557e-12
141.1    2.082903169825897e-12
141.2    1.9380618850239356e-12
141.3    1.7992243867120335e-12
141.4    1.6664147888668034e-12
141.5    1.5396407995999533e-12
141.6    1.4188936006965419e-12
141.7    1.3041476832354862e-12
141.8    1.1953601009738615e-12
141.9    1.092470037514639e-12
142.    9.953984200531506e-13
142.1    9.040475446523143e-13
142.2    8.183042743148451e-13
142.3    7.380480526851597e-13
142.4    6.631427780528289e-13
142.5    5.934345535083412e-13
142.6    5.287515076660415e-13
142.7    4.689036218122369e-13
142.8    4.136912943341372e-13
142.9    3.629560005335841e-13
143.    3.165505063828456e-13
143.1    2.743165245635665e-13
143.2    2.36084623705335e-13
143.3    2.0167420653726608e-13
143.4    1.708934907186455e-13
143.5    1.435394930727789e-13
143.6    1.1939801760341803e-13
143.7    9.82436451742825e-14
143.8    7.98397278113064e-14
143.9    6.393838510871734e-14
144.    5.0283316412762e-14
144.1    3.86712792488765e-14
144.2    2.8954677490766294e-14
144.3    2.0982737836678282e-14
144.4    1.4598865009040395e-14
144.5    9.6406571781727e-15
144.6    5.9399197104393535e-15
144.7    3.3226830131797907e-15
144.8    1.6092186009946376e-15
144.9    6.140592658632565e-16
145.    1.4601738826776827e-16
145.1    8.20677328282691e-18
