0.1    1.8371268640390282e-8
0.2    3.6205240282045834e-8
0.30000000000000004    5.35118114879551e-8
0.4    7.030077477033668e-8
0.5    8.658181767233899e-8
0.6    1.0236452193850271e-7
0.7000000000000001    1.176583627708717e-7
0.8    1.3247270816772144e-7
0.9    1.468168183419532e-7
1.    1.6069984521628136e-7
1.1    1.7413083199241782e-7
1.2000000000000002    1.871187127915327e-7
1.3000000000000003    1.9967231236334459e-7
1.4000000000000001    2.1180034586126327e-7
1.5000000000000002    2.2351141868108157e-7
1.6    2.348140263607766e-7
1.7000000000000002    2.4571655453905457e-7
1.8000000000000003    2.562272789703311e-7
1.9000000000000001    2.663543655939081e-7
2.    2.7610587065517115e-7
2.1    2.854897408766894e-7
2.2    2.945138136771585e-7
2.3000000000000003    3.031858174361953e-7
2.4000000000000004    3.1151337180303357e-7
2.5000000000000004    3.195039880472425e-7
2.6    3.271650694496332e-7
2.7    3.345039117315721e-7
2.8000000000000003    3.415277035209823e-7
2.9000000000000004    3.4824352685334645e-7
3.0000000000000004    3.5465835770609444e-7
3.1    3.607790665647905e-7
3.2    3.666124190195918e-7
3.3000000000000003    3.721650763904909e-7
3.4000000000000004    3.7744359637990374e-7
3.5000000000000004    3.824544337512056e-7
3.6    3.872039410318578e-7
3.7    3.9169836923981785e-7
3.8000000000000003    3.959438686319564e-7
3.9000000000000004    3.999464894732515e-7
4.    4.037121828255645e-7
4.1    4.072468013548439e-7
4.2    4.1055610015563477e-7
4.3    4.1364573759181334e-7
4.3999999999999995    4.1652127615249637e-7
4.5    4.191881833221103e-7
4.6    4.216518324636417e-7
4.7    4.239175037141169e-7
4.8    4.2599038489139517e-7
4.9    4.278755724113875e-7
5.    4.295780722148463e-7
5.1    4.3110280070289624e-7
5.2    4.3245458568050626e-7
5.3    4.3363816730713635e-7
5.4    4.346581990538058e-7
5.5    4.3551924866587446e-7
5.6    4.362257991308353e-7
5.7    4.367822496504548e-7
5.8    4.371929166166182e-7
5.9    4.374620345902552e-7
6.    4.375937572827531e-7
6.1    4.375921585392776e-7
6.2    4.3746123332345507e-7
6.3    4.372048987028738e-7
6.4    4.3682699483490256e-7
6.5    4.3633128595232835e-7
6.6    4.357214613483426e-7
6.7    4.350011363604224e-7
6.8    4.341738533526723e-7
6.9    4.332430826962084e-7
7.    4.322122237471831e-7
7.1    4.310846058220719e-7
7.2    4.2986348916984934e-7
7.3    4.2855206594070884e-7
7.4    4.2715346115098523e-7
7.5    4.256707336439655e-7
7.6    4.241068770462761e-7
7.7    4.224648207195571e-7
7.8    4.207474307071476e-7
7.9    4.189575106755114e-7
8.    4.1709780285015724e-7
8.1    4.151709889458086e-7
8.2    4.1317969109060123e-7
8.3    4.111264727440854e-7
8.4    4.090138396088372e-7
8.5    4.0684424053547865e-7
8.6    4.0462006842092695e-7
8.7    4.0234366109970195e-7
8.8    4.0001730222812684e-7
8.9    3.9764322216127194e-7
9.    3.952235988224975e-7
9.1    3.927605585654636e-7
9.2    3.902561770284785e-7
9.3    3.877124799810725e-7
9.4    3.851314441626886e-7
9.5    3.8251499811338756e-7
9.6    3.7986502299647647e-7
9.700000000000001    3.771833534129777e-7
9.8    3.7447177820785626e-7
9.9    3.717320412679373e-7
10.    3.689658423114516e-7
10.1    3.6617483766914626e-7
10.200000000000001    3.633606410569133e-7
10.3    3.6052482433989127e-7
10.4    3.5766891828799723e-7
10.5    3.5479441332285697e-7
10.6    3.519027602561065e-7
10.700000000000001    3.4899537101903876e-7
10.8    3.460736193835806e-7
10.9    3.431388416170687e-7
11.    3.4019233476362543e-7
11.1    3.37235356008952e-7
11.200000000000001    3.3426912681549086e-7
11.3    3.312948342802428e-7
11.4    3.2831363180117786e-7
11.5    3.253266397278551e-7
11.6    3.223349460035884e-7
11.700000000000001    3.193396067991781e-7
11.8    3.1634164713822723e-7
11.9    3.1334206151406963e-7
12.    3.1034181449833757e-7
12.1    3.0734184134119726e-7
12.200000000000001    3.043430485632872e-7
12.3    3.013463145393942e-7
12.4    2.9835249007390326e-7
12.5    2.9536239896806245e-7
12.6    2.9237683857910604e-7
12.700000000000001    2.8939658037127664e-7
12.8    2.8642237045879695e-7
12.9    2.834549301408345e-7
13.    2.8049495642851505e-7
13.1    2.7754312256402927e-7
13.200000000000001    2.7460007853189376e-7
13.3    2.716664515624141e-7
13.4    2.6874284662741235e-7
13.5    2.6582984692827375e-7
13.6    2.629280143763699e-7
13.700000000000001    2.6003789006592607e-7
13.8    2.571599947393848e-7
13.9    2.5429482924533815e-7
14.    2.5144287498908273e-7
14.1    2.486045943758729e-7
14.200000000000001    2.457804312469281e-7
14.3    2.429708113082677e-7
14.4    2.401761425524393e-7
14.5    2.3739681567320438e-7
14.6    2.3463320447325963e-7
14.700000000000001    2.3188566626505193e-7
14.8    2.2915454226476638e-7
14.9    2.264401579795542e-7
15.    2.237428235880708e-7
15.1    2.2106283431439796e-7
15.200000000000001    2.1840047079541953e-7
15.3    2.1575599944172666e-7
15.4    2.131296727921191e-7
15.5    2.10521729861782e-7
15.6    2.0793239648420603e-7
15.700000000000001    2.0536188564692736e-7
15.8    2.0281039782115777e-7
15.9    2.0027812128538073e-7
16.    1.9776523244298626e-7
16.1    1.9527189613401525e-7
16.200000000000003    1.927982659410916e-7
16.3    1.903444844896104e-7
16.400000000000002    1.8791068374225728e-7
16.500000000000004    1.854969852879355e-7
16.6    1.8310350062516493e-7
16.700000000000003    1.807303314400368e-7
16.8    1.783775698787858e-7
16.900000000000002    1.7604529881506106e-7
17.000000000000004    1.7373359211196086e-7
17.1    1.7144251487890764e-7
17.200000000000003    1.6917212372343284e-7
17.3    1.6692246699794162e-7
17.400000000000002    1.6469358504153011e-7
17.500000000000004    1.624855104169255e-7
17.6    1.6029826814261686e-7
17.700000000000003    1.5813187592024897e-7
17.8    1.559863443573465e-7
17.900000000000002    1.538616771854376e-7
18.000000000000004    1.51757871473647e-7
18.1    1.4967491783782285e-7
18.200000000000003    1.4761280064526867e-7
18.3    1.4557149821514368e-7
18.400000000000002    1.4355098301460142e-7
18.500000000000004    1.4155122185072855e-7
18.6    1.3957217605835374e-7
18.700000000000003    1.3761380168378585e-7
18.8    1.356760496645518e-7
18.900000000000002    1.3375886600519233e-7
19.000000000000004    1.318621919491834e-7
19.1    1.2998596414704107e-7
19.200000000000003    1.2813011482067615e-7
19.300000000000004    1.2629457192405774e-7
19.400000000000002    1.24479259300246e-7
19.500000000000004    1.2268409683485618e-7
19.6    1.2090900060601286e-7
19.700000000000003    1.1915388303085096e-7
19.800000000000004    1.1741865300862654e-7
19.900000000000002    1.1570321606049086e-7
20.000000000000004    1.140074744659873e-7
20.1    1.1233132739632587e-7
20.200000000000003    1.1067467104449415e-7
20.300000000000004    1.0903739875225598e-7
20.400000000000002    1.0741940113409579e-7
20.500000000000004    1.0582056619816066e-7
20.6    1.0424077946425456e-7
20.700000000000003    1.02679924078937e-7
20.800000000000004    1.0113788092777777e-7
20.900000000000002    9.961452874482139e-8
21.000000000000004    9.810974421930761e-8
21.1    9.662340209970478e-8
21.200000000000003    9.515537529509838e-8
21.300000000000004    9.370553497398983e-8
21.400000000000002    9.227375066055012e-8
21.500000000000004    9.085989032837725e-8
21.6    8.946382049180432e-8
21.700000000000003    8.808540629480611e-8
21.800000000000004    8.672451159754689e-8
21.900000000000002    8.53809990606177e-8
22.000000000000004    8.405473022700594e-8
22.1    8.274556560184248e-8
22.200000000000003    8.145336472996835e-8
22.300000000000004    8.017798627136442e-8
22.400000000000002    7.891928807448708e-8
22.500000000000004    7.767712724754915e-8
22.6    7.64513602277899e-8
22.700000000000003    7.524184284877224e-8
22.800000000000004    7.404843040574803e-8
22.900000000000002    7.287097771913032e-8
23.000000000000004    7.170933919611113e-8
23.1    7.05633688904632e-8
23.200000000000003    6.943292056056198e-8
23.300000000000004    6.831784772566699e-8
23.400000000000002    6.7218003720496e-8
23.500000000000004    6.613324174813079e-8
23.6    6.506341493128665e-8
23.700000000000003    6.400837636198287e-8
23.800000000000004    6.296797914964756e-8
23.900000000000002    6.194207646768884e-8
24.000000000000004    6.093052159856796e-8
24.1    5.993316797740513e-8
24.200000000000003    5.894986923415042e-8
24.300000000000004    5.798047923435136e-8
24.400000000000002    5.7024852118548404e-8
24.500000000000004    5.608284234032825e-8
24.6    5.5154304703064805e-8
24.700000000000003    5.42390943953782e-8
24.800000000000004    5.333706702533961e-8
24.900000000000002    5.244807865345106e-8
25.000000000000004    5.157198582442779e-8
25.1    5.070864559781132e-8
25.200000000000003    4.985791557743913e-8
25.300000000000004    4.9019653939798815e-8
25.400000000000002    4.819371946129139e-8
25.500000000000004    4.73799715444307e-8
25.6    4.657827024300344e-8
25.700000000000003    4.578847628621395e-8
25.800000000000004    4.501045110183961e-8
25.900000000000002    4.424405683841944e-8
26.000000000000004    4.348915638649895e-8
26.1    4.2745613398956605e-8
26.200000000000003    4.2013292310431064e-8
26.300000000000004    4.1292058355874046e-8
26.400000000000002    4.058177758825039e-8
26.500000000000004    3.988231689540364e-8
26.6    3.919354401611324e-8
26.700000000000003    3.851532755535911e-8
26.800000000000004    3.784753699881645e-8
26.900000000000002    3.719004272659992e-8
27.000000000000004    3.6542716026276114e-8
27.1    3.590542910516466e-8
27.200000000000003    3.527805510194482e-8
27.300000000000004    3.466046809758744e-8
27.400000000000002    3.405254312562961e-8
27.500000000000004    3.345415618180956e-8
27.6    3.286518423307906e-8
27.700000000000003    3.228550522601075e-8
27.800000000000004    3.1714998094616355e-8
27.900000000000002    3.115354276759175e-8
28.000000000000004    3.0601020175006844e-8
28.1    3.005731225445264e-8
28.200000000000003    2.952230195666382e-8
28.300000000000004    2.899587325062943e-8
28.400000000000002    2.8477911128208892e-8
28.500000000000004    2.7968301608264543e-8
28.6    2.7466931740328066e-8
28.700000000000003    2.6973689607811676e-8
28.800000000000004    2.648846433078013e-8
28.900000000000002    2.6011146068294653e-8
29.000000000000004    2.5541626020342675e-8
29.1    2.5079796429366587e-8
29.200000000000003    2.4625550581402757e-8
29.300000000000004    2.4178782806843025e-8
29.400000000000002    2.3739388480832516e-8
29.500000000000004    2.330726402331156e-8
29.6    2.2882306898717115e-8
29.700000000000003    2.246441561535218e-8
29.800000000000004    2.205348972443515e-8
29.900000000000002    2.1649429818839077e-8
30.000000000000004    2.125213753153186e-8
30.1    2.086151553372703e-8
30.200000000000003    2.0477467532755228e-8
30.300000000000004    2.009989826966644e-8
30.400000000000002    1.972871351657148e-8
30.500000000000004    1.9363820073732686e-8
30.6    1.9005125766413206e-8
30.700000000000003    1.865253944149282e-8
30.800000000000004    1.8305970963859347e-8
30.900000000000002    1.796533121258423e-8
31.000000000000004    1.7630532076890227e-8
31.1    1.7301486451919474e-8
31.200000000000003    1.6978108234309496e-8
31.300000000000004    1.6660312317584967e-8
31.400000000000002    1.6348014587372704e-8
31.500000000000004    1.6041131916447145e-8
31.6    1.5739582159613595e-8
31.700000000000003    1.5443284148435307e-8
31.800000000000004    1.5152157685812987e-8
31.900000000000002    1.4866123540420912e-8
32.    1.4585103441008267e-8
32.1    1.4309020070570468e-8
32.2    1.4037797060397558e-8
32.300000000000004    1.3771358984004888e-8
32.400000000000006    1.3509631350952373e-8
32.5    1.3252540600557601e-8
32.6    1.3000014095508916e-8
32.7    1.2751980115382877e-8
32.800000000000004    1.2508367850072244e-8
32.900000000000006    1.2269107393128884e-8
33.    1.2034129735027126e-8
33.1    1.180336675635155e-8
33.2    1.1576751220915318e-8
33.300000000000004    1.1354216768811395e-8
33.400000000000006    1.1135697909403484e-8
33.5    1.0921130014259557e-8
33.6    1.0710449310031845e-8
33.7    1.050359287128914e-8
33.800000000000004    1.0300498613303013e-8
33.900000000000006    1.0101105284793933e-8
34.    9.905352460639319e-9
34.1    9.713180534548302e-9
34.2    9.524530711706217e-9
34.300000000000004    9.339345001392111e-9
34.400000000000006    9.157566209573033e-9
34.5    8.979137931477901e-9
34.6    8.804004544153884e-9
34.7    8.632111199009426e-9
34.800000000000004    8.463403814345212e-9
34.900000000000006    8.297829067877208e-9
35.    8.135334389253818e-9
35.1    7.975867952570253e-9
35.2    7.819378668882202e-9
35.300000000000004    7.665816178721907e-9
35.400000000000006    7.515130844618117e-9
35.5    7.367273743623751e-9
35.6    7.222196659851419e-9
35.7    7.079852077021312e-9
35.800000000000004    6.94019317102159e-9
35.900000000000006    6.803173802484395e-9
36.    6.668748509379197e-9
36.1    6.5368724996252714e-9
36.2    6.407501643725054e-9
36.300000000000004    6.280592467420398e-9
36.400000000000006    6.156102144373221e-9
36.5    6.033988488871972e-9
36.6    5.914209948566201e-9
36.7    5.796725597229771e-9
36.800000000000004    5.681495127554936e-9
36.900000000000006    5.568478843978157e-9
37.    5.457637655539364e-9
37.1    5.348933068775617e-9
37.2    5.242327180650944e-9
37.300000000000004    5.137782671522417e-9
37.400000000000006    5.035262798144948e-9
37.5    4.934731386715125e-9
37.6    4.836152825954694e-9
37.7    4.7394920602361045e-9
37.800000000000004    4.644714582749154e-9
37.900000000000006    4.55178642871144e-9
38.    4.460674168621981e-9
38.1    4.371344901560048e-9
38.2    4.2837662485286314e-9
38.300000000000004    4.197906345844846e-9
38.400000000000006    4.113733838576355e-9
38.50000000000001    4.031217874025886e-9
38.6    3.9503280952631686e-9
38.7    3.871034634705969e-9
38.800000000000004    3.793308107749848e-9
38.900000000000006    3.7171196064481102e-9
39.00000000000001    3.6424406932411315e-9
39.1    3.5692433947369316e-9
39.2    3.497500195542356e-9
39.300000000000004    3.4271840321455056e-9
39.400000000000006    3.358268286850206e-9
39.50000000000001    3.2907267817621296e-9
39.6    3.2245337728274384e-9
39.7    3.159663943923728e-9
39.800000000000004    3.0960924010042425e-9
39.900000000000006    3.0337946662944207e-9
40.00000000000001    2.972746672542341e-9
40.1    2.9129247573218804e-9
40.2    2.8543056573899465e-9
40.300000000000004    2.7968665030969148e-9
40.400000000000006    2.7405848128509654e-9
40.50000000000001    2.685438487636188e-9
40.6    2.631405805584492e-9
40.7    2.5784654166014234e-9
40.800000000000004    2.5265963370459376e-9
40.900000000000006    2.4757779444639296e-9
41.00000000000001    2.4259899723757267e-9
41.1    2.3772125051175657e-9
41.2    2.3294259727364615e-9
41.300000000000004    2.2826111459391464e-9
41.400000000000006    2.2367491310945765e-9
41.50000000000001    2.1918213652898012e-9
41.6    2.147809611439414e-9
41.7    2.104695953448196e-9
41.800000000000004    2.0624627914269066e-9
41.900000000000006    2.021092836961116e-9
42.00000000000001    1.9805691084327433e-9
42.1    1.940874926394407e-9
42.2    1.9019939089959473e-9
42.300000000000004    1.8639099674634437e-9
42.400000000000006    1.8266073016301022e-9
42.50000000000001    1.7900703955191142e-9
42.6    1.7542840129777436e-9
42.7    1.7192331933631224e-9
42.800000000000004    1.6849032472788366e-9
42.900000000000006    1.6512797523624978e-9
43.00000000000001    1.618348549123699e-9
43.1    1.5860957368323662e-9
43.2    1.5545076694569644e-9
43.300000000000004    1.52357095165242e-9
43.400000000000006    1.493272434797456e-9
43.50000000000001    1.463599213081057e-9
43.6    1.4345386196374128e-9
43.7    1.4060782227297058e-9
43.800000000000004    1.3782058219816389e-9
43.900000000000006    1.3509094446570542e-9
44.00000000000001    1.324177341986807e-9
44.1    1.2979979855427542e-9
44.2    1.2723600636586093e-9
44.300000000000004    1.2472524778972067e-9
44.400000000000006    1.222664339563672e-9
44.50000000000001    1.1985849662645765e-9
44.6    1.1750038785121321e-9
44.7    1.1519107963735162e-9
44.800000000000004    1.1292956361649707e-9
44.900000000000006    1.1071485071898042e-9
45.00000000000001    1.0854597085206001e-9
45.1    1.0642197258246943e-9
45.2    1.0434192282328694e-9
45.300000000000004    1.0230490652509029e-9
45.400000000000006    1.0031002637131936e-9
45.50000000000001    9.835640247787603e-10
45.6    9.644317209684198e-10
45.7    9.456948932436082e-10
45.800000000000004    9.273452481256093e-10
45.900000000000006    9.093746548556481e-10
46.00000000000001    8.917751425946592e-10
46.1    8.745388976629868e-10
46.2    8.576582608192193e-10
46.300000000000004    8.411257245780594e-10
46.400000000000006    8.249339305664756e-10
46.50000000000001    8.090756669182104e-10
46.6    7.93543865705853e-10
46.7    7.783316004102737e-10
46.800000000000004    7.634320834270211e-10
46.900000000000006    7.488386636093724e-10
47.00000000000001    7.345448238473204e-10
47.1    7.20544178682635e-10
47.2    7.068304719590099e-10
47.300000000000004    6.933975745075359e-10
47.400000000000006    6.802394818666222e-10
47.50000000000001    6.673503120361101e-10
47.6    6.547243032654928e-10
47.7    6.423558118753112e-10
47.800000000000004    6.302393101118885e-10
47.900000000000006    6.183693840347612e-10
48.00000000000001    6.067407314362941e-10
48.1    5.953481597934986e-10
48.2    5.84186584251296e-10
48.300000000000004    5.732510256370804e-10
48.400000000000006    5.625366085061433e-10
48.50000000000001    5.520385592175666e-10
48.6    5.417522040402144e-10
48.7    5.316729672886592e-10
48.800000000000004    5.217963694882695e-10
48.900000000000006    5.121180255695616e-10
49.00000000000001    5.026336430910352e-10
49.1    4.933390204905626e-10
49.2    4.842300453646322e-10
49.300000000000004    4.75302692775143e-10
49.400000000000006    4.665530235836704e-10
49.50000000000001    4.5797718281256055e-10
49.6    4.495713980325927e-10
49.7    4.413319777770038e-10
49.800000000000004    4.332553099812645e-10
49.900000000000006    4.253378604485782e-10
50.00000000000001    4.175761713405978e-10
50.1    4.099668596929443e-10
50.2    4.0250661595548584e-10
50.300000000000004    3.951922025567271e-10
50.400000000000006    3.880204524921846e-10
50.50000000000001    3.8098826793647124e-10
50.6    3.740926188784782e-10
50.7    3.673305417797566e-10
50.800000000000004    3.606991382553988e-10
50.900000000000006    3.5419557377743705e-10
51.00000000000001    3.4781707640011454e-10
51.1    3.4156093550711516e-10
51.2    3.3542450058004784e-10
51.300000000000004    3.2940517998822946e-10
51.400000000000006    3.2350043979925233e-10
51.50000000000001    3.1770780261011843e-10
51.6    3.120248463986873e-10
51.7    3.0644920339503494e-10
51.800000000000004    3.009785589726075e-10
51.900000000000006    2.956106505587589e-10
52.00000000000001    2.903432665643425e-10
52.1    2.851742453323228e-10
52.2    2.801014741048839e-10
52.300000000000004    2.7512288800885765e-10
52.400000000000006    2.702364690592491e-10
52.50000000000001    2.6544024518052526e-10
52.6    2.6073228924542357e-10
52.7    2.5611071813106157e-10
52.800000000000004    2.515736917920093e-10
52.900000000000006    2.471194123501889e-10
53.00000000000001    2.4274612320120117e-10
53.1    2.3845210813699826e-10
53.2    2.342356904844813e-10
53.300000000000004    2.3009523225994482e-10
53.400000000000006    2.2602913333902062e-10
53.50000000000001    2.220358306418873e-10
53.6    2.1811379733362898e-10
53.7    2.1426154203933824e-10
53.800000000000004    2.1047760807382757e-10
53.900000000000006    2.06760572685769e-10
54.00000000000001    2.0310904631594395e-10
54.1    1.995216718694346e-10
54.2    1.9599712400150282e-10
54.300000000000004    1.92534108417006e-10
54.400000000000006    1.891313611830665e-10
54.50000000000001    1.8578764805482325e-10
54.6    1.8250176381404587e-10
54.7    1.7927253162040832e-10
54.800000000000004    1.7609880237523126e-10
54.900000000000006    1.7297945409744954e-10
55.00000000000001    1.6991339131167593e-10
55.1    1.6689954444810427e-10
55.2    1.639368692540959e-10
55.300000000000004    1.6102434621722752e-10
55.400000000000006    1.5816097999966318e-10
55.50000000000001    1.5534579888362988e-10
55.6    1.525778542277635e-10
55.7    1.4985621993428293e-10
55.800000000000004    1.4717999192666814e-10
55.900000000000006    1.445482876377619e-10
56.00000000000001    1.4196024550806674e-10
56.1    1.394150244941045e-10
56.2    1.369118035866461e-10
56.300000000000004    1.3444978133864418e-10
56.400000000000006    1.3202817540273467e-10
56.50000000000001    1.296462220781027e-10
56.6    1.273031758665726e-10
56.7    1.2499830903777665e-10
56.800000000000004    1.2273091120322738e-10
56.900000000000006    1.205002888991486e-10
57.00000000000001    1.1830576517791756e-10
57.1    1.1614667920795784e-10
57.2    1.1402238588196195e-10
57.300000000000004    1.1193225543324059e-10
57.400000000000006    1.0987567306014693e-10
57.50000000000001    1.078520385583185e-10
57.6    1.0586076596075466e-10
57.7    1.039012831853921e-10
57.800000000000004    1.0197303169025443e-10
57.900000000000006    1.0007546613585853e-10
58.00000000000001    9.820805405488968e-11
58.1    9.637027552893017e-11
58.2    9.456162287210676e-11
58.300000000000004    9.278160032165073e-11
58.400000000000006    9.10297237350857e-11
58.50000000000001    8.930552029402769e-11
58.6    8.760852821445262e-11
58.7    8.593829646327183e-11
58.800000000000004    8.429438448121046e-11
58.900000000000006    8.26763619117168e-11
59.00000000000001    8.108380833591565e-11
59.1    7.951631301346986e-11
59.2    7.797347462917881e-11
59.300000000000004    7.645490104529418e-11
59.400000000000006    7.496020905935334e-11
59.50000000000001    7.348902416753769e-11
59.6    7.204098033332994e-11
59.7    7.061571976149102e-11
59.800000000000004    6.9212892677157e-11
59.900000000000006    6.783215710999241e-11
60.00000000000001    6.64731786833613e-11
60.1    6.513563040831347e-11
60.2    6.381919248237356e-11
60.300000000000004    6.252355209303625e-11
60.400000000000006    6.124840322578006e-11
60.50000000000001    5.999344647672933e-11
60.6    5.875838886956779e-11
60.7    5.754294367692153e-11
60.800000000000004    5.6346830245906065e-11
60.900000000000006    5.5169773827890424e-11
61.00000000000001    5.4011505412314405e-11
61.1    5.287176156450877e-11
61.2    5.175028426747135e-11
61.300000000000004    5.0646820767433176e-11
61.400000000000006    4.956112342325711e-11
61.50000000000001    4.849294955948853e-11
61.6    4.744206132301997e-11
61.7    4.640822554331411e-11
61.800000000000004    4.539121359614402e-11
61.900000000000006    4.439080127063606e-11
62.00000000000001    4.3406768639764056e-11
62.1    4.243889993400843e-11
62.2    4.1486983418293895e-11
62.300000000000004    4.055081127200547e-11
62.400000000000006    3.963017947209445e-11
62.50000000000001    3.872488767920289e-11
62.6    3.7834739126705654e-11
62.7    3.69595405126585e-11
62.800000000000004    3.6099101894517736e-11
62.900000000000006    3.525323658670463e-11
63.00000000000001    3.442176106079971e-11
63.1    3.360449484839632e-11
63.2    3.280126044657728e-11
63.300000000000004    3.201188322590323e-11
63.400000000000006    3.1236191340860424e-11
63.50000000000001    3.0474015642786263e-11
63.6    2.972518959509779e-11
63.7    2.898954919093932e-11
63.800000000000004    2.8266932872976565e-11
63.900000000000006    2.755718145555182e-11
64.    2.6860138048902107e-11
64.1    2.6175647985554853e-11
64.2    2.5503558748791615e-11
64.3    2.4843719903151823e-11
64.39999999999999    2.4195983026901463e-11
64.5    2.3560201646485118e-11
64.6    2.29362311728152e-11
64.7    2.232392883949362e-11
64.8    2.1723153642775734e-11
64.89999999999999    2.1133766283367413e-11
65.    2.0555629109892898e-11
65.1    1.998860606412466e-11
65.2    1.943256262780932e-11
65.3    1.8887365771115066e-11
65.39999999999999    1.8352883902715896e-11
65.5    1.782898682132892e-11
65.6    1.731554566881159e-11
65.7    1.6812432884744066e-11
65.8    1.631952216237551e-11
65.89999999999999    1.5836688406016086e-11
66.    1.5363807689840833e-11
66.1    1.490075721790572e-11
66.2    1.4447415285599962e-11
66.3    1.4003661242270536e-11
66.39999999999999    1.3569375455128025e-11
66.5    1.3144439274357438e-11
66.6    1.2728734999396977e-11
66.7    1.2322145846389296e-11
66.8    1.1924555916730603e-11
66.89999999999999    1.1535850166681467e-11
67.    1.1155914378169794e-11
67.1    1.0784635130456604e-11
67.2    1.0421899772929472e-11
67.3    1.006759639888725e-11
67.39999999999999    9.721613820208043e-12
67.5    9.38384154301249e-12
67.6    9.054169744231517e-12
67.7    8.732489249035862e-12
67.8    8.418691509176925e-12
67.89999999999999    8.112668582115312e-12
68.    7.814313110980866e-12
68.1    7.523518305381279e-12
68.2    7.2401779229328255e-12
68.3    6.9641862515350355e-12
68.39999999999999    6.695438092443025e-12
68.5    6.433828743979352e-12
68.6    6.17925398599439e-12
68.7    5.931610064988312e-12
68.8    5.690793679866478e-12
68.89999999999999    5.45670196836232e-12
69.    5.229232494056444e-12
69.1    5.008283233992178e-12
69.2    4.793752566947996e-12
69.3    4.585539262123937e-12
69.39999999999999    4.383542468553955e-12
69.5    4.187661704933947e-12
69.6    3.9977968500164e-12
69.7    3.813848133471372e-12
69.8    3.6357161272848384e-12
69.89999999999999    3.463301737608149e-12
70.    3.2965061970281786e-12
70.1    3.1352310573544814e-12
70.2    2.9793781827503527e-12
70.3    2.828849743374656e-12
70.39999999999999    2.6835482093455217e-12
70.5    2.543376345119882e-12
70.6    2.40823720427182e-12
70.7    2.2780341246434554e-12
70.8    2.1526707237570234e-12
70.89999999999999    2.032050894694945e-12
71.    1.9160788022329165e-12
71.1    1.8046588792920304e-12
71.2    1.697695823740706e-12
71.3    1.5950945954339245e-12
71.39999999999999    1.4967604136019215e-12
71.5    1.4025987544380697e-12
71.6    1.3125153490450663e-12
71.7    1.2264161815523942e-12
71.8    1.1442074875414644e-12
71.89999999999999    1.0657957526254288e-12
72.    9.910877113820087e-13
72.1    9.199903463964965e-13
72.2    8.524108875453837e-13
72.3    7.882568114955915e-13
72.39999999999999    7.274358414136444e-13
72.5    6.698559467962915e-13
72.6    6.154253435377224e-13
72.7    5.640524941396122e-13
72.8    5.156461081258219e-13
72.89999999999999    4.701151425054838e-13
73.    4.2736880253514766e-13
73.1    3.8731654247534803e-13
73.2    3.498680666070839e-13
73.3    3.149333302418484e-13
73.39999999999999    2.82422541038254e-13
73.5    2.5224616020565863e-13
73.6    2.2431490403553474e-13
73.7    1.9853974535903033e-13
73.8    1.748319152263212e-13
73.89999999999999    1.5310290462987545e-13
74.    1.3326446629739692e-13
74.1    1.152286166030721e-13
74.2    9.890763751099418e-14
74.3    8.421407864065401e-14
74.39999999999999    7.106075938192328e-14
74.5    5.936077102583415e-14
74.6    4.9027479035351646e-14
74.7    3.997452530054988e-14
74.8    3.211583047712048e-14
74.89999999999999    2.536559632851485e-14
75.    1.963830821630251e-14
75.1    1.4848737439099062e-14
75.2    1.091194383201306e-14
75.3    7.74327817430886e-15
75.39999999999999    5.2583848082638315e-15
75.5    3.3732041427595673e-15
75.6    2.003975250518473e-15
75.7    1.067285023269303e-15
75.8    4.8051334585887e-16
75.89999999999999    1.6159715878335077e-16
76.    2.871992342025862e-17
76.1    3.133336558945408e-19
