0.1    4.913394519824913e-9
0.2    9.734076444149085e-9
0.30000000000000004    1.4463271977969074e-8
0.4    1.910219423801209e-8
0.5    2.3652043363849732e-8
0.6    2.8114006628411856e-8
0.7000000000000001    3.2489258547899e-8
0.8    3.677896099109061e-8
0.9    4.098426328804792e-8
1.    4.510630233820898e-8
1.1    4.914620271787481e-8
1.2000000000000002    5.310507678708447e-8
1.3000000000000003    5.6984024795878295e-8
1.4000000000000001    6.078413498994748e-8
1.5000000000000002    6.450648371566903e-8
1.6    6.815213552452476e-8
1.7000000000000002    7.172214327690371e-8
1.8000000000000003    7.521754824528681e-8
1.9000000000000001    7.863938021681301e-8
2.    8.198865759522626e-8
2.1    8.526638750220284e-8
2.2    8.84735658780585e-8
2.3000000000000003    9.161117758183456e-8
2.4000000000000004    9.468019649076362e-8
2.5000000000000004    9.768158559911387e-8
2.6    1.0061629711641192e-7
2.7    1.0348527256504455e-7
2.8000000000000003    1.0628944287723926e-7
2.9000000000000004    1.0902972849142312e-7
3.0000000000000004    1.1170703944796158e-7
3.1    1.1432227548427574e-7
3.2    1.1687632612933967e-7
3.3000000000000003    1.19370070797558e-7
3.4000000000000004    1.2180437888202406e-7
3.5000000000000004    1.2418010984715893e-7
3.6    1.2649811332073325e-7
3.7    1.2875922918527044e-7
3.8000000000000003    1.309642876688346e-7
3.9000000000000004    1.3311410943520154e-7
4.    1.35209505673416e-7
4.1    1.372512781867346e-7
4.2    1.3924021948095568e-7
4.3    1.4117711285213815e-7
4.3999999999999995    1.4306273247370982e-7
4.5    1.448978434829658e-7
4.6    1.4668320206695934e-7
4.7    1.4841955554778688e-7
4.8    1.5010764246726608e-7
4.9    1.5174819267101164e-7
5.    1.5334192739190787e-7
5.1    1.5488955933298106e-7
5.2    1.5639179274967247e-7
5.3    1.5784932353151355e-7
5.4    1.5926283928320556e-7
5.5    1.60633019405105e-7
5.6    1.6196053517311713e-7
5.7    1.6324604981799756e-7
5.8    1.6449021860406714e-7
5.9    1.6569368890733794e-7
6.    1.6685710029305642e-7
6.1    1.6798108459266224e-7
6.2    1.690662659801661e-7
6.3    1.7011326104795004e-7
6.4    1.7112267888198977e-7
6.5    1.720951211365029e-7
6.6    1.7303118210802413e-7
6.7    1.7393144880891044e-7
6.8    1.7479650104027837e-7
6.9    1.7562691146437486e-7
7.    1.7642324567638445e-7
7.1    1.7718606227567555e-7
7.2    1.7791591293648785e-7
7.3    1.7861334247806096e-7
7.4    1.7927888893421206e-7
7.5    1.7991308362235877e-7
7.6    1.8051645121199379e-7
7.7    1.8108950979261223e-7
7.8    1.8163277094109377e-7
7.9    1.8214673978854334e-7
8.    1.8263191508659223e-7
8.1    1.830887892731605e-7
8.2    1.8351784853768724e-7
8.3    1.8391957288582643e-7
8.4    1.8429443620361464e-7
8.5    1.846429063211115e-7
8.6    1.8496544507551597e-7
8.7    1.8526250837376017e-7
8.8    1.8553454625458567e-7
8.9    1.8578200295010158e-7
9.    1.8600531694683022e-7
9.1    1.862049210462416e-7
9.2    1.8638124242477848e-7
9.3    1.8653470269337683e-7
9.4    1.8666571795648296e-7
9.5    1.867746988705701e-7
9.6    1.8686205070215775e-7
9.700000000000001    1.8692817338533645e-7
9.8    1.8697346157879937e-7
9.9    1.869983047223866e-7
10.    1.8700308709314016e-7
10.1    1.8698818786087796e-7
10.200000000000001    1.8695398114328455e-7
10.3    1.869008360605254e-7
10.4    1.868291167893844e-7
10.5    1.8673918261692876e-7
10.6    1.8663138799370515e-7
10.700000000000001    1.8650608258646764e-7
10.8    1.8636361133044143e-7
10.9    1.8620431448112577e-7
11.    1.8602852766563736e-7
11.1    1.858365819335989e-7
11.200000000000001    1.8562880380757294e-7
11.3    1.854055153330473e-7
11.4    1.851670341279717e-7
11.5    1.8491367343184994e-7
11.6    1.8464574215439115e-7
11.700000000000001    1.8436354492372062e-7
11.8    1.8406738213415497e-7
11.9    1.8375754999354548e-7
12.    1.8343434057018707e-7
12.1    1.8309804183930306e-7
12.200000000000001    1.8274893772910378e-7
12.3    1.8238730816642158e-7
12.4    1.820134291219286e-7
12.5    1.8162757265493625e-7
12.6    1.8123000695778143e-7
12.700000000000001    1.808209963998026e-7
12.8    1.804008015709054e-7
12.9    1.7996967932472455e-7
13.    1.7952788282138345e-7
13.1    1.7907566156985102e-7
13.200000000000001    1.7861326146990509e-7
13.3    1.7814092485369814e-7
13.4    1.7765889052693312e-7
13.5    1.7716739380965053e-7
13.6    1.7666666657662772e-7
13.700000000000001    1.7615693729739546e-7
13.8    1.7563843107587547e-7
13.9    1.7511136968963644e-7
14.    1.7457597162877811e-7
14.1    1.7403245213444102e-7
14.200000000000001    1.7348102323694664e-7
14.3    1.7292189379356947e-7
14.4    1.723552695259466e-7
14.5    1.7178135305712393e-7
14.6    1.712003439482436e-7
14.700000000000001    1.7061243873487344e-7
14.8    1.7001783096298615e-7
14.9    1.694167112245831e-7
15.    1.6880926719297227e-7
15.1    1.681956836576991e-7
15.200000000000001    1.6757614255913386e-7
15.3    1.6695082302271887e-7
15.4    1.6631990139287713e-7
15.5    1.656835512665854e-7
15.6    1.6504194352661336e-7
15.700000000000001    1.6439524637443515e-7
15.8    1.6374362536280965e-7
15.9    1.6308724342803576e-7
16.    1.6242626092188884e-7
16.1    1.6176083564323137e-7
16.200000000000003    1.6109112286930892e-7
16.3    1.6041727538673133e-7
16.400000000000002    1.5973944352213783e-7
16.500000000000004    1.5905777517255662e-7
16.6    1.5837241583545182e-7
16.700000000000003    1.5768350863846746e-7
16.8    1.569911943688705e-7
16.900000000000002    1.5629561150268732e-7
17.000000000000004    1.5559689623354912e-7
17.1    1.548951825012367e-7
17.200000000000003    1.5419060201993425e-7
17.3    1.5348328430619134e-7
17.400000000000002    1.527733567065974e-7
17.500000000000004    1.5206094442516836e-7
17.6    1.5134617055045126e-7
17.700000000000003    1.5062915608234688e-7
17.8    1.4991001995865218e-7
17.900000000000002    1.4918887908132732e-7
18.000000000000004    1.4846584834248854e-7
18.1    1.477410406501261e-7
18.200000000000003    1.4701456695355648e-7
18.3    1.4628653626860286e-7
18.400000000000002    1.4555705570251234e-7
18.500000000000004    1.4482623047861135e-7
18.6    1.4409416396069574e-7
18.700000000000003    1.433609576771675e-7
18.8    1.4262671134491122e-7
18.900000000000002    1.418915228929173e-7
19.000000000000004    1.4115548848565438e-7
19.1    1.4041870254618989e-7
19.200000000000003    1.3968125777906347e-7
19.300000000000004    1.3894324519291595e-7
19.400000000000002    1.3820475412287287e-7
19.500000000000004    1.374658722526886e-7
19.6    1.367266856366496e-7
19.700000000000003    1.3598727872124113e-7
19.800000000000004    1.352477343665786e-7
19.900000000000002    1.3450813386760852e-7
20.000000000000004    1.3376855697507245e-7
20.1    1.3302908191624895e-7
20.200000000000003    1.3228978541546399e-7
20.300000000000004    1.3155074271431443e-7
20.400000000000002    1.3081202759131639e-7
20.500000000000004    1.300737123778135e-7
20.6    1.293358679606716e-7
20.700000000000003    1.28598563817842e-7
20.800000000000004    1.2786186804448245e-7
20.900000000000002    1.2712584737203826e-7
21.000000000000004    1.2639056718707175e-7
21.1    1.2565609154988374e-7
21.200000000000003    1.2492248321284704e-7
21.300000000000004    1.2418980363849976e-7
21.400000000000002    1.2345811301743676e-7
21.500000000000004    1.2272747028599834e-7
21.6    1.219979331437618e-7
21.700000000000003    1.2126955807083412e-7
21.800000000000004    1.205424003449509e-7
21.900000000000002    1.1981651405838056e-7
22.000000000000004    1.1909195213463691e-7
22.1    1.1836876634500277e-7
22.200000000000003    1.1764700732486382e-7
22.300000000000004    1.1692672458985802e-7
22.400000000000002    1.1620796655183851e-7
22.500000000000004    1.1549078053465483e-7
22.6    1.1477521278975238e-7
22.700000000000003    1.140613085115929e-7
22.800000000000004    1.1334911185289658e-7
22.900000000000002    1.1263866593970872e-7
23.000000000000004    1.1193001288629221e-7
23.1    1.1122319380984593e-7
23.200000000000003    1.1051824884505367e-7
23.300000000000004    1.0981521715846355e-7
23.400000000000002    1.0911413696269777e-7
23.500000000000004    1.0841504553049876e-7
23.6    1.0771797920860889e-7
23.700000000000003    1.0702297343148873e-7
23.800000000000004    1.063300627348725e-7
23.900000000000002    1.0563928076916404e-7
24.000000000000004    1.0495066031267612e-7
24.1    1.0426423328471044e-7
24.200000000000003    1.0358003075848429e-7
24.300000000000004    1.0289808297390357e-7
24.400000000000002    1.022184193501825e-7
24.500000000000004    1.0154106849831354e-7
24.6    1.008660582333887e-7
24.700000000000003    1.0019341558677082e-7
24.800000000000004    9.95231668181226e-8
24.900000000000002    9.885533742728654e-8
25.000000000000004    9.81899521660248e-8
25.1    9.752703504961598e-8
25.200000000000003    9.686660936831022e-8
25.300000000000004    9.620869769864844e-8
25.400000000000002    9.555332191464032e-8
25.500000000000004    9.49005031988082e-8
25.6    9.42502620530962e-8
25.700000000000003    9.360261830964386e-8
25.800000000000004    9.295759114142962e-8
25.900000000000002    9.231519907278288e-8
26.000000000000004    9.167545998976589e-8
26.1    9.103839115042833e-8
26.200000000000003    9.040400919493416e-8
26.300000000000004    8.977233015556369e-8
26.400000000000002    8.914336946659074e-8
26.500000000000004    8.851714197403763e-8
26.6    8.78936619453069e-8
26.700000000000003    8.727294307869412e-8
26.800000000000004    8.665499851277977e-8
26.900000000000002    8.603984083570609e-8
27.000000000000004    8.542748209433318e-8
27.1    8.481793380328209e-8
27.200000000000003    8.421120695386353e-8
27.300000000000004    8.360731202289172e-8
27.400000000000002    8.300625898138798e-8
27.500000000000004    8.24080573031732e-8
27.6    8.181271597334931e-8
27.700000000000003    8.122024349667368e-8
27.800000000000004    8.063064790582592e-8
27.900000000000002    8.0043936769568e-8
28.000000000000004    7.94601172007992e-8
28.1    7.887919586450771e-8
28.200000000000003    7.830117898561925e-8
28.300000000000004    7.772607235674258e-8
28.400000000000002    7.715388134581708e-8
28.500000000000004    7.658461090365712e-8
28.6    7.601826557140137e-8
28.700000000000003    7.545484948786169e-8
28.800000000000004    7.489436639677789e-8
28.900000000000002    7.433681965397568e-8
29.000000000000004    7.378221223443055e-8
29.1    7.323054673923811e-8
29.200000000000003    7.268182540249316e-8
29.300000000000004    7.213605009807637e-8
29.400000000000002    7.159322234634989e-8
29.500000000000004    7.105334332076589e-8
29.6    7.051641385438475e-8
29.700000000000003    6.998243444630641e-8
29.800000000000004    6.945140526801565e-8
29.900000000000002    6.892332616964149e-8
30.000000000000004    6.839819668613147e-8
30.1    6.787601604334405e-8
30.200000000000003    6.735678316405601e-8
30.300000000000004    6.68404966738904e-8
30.400000000000002    6.632715490716107e-8
30.500000000000004    6.581675591263974e-8
30.6    6.530929745924235e-8
30.700000000000003    6.480477704163788e-8
30.800000000000004    6.43031918857788e-8
30.900000000000002    6.380453895435754e-8
31.000000000000004    6.330881495218423e-8
31.1    6.281601633149177e-8
31.200000000000003    6.232613929716657e-8
31.300000000000004    6.183917981190558e-8
31.400000000000002    6.135513360130207e-8
31.500000000000004    6.087399615885914e-8
31.6    6.039576275093297e-8
31.700000000000003    5.992042842160641e-8
31.800000000000004    5.9447987997493365e-8
31.900000000000002    5.8978436092474505e-8
32.    5.8511767112367e-8
32.1    5.804797525952566e-8
32.2    5.758705453737964e-8
32.300000000000004    5.712899875490331e-8
32.400000000000006    5.6673801531023266e-8
32.5    5.62214562989609e-8
32.6    5.577195631051275e-8
32.7    5.532529464026878e-8
32.800000000000004    5.488146418976827e-8
32.900000000000006    5.444045769159682e-8
33.    5.400226771342005e-8
33.1    5.356688666196268e-8
33.2    5.313430678692418e-8
33.300000000000004    5.2704520184840576e-8
33.400000000000006    5.227751880288524e-8
33.5    5.1853294442617036e-8
33.6    5.1431838763668826e-8
33.7    5.101314328738343e-8
33.800000000000004    5.05971994003944e-8
33.900000000000006    5.0183998358151306e-8
34.    4.977353128839395e-8
34.1    4.9365789194573205e-8
34.2    4.8960762959218386e-8
34.300000000000004    4.855844334725517e-8
34.400000000000006    4.815882100927272e-8
34.5    4.7761886484738676e-8
34.6    4.736763020516658e-8
34.7    4.6976042497233146e-8
34.800000000000004    4.658711358584876e-8
34.900000000000006    4.620083359717751e-8
35.    4.5817192561613305e-8
35.1    4.5436180416706403e-8
35.2    4.505778701004564e-8
35.300000000000004    4.468200210209525e-8
35.400000000000006    4.4308815368985605e-8
35.5    4.393821640526074e-8
35.6    4.357019472658116e-8
35.7    4.320473977238418e-8
35.800000000000004    4.284184090850073e-8
35.900000000000006    4.248148742973109e-8
36.    4.212366856237729e-8
36.1    4.176837346673598e-8
36.2    4.1415591239550014e-8
36.300000000000004    4.10653109164191e-8
36.400000000000006    4.07175214741722e-8
36.5    4.0372211833200387e-8
36.6    4.0029370859749664e-8
36.7    3.9688987368178836e-8
36.800000000000004    3.9351050123174686e-8
36.900000000000006    3.9015547841936166e-8
37.    3.8682469196316385e-8
37.1    3.83518028149319e-8
37.2    3.8023537285234095e-8
37.300000000000004    3.769766115554637e-8
37.400000000000006    3.737416293706649e-8
37.5    3.705303110583373e-8
37.6    3.673425410466279e-8
37.7    3.6417820345043375e-8
37.800000000000004    3.610371820900808e-8
37.900000000000006    3.5791936050965185e-8
38.    3.548246219950282e-8
38.1    3.5175284959156916e-8
38.2    3.4870392612151326e-8
38.300000000000004    3.4567773420105504e-8
38.400000000000006    3.426741562571107e-8
38.50000000000001    3.396930745437945e-8
38.6    3.36734371158585e-8
38.7    3.337979280582091e-8
38.800000000000004    3.30883627074224e-8
38.900000000000006    3.279913499283181e-8
39.00000000000001    3.2512097824734e-8
39.1    3.222723935780247e-8
39.2    3.194454774014652e-8
39.300000000000004    3.166401111473159e-8
39.400000000000006    3.138561762076964e-8
39.50000000000001    3.110935539508758e-8
39.6    3.083521257346673e-8
39.7    3.056317729195659e-8
39.800000000000004    3.029323768816527e-8
39.900000000000006    3.002538190252225e-8
40.00000000000001    2.9759598079519298e-8
40.1    2.949587436892466e-8
40.2    2.9234198926974682e-8
40.300000000000004    2.8974559917540676e-8
40.400000000000006    2.8716945513274577e-8
40.50000000000001    2.8461343896728658e-8
40.6    2.8207743261454687e-8
40.7    2.7956131813080023e-8
40.800000000000004    2.7706497770361755e-8
40.900000000000006    2.7458829366218853e-8
41.00000000000001    2.7213114848743077e-8
41.1    2.6969342482188915e-8
41.2    2.672750054794207e-8
41.300000000000004    2.648757734546815e-8
41.400000000000006    2.624956119324048e-8
41.50000000000001    2.6013440429648344e-8
41.6    2.5779203413885154e-8
41.7    2.5546838526817397e-8
41.800000000000004    2.531633417183509e-8
41.900000000000006    2.5087678775681915e-8
42.00000000000001    2.486086078926799e-8
42.1    2.4635868688463927e-8
42.2    2.441269097487674e-8
42.300000000000004    2.419131617660824e-8
42.400000000000006    2.3971732848995835e-8
42.50000000000001    2.3753929575335168e-8
42.6    2.3537894967587366e-8
42.7    2.3323617667068404e-8
42.800000000000004    2.3111086345121922e-8
42.900000000000006    2.2900289703775952e-8
43.00000000000001    2.2691216476384396e-8
43.1    2.2483855428250936e-8
43.2    2.2278195357239033e-8
43.300000000000004    2.207422509436609e-8
43.400000000000006    2.1871933504381826e-8
43.50000000000001    2.167130948633259e-8
43.6    2.1472341974111055e-8
43.7    2.1275019936990725e-8
43.800000000000004    2.107933238014661e-8
43.900000000000006    2.0885268345162337e-8
44.00000000000001    2.06928169105231e-8
44.1    2.050196719209493e-8
44.2    2.0312708343590227e-8
44.300000000000004    2.0125029557021313e-8
44.400000000000006    1.9938920063140405e-8
44.50000000000001    1.975436913186599e-8
44.6    1.9571366072698245e-8
44.7    1.9389900235120304e-8
44.800000000000004    1.9209961008989778e-8
44.900000000000006    1.9031537824915457e-8
45.00000000000001    1.885462015462421e-8
45.1    1.8679197511315758e-8
45.2    1.850525945000615e-8
45.300000000000004    1.8332795567858905e-8
45.400000000000006    1.8161795504507668e-8
45.50000000000001    1.799224894236451e-8
45.6    1.782414560692054e-8
45.7    1.7657475267034892e-8
45.800000000000004    1.7492227735212705e-8
45.900000000000006    1.7328392867873558e-8
46.00000000000001    1.7165960565610545e-8
46.1    1.7004920773438162e-8
46.2    1.6845263481031034e-8
46.300000000000004    1.668697872295361e-8
46.400000000000006    1.653005657888036e-8
46.50000000000001    1.637448717380526e-8
46.6    1.622026067824525e-8
46.7    1.606736730843121e-8
46.800000000000004    1.5915797326493376e-8
46.900000000000006    1.5765541040635684e-8
47.00000000000001    1.5616588805303265e-8
47.1    1.5468931021340842e-8
47.2    1.532255813614352e-8
47.300000000000004    1.5177460643798504e-8
47.400000000000006    1.5033629085220347e-8
47.50000000000001    1.4891054048277437e-8
47.6    1.4749726167910336e-8
47.7    1.4609636126245119e-8
47.800000000000004    1.447077465269637e-8
47.900000000000006    1.4333132524064313e-8
48.00000000000001    1.419670056462537e-8
48.1    1.4061469646215001e-8
48.2    1.3927430688303545e-8
48.300000000000004    1.379457465806585e-8
48.400000000000006    1.366289257044451e-8
48.50000000000001    1.3532375488205821e-8
48.6    1.340301452198979e-8
48.7    1.3274800830354222e-8
48.800000000000004    1.3147725619811828e-8
48.900000000000006    1.3021780144863181e-8
49.00000000000001    1.2896955708020367e-8
49.1    1.2773243659829419e-8
49.2    1.2650635398882346e-8
49.300000000000004    1.2529122371827476e-8
49.400000000000006    1.2408696073371883e-8
49.50000000000001    1.228934804628004e-8
49.6    1.2171069881365227e-8
49.7    1.2053853217478645e-8
49.800000000000004    1.1937689741490411e-8
49.900000000000006    1.1822571188268231e-8
50.00000000000001    1.1708489340649146e-8
50.1    1.1595436029408467e-8
50.2    1.1483403133221435e-8
50.300000000000004    1.1372382578624062e-8
50.400000000000006    1.1262366339965552e-8
50.50000000000001    1.1153346439358814e-8
50.6    1.1045314946626017e-8
50.7    1.0938263979239872e-8
50.800000000000004    1.0832185702260961e-8
50.900000000000006    1.0727072328270653e-8
51.00000000000001    1.0622916117300964e-8
51.1    1.051970937675937e-8
51.2    1.0417444461350376e-8
51.300000000000004    1.0316113772994194e-8
51.400000000000006    1.0215709760739955e-8
51.50000000000001    1.0116224920678021e-8
51.6    1.0017651795845838e-8
51.7    9.919982976132488e-9
51.800000000000004    9.823211098179558e-9
51.900000000000006    9.72732884527829e-9
52.00000000000001    9.632328947264065e-9
52.1    9.538204180407474e-9
52.2    9.444947367302273e-9
52.300000000000004    9.3525513767512e-9
52.400000000000006    9.261009123647587e-9
52.50000000000001    9.170313568855797e-9
52.6    9.080457719087607e-9
52.7    8.991434626776504e-9
52.800000000000004    8.903237389949021e-9
52.900000000000006    8.815859152093855e-9
53.00000000000001    8.729293102028947e-9
53.1    8.64353247376516e-9
53.2    8.558570546367943e-9
53.300000000000004    8.474400643817536e-9
53.400000000000006    8.39101613486535e-9
53.50000000000001    8.308410432890042e-9
53.6    8.226576995750163e-9
53.7    8.14550932563453e-9
53.800000000000004    8.06520096891226e-9
53.900000000000006    7.985645515979105e-9
54.00000000000001    7.906836601102754e-9
54.1    7.828767902266322e-9
54.2    7.751433141009276e-9
54.300000000000004    7.674826082268485e-9
54.400000000000006    7.598940534214627e-9
54.50000000000001    7.523770348090272e-9
54.6    7.449309418043872e-9
54.7    7.375551680963445e-9
54.800000000000004    7.302491116308537e-9
54.900000000000006    7.230121745940481e-9
55.00000000000001    7.158437633951608e-9
55.1    7.087432886493238e-9
55.2    7.017101651601829e-9
55.300000000000004    6.9474381190238736e-9
55.400000000000006    6.878436520041306e-9
55.50000000000001    6.810091127291856e-9
55.6    6.742396254593804e-9
55.7    6.675346256763623e-9
55.800000000000004    6.60893552943779e-9
55.900000000000006    6.543158508890205e-9
56.00000000000001    6.478009671850489e-9
56.1    6.413483535320033e-9
56.2    6.349574656388022e-9
56.300000000000004    6.28627763204713e-9
56.400000000000006    6.2235870990064055e-9
56.50000000000001    6.1614977335057626e-9
56.6    6.100004251128031e-9
56.7    6.039101406611031e-9
56.800000000000004    5.97878399365913e-9
56.900000000000006    5.9190468447535656e-9
57.00000000000001    5.859884830962435e-9
57.1    5.801292861750587e-9
57.2    5.7432658847883356e-9
57.300000000000004    5.685798885759479e-9
57.400000000000006    5.628886888170025e-9
57.50000000000001    5.572524953155628e-9
57.6    5.516708179287675e-9
57.7    5.4614317023815055e-9
57.800000000000004    5.406690695301517e-9
57.900000000000006    5.352480367768278e-9
58.00000000000001    5.29879596616309e-9
58.1    5.245632773334573e-9
58.2    5.1929861084033215e-9
58.300000000000004    5.140851326567126e-9
58.400000000000006    5.089223818905323e-9
58.50000000000001    5.0380990121845056e-9
58.6    4.987472368661651e-9
58.7    4.937339385889552e-9
58.800000000000004    4.887695596520909e-9
58.900000000000006    4.83853656811218e-9
59.00000000000001    4.789857902928188e-9
59.1    4.741655237745929e-9
59.2    4.693924243659157e-9
59.300000000000004    4.6466606258821045e-9
59.400000000000006    4.599860123554097e-9
59.50000000000001    4.553518509543489e-9
59.6    4.5076315902522586e-9
59.7    4.462195205420299e-9
59.800000000000004    4.41720522793024e-9
59.900000000000006    4.37265756361201e-9
60.00000000000001    4.328548151047489e-9
60.1    4.2848729613762e-9
60.2    4.241627998099999e-9
60.300000000000004    4.198809296888791e-9
60.400000000000006    4.156412925386176e-9
60.50000000000001    4.114434983015361e-9
60.6    4.0728716007856155e-9
60.7    4.031718941098617e-9
60.800000000000004    3.9909731975549704e-9
60.900000000000006    3.9506305947619745e-9
61.00000000000001    3.910687388140348e-9
61.1    3.871139863732703e-9
61.2    3.831984338011214e-9
61.300000000000004    3.793217157686369e-9
61.400000000000006    3.754834699515468e-9
61.50000000000001    3.716833370112629e-9
61.6    3.679209605758032e-9
61.7    3.6419598722083366e-9
61.800000000000004    3.60508066450677e-9
61.900000000000006    3.568568506794758e-9
62.00000000000001    3.53241995212326e-9
62.1    3.4966315822644687e-9
62.2    3.461200007524586e-9
62.300000000000004    3.426121866556881e-9
62.400000000000006    3.3913938261746103e-9
62.50000000000001    3.357012581165869e-9
62.6    3.32297485410715e-9
62.7    3.2892773951795322e-9
62.800000000000004    3.255916981983076e-9
62.900000000000006    3.222890419354243e-9
63.00000000000001    3.190194539181524e-9
63.1    3.1578262002237615e-9
63.2    3.1257822879272115e-9
63.300000000000004    3.094059714244727e-9
63.400000000000006    3.06265541745464e-9
63.50000000000001    3.0315663619806075e-9
63.6    3.0007895382116743e-9
63.7    2.9703219623234653e-9
63.800000000000004    2.940160676100363e-9
63.900000000000006    2.910302746756821e-9
64.    2.880745266760847e-9
64.1    2.851485353657662e-9
64.2    2.8225201498936766e-9
64.3    2.7938468226417664e-9
64.39999999999999    2.7654625636264445e-9
64.5    2.7373645889509097e-9
64.6    2.709550138923023e-9
64.7    2.6820164778841583e-9
64.8    2.6547608940361336e-9
64.89999999999999    2.6277806992721253e-9
65.    2.6010732290049238e-9
65.1    2.5746358419981666e-9
65.2    2.548465920197636e-9
65.3    2.5225608685631633e-9
65.39999999999999    2.496918114901093e-9
65.5    2.4715351096980918e-9
65.6    2.446409325955169e-9
65.7    2.4215382590227572e-9
65.8    2.396919426436452e-9
65.89999999999999    2.372550367752721e-9
66.    2.3484286443872147e-9
66.1    2.3245518394521737e-9
66.2    2.3009175575951467e-9
66.3    2.2775234248383797e-9
66.39999999999999    2.254367088419265e-9
66.5    2.231446216631632e-9
66.6    2.2087584986667607e-9
66.7    2.186301644456903e-9
66.8    2.164073384517696e-9
66.89999999999999    2.1420714697931854e-9
67.    2.1202936715001888e-9
67.1    2.0987377809742738e-9
67.2    2.0774016095160413e-9
67.3    2.0562829882384764e-9
67.39999999999999    2.035379767915289e-9
67.5    2.014689818829318e-9
67.6    1.9942110306226008e-9
67.7    1.9739413121464855e-9
67.8    1.9538785913132836e-9
67.89999999999999    1.934020814947953e-9
68.    1.9143659486410794e-9
68.1    1.8949119766025795e-9
68.2    1.8756569015161124e-9
68.3    1.8565987443942383e-9
68.39999999999999    1.83773554443449e-9
68.5    1.8190653588764697e-9
68.6    1.8005862628590768e-9
68.7    1.7822963492792316e-9
68.8    1.7641937286510487e-9
68.89999999999999    1.7462765289659412e-9
69.    1.7285428955532882e-9
69.1    1.7109909909425016e-9
69.2    1.6936189947249934e-9
69.3    1.6764251034176223e-9
69.39999999999999    1.6594075303269093e-9
69.5    1.6425645054138214e-9
69.6    1.6258942751590906e-9
69.7    1.609395102430115e-9
69.8    1.5930652663480433e-9
69.89999999999999    1.5769030621560403e-9
70.    1.5609068010874155e-9
70.1    1.5450748102361833e-9
70.2    1.529405432426981e-9
70.3    1.513897026086302e-9
70.39999999999999    1.4985479651146885e-9
70.5    1.4833566387596136e-9
70.6    1.4683214514886461e-9
70.7    1.4534408228642843e-9
70.8    1.4387131874191506e-9
70.89999999999999    1.4241369945316484e-9
71.    1.409710708302745e-9
71.1    1.3954328074339103e-9
71.2    1.3813017851046931e-9
71.3    1.36731614885292e-9
71.39999999999999    1.3534744204531592e-9
71.5    1.3397751357986477e-9
71.6    1.326216844781929e-9
71.7    1.3127981111772289e-9
71.8    1.299517512523733e-9
71.89999999999999    1.2863736400087903e-9
72.    1.2733650983526882e-9
72.1    1.260490505694207e-9
72.2    1.2477484934757108e-9
72.3    1.2351377063310862e-9
72.39999999999999    1.2226568019726068e-9
72.5    1.2103044510792776e-9
72.6    1.1980793371858147e-9
72.7    1.1859801565728507e-9
72.8    1.174005618157111e-9
72.89999999999999    1.1621544433826402e-9
73.    1.1504253661132338e-9
73.1    1.138817132524921e-9
73.2    1.1273285009991912e-9
73.3    1.115958242018219e-9
73.39999999999999    1.1047051380586032e-9
73.5    1.0935679834879813e-9
73.6    1.0825455844609736e-9
73.7    1.0716367588169668e-9
73.8    1.0608403359770181e-9
73.89999999999999    1.050155156843309e-9
74.    1.0395800736982688e-9
74.1    1.0291139501043354e-9
74.2    1.0187556608048838e-9
74.3    1.0085040916258e-9
74.39999999999999    9.983581393776016e-10
74.5    9.883167117580398e-10
74.6    9.783787272560027e-10
74.7    9.685431150556725e-10
74.8    9.588088149413234e-10
74.89999999999999    9.491747772033207e-10
75.    9.39639962543958e-10
75.1    9.302033419850296e-10
75.2    9.208638967750898e-10
75.3    9.116206182981603e-10
75.39999999999999    9.024725079826123e-10
75.5    8.934185772108397e-10
75.6    8.844578472297797e-10
75.7    8.75589349062086e-10
75.8    8.668121234177623e-10
75.89999999999999    8.581252206063236e-10
76.    8.495277004502206e-10
76.1    8.410186321983125e-10
76.2    8.325970944404621e-10
76.3    8.24262175022173e-10
76.39999999999999    8.160129709604844e-10
76.5    8.078485883602736e-10
76.6    7.997681423311855e-10
76.7    7.917707569051415e-10
76.8    7.838555649543397e-10
76.9    7.76021708110551e-10
77.    7.682683366841652e-10
77.1    7.605946095844779e-10
77.2    7.529996942402154e-10
77.3    7.454827665210054e-10
77.4    7.380430106592815e-10
77.5    7.306796191727367e-10
77.6    7.233917927873269e-10
77.7    7.161787403614221e-10
77.8    7.090396788097994e-10
77.9    7.019738330285101e-10
78.    6.949804358208964e-10
78.1    6.880587278231104e-10
78.2    6.812079574311672e-10
78.3    6.744273807281778e-10
78.4    6.677162614122297e-10
78.5    6.610738707247195e-10
78.6    6.544994873794888e-10
78.7    6.479923974922641e-10
78.8    6.415518945111529e-10
78.9    6.351772791467195e-10
79.    6.288678593040277e-10
79.1    6.226229500139376e-10
79.2    6.164418733656412e-10
79.3    6.103239584396219e-10
79.4    6.042685412412068e-10
79.5    5.982749646343171e-10
79.6    5.92342578276457e-10
79.7    5.86470738553481e-10
79.8    5.806588085152575e-10
79.9    5.74906157812138e-10
80.    5.692121626311916e-10
80.1    5.635762056337654e-10
80.2    5.579976758931852e-10
80.3    5.524759688329733e-10
80.4    5.470104861653302e-10
80.5    5.41600635830983e-10
80.6    5.362458319385259e-10
80.7    5.309454947049821e-10
80.8    5.256990503963736e-10
80.9    5.205059312692156e-10
81.    5.153655755119663e-10
81.1    5.102774271880028e-10
81.2    5.052409361775959e-10
81.3    5.002555581217249e-10
81.4    4.953207543653666e-10
81.5    4.904359919022818e-10
81.6    4.856007433190641e-10
81.7    4.80814486740834e-10
81.8    4.760767057765871e-10
81.9    4.713868894653343e-10
82.    4.667445322227943e-10
82.1    4.6214913378821936e-10
82.2    4.576001991721824e-10
82.3    4.5309723860402666e-10
82.4    4.4863976748079153e-10
82.5    4.442273063157422e-10
82.6    4.398593806875923e-10
82.7    4.355355211905528e-10
82.8    4.3125526338422475e-10
82.9    4.270181477440577e-10
83.    4.2282371961281606e-10
83.1    4.186715291517434e-10
83.2    4.145611312924732e-10
83.3    4.1049208568937804e-10
83.4    4.0646395667239624e-10
83.5    4.024763131999703e-10
83.6    3.9852872881274766e-10
83.7    3.9462078158747544e-10
83.8    3.9075205409172185e-10
83.9    3.8692213333799743e-10
84.    3.8313061073961003e-10
84.1    3.793770820658823e-10
84.2    3.7566114739830395e-10
84.3    3.7198241108678455e-10
84.4    3.683404817065959e-10
84.5    3.6473497201542743e-10
84.6    3.6116549891097854e-10
84.7    3.5763168338879924e-10
84.8    3.541331505007614e-10
84.9    3.506695293136968e-10
85.    3.472404528684952e-10
85.1    3.438455581392703e-10
85.2    3.4048448599367146e-10
85.3    3.3715688115264667e-10
85.4    3.338623921509685e-10
85.5    3.3060067129869177e-10
85.6    3.273713746416077e-10
85.7    3.2417416192349886e-10
85.8    3.2100869654774084e-10
85.9    3.178746455397003e-10
86.    3.147716795096711e-10
86.1    3.1169947261544587e-10
86.2    3.086577025258962e-10
86.3    3.0564605038465455e-10
86.4    3.026642007742688e-10
86.5    2.997118416802765e-10
86.6    2.9678866445606957e-10
86.7    2.9389436378796783e-10
86.8    2.910286376604684e-10
86.9    2.8819118732191895e-10
87.    2.8538171725056534e-10
87.1    2.8259993512096886e-10
87.2    2.7984555177031835e-10
87.3    2.771182811657854e-10
87.4    2.7441784037138514e-10
87.5    2.717439495159303e-10
87.6    2.6909633176053567e-10
87.7    2.664747132670758e-10
87.8    2.6387882316655005e-10
87.9    2.6130839352783103e-10
88.    2.5876315932684006e-10
88.1    2.562428584158195e-10
88.2    2.537472314930527e-10
88.3    2.512760220728171e-10
88.4    2.4882897645558434e-10
88.5    2.46405843698631e-10
88.6    2.4400637558671487e-10
88.7    2.416303266033227e-10
88.8    2.392774539019072e-10
88.9    2.3694751727761296e-10
89.    2.346402791391417e-10
89.1    2.323555044810045e-10
89.2    2.300929608559218e-10
89.3    2.2785241834756463e-10
89.4    2.2563364954360511e-10
89.5    2.2343642950887123e-10
89.6    2.212605357589412e-10
89.7    2.1910574823389424e-10
89.8    2.169718492722909e-10
89.9    2.1485862358557065e-10
90.    2.1276585823248997e-10
90.1    2.106933425939443e-10
90.2    2.0864086834799687e-10
90.3    2.0660822944514877e-10
90.4    2.045952220839033e-10
90.5    2.026016446864496e-10
90.6    2.0062729787479785e-10
90.7    1.98671984446843e-10
90.8    1.9673550935301142e-10
90.9    1.9481767967291287e-10
91.    1.9291830459223996e-10
91.1    1.910371953799664e-10
91.2    1.891741653657913e-10
91.3    1.8732902991766336e-10
91.4    1.8550160641975548e-10
91.5    1.8369171425048674e-10
91.6    1.8189917476069906e-10
91.7    1.8012381125237183e-10
91.8    1.783654489572042e-10
91.9    1.7662391501556637e-10
92.    1.748990384557159e-10
92.1    1.7319065017303522e-10
92.2    1.7149858290984702e-10
92.3    1.6982267123483258e-10
92.4    1.681627515233396e-10
92.5    1.6651866193734352e-10
92.6    1.6489024240599165e-10
92.7    1.6327733460615033e-10
92.8    1.6167978194305768e-10
92.9    1.6009742953147776e-10
93.    1.5853012417675892e-10
93.1    1.5697771435630205e-10
93.2    1.5544005020096358e-10
93.3    1.539169834769839e-10
93.4    1.5240836756777025e-10
93.5    1.5091405745616688e-10
93.6    1.4943390970653226e-10
93.7    1.4796778244749265e-10
93.8    1.4651553535437753e-10
93.9    1.4507702963221798e-10
94.    1.4365212799876352e-10
94.1    1.4224069466753562e-10
94.2    1.4084259533140785e-10
94.3    1.394576971459442e-10
94.4    1.380858687132965e-10
94.5    1.3672698006597354e-10
94.6    1.353809026509778e-10
94.7    1.3404750931392372e-10
94.8    1.32726674283582e-10
94.9    1.314182731562336e-10
95.    1.3012218288056335e-10
95.1    1.2883828174242704e-10
95.2    1.275664493498841e-10
95.3    1.2630656661851308e-10
95.4    1.250585157565373e-10
95.5    1.2382218025049752e-10
95.6    1.2259744485088755e-10
95.7    1.2138419555786412e-10
95.8    1.2018231960731034e-10
95.9    1.1899170545686497e-10
96.    1.1781224277228065e-10
96.1    1.166438224136136e-10
96.2    1.1548633642202903e-10
96.3    1.143396780062844e-10
96.4    1.1320374152961666e-10
96.5    1.1207842249679294e-10
96.6    1.1096361754111068e-10
96.7    1.0985922441169705e-10
96.8    1.087651419609008e-10
96.9    1.0768127013173726e-10
97.    1.066075099456252e-10
97.1    1.0554376349019429e-10
97.2    1.0448993390708591e-10
97.3    1.0344592538009302e-10
97.4    1.0241164312330974e-10
97.5    1.0138699336942879e-10
97.6    1.0037188335825339e-10
97.7    9.936622132505105e-11
97.8    9.836991648952875e-11
97.9    9.738287904436258e-11
98.    9.640502014431462e-11
98.1    9.543625189511803e-11
98.2    9.447648734282625e-11
98.3    9.352564046292177e-11
98.4    9.258362614987736e-11
98.5    9.16503602065138e-11
98.6    9.072575933378766e-11
98.7    8.980974112041488e-11
98.8    8.890222403283381e-11
98.9    8.800312740504798e-11
99.    8.711237142883911e-11
99.1    8.622987714389442e-11
99.2    8.535556642811109e-11
99.3    8.448936198797675e-11
99.4    8.363118734912247e-11
99.5    8.27809668469525e-11
99.6    8.193862561729349e-11
99.7    8.110408958733127e-11
99.8    8.027728546639444e-11
99.9    7.945814073712722e-11
100.    7.864658364648672e-11
100.1    7.78425431971047e-11
100.2    7.704594913843899e-11
100.3    7.625673195840528e-11
100.4    7.547482287472629e-11
100.5    7.470015382658395e-11
100.6    7.393265746637991e-11
100.7    7.317226715149221e-11
100.8    7.241891693614097e-11
100.9    7.167254156347902e-11
101.    7.093307645752003e-11
101.1    7.020045771538901e-11
101.2    6.947462209961304e-11
101.3    6.875550703030069e-11
101.4    6.804305057777197e-11
101.5    6.733719145492939e-11
101.6    6.663786900989231e-11
101.7    6.594502321868474e-11
101.8    6.525859467801197e-11
101.9    6.457852459806916e-11
102.    6.390475479548949e-11
102.1    6.323722768634966e-11
102.2    6.25758862793083e-11
102.3    6.192067416868356e-11
102.4    6.127153552773279e-11
102.5    6.062841510204842e-11
102.6    5.999125820282879e-11
102.7    5.936001070041937e-11
102.8    5.87346190179291e-11
102.9    5.811503012470728e-11
103.    5.75011915301937e-11
103.1    5.689305127756075e-11
103.2    5.629055793764948e-11
103.3    5.569366060285992e-11
103.4    5.5102308881039935e-11
103.5    5.4516452889742987e-11
103.6    5.3936043250133104e-11
103.7    5.336103108130552e-11
103.8    5.279136799453599e-11
103.9    5.2227006087546044e-11
104.    5.166789793894738e-11
104.1    5.111399660268159e-11
104.2    5.056525560251168e-11
104.3    5.002162892667716e-11
104.4    4.9483071022489046e-11
104.5    4.8949536791035056e-11
104.6    4.842098158199329e-11
104.7    4.7897361188430515e-11
104.8    4.737863184170539e-11
104.9    4.6864750206444224e-11
105.    4.6355673375536837e-11
105.1    4.585135886522291e-11
105.2    4.535176461014824e-11
105.3    4.4856848958719756e-11
105.4    4.4366570668140356e-11
105.5    4.38808888999143e-11
105.6    4.3399763215043694e-11
105.7    4.2923153569497453e-11
105.8    4.245102030974737e-11
105.9    4.1983324168154574e-11
106.    4.15200262586513e-11
106.1    4.106108807233326e-11
106.2    4.060647147308785e-11
106.3    4.01561386934094e-11
106.4    3.971005233012019e-11
106.5    3.926817534022492e-11
106.6    3.8830471036778664e-11
106.7    3.8396903084817084e-11
106.8    3.7967435497348726e-11
106.9    3.754203263135452e-11
107.    3.712065918389977e-11
107.1    3.6703280188220276e-11
107.2    3.628986100990313e-11
107.3    3.5880367343099365e-11
107.4    3.5474765206793427e-11
107.5    3.507302094109325e-11
107.6    3.467510120357749e-11
107.7    3.4280972965689126e-11
107.8    3.3890603509191936e-11
107.9    3.3503960422637516e-11
108.    3.312101159785164e-11
108.1    3.274172522655454e-11
108.2    3.23660697969527e-11
108.3    3.1994014090333346e-11
108.4    3.162552717783012e-11
108.5    3.126057841710051e-11
108.6    3.089913744909263e-11
108.7    3.054117419488375e-11
108.8    3.018665885248919e-11
108.9    2.9835561893759863e-11
109.    2.948785406133101e-11
109.1    2.914350636552265e-11
109.2    2.8802490081402663e-11
109.3    2.8464776745750978e-11
109.4    2.8130338154197354e-11
109.5    2.779914635826565e-11
109.6    2.7471173662563116e-11
109.7    2.7146392621906805e-11
109.8    2.6824776038592336e-11
109.9    2.650629695958446e-11
110.    2.6190928673815415e-11
110.1    2.58786447095261e-11
110.2    2.55694188315394e-11
110.3    2.5263225038711877e-11
110.4    2.4960037561300984e-11
110.5    2.465983085841229e-11
110.6    2.436257961548455e-11
110.7    2.4068258741766676e-11
110.8    2.377684336790176e-11
110.9    2.3488308843436783e-11
111.    2.3202630734448888e-11
111.1    2.2919784821161515e-11
111.2    2.2639747095608464e-11
111.3    2.2362493759304642e-11
111.4    2.208800122094917e-11
111.5    2.181624609420713e-11
111.6    2.1547205195427916e-11
111.7    2.1280855541470993e-11
111.8    2.1017174347516036e-11
111.9    2.0756139024931917e-11
112.    2.0497727179104972e-11
112.1    2.02419166074255e-11
112.2    1.9988685297130026e-11
112.3    1.9738011423314115e-11
112.4    1.9489873346881256e-11
112.5    1.9244249612586277e-11
112.6    1.90011189470028e-11
112.7    1.87604602566441e-11
112.8    1.8522252625996677e-11
112.9    1.828647531566786e-11
113.    1.8053107760448827e-11
113.1    1.7822129567519242e-11
113.2    1.7593520514621265e-11
113.3    1.7367260548190223e-11
113.4    1.7143329781668464e-11
113.5    1.692170849367081e-11
113.6    1.6702377126269492e-11
113.7    1.6485316283309185e-11
113.8    1.6270506728657017e-11
113.9    1.6057929384577994e-11
114.    1.584756533005307e-11
114.1    1.5639395799168965e-11
114.2    1.5433402179497134e-11
114.3    1.5229566010489962e-11
114.4    1.5027868981933066e-11
114.5    1.4828292932387946e-11
114.6    1.463081984763885e-11
114.7    1.4435431859217369e-11
114.8    1.4242111242873953e-11
114.9    1.4050840417121173e-11
115.    1.3861601941789792e-11
115.1    1.36743785165375e-11
115.2    1.3489152979498554e-11
115.3    1.3305908305838076e-11
115.4    1.3124627606370055e-11
115.5    1.2945294126202257e-11
115.6    1.2767891243375011e-11
115.7    1.259240246754341e-11
115.8    1.2418811438633608e-11
115.9    1.2247101925571898e-11
116.    1.2077257824974223e-11
116.1    1.1909263159907645e-11
116.2    1.174310207860156e-11
116.3    1.1578758853243399e-11
116.4    1.1416217878732413e-11
116.5    1.1255463671505811e-11
116.6    1.1096480868310914e-11
116.7    1.0939254225053718e-11
116.8    1.0783768615627434e-11
116.9    1.0630009030765017e-11
117.    1.0477960576919549e-11
117.1    1.032760847513401e-11
117.2    1.017893805993578e-11
117.3    1.0031934778252629e-11
117.4    9.886584188331233e-12
117.5    9.74287195868189e-12
117.6    9.600783867013326e-12
117.7    9.460305799202747e-12
117.8    9.321423748285874e-12
117.9    9.184123813419802e-12
118.    9.048392198902565e-12
118.1    8.914215213173572e-12
118.2    8.781579267853624e-12
118.3    8.650470876765939e-12
118.4    8.520876655005866e-12
118.5    8.392783317978737e-12
118.6    8.2661776804941e-12
118.7    8.141046655835978e-12
118.8    8.01737725486594e-12
118.9    7.895156585126561e-12
119.    7.774371849966174e-12
119.1    7.655010347648863e-12
119.2    7.537059470519883e-12
119.3    7.420506704134637e-12
119.4    7.305339626435216e-12
119.5    7.191545906907237e-12
119.6    7.079113305765066e-12
119.7    6.968029673156737e-12
119.8    6.858282948335311e-12
119.9    6.7498611589046065e-12
120.    6.64275242001185e-12
120.1    6.536944933588137e-12
120.2    6.432426987591601e-12
120.3    6.3291869552435705e-12
120.4    6.227213294306346e-12
120.5    6.126494546321996e-12
120.6    6.027019335919914e-12
120.7    5.92877637007014e-12
120.8    5.831754437393762e-12
120.9    5.73594240746856e-12
121.    5.641329230119296e-12
121.1    5.5479039347555424e-12
121.2    5.4556556296868685e-12
121.3    5.3645735014625434e-12
121.4    5.2746468142038226e-12
121.5    5.185864908968189e-12
121.6    5.098217203103915e-12
121.7    5.011693189603628e-12
121.8    4.92628243648926e-12
121.9    4.841974586189732e-12
122.    4.758759354927232e-12
122.1    4.676626532115706e-12
122.2    4.595565979754472e-12
122.3    4.5155676318481965e-12
122.4    4.436621493819261e-12
122.5    4.358717641925378e-12
122.6    4.28184622269241e-12
122.7    4.20599745235245e-12
122.8    4.13116161629257e-12
122.9    4.0573290684838996e-12
123.    3.9844902309619716e-12
123.1    3.912635593274058e-12
123.2    3.841755711946998e-12
123.3    3.771841209970963e-12
123.4    3.7028827762686205e-12
123.5    3.6348711651884433e-12
123.6    3.5677971959940966e-12
123.7    3.5016517523661307e-12
123.8    3.4364257818986998e-12
123.9    3.37211029561032e-12
124.    3.308696367469658e-12
124.1    3.2461751338959957e-12
124.2    3.1845377933019773e-12
124.3    3.123775605615815e-12
124.4    3.0638798918191745e-12
124.5    3.004842033488282e-12
124.6    2.946653472338334e-12
124.7    2.8893057097773947e-12
124.8    2.832790306467415e-12
124.9    2.7770988818692492e-12
125.    2.7222231138312554e-12
125.1    2.668154738135817e-12
125.2    2.6148855480915544e-12
125.3    2.5624073941123722e-12
125.4    2.510712183284495e-12
125.5    2.4597918789818038e-12
125.6    2.4096385004374062e-12
125.7    2.3602441223514525e-12
125.8    2.3116008744856634e-12
125.9    2.2637009412825094e-12
126.    2.216536561461232e-12
126.1    2.1701000276368077e-12
126.2    2.124383685943259e-12
126.3    2.079379935647208e-12
126.4    2.035081228783513e-12
126.5    1.991480069775051e-12
126.6    1.9485690150735635e-12
126.7    1.90634067279926e-12
126.8    1.864787702371786e-12
126.9    1.823902814166218e-12
127.    1.783678769154646e-12
127.1    1.7441083785610446e-12
127.2    1.7051845035132548e-12
127.3    1.6669000547078568e-12
127.4    1.6292479920685292e-12
127.5    1.5922213244109919e-12
127.6    1.5558131091128798e-12
127.7    1.5200164517893795e-12
127.8    1.484824505960145e-12
127.9    1.4502304727374203e-12
128.    1.4162276005012066e-12
128.1    1.3828091845838214e-12
128.2    1.3499685669600582e-12
128.3    1.3176991359414124e-12
128.4    1.2859943258593006e-12
128.5    1.2548476167693014e-12
128.6    1.224252534147848e-12
128.7    1.1942026485953254e-12
128.8    1.1646915755399202e-12
128.9    1.1357129749444045e-12
129.    1.1072605510173126e-12
129.1    1.0793280519257709e-12
129.2    1.051909269506424e-12
129.3    1.0249980389944822e-12
129.4    9.98588238728485e-13
129.5    9.726737898871034e-13
129.6    9.4724865620554e-13
129.7    9.223068437100935e-13
129.8    8.978424004397864e-13
129.9    8.738494161858651e-13
130.    8.503220222254998e-13
130.1    8.272543910534296e-13
130.2    8.046407361265805e-13
130.3    7.824753116073166e-13
130.4    7.607524120971717e-13
130.5    7.394663723971613e-13
130.6    7.186115672386958e-13
130.7    6.981824110476985e-13
130.8    6.781733576894223e-13
130.9    6.585789002242404e-13
131.    6.393935706625489e-13
131.1    6.206119397241676e-13
131.2    6.022286165956863e-13
131.3    5.842382486968966e-13
131.4    5.666355214383479e-13
131.5    5.494151579909873e-13
131.6    5.325719190501245e-13
131.7    5.161006026105638e-13
131.8    4.999960437289373e-13
131.9    4.842531143027555e-13
132.    4.68866722841896e-13
132.1    4.538318142428277e-13
132.2    4.3914336957256994e-13
132.3    4.247964058420178e-13
132.4    4.1078597578547964e-13
132.5    3.9710716765118885e-13
132.6    3.837551049748134e-13
132.7    3.7072494637400283e-13
132.8    3.580118853312941e-13
132.9    3.456111499830881e-13
133.    3.3351800290842755e-13
133.1    3.2172774092313575e-13
133.2    3.102356948720661e-13
133.3    2.9903722942066703e-13
133.4    2.881277428558056e-13
133.5    2.775026668791686e-13
133.6    2.6715746640552866e-13
133.7    2.5708763936501735e-13
133.8    2.472887165011979e-13
133.9    2.3775626117912994e-13
134.    2.284858691818287e-13
134.1    2.1947316851901914e-13
134.2    2.1071381923547545e-13
134.3    2.022035132129376e-13
134.4    1.9393797398699157e-13
134.5    1.8591295654689693e-13
134.6    1.7812424715387948e-13
134.7    1.7056766315329453e-13
134.8    1.6323905278271697e-13
134.9    1.5613429499122416e-13
135.    1.492492992543211e-13
135.1    1.4258000539107947e-13
135.2    1.361223833767898e-13
135.3    1.2987243317085363e-13
135.4    1.23826184527284e-13
135.5    1.179796968249298e-13
135.6    1.1232905888218784e-13
135.7    1.0687038878247432e-13
135.8    1.0159983369972701e-13
135.9    9.651356972184087e-14
136.    9.160780167808338e-14
136.1    8.687876296373319e-14
136.2    8.232271537177836e-14
136.3    7.793594891725071e-14
136.4    7.371478166966752e-14
136.5    6.965555958463457e-14
136.6    6.575465633236597e-14
136.7    6.20084731352646e-14
136.8    5.841343859500673e-14
136.9    5.496600853164951e-14
137.    5.166266581781655e-14
137.1    4.849992021011567e-14
137.2    4.547430819755444e-14
137.3    4.2582392822074756e-14
137.4    3.9820763534250314e-14
137.5    3.718603602026723e-14
137.6    3.467485204859517e-14
137.7    3.2283879309213764e-14
137.8    3.000981125366453e-14
137.9    2.784936694018954e-14
138.    2.5799290873334393e-14
138.1    2.3856352852150366e-14
138.2    2.2017347812236957e-14
138.3    2.0279095671697215e-14
138.4    1.8638441177469697e-14
138.5    1.7092253752803235e-14
138.6    1.563742734343218e-14
138.7    1.4270880265642307e-14
138.8    1.2989555060027107e-14
138.9    1.1790418333117848e-14
139.    1.0670460615227121e-14
139.1    9.626696208088034e-15
139.2    8.656163036447364e-15
139.3    7.755922500240515e-15
139.4    6.923059330938546e-15
139.5    6.154681439898462e-15
139.6    5.447919777074505e-15
139.7    4.799928184438325e-15
139.8    4.20788325119725e-15
139.9    3.66898417235331e-15
140.    3.1804526005575497e-15
140.1    2.739532509910482e-15
140.2    2.3434900500974185e-15
140.3    1.9896134014334314e-15
140.4    1.6752126168333255e-15
140.5    1.3976194610100444e-15
140.6    1.1541872763293184e-15
140.7    9.422908360089032e-16
140.8    7.593262134643073e-16
140.9    6.027390528990887e-16
141.    4.7025473331250675e-16
141.1    3.597578828087391e-16
141.2    2.691554258854232e-16
141.3    1.9637513949239583e-16
141.4    1.393654957893731e-16
141.5    9.609550797366775e-17
141.6    6.455457129757767e-17
141.7    4.275224344272192e-17
141.8    2.871807598585351e-17
141.9    2.0501459884562982e-17
142.    1.6171478536375855e-17
142.1    1.3816928646782906e-17
142.2    1.1936866277798959e-17
142.3    1.0269202790987224e-17
142.4    8.794307213173234e-18
142.5    7.494019358323426e-18
142.6    6.351648420184993e-18
142.7    5.35197816788562e-18
142.8    4.481250891138676e-18
142.9    3.7268858502313795e-18
143.    3.0770776140203916e-18
143.1    2.5207374401903636e-18
143.2    2.0474933962836664e-18
143.3    1.6476900855719524e-18
143.4    1.3123886582690755e-18
143.5    1.0333666672095436e-18
143.6    8.031162741361528e-19
143.7    6.14846513465496e-19
143.8    4.624794467127112e-19
143.9    3.4065143119237275e-19
144.    2.447099354000298e-19
144.1    1.7063687261469983e-19
144.2    1.1481915066393459e-19
144.3    7.397258024580736e-20
144.4    4.514189249321453e-20
144.5    2.5697517778964692e-20
144.6    1.3337949945910102e-20
144.7    6.086239680672435e-21
144.8    2.2921332822403813e-21
144.9    6.282116149972801e-22
145.    9.174942692750729e-23
145.1    1.846114599069829e-24
