210.0 -990.0 0.0
210.0 -970.0 4.559999942779541
210.0 -950.0 4.980000019073486
210.0 -930.0 4.400000095367432
210.0 -910.0 5.300000190734863
210.0 -890.0 5.599999904632568
210.0 -870.0 5.059999942779541
210.0 -850.0 5.320000171661377
210.0 -830.0 4.860000133514404
210.0 -810.0 4.960000038146973
210.0 -790.0 4.71999979019165
210.0 -770.0 4.820000171661377
210.0 -750.0 4.360000133514404
210.0 -730.0 4.599999904632568
210.0 -710.0 4.820000171661377
210.0 -690.0 4.079999923706055
210.0 -670.0 0.0
210.0 -650.0 0.0
210.0 -630.0 0.0
210.0 -610.0 0.0
210.0 -590.0 0.0
210.0 -570.0 0.0
210.0 -550.0 0.0
210.0 -530.0 0.0
210.0 -510.0 0.0
210.0 -490.0 0.0
210.0 -470.0 0.0
210.0 -450.0 0.0
210.0 -430.0 0.0
210.0 -410.0 0.0
210.0 -390.0 0.0
210.0 -370.0 0.0
210.0 -350.0 0.0
210.0 -330.0 0.0
210.0 -310.0 0.0
210.0 -290.0 0.0
210.0 -270.0 0.0
210.0 -250.0 0.0
210.0 -230.0 0.0
210.0 -210.0 0.0
210.0 -190.0 0.0
210.0 -170.0 0.0
210.0 -150.0 0.0
210.0 -130.0 0.0
210.0 -110.0 0.0
210.0 -90.0 0.0
210.0 -70.0 0.0
230.0 -990.0 0.0
230.0 -970.0 5.21999979019165
230.0 -950.0 4.559999942779541
230.0 -930.0 5.179999828338623
230.0 -910.0 5.820000171661377
230.0 -890.0 4.78000020980835
230.0 -870.0 5.800000190734863
230.0 -850.0 5.079999923706055
230.0 -830.0 5.179999828338623
230.0 -810.0 5.440000057220459
230.0 -790.0 4.619999885559082
230.0 -770.0 4.980000019073486
230.0 -750.0 5.300000190734863
230.0 -730.0 4.880000114440918
230.0 -710.0 4.300000190734863
230.0 -690.0 4.400000095367432
230.0 -670.0 0.0
230.0 -650.0 0.0
230.0 -630.0 0.0
230.0 -610.0 0.0
230.0 -590.0 0.0
230.0 -570.0 0.0
230.0 -550.0 0.0
230.0 -530.0 0.0
230.0 -510.0 0.0
230.0 -490.0 0.0
230.0 -470.0 0.0
230.0 -450.0 0.0
230.0 -430.0 0.0
230.0 -410.0 0.0
230.0 -390.0 0.0
230.0 -370.0 0.0
230.0 -350.0 0.0
230.0 -330.0 0.0
230.0 -310.0 0.0
230.0 -290.0 0.0
230.0 -270.0 0.0
230.0 -250.0 0.0
230.0 -230.0 0.0
230.0 -210.0 0.0
230.0 -190.0 0.0
230.0 -170.0 0.0
230.0 -150.0 0.0
230.0 -130.0 0.0
230.0 -110.0 0.0
230.0 -90.0 0.0
230.0 -70.0 0.0
250.0 -990.0 0.0
250.0 -970.0 5.480000019073486
250.0 -950.0 5.320000171661377
250.0 -930.0 5.380000114440918
250.0 -910.0 4.900000095367432
250.0 -890.0 5.059999942779541
250.0 -870.0 5.579999923706055
250.0 -850.0 5.139999866485596
250.0 -830.0 4.980000019073486
250.0 -810.0 5.300000190734863
250.0 -790.0 4.800000190734863
250.0 -770.0 5.119999885559082
250.0 -750.0 5.320000171661377
250.0 -730.0 5.119999885559082
250.0 -710.0 4.619999885559082
250.0 -690.0 4.639999866485596
250.0 -670.0 0.0
250.0 -650.0 0.0
250.0 -630.0 0.0
250.0 -610.0 0.0
250.0 -590.0 0.0
250.0 -570.0 0.0
250.0 -550.0 0.0
250.0 -530.0 0.0
250.0 -510.0 0.0
250.0 -490.0 0.0
250.0 -470.0 0.0
250.0 -450.0 0.0
250.0 -430.0 0.0
250.0 -410.0 0.0
250.0 -390.0 0.0
250.0 -370.0 0.0
250.0 -350.0 0.0
250.0 -330.0 0.0
250.0 -310.0 0.0
250.0 -290.0 0.0
250.0 -270.0 0.0
250.0 -250.0 0.0
250.0 -230.0 0.0
250.0 -210.0 0.0
250.0 -190.0 0.0
250.0 -170.0 0.0
250.0 -150.0 0.0
250.0 -130.0 0.0
250.0 -110.0 0.0
250.0 -90.0 0.0
250.0 -70.0 0.0
270.0 -990.0 0.0
270.0 -970.0 5.460000038146973
270.0 -950.0 5.019999980926514
270.0 -930.0 5.360000133514404
270.0 -910.0 5.019999980926514
270.0 -890.0 5.460000038146973
270.0 -870.0 5.5
270.0 -850.0 5.360000133514404
270.0 -830.0 5.019999980926514
270.0 -810.0 5.139999866485596
270.0 -790.0 5.400000095367432
270.0 -770.0 5.71999979019165
270.0 -750.0 4.900000095367432
270.0 -730.0 5.099999904632568
270.0 -710.0 5.039999961853027
270.0 -690.0 5.400000095367432
270.0 -670.0 0.0
270.0 -650.0 0.0
270.0 -630.0 0.0
270.0 -610.0 0.0
270.0 -590.0 0.0
270.0 -570.0 0.0
270.0 -550.0 0.0
270.0 -530.0 0.0
270.0 -510.0 0.0
270.0 -490.0 0.0
270.0 -470.0 0.0
270.0 -450.0 0.0
270.0 -430.0 0.0
270.0 -410.0 0.0
270.0 -390.0 0.0
270.0 -370.0 0.0
270.0 -350.0 0.0
270.0 -330.0 0.0
270.0 -310.0 0.0
270.0 -290.0 0.0
270.0 -270.0 0.0
270.0 -250.0 0.0
270.0 -230.0 0.0
270.0 -210.0 0.0
270.0 -190.0 0.0
270.0 -170.0 0.0
270.0 -150.0 0.0
270.0 -130.0 0.0
270.0 -110.0 0.0
270.0 -90.0 0.0
270.0 -70.0 0.0
290.0 -990.0 0.0
290.0 -970.0 5.199999809265137
290.0 -950.0 5.21999979019165
290.0 -930.0 5.139999866485596
290.0 -910.0 5.440000057220459
290.0 -890.0 5.880000114440918
290.0 -870.0 5.340000152587891
290.0 -850.0 6.179999828338623
290.0 -830.0 5.039999961853027
290.0 -810.0 5.360000133514404
290.0 -790.0 5.239999771118164
290.0 -770.0 5.400000095367432
290.0 -750.0 5.119999885559082
290.0 -730.0 5.340000152587891
290.0 -710.0 5.539999961853027
290.0 -690.0 5.619999885559082
290.0 -670.0 0.0
290.0 -650.0 0.0
290.0 -630.0 0.0
290.0 -610.0 0.0
290.0 -590.0 0.0
290.0 -570.0 0.0
290.0 -550.0 0.0
290.0 -530.0 0.0
290.0 -510.0 0.0
290.0 -490.0 0.0
290.0 -470.0 0.0
290.0 -450.0 0.0
290.0 -430.0 0.0
290.0 -410.0 0.0
290.0 -390.0 0.0
290.0 -370.0 0.0
290.0 -350.0 0.0
290.0 -330.0 0.0
290.0 -310.0 0.0
290.0 -290.0 0.0
290.0 -270.0 0.0
290.0 -250.0 0.0
290.0 -230.0 0.0
290.0 -210.0 0.0
290.0 -190.0 0.0
290.0 -170.0 0.0
290.0 -150.0 0.0
290.0 -130.0 0.0
290.0 -110.0 0.0
290.0 -90.0 0.0
290.0 -70.0 0.0
310.0 -990.0 0.0
310.0 -970.0 5.460000038146973
310.0 -950.0 5.659999847412109
310.0 -930.0 5.139999866485596
310.0 -910.0 5.820000171661377
310.0 -890.0 5.679999828338623
310.0 -870.0 6.360000133514404
310.0 -850.0 5.679999828338623
310.0 -830.0 5.440000057220459
310.0 -810.0 5.320000171661377
310.0 -790.0 5.940000057220459
310.0 -770.0 5.71999979019165
310.0 -750.0 5.21999979019165
310.0 -730.0 5.380000114440918
310.0 -710.0 5.079999923706055
310.0 -690.0 5.71999979019165
310.0 -670.0 0.0
310.0 -650.0 0.0
310.0 -630.0 0.0
310.0 -610.0 0.0
310.0 -590.0 0.0
310.0 -570.0 0.0
310.0 -550.0 0.0
310.0 -530.0 0.0
310.0 -510.0 0.0
310.0 -490.0 0.0
310.0 -470.0 0.0
310.0 -450.0 0.0
310.0 -430.0 0.0
310.0 -410.0 0.0
310.0 -390.0 0.0
310.0 -370.0 0.0
310.0 -350.0 0.0
310.0 -330.0 0.0
310.0 -310.0 0.0
310.0 -290.0 0.0
310.0 -270.0 0.0
310.0 -250.0 0.0
310.0 -230.0 0.0
310.0 -210.0 0.0
310.0 -190.0 0.0
310.0 -170.0 0.0
310.0 -150.0 0.0
310.0 -130.0 0.0
310.0 -110.0 0.0
310.0 -90.0 0.0
310.0 -70.0 0.0
330.0 -990.0 0.0
330.0 -970.0 5.599999904632568
330.0 -950.0 5.079999923706055
330.0 -930.0 5.260000228881836
330.0 -910.0 5.420000076293945
330.0 -890.0 5.539999961853027
330.0 -870.0 5.699999809265137
330.0 -850.0 5.480000019073486
330.0 -830.0 5.179999828338623
330.0 -810.0 5.340000152587891
330.0 -790.0 5.380000114440918
330.0 -770.0 5.440000057220459
330.0 -750.0 5.340000152587891
330.0 -730.0 5.519999980926514
330.0 -710.0 5.579999923706055
330.0 -690.0 5.519999980926514
330.0 -670.0 0.0
330.0 -650.0 0.0
330.0 -630.0 0.0
330.0 -610.0 0.0
330.0 -590.0 0.0
330.0 -570.0 0.0
330.0 -550.0 0.0
330.0 -530.0 0.0
330.0 -510.0 0.0
330.0 -490.0 0.0
330.0 -470.0 0.0
330.0 -450.0 0.0
330.0 -430.0 0.0
330.0 -410.0 0.0
330.0 -390.0 0.0
330.0 -370.0 0.0
330.0 -350.0 0.0
330.0 -330.0 0.0
330.0 -310.0 0.0
330.0 -290.0 0.0
330.0 -270.0 0.0
330.0 -250.0 0.0
330.0 -230.0 0.0
330.0 -210.0 0.0
330.0 -190.0 0.0
330.0 -170.0 0.0
330.0 -150.0 0.0
330.0 -130.0 0.0
330.0 -110.0 0.0
330.0 -90.0 0.0
330.0 -70.0 0.0
350.0 -990.0 0.0
350.0 -970.0 5.659999847412109
350.0 -950.0 5.159999847412109
350.0 -930.0 5.159999847412109
350.0 -910.0 5.199999809265137
350.0 -890.0 5.480000019073486
350.0 -870.0 5.619999885559082
350.0 -850.0 5.920000076293945
350.0 -830.0 5.139999866485596
350.0 -810.0 5.199999809265137
350.0 -790.0 5.460000038146973
350.0 -770.0 5.480000019073486
350.0 -750.0 5.400000095367432
350.0 -730.0 5.699999809265137
350.0 -710.0 4.840000152587891
350.0 -690.0 5.360000133514404
350.0 -670.0 5.699999809265137
350.0 -650.0 0.0
350.0 -630.0 0.0
350.0 -610.0 0.0
350.0 -590.0 0.0
350.0 -570.0 0.0
350.0 -550.0 0.0
350.0 -530.0 0.0
350.0 -510.0 0.0
350.0 -490.0 0.0
350.0 -470.0 0.0
350.0 -450.0 0.0
350.0 -430.0 0.0
350.0 -410.0 0.0
350.0 -390.0 0.0
350.0 -370.0 0.0
350.0 -350.0 0.0
350.0 -330.0 0.0
350.0 -310.0 0.0
350.0 -290.0 0.0
350.0 -270.0 0.0
350.0 -250.0 0.0
350.0 -230.0 0.0
350.0 -210.0 0.0
350.0 -190.0 0.0
350.0 -170.0 0.0
350.0 -150.0 0.0
350.0 -130.0 0.0
350.0 -110.0 0.0
350.0 -90.0 0.0
350.0 -70.0 0.0
370.0 -990.0 0.0
370.0 -970.0 5.559999942779541
370.0 -950.0 5.639999866485596
370.0 -930.0 6.0
370.0 -910.0 5.860000133514404
370.0 -890.0 4.920000076293945
370.0 -870.0 5.360000133514404
370.0 -850.0 5.420000076293945
370.0 -830.0 5.579999923706055
370.0 -810.0 5.519999980926514
370.0 -790.0 5.559999942779541
370.0 -770.0 5.440000057220459
370.0 -750.0 5.5
370.0 -730.0 5.679999828338623
370.0 -710.0 5.539999961853027
370.0 -690.0 5.980000019073486
370.0 -670.0 5.679999828338623
370.0 -650.0 0.0
370.0 -630.0 0.0
370.0 -610.0 0.0
370.0 -590.0 0.0
370.0 -570.0 0.0
370.0 -550.0 0.0
370.0 -530.0 0.0
370.0 -510.0 0.0
370.0 -490.0 0.0
370.0 -470.0 0.0
370.0 -450.0 0.0
370.0 -430.0 0.0
370.0 -410.0 0.0
370.0 -390.0 0.0
370.0 -370.0 0.0
370.0 -350.0 0.0
370.0 -330.0 0.0
370.0 -310.0 0.0
370.0 -290.0 0.0
370.0 -270.0 0.0
370.0 -250.0 0.0
370.0 -230.0 0.0
370.0 -210.0 0.0
370.0 -190.0 0.0
370.0 -170.0 0.0
370.0 -150.0 0.0
370.0 -130.0 0.0
370.0 -110.0 0.0
370.0 -90.0 0.0
370.0 -70.0 0.0
390.0 -990.0 0.0
390.0 -970.0 5.579999923706055
390.0 -950.0 5.420000076293945
390.0 -930.0 6.019999980926514
390.0 -910.0 6.5
390.0 -890.0 6.340000152587891
390.0 -870.0 5.599999904632568
390.0 -850.0 5.380000114440918
390.0 -830.0 5.920000076293945
390.0 -810.0 5.519999980926514
390.0 -790.0 5.860000133514404
390.0 -770.0 5.360000133514404
390.0 -750.0 5.960000038146973
390.0 -730.0 6.059999942779541
390.0 -710.0 6.340000152587891
390.0 -690.0 6.039999961853027
390.0 -670.0 5.199999809265137
390.0 -650.0 0.0
390.0 -630.0 0.0
390.0 -610.0 0.0
390.0 -590.0 0.0
390.0 -570.0 0.0
390.0 -550.0 0.0
390.0 -530.0 0.0
390.0 -510.0 0.0
390.0 -490.0 0.0
390.0 -470.0 0.0
390.0 -450.0 0.0
390.0 -430.0 0.0
390.0 -410.0 0.0
390.0 -390.0 0.0
390.0 -370.0 0.0
390.0 -350.0 0.0
390.0 -330.0 0.0
390.0 -310.0 0.0
390.0 -290.0 0.0
390.0 -270.0 0.0
390.0 -250.0 0.0
390.0 -230.0 0.0
390.0 -210.0 0.0
390.0 -190.0 0.0
390.0 -170.0 0.0
390.0 -150.0 0.0
390.0 -130.0 0.0
390.0 -110.0 0.0
390.0 -90.0 0.0
390.0 -70.0 0.0
410.0 -990.0 0.0
410.0 -970.0 5.659999847412109
410.0 -950.0 5.679999828338623
410.0 -930.0 6.039999961853027
410.0 -910.0 5.460000038146973
410.0 -890.0 6.0
410.0 -870.0 5.739999771118164
410.0 -850.0 5.619999885559082
410.0 -830.0 6.239999771118164
410.0 -810.0 5.920000076293945
410.0 -790.0 6.78000020980835
410.0 -770.0 5.739999771118164
410.0 -750.0 5.800000190734863
410.0 -730.0 6.099999904632568
410.0 -710.0 5.659999847412109
410.0 -690.0 6.099999904632568
410.0 -670.0 6.400000095367432
410.0 -650.0 0.0
410.0 -630.0 0.0
410.0 -610.0 0.0
410.0 -590.0 0.0
410.0 -570.0 0.0
410.0 -550.0 0.0
410.0 -530.0 0.0
410.0 -510.0 0.0
410.0 -490.0 0.0
410.0 -470.0 0.0
410.0 -450.0 0.0
410.0 -430.0 0.0
410.0 -410.0 0.0
410.0 -390.0 0.0
410.0 -370.0 0.0
410.0 -350.0 0.0
410.0 -330.0 0.0
410.0 -310.0 0.0
410.0 -290.0 0.0
410.0 -270.0 0.0
410.0 -250.0 0.0
410.0 -230.0 0.0
410.0 -210.0 0.0
410.0 -190.0 0.0
410.0 -170.0 0.0
410.0 -150.0 0.0
410.0 -130.0 0.0
410.0 -110.0 0.0
410.0 -90.0 0.0
410.0 -70.0 0.0
430.0 -990.0 0.0
430.0 -970.0 5.760000228881836
430.0 -950.0 6.199999809265137
430.0 -930.0 6.059999942779541
430.0 -910.0 5.71999979019165
430.0 -890.0 5.639999866485596
430.0 -870.0 5.5
430.0 -850.0 5.840000152587891
430.0 -830.0 5.860000133514404
430.0 -810.0 6.21999979019165
430.0 -790.0 6.019999980926514
430.0 -770.0 6.079999923706055
430.0 -750.0 5.900000095367432
430.0 -730.0 5.480000019073486
430.0 -710.0 5.900000095367432
430.0 -690.0 5.940000057220459
430.0 -670.0 5.679999828338623
430.0 -650.0 0.0
430.0 -630.0 0.0
430.0 -610.0 0.0
430.0 -590.0 0.0
430.0 -570.0 0.0
430.0 -550.0 0.0
430.0 -530.0 0.0
430.0 -510.0 0.0
430.0 -490.0 0.0
430.0 -470.0 0.0
430.0 -450.0 0.0
430.0 -430.0 0.0
430.0 -410.0 0.0
430.0 -390.0 0.0
430.0 -370.0 0.0
430.0 -350.0 0.0
430.0 -330.0 0.0
430.0 -310.0 0.0
430.0 -290.0 0.0
430.0 -270.0 0.0
430.0 -250.0 0.0
430.0 -230.0 0.0
430.0 -210.0 0.0
430.0 -190.0 0.0
430.0 -170.0 0.0
430.0 -150.0 0.0
430.0 -130.0 0.0
430.0 -110.0 0.0
430.0 -90.0 0.0
430.0 -70.0 0.0
450.0 -990.0 0.0
450.0 -970.0 5.420000076293945
450.0 -950.0 6.28000020980835
450.0 -930.0 5.840000152587891
450.0 -910.0 6.480000019073486
450.0 -890.0 6.78000020980835
450.0 -870.0 5.559999942779541
450.0 -850.0 5.820000171661377
450.0 -830.0 5.659999847412109
450.0 -810.0 5.820000171661377
450.0 -790.0 5.920000076293945
450.0 -770.0 6.260000228881836
450.0 -750.0 5.800000190734863
450.0 -730.0 5.820000171661377
450.0 -710.0 5.940000057220459
450.0 -690.0 5.820000171661377
450.0 -670.0 5.179999828338623
450.0 -650.0 5.420000076293945
450.0 -630.0 0.0
450.0 -610.0 0.0
450.0 -590.0 0.0
450.0 -570.0 0.0
450.0 -550.0 0.0
450.0 -530.0 0.0
450.0 -510.0 0.0
450.0 -490.0 0.0
450.0 -470.0 0.0
450.0 -450.0 0.0
450.0 -430.0 0.0
450.0 -410.0 0.0
450.0 -390.0 0.0
450.0 -370.0 0.0
450.0 -350.0 0.0
450.0 -330.0 0.0
450.0 -310.0 0.0
450.0 -290.0 0.0
450.0 -270.0 0.0
450.0 -250.0 0.0
450.0 -230.0 0.0
450.0 -210.0 0.0
450.0 -190.0 0.0
450.0 -170.0 0.0
450.0 -150.0 0.0
450.0 -130.0 0.0
450.0 -110.0 0.0
450.0 -90.0 0.0
450.0 -70.0 0.0
470.0 -990.0 0.0
470.0 -970.0 5.519999980926514
470.0 -950.0 6.5
470.0 -930.0 6.340000152587891
470.0 -910.0 5.639999866485596
470.0 -890.0 5.739999771118164
470.0 -870.0 6.579999923706055
470.0 -850.0 6.099999904632568
470.0 -830.0 6.059999942779541
470.0 -810.0 6.039999961853027
470.0 -790.0 6.21999979019165
470.0 -770.0 6.039999961853027
470.0 -750.0 5.960000038146973
470.0 -730.0 5.860000133514404
470.0 -710.0 5.519999980926514
470.0 -690.0 6.199999809265137
470.0 -670.0 5.699999809265137
470.0 -650.0 6.159999847412109
470.0 -630.0 0.0
470.0 -610.0 0.0
470.0 -590.0 0.0
470.0 -570.0 0.0
470.0 -550.0 0.0
470.0 -530.0 0.0
470.0 -510.0 0.0
470.0 -490.0 0.0
470.0 -470.0 0.0
470.0 -450.0 0.0
470.0 -430.0 0.0
470.0 -410.0 0.0
470.0 -390.0 0.0
470.0 -370.0 0.0
470.0 -350.0 0.0
470.0 -330.0 0.0
470.0 -310.0 0.0
470.0 -290.0 0.0
470.0 -270.0 0.0
470.0 -250.0 0.0
470.0 -230.0 0.0
470.0 -210.0 0.0
470.0 -190.0 0.0
470.0 -170.0 0.0
470.0 -150.0 0.0
470.0 -130.0 0.0
470.0 -110.0 0.0
470.0 -90.0 0.0
470.0 -70.0 0.0
490.0 -990.0 0.0
490.0 -970.0 6.099999904632568
490.0 -950.0 5.960000038146973
490.0 -930.0 5.71999979019165
490.0 -910.0 6.159999847412109
490.0 -890.0 6.340000152587891
490.0 -870.0 6.059999942779541
490.0 -850.0 6.0
490.0 -830.0 5.559999942779541
490.0 -810.0 5.980000019073486
490.0 -790.0 6.119999885559082
490.0 -770.0 6.679999828338623
490.0 -750.0 6.21999979019165
490.0 -730.0 6.21999979019165
490.0 -710.0 6.300000190734863
490.0 -690.0 5.860000133514404
490.0 -670.0 6.119999885559082
490.0 -650.0 6.380000114440918
490.0 -630.0 0.0
490.0 -610.0 0.0
490.0 -590.0 0.0
490.0 -570.0 0.0
490.0 -550.0 0.0
490.0 -530.0 0.0
490.0 -510.0 0.0
490.0 -490.0 0.0
490.0 -470.0 0.0
490.0 -450.0 0.0
490.0 -430.0 0.0
490.0 -410.0 0.0
490.0 -390.0 0.0
490.0 -370.0 0.0
490.0 -350.0 0.0
490.0 -330.0 0.0
490.0 -310.0 0.0
490.0 -290.0 0.0
490.0 -270.0 0.0
490.0 -250.0 0.0
490.0 -230.0 0.0
490.0 -210.0 0.0
490.0 -190.0 0.0
490.0 -170.0 0.0
490.0 -150.0 0.0
490.0 -130.0 0.0
490.0 -110.0 0.0
490.0 -90.0 0.0
490.0 -70.0 0.0
510.0 -990.0 0.0
510.0 -970.0 5.739999771118164
510.0 -950.0 6.21999979019165
510.0 -930.0 5.599999904632568
510.0 -910.0 6.599999904632568
510.0 -890.0 6.440000057220459
510.0 -870.0 5.579999923706055
510.0 -850.0 6.739999771118164
510.0 -830.0 5.380000114440918
510.0 -810.0 6.239999771118164
510.0 -790.0 5.800000190734863
510.0 -770.0 6.300000190734863
510.0 -750.0 6.71999979019165
510.0 -730.0 6.119999885559082
510.0 -710.0 6.300000190734863
510.0 -690.0 6.639999866485596
510.0 -670.0 6.179999828338623
510.0 -650.0 5.659999847412109
510.0 -630.0 0.0
510.0 -610.0 0.0
510.0 -590.0 0.0
510.0 -570.0 0.0
510.0 -550.0 0.0
510.0 -530.0 0.0
510.0 -510.0 0.0
510.0 -490.0 0.0
510.0 -470.0 0.0
510.0 -450.0 0.0
510.0 -430.0 0.0
510.0 -410.0 0.0
510.0 -390.0 0.0
510.0 -370.0 0.0
510.0 -350.0 0.0
510.0 -330.0 0.0
510.0 -310.0 0.0
510.0 -290.0 0.0
510.0 -270.0 0.0
510.0 -250.0 0.0
510.0 -230.0 0.0
510.0 -210.0 0.0
510.0 -190.0 0.0
510.0 -170.0 0.0
510.0 -150.0 0.0
510.0 -130.0 0.0
510.0 -110.0 0.0
510.0 -90.0 0.0
510.0 -70.0 0.0
530.0 -990.0 0.0
530.0 -970.0 5.860000133514404
530.0 -950.0 6.300000190734863
530.0 -930.0 6.880000114440918
530.0 -910.0 6.380000114440918
530.0 -890.0 6.059999942779541
530.0 -870.0 5.980000019073486
530.0 -850.0 6.139999866485596
530.0 -830.0 5.539999961853027
530.0 -810.0 6.440000057220459
530.0 -790.0 5.860000133514404
530.0 -770.0 6.440000057220459
530.0 -750.0 6.260000228881836
530.0 -730.0 6.539999961853027
530.0 -710.0 6.460000038146973
530.0 -690.0 6.059999942779541
530.0 -670.0 6.340000152587891
530.0 -650.0 6.559999942779541
530.0 -630.0 6.099999904632568
530.0 -610.0 0.0
530.0 -590.0 0.0
530.0 -570.0 0.0
530.0 -550.0 0.0
530.0 -530.0 0.0
530.0 -510.0 0.0
530.0 -490.0 0.0
530.0 -470.0 0.0
530.0 -450.0 0.0
530.0 -430.0 0.0
530.0 -410.0 0.0
530.0 -390.0 0.0
530.0 -370.0 0.0
530.0 -350.0 0.0
530.0 -330.0 0.0
530.0 -310.0 0.0
530.0 -290.0 0.0
530.0 -270.0 0.0
530.0 -250.0 0.0
530.0 -230.0 0.0
530.0 -210.0 0.0
530.0 -190.0 0.0
530.0 -170.0 0.0
530.0 -150.0 0.0
530.0 -130.0 0.0
530.0 -110.0 0.0
530.0 -90.0 0.0
530.0 -70.0 0.0
550.0 -990.0 0.0
550.0 -970.0 6.239999771118164
550.0 -950.0 6.480000019073486
550.0 -930.0 6.0
550.0 -910.0 6.539999961853027
550.0 -890.0 6.320000171661377
550.0 -870.0 5.860000133514404
550.0 -850.0 6.579999923706055
550.0 -830.0 6.559999942779541
550.0 -810.0 6.21999979019165
550.0 -790.0 6.480000019073486
550.0 -770.0 6.260000228881836
550.0 -750.0 6.800000190734863
550.0 -730.0 6.78000020980835
550.0 -710.0 5.920000076293945
550.0 -690.0 6.119999885559082
550.0 -670.0 6.400000095367432
550.0 -650.0 6.739999771118164
550.0 -630.0 5.840000152587891
550.0 -610.0 0.0
550.0 -590.0 0.0
550.0 -570.0 0.0
550.0 -550.0 0.0
550.0 -530.0 0.0
550.0 -510.0 0.0
550.0 -490.0 0.0
550.0 -470.0 0.0
550.0 -450.0 0.0
550.0 -430.0 0.0
550.0 -410.0 0.0
550.0 -390.0 0.0
550.0 -370.0 0.0
550.0 -350.0 0.0
550.0 -330.0 0.0
550.0 -310.0 0.0
550.0 -290.0 0.0
550.0 -270.0 0.0
550.0 -250.0 0.0
550.0 -230.0 0.0
550.0 -210.0 0.0
550.0 -190.0 0.0
550.0 -170.0 0.0
550.0 -150.0 0.0
550.0 -130.0 0.0
550.0 -110.0 0.0
550.0 -90.0 0.0
550.0 -70.0 0.0
570.0 -990.0 0.0
570.0 -970.0 6.460000038146973
570.0 -950.0 6.360000133514404
570.0 -930.0 6.659999847412109
570.0 -910.0 5.579999923706055
570.0 -890.0 6.420000076293945
570.0 -870.0 6.440000057220459
570.0 -850.0 5.699999809265137
570.0 -830.0 6.21999979019165
570.0 -810.0 6.579999923706055
570.0 -790.0 5.840000152587891
570.0 -770.0 6.28000020980835
570.0 -750.0 6.239999771118164
570.0 -730.0 6.400000095367432
570.0 -710.0 6.099999904632568
570.0 -690.0 6.639999866485596
570.0 -670.0 5.960000038146973
570.0 -650.0 5.980000019073486
570.0 -630.0 6.360000133514404
570.0 -610.0 0.0
570.0 -590.0 0.0
570.0 -570.0 0.0
570.0 -550.0 0.0
570.0 -530.0 0.0
570.0 -510.0 0.0
570.0 -490.0 0.0
570.0 -470.0 0.0
570.0 -450.0 0.0
570.0 -430.0 0.0
570.0 -410.0 0.0
570.0 -390.0 0.0
570.0 -370.0 0.0
570.0 -350.0 0.0
570.0 -330.0 0.0
570.0 -310.0 0.0
570.0 -290.0 0.0
570.0 -270.0 0.0
570.0 -250.0 0.0
570.0 -230.0 0.0
570.0 -210.0 0.0
570.0 -190.0 0.0
570.0 -170.0 0.0
570.0 -150.0 0.0
570.0 -130.0 0.0
570.0 -110.0 0.0
570.0 -90.0 0.0
570.0 -70.0 0.0
590.0 -990.0 0.0
590.0 -970.0 5.860000133514404
590.0 -950.0 6.099999904632568
590.0 -930.0 5.940000057220459
590.0 -910.0 5.860000133514404
590.0 -890.0 5.78000020980835
590.0 -870.0 6.039999961853027
590.0 -850.0 7.019999980926514
590.0 -830.0 6.960000038146973
590.0 -810.0 6.699999809265137
590.0 -790.0 6.440000057220459
590.0 -770.0 6.739999771118164
590.0 -750.0 6.460000038146973
590.0 -730.0 6.239999771118164
590.0 -710.0 6.340000152587891
590.0 -690.0 6.320000171661377
590.0 -670.0 6.420000076293945
590.0 -650.0 6.559999942779541
590.0 -630.0 6.300000190734863
590.0 -610.0 5.699999809265137
590.0 -590.0 0.0
590.0 -570.0 0.0
590.0 -550.0 0.0
590.0 -530.0 0.0
590.0 -510.0 0.0
590.0 -490.0 0.0
590.0 -470.0 0.0
590.0 -450.0 0.0
590.0 -430.0 0.0
590.0 -410.0 0.0
590.0 -390.0 0.0
590.0 -370.0 0.0
590.0 -350.0 0.0
590.0 -330.0 0.0
590.0 -310.0 0.0
590.0 -290.0 0.0
590.0 -270.0 0.0
590.0 -250.0 0.0
590.0 -230.0 0.0
590.0 -210.0 0.0
590.0 -190.0 0.0
590.0 -170.0 0.0
590.0 -150.0 0.0
590.0 -130.0 0.0
590.0 -110.0 0.0
590.0 -90.0 0.0
590.0 -70.0 0.0
610.0 -990.0 0.0
610.0 -970.0 6.239999771118164
610.0 -950.0 5.820000171661377
610.0 -930.0 6.800000190734863
610.0 -910.0 6.659999847412109
610.0 -890.0 6.579999923706055
610.0 -870.0 5.880000114440918
610.0 -850.0 5.980000019073486
610.0 -830.0 5.960000038146973
610.0 -810.0 7.019999980926514
610.0 -790.0 6.760000228881836
610.0 -770.0 6.559999942779541
610.0 -750.0 6.239999771118164
610.0 -730.0 6.440000057220459
610.0 -710.0 6.659999847412109
610.0 -690.0 6.820000171661377
610.0 -670.0 6.21999979019165
610.0 -650.0 6.340000152587891
610.0 -630.0 6.360000133514404
610.0 -610.0 6.139999866485596
610.0 -590.0 0.0
610.0 -570.0 0.0
610.0 -550.0 0.0
610.0 -530.0 0.0
610.0 -510.0 0.0
610.0 -490.0 0.0
610.0 -470.0 0.0
610.0 -450.0 0.0
610.0 -430.0 0.0
610.0 -410.0 0.0
610.0 -390.0 0.0
610.0 -370.0 0.0
610.0 -350.0 0.0
610.0 -330.0 0.0
610.0 -310.0 0.0
610.0 -290.0 0.0
610.0 -270.0 0.0
610.0 -250.0 0.0
610.0 -230.0 0.0
610.0 -210.0 0.0
610.0 -190.0 0.0
610.0 -170.0 0.0
610.0 -150.0 0.0
610.0 -130.0 0.0
610.0 -110.0 0.0
610.0 -90.0 0.0
610.0 -70.0 0.0
630.0 -990.0 0.0
630.0 -970.0 6.320000171661377
630.0 -950.0 6.019999980926514
630.0 -930.0 6.619999885559082
630.0 -910.0 6.360000133514404
630.0 -890.0 6.400000095367432
630.0 -870.0 6.400000095367432
630.0 -850.0 6.800000190734863
630.0 -830.0 6.260000228881836
630.0 -810.0 6.320000171661377
630.0 -790.0 7.0
630.0 -770.0 5.900000095367432
630.0 -750.0 6.5
630.0 -730.0 6.260000228881836
630.0 -710.0 6.460000038146973
630.0 -690.0 6.619999885559082
630.0 -670.0 6.360000133514404
630.0 -650.0 6.960000038146973
630.0 -630.0 6.460000038146973
630.0 -610.0 6.420000076293945
630.0 -590.0 6.199999809265137
630.0 -570.0 0.0
630.0 -550.0 0.0
630.0 -530.0 0.0
630.0 -510.0 0.0
630.0 -490.0 0.0
630.0 -470.0 0.0
630.0 -450.0 0.0
630.0 -430.0 0.0
630.0 -410.0 0.0
630.0 -390.0 0.0
630.0 -370.0 0.0
630.0 -350.0 0.0
630.0 -330.0 0.0
630.0 -310.0 0.0
630.0 -290.0 0.0
630.0 -270.0 0.0
630.0 -250.0 0.0
630.0 -230.0 0.0
630.0 -210.0 0.0
630.0 -190.0 0.0
630.0 -170.0 0.0
630.0 -150.0 0.0
630.0 -130.0 0.0
630.0 -110.0 0.0
630.0 -90.0 0.0
630.0 -70.0 0.0
650.0 -990.0 0.0
650.0 -970.0 6.559999942779541
650.0 -950.0 6.320000171661377
650.0 -930.0 6.059999942779541
650.0 -910.0 6.679999828338623
650.0 -890.0 6.559999942779541
650.0 -870.0 6.099999904632568
650.0 -850.0 6.099999904632568
650.0 -830.0 6.619999885559082
650.0 -810.0 6.239999771118164
650.0 -790.0 6.340000152587891
650.0 -770.0 6.5
650.0 -750.0 6.340000152587891
650.0 -730.0 6.559999942779541
650.0 -710.0 6.980000019073486
650.0 -690.0 6.639999866485596
650.0 -670.0 6.320000171661377
650.0 -650.0 6.699999809265137
650.0 -630.0 6.559999942779541
650.0 -610.0 6.340000152587891
650.0 -590.0 6.400000095367432
650.0 -570.0 0.0
650.0 -550.0 0.0
650.0 -530.0 0.0
650.0 -510.0 0.0
650.0 -490.0 0.0
650.0 -470.0 0.0
650.0 -450.0 0.0
650.0 -430.0 0.0
650.0 -410.0 0.0
650.0 -390.0 0.0
650.0 -370.0 0.0
650.0 -350.0 0.0
650.0 -330.0 0.0
650.0 -310.0 0.0
650.0 -290.0 0.0
650.0 -270.0 0.0
650.0 -250.0 0.0
650.0 -230.0 0.0
650.0 -210.0 0.0
650.0 -190.0 0.0
650.0 -170.0 0.0
650.0 -150.0 0.0
650.0 -130.0 0.0
650.0 -110.0 0.0
650.0 -90.0 0.0
650.0 -70.0 0.0
670.0 -990.0 0.0
670.0 -970.0 5.960000038146973
670.0 -950.0 6.619999885559082
670.0 -930.0 7.119999885559082
670.0 -910.0 6.159999847412109
670.0 -890.0 6.480000019073486
670.0 -870.0 6.400000095367432
670.0 -850.0 6.539999961853027
670.0 -830.0 6.28000020980835
670.0 -810.0 6.71999979019165
670.0 -790.0 6.340000152587891
670.0 -770.0 6.5
670.0 -750.0 6.28000020980835
670.0 -730.0 6.119999885559082
670.0 -710.0 6.78000020980835
670.0 -690.0 6.920000076293945
670.0 -670.0 6.159999847412109
670.0 -650.0 7.059999942779541
670.0 -630.0 7.21999979019165
670.0 -610.0 6.519999980926514
670.0 -590.0 6.199999809265137
670.0 -570.0 0.0
670.0 -550.0 0.0
670.0 -530.0 0.0
670.0 -510.0 0.0
670.0 -490.0 0.0
670.0 -470.0 0.0
670.0 -450.0 0.0
670.0 -430.0 0.0
670.0 -410.0 0.0
670.0 -390.0 0.0
670.0 -370.0 0.0
670.0 -350.0 0.0
670.0 -330.0 0.0
670.0 -310.0 0.0
670.0 -290.0 0.0
670.0 -270.0 0.0
670.0 -250.0 0.0
670.0 -230.0 0.0
670.0 -210.0 0.0
670.0 -190.0 0.0
670.0 -170.0 0.0
670.0 -150.0 0.0
670.0 -130.0 0.0
670.0 -110.0 0.0
670.0 -90.0 0.0
670.0 -70.0 0.0
690.0 -990.0 0.0
690.0 -970.0 5.739999771118164
690.0 -950.0 6.619999885559082
690.0 -930.0 7.0
690.0 -910.0 6.619999885559082
690.0 -890.0 7.059999942779541
690.0 -870.0 6.619999885559082
690.0 -850.0 6.579999923706055
690.0 -830.0 7.380000114440918
690.0 -810.0 6.21999979019165
690.0 -790.0 5.760000228881836
690.0 -770.0 6.940000057220459
690.0 -750.0 6.679999828338623
690.0 -730.0 6.659999847412109
690.0 -710.0 6.440000057220459
690.0 -690.0 6.78000020980835
690.0 -670.0 6.400000095367432
690.0 -650.0 6.980000019073486
690.0 -630.0 6.71999979019165
690.0 -610.0 6.360000133514404
690.0 -590.0 6.320000171661377
690.0 -570.0 6.559999942779541
690.0 -550.0 0.0
690.0 -530.0 0.0
690.0 -510.0 0.0
690.0 -490.0 0.0
690.0 -470.0 0.0
690.0 -450.0 0.0
690.0 -430.0 0.0
690.0 -410.0 0.0
690.0 -390.0 0.0
690.0 -370.0 0.0
690.0 -350.0 0.0
690.0 -330.0 0.0
690.0 -310.0 0.0
690.0 -290.0 0.0
690.0 -270.0 0.0
690.0 -250.0 0.0
690.0 -230.0 0.0
690.0 -210.0 0.0
690.0 -190.0 0.0
690.0 -170.0 0.0
690.0 -150.0 0.0
690.0 -130.0 0.0
690.0 -110.0 0.0
690.0 -90.0 0.0
690.0 -70.0 0.0
710.0 -990.0 0.0
710.0 -970.0 6.619999885559082
710.0 -950.0 6.960000038146973
710.0 -930.0 6.619999885559082
710.0 -910.0 5.860000133514404
710.0 -890.0 6.440000057220459
710.0 -870.0 6.599999904632568
710.0 -850.0 6.260000228881836
710.0 -830.0 6.260000228881836
710.0 -810.0 6.300000190734863
710.0 -790.0 6.900000095367432
710.0 -770.0 6.900000095367432
710.0 -750.0 6.71999979019165
710.0 -730.0 6.659999847412109
710.0 -710.0 6.460000038146973
710.0 -690.0 6.260000228881836
710.0 -670.0 7.420000076293945
710.0 -650.0 6.360000133514404
710.0 -630.0 7.21999979019165
710.0 -610.0 6.019999980926514
710.0 -590.0 6.019999980926514
710.0 -570.0 6.940000057220459
710.0 -550.0 0.0
710.0 -530.0 0.0
710.0 -510.0 0.0
710.0 -490.0 0.0
710.0 -470.0 0.0
710.0 -450.0 0.0
710.0 -430.0 0.0
710.0 -410.0 0.0
710.0 -390.0 0.0
710.0 -370.0 0.0
710.0 -350.0 0.0
710.0 -330.0 0.0
710.0 -310.0 0.0
710.0 -290.0 0.0
710.0 -270.0 0.0
710.0 -250.0 0.0
710.0 -230.0 0.0
710.0 -210.0 0.0
710.0 -190.0 0.0
710.0 -170.0 0.0
710.0 -150.0 0.0
710.0 -130.0 0.0
710.0 -110.0 0.0
710.0 -90.0 0.0
710.0 -70.0 0.0
730.0 -990.0 0.0
730.0 -970.0 7.28000020980835
730.0 -950.0 6.880000114440918
730.0 -930.0 6.380000114440918
730.0 -910.0 7.420000076293945
730.0 -890.0 6.78000020980835
730.0 -870.0 6.28000020980835
730.0 -850.0 6.400000095367432
730.0 -830.0 6.340000152587891
730.0 -810.0 6.519999980926514
730.0 -790.0 6.420000076293945
730.0 -770.0 6.159999847412109
730.0 -750.0 6.0
730.0 -730.0 6.840000152587891
730.0 -710.0 6.800000190734863
730.0 -690.0 6.480000019073486
730.0 -670.0 6.940000057220459
730.0 -650.0 7.519999980926514
730.0 -630.0 6.739999771118164
730.0 -610.0 6.940000057220459
730.0 -590.0 6.360000133514404
730.0 -570.0 5.940000057220459
730.0 -550.0 6.960000038146973
730.0 -530.0 0.0
730.0 -510.0 0.0
730.0 -490.0 0.0
730.0 -470.0 0.0
730.0 -450.0 0.0
730.0 -430.0 0.0
730.0 -410.0 0.0
730.0 -390.0 0.0
730.0 -370.0 0.0
730.0 -350.0 0.0
730.0 -330.0 0.0
730.0 -310.0 0.0
730.0 -290.0 0.0
730.0 -270.0 0.0
730.0 -250.0 0.0
730.0 -230.0 0.0
730.0 -210.0 0.0
730.0 -190.0 0.0
730.0 -170.0 0.0
730.0 -150.0 0.0
730.0 -130.0 0.0
730.0 -110.0 0.0
730.0 -90.0 0.0
730.0 -70.0 0.0
750.0 -990.0 0.0
750.0 -970.0 7.099999904632568
750.0 -950.0 6.840000152587891
750.0 -930.0 6.440000057220459
750.0 -910.0 6.920000076293945
750.0 -890.0 6.199999809265137
750.0 -870.0 6.820000171661377
750.0 -850.0 6.820000171661377
750.0 -830.0 6.820000171661377
750.0 -810.0 6.840000152587891
750.0 -790.0 6.400000095367432
750.0 -770.0 7.099999904632568
750.0 -750.0 6.619999885559082
750.0 -730.0 6.300000190734863
750.0 -710.0 7.21999979019165
750.0 -690.0 7.0
750.0 -670.0 6.800000190734863
750.0 -650.0 7.099999904632568
750.0 -630.0 6.820000171661377
750.0 -610.0 6.840000152587891
750.0 -590.0 6.900000095367432
750.0 -570.0 7.059999942779541
750.0 -550.0 6.639999866485596
750.0 -530.0 0.0
750.0 -510.0 0.0
750.0 -490.0 0.0
750.0 -470.0 0.0
750.0 -450.0 0.0
750.0 -430.0 0.0
750.0 -410.0 0.0
750.0 -390.0 0.0
750.0 -370.0 0.0
750.0 -350.0 0.0
750.0 -330.0 0.0
750.0 -310.0 0.0
750.0 -290.0 0.0
750.0 -270.0 0.0
750.0 -250.0 0.0
750.0 -230.0 0.0
750.0 -210.0 0.0
750.0 -190.0 0.0
750.0 -170.0 0.0
750.0 -150.0 0.0
750.0 -130.0 0.0
750.0 -110.0 0.0
750.0 -90.0 0.0
750.0 -70.0 0.0
770.0 -990.0 0.0
770.0 -970.0 7.079999923706055
770.0 -950.0 6.880000114440918
770.0 -930.0 6.579999923706055
770.0 -910.0 6.400000095367432
770.0 -890.0 6.28000020980835
770.0 -870.0 6.940000057220459
770.0 -850.0 6.099999904632568
770.0 -830.0 6.699999809265137
770.0 -810.0 6.659999847412109
770.0 -790.0 6.800000190734863
770.0 -770.0 6.71999979019165
770.0 -750.0 6.039999961853027
770.0 -730.0 7.0
770.0 -710.0 6.059999942779541
770.0 -690.0 6.460000038146973
770.0 -670.0 6.900000095367432
770.0 -650.0 6.639999866485596
770.0 -630.0 6.699999809265137
770.0 -610.0 6.699999809265137
770.0 -590.0 6.78000020980835
770.0 -570.0 6.800000190734863
770.0 -550.0 6.539999961853027
770.0 -530.0 6.0
770.0 -510.0 0.0
770.0 -490.0 0.0
770.0 -470.0 0.0
770.0 -450.0 0.0
770.0 -430.0 0.0
770.0 -410.0 0.0
770.0 -390.0 0.0
770.0 -370.0 0.0
770.0 -350.0 0.0
770.0 -330.0 0.0
770.0 -310.0 0.0
770.0 -290.0 0.0
770.0 -270.0 0.0
770.0 -250.0 0.0
770.0 -230.0 0.0
770.0 -210.0 0.0
770.0 -190.0 0.0
770.0 -170.0 0.0
770.0 -150.0 0.0
770.0 -130.0 0.0
770.0 -110.0 0.0
770.0 -90.0 0.0
770.0 -70.0 0.0
790.0 -990.0 0.0
790.0 -970.0 6.400000095367432
790.0 -950.0 7.139999866485596
790.0 -930.0 7.079999923706055
790.0 -910.0 6.480000019073486
790.0 -890.0 6.440000057220459
790.0 -870.0 6.539999961853027
790.0 -850.0 6.559999942779541
790.0 -830.0 6.78000020980835
790.0 -810.0 7.5
790.0 -790.0 5.880000114440918
790.0 -770.0 6.880000114440918
790.0 -750.0 7.420000076293945
790.0 -730.0 6.599999904632568
790.0 -710.0 7.0
790.0 -690.0 6.400000095367432
790.0 -670.0 6.28000020980835
790.0 -650.0 7.019999980926514
790.0 -630.0 6.699999809265137
790.0 -610.0 6.800000190734863
790.0 -590.0 6.900000095367432
790.0 -570.0 6.639999866485596
790.0 -550.0 7.059999942779541
790.0 -530.0 7.260000228881836
790.0 -510.0 6.78000020980835
790.0 -490.0 0.0
790.0 -470.0 0.0
790.0 -450.0 0.0
790.0 -430.0 0.0
790.0 -410.0 0.0
790.0 -390.0 0.0
790.0 -370.0 0.0
790.0 -350.0 0.0
790.0 -330.0 0.0
790.0 -310.0 0.0
790.0 -290.0 0.0
790.0 -270.0 0.0
790.0 -250.0 0.0
790.0 -230.0 0.0
790.0 -210.0 0.0
790.0 -190.0 0.0
790.0 -170.0 0.0
790.0 -150.0 0.0
790.0 -130.0 0.0
790.0 -110.0 0.0
790.0 -90.0 0.0
790.0 -70.0 0.0
810.0 -990.0 0.0
810.0 -970.0 6.639999866485596
810.0 -950.0 6.5
810.0 -930.0 6.699999809265137
810.0 -910.0 6.940000057220459
810.0 -890.0 6.960000038146973
810.0 -870.0 7.019999980926514
810.0 -850.0 6.840000152587891
810.0 -830.0 7.28000020980835
810.0 -810.0 6.800000190734863
810.0 -790.0 6.820000171661377
810.0 -770.0 6.739999771118164
810.0 -750.0 6.599999904632568
810.0 -730.0 7.119999885559082
810.0 -710.0 7.039999961853027
810.0 -690.0 6.480000019073486
810.0 -670.0 6.119999885559082
810.0 -650.0 6.28000020980835
810.0 -630.0 6.679999828338623
810.0 -610.0 7.019999980926514
810.0 -590.0 6.739999771118164
810.0 -570.0 6.980000019073486
810.0 -550.0 6.119999885559082
810.0 -530.0 6.739999771118164
810.0 -510.0 6.679999828338623
810.0 -490.0 0.0
810.0 -470.0 0.0
810.0 -450.0 0.0
810.0 -430.0 0.0
810.0 -410.0 0.0
810.0 -390.0 0.0
810.0 -370.0 0.0
810.0 -350.0 0.0
810.0 -330.0 0.0
810.0 -310.0 0.0
810.0 -290.0 0.0
810.0 -270.0 0.0
810.0 -250.0 0.0
810.0 -230.0 0.0
810.0 -210.0 0.0
810.0 -190.0 0.0
810.0 -170.0 0.0
810.0 -150.0 0.0
810.0 -130.0 0.0
810.0 -110.0 0.0
810.0 -90.0 0.0
810.0 -70.0 0.0
830.0 -990.0 0.0
830.0 -970.0 6.679999828338623
830.0 -950.0 7.579999923706055
830.0 -930.0 6.760000228881836
830.0 -910.0 6.840000152587891
830.0 -890.0 6.420000076293945
830.0 -870.0 6.539999961853027
830.0 -850.0 6.639999866485596
830.0 -830.0 6.579999923706055
830.0 -810.0 6.5
830.0 -790.0 7.099999904632568
830.0 -770.0 7.099999904632568
830.0 -750.0 5.840000152587891
830.0 -730.0 6.619999885559082
830.0 -710.0 7.0
830.0 -690.0 6.159999847412109
830.0 -670.0 6.980000019073486
830.0 -650.0 6.179999828338623
830.0 -630.0 6.440000057220459
830.0 -610.0 7.460000038146973
830.0 -590.0 6.880000114440918
830.0 -570.0 6.440000057220459
830.0 -550.0 6.619999885559082
830.0 -530.0 6.239999771118164
830.0 -510.0 7.159999847412109
830.0 -490.0 7.139999866485596
830.0 -470.0 0.0
830.0 -450.0 0.0
830.0 -430.0 0.0
830.0 -410.0 0.0
830.0 -390.0 0.0
830.0 -370.0 0.0
830.0 -350.0 0.0
830.0 -330.0 0.0
830.0 -310.0 0.0
830.0 -290.0 0.0
830.0 -270.0 0.0
830.0 -250.0 0.0
830.0 -230.0 0.0
830.0 -210.0 0.0
830.0 -190.0 0.0
830.0 -170.0 0.0
830.0 -150.0 0.0
830.0 -130.0 0.0
830.0 -110.0 0.0
830.0 -90.0 0.0
830.0 -70.0 0.0
850.0 -990.0 0.0
850.0 -970.0 7.420000076293945
850.0 -950.0 6.940000057220459
850.0 -930.0 6.199999809265137
850.0 -910.0 6.5
850.0 -890.0 7.019999980926514
850.0 -870.0 6.539999961853027
850.0 -850.0 6.5
850.0 -830.0 7.179999828338623
850.0 -810.0 6.920000076293945
850.0 -790.0 6.980000019073486
850.0 -770.0 6.320000171661377
850.0 -750.0 6.940000057220459
850.0 -730.0 7.320000171661377
850.0 -710.0 6.699999809265137
850.0 -690.0 6.960000038146973
850.0 -670.0 7.340000152587891
850.0 -650.0 6.639999866485596
850.0 -630.0 7.139999866485596
850.0 -610.0 6.920000076293945
850.0 -590.0 6.900000095367432
850.0 -570.0 6.960000038146973
850.0 -550.0 7.059999942779541
850.0 -530.0 7.659999847412109
850.0 -510.0 6.5
850.0 -490.0 6.760000228881836
850.0 -470.0 7.320000171661377
850.0 -450.0 0.0
850.0 -430.0 0.0
850.0 -410.0 0.0
850.0 -390.0 0.0
850.0 -370.0 0.0
850.0 -350.0 0.0
850.0 -330.0 0.0
850.0 -310.0 0.0
850.0 -290.0 0.0
850.0 -270.0 0.0
850.0 -250.0 0.0
850.0 -230.0 0.0
850.0 -210.0 0.0
850.0 -190.0 0.0
850.0 -170.0 0.0
850.0 -150.0 0.0
850.0 -130.0 0.0
850.0 -110.0 0.0
850.0 -90.0 0.0
850.0 -70.0 0.0
870.0 -990.0 0.0
870.0 -970.0 6.679999828338623
870.0 -950.0 7.400000095367432
870.0 -930.0 7.199999809265137
870.0 -910.0 6.840000152587891
870.0 -890.0 7.440000057220459
870.0 -870.0 7.460000038146973
870.0 -850.0 6.980000019073486
870.0 -830.0 6.920000076293945
870.0 -810.0 7.420000076293945
870.0 -790.0 7.659999847412109
870.0 -770.0 6.800000190734863
870.0 -750.0 7.239999771118164
870.0 -730.0 7.320000171661377
870.0 -710.0 6.880000114440918
870.0 -690.0 7.380000114440918
870.0 -670.0 7.659999847412109
870.0 -650.0 6.860000133514404
870.0 -630.0 7.400000095367432
870.0 -610.0 7.300000190734863
870.0 -590.0 6.78000020980835
870.0 -570.0 6.920000076293945
870.0 -550.0 6.940000057220459
870.0 -530.0 6.679999828338623
870.0 -510.0 7.179999828338623
870.0 -490.0 6.78000020980835
870.0 -470.0 7.099999904632568
870.0 -450.0 7.340000152587891
870.0 -430.0 0.0
870.0 -410.0 0.0
870.0 -390.0 0.0
870.0 -370.0 0.0
870.0 -350.0 0.0
870.0 -330.0 0.0
870.0 -310.0 0.0
870.0 -290.0 0.0
870.0 -270.0 0.0
870.0 -250.0 0.0
870.0 -230.0 0.0
870.0 -210.0 0.0
870.0 -190.0 0.0
870.0 -170.0 0.0
870.0 -150.0 0.0
870.0 -130.0 0.0
870.0 -110.0 0.0
870.0 -90.0 0.0
870.0 -70.0 0.0
890.0 -990.0 0.0
890.0 -970.0 6.440000057220459
890.0 -950.0 7.440000057220459
890.0 -930.0 6.820000171661377
890.0 -910.0 6.980000019073486
890.0 -890.0 6.539999961853027
890.0 -870.0 7.119999885559082
890.0 -850.0 7.260000228881836
890.0 -830.0 7.300000190734863
890.0 -810.0 7.019999980926514
890.0 -790.0 6.980000019073486
890.0 -770.0 7.860000133514404
890.0 -750.0 6.679999828338623
890.0 -730.0 6.840000152587891
890.0 -710.0 7.400000095367432
890.0 -690.0 6.699999809265137
890.0 -670.0 6.619999885559082
890.0 -650.0 6.739999771118164
890.0 -630.0 6.400000095367432
890.0 -610.0 6.820000171661377
890.0 -590.0 6.380000114440918
890.0 -570.0 7.760000228881836
890.0 -550.0 6.860000133514404
890.0 -530.0 7.0
890.0 -510.0 7.659999847412109
890.0 -490.0 7.300000190734863
890.0 -470.0 7.159999847412109
890.0 -450.0 6.5
890.0 -430.0 7.340000152587891
890.0 -410.0 0.0
890.0 -390.0 0.0
890.0 -370.0 0.0
890.0 -350.0 0.0
890.0 -330.0 0.0
890.0 -310.0 0.0
890.0 -290.0 0.0
890.0 -270.0 0.0
890.0 -250.0 0.0
890.0 -230.0 0.0
890.0 -210.0 0.0
890.0 -190.0 0.0
890.0 -170.0 0.0
890.0 -150.0 0.0
890.0 -130.0 0.0
890.0 -110.0 0.0
890.0 -90.0 0.0
890.0 -70.0 0.0
910.0 -990.0 0.0
910.0 -970.0 7.039999961853027
910.0 -950.0 7.039999961853027
910.0 -930.0 7.739999771118164
910.0 -910.0 6.880000114440918
910.0 -890.0 6.71999979019165
910.0 -870.0 7.599999904632568
910.0 -850.0 7.139999866485596
910.0 -830.0 6.760000228881836
910.0 -810.0 6.679999828338623
910.0 -790.0 7.5
910.0 -770.0 6.559999942779541
910.0 -750.0 6.840000152587891
910.0 -730.0 7.039999961853027
910.0 -710.0 6.78000020980835
910.0 -690.0 7.159999847412109
910.0 -670.0 7.579999923706055
910.0 -650.0 6.760000228881836
910.0 -630.0 6.699999809265137
910.0 -610.0 6.980000019073486
910.0 -590.0 6.639999866485596
910.0 -570.0 6.940000057220459
910.0 -550.0 7.059999942779541
910.0 -530.0 7.159999847412109
910.0 -510.0 7.519999980926514
910.0 -490.0 6.619999885559082
910.0 -470.0 7.78000020980835
910.0 -450.0 7.159999847412109
910.0 -430.0 7.079999923706055
910.0 -410.0 8.039999961853027
910.0 -390.0 7.659999847412109
910.0 -370.0 0.0
910.0 -350.0 0.0
910.0 -330.0 0.0
910.0 -310.0 0.0
910.0 -290.0 0.0
910.0 -270.0 0.0
910.0 -250.0 0.0
910.0 -230.0 0.0
910.0 -210.0 0.0
910.0 -190.0 0.0
910.0 -170.0 0.0
910.0 -150.0 0.0
910.0 -130.0 0.0
910.0 -110.0 0.0
910.0 -90.0 0.0
910.0 -70.0 0.0
930.0 -990.0 0.0
930.0 -970.0 6.320000171661377
930.0 -950.0 7.0
930.0 -930.0 6.619999885559082
930.0 -910.0 7.179999828338623
930.0 -890.0 6.539999961853027
930.0 -870.0 7.340000152587891
930.0 -850.0 6.800000190734863
930.0 -830.0 7.059999942779541
930.0 -810.0 7.400000095367432
930.0 -790.0 6.920000076293945
930.0 -770.0 6.860000133514404
930.0 -750.0 7.079999923706055
930.0 -730.0 7.059999942779541
930.0 -710.0 6.760000228881836
930.0 -690.0 7.21999979019165
930.0 -670.0 7.239999771118164
930.0 -650.0 6.659999847412109
930.0 -630.0 7.699999809265137
930.0 -610.0 6.78000020980835
930.0 -590.0 6.860000133514404
930.0 -570.0 6.739999771118164
930.0 -550.0 7.619999885559082
930.0 -530.0 7.480000019073486
930.0 -510.0 7.519999980926514
930.0 -490.0 6.980000019073486
930.0 -470.0 7.300000190734863
930.0 -450.0 7.099999904632568
930.0 -430.0 7.579999923706055
930.0 -410.0 7.480000019073486
930.0 -390.0 6.860000133514404
930.0 -370.0 7.480000019073486
930.0 -350.0 7.139999866485596
930.0 -330.0 0.0
930.0 -310.0 0.0
930.0 -290.0 0.0
930.0 -270.0 0.0
930.0 -250.0 0.0
930.0 -230.0 0.0
930.0 -210.0 0.0
930.0 -190.0 0.0
930.0 -170.0 0.0
930.0 -150.0 0.0
930.0 -130.0 0.0
930.0 -110.0 0.0
930.0 -90.0 0.0
930.0 -70.0 0.0
950.0 -990.0 0.0
950.0 -970.0 7.320000171661377
950.0 -950.0 7.239999771118164
950.0 -930.0 7.460000038146973
950.0 -910.0 7.340000152587891
950.0 -890.0 7.119999885559082
950.0 -870.0 6.980000019073486
950.0 -850.0 6.880000114440918
950.0 -830.0 6.440000057220459
950.0 -810.0 6.639999866485596
950.0 -790.0 6.5
950.0 -770.0 6.940000057220459
950.0 -750.0 7.28000020980835
950.0 -730.0 6.539999961853027
950.0 -710.0 7.539999961853027
950.0 -690.0 6.440000057220459
950.0 -670.0 7.179999828338623
950.0 -650.0 6.420000076293945
950.0 -630.0 6.739999771118164
950.0 -610.0 6.639999866485596
950.0 -590.0 7.139999866485596
950.0 -570.0 7.739999771118164
950.0 -550.0 7.539999961853027
950.0 -530.0 6.420000076293945
950.0 -510.0 6.619999885559082
950.0 -490.0 7.380000114440918
950.0 -470.0 7.28000020980835
950.0 -450.0 6.980000019073486
950.0 -430.0 7.940000057220459
950.0 -410.0 7.380000114440918
950.0 -390.0 7.28000020980835
950.0 -370.0 6.579999923706055
950.0 -350.0 6.980000019073486
950.0 -330.0 7.0
950.0 -310.0 7.340000152587891
950.0 -290.0 7.579999923706055
950.0 -270.0 0.0
950.0 -250.0 0.0
950.0 -230.0 0.0
950.0 -210.0 0.0
950.0 -190.0 0.0
950.0 -170.0 0.0
950.0 -150.0 0.0
950.0 -130.0 0.0
950.0 -110.0 0.0
950.0 -90.0 0.0
950.0 -70.0 0.0
970.0 -990.0 0.0
970.0 -970.0 0.0
970.0 -950.0 0.0
970.0 -930.0 0.0
970.0 -910.0 0.0
970.0 -890.0 0.0
970.0 -870.0 0.0
970.0 -850.0 0.0
970.0 -830.0 0.0
970.0 -810.0 0.0
970.0 -790.0 0.0
970.0 -770.0 0.0
970.0 -750.0 0.0
970.0 -730.0 0.0
970.0 -710.0 0.0
970.0 -690.0 0.0
970.0 -670.0 0.0
970.0 -650.0 0.0
970.0 -630.0 0.0
970.0 -610.0 0.0
970.0 -590.0 0.0
970.0 -570.0 0.0
970.0 -550.0 0.0
970.0 -530.0 0.0
970.0 -510.0 0.0
970.0 -490.0 0.0
970.0 -470.0 0.0
970.0 -450.0 0.0
970.0 -430.0 0.0
970.0 -410.0 0.0
970.0 -390.0 0.0
970.0 -370.0 0.0
970.0 -350.0 0.0
970.0 -330.0 0.0
970.0 -310.0 0.0
970.0 -290.0 0.0
970.0 -270.0 0.0
970.0 -250.0 0.0
970.0 -230.0 0.0
970.0 -210.0 0.0
970.0 -190.0 0.0
970.0 -170.0 0.0
970.0 -150.0 0.0
970.0 -130.0 0.0
970.0 -110.0 0.0
970.0 -90.0 0.0
970.0 -70.0 0.0
