bin_low 	 bin_high 	 weight 
0.0 	 5.0 	 0.0 
5.0 	 10.0 	 3.005074631801108e-06 
10.0 	 15.0 	 5.9099806094309315e-05 
15.0 	 20.0 	 0.00011920128599740565 
20.0 	 25.0 	 0.00014925203868187964 
25.0 	 30.0 	 0.0001232080685440451 
30.0 	 35.0 	 0.00021937044220976532 
35.0 	 40.0 	 0.0002033433847827837 
40.0 	 45.0 	 0.0003315599460620433 
45.0 	 50.0 	 0.0004116952477488667 
50.0 	 55.0 	 0.0005078576505184174 
55.0 	 60.0 	 0.0007352416287176311 
60.0 	 65.0 	 0.0008915055077522993 
65.0 	 70.0 	 0.001103864167816937 
70.0 	 75.0 	 0.0012781583936885 
75.0 	 80.0 	 0.001426408882252872 
80.0 	 85.0 	 0.0016097184270620346 
85.0 	 90.0 	 0.001575661008246243 
90.0 	 95.0 	 0.0017219079891219735 
95.0 	 100.0 	 0.001682841801084578 
100.0 	 105.0 	 0.0016397691797465086 
105.0 	 110.0 	 0.001621738658286631 
110.0 	 115.0 	 0.001472486648708582 
115.0 	 120.0 	 0.0012831671629101038 
120.0 	 125.0 	 0.001119891181588173 
125.0 	 130.0 	 0.001006699982099235 
130.0 	 135.0 	 0.0007963448879308999 
135.0 	 140.0 	 0.0007071942090988159 
140.0 	 145.0 	 0.0005639523733407259 
145.0 	 150.0 	 0.00039767156704328954 
150.0 	 155.0 	 0.0003035125555470586 
155.0 	 160.0 	 0.00023940429673530161 
160.0 	 165.0 	 0.00014524528523907065 
165.0 	 170.0 	 0.00010117085184901953 
170.0 	 175.0 	 9.215561294695362e-05 
175.0 	 180.0 	 8.01353162387386e-05 
180.0 	 185.0 	 8.113701915135607e-05 
185.0 	 190.0 	 7.813194679329172e-05 
190.0 	 195.0 	 4.908288974547759e-05 
195.0 	 200.0 	 5.70964184589684e-05 
200.0 	 205.0 	 4.607781011145562e-05 
205.0 	 210.0 	 6.310656317509711e-05 
210.0 	 215.0 	 5.008458174415864e-05 
215.0 	 220.0 	 4.2071042116731405e-05 
220.0 	 225.0 	 3.8064277759986e-05 
225.0 	 230.0 	 3.606089376262389e-05 
230.0 	 235.0 	 3.4057509765261784e-05 
235.0 	 240.0 	 3.7062585761304945e-05 
240.0 	 245.0 	 4.908288974547759e-05 
245.0 	 250.0 	 3.5059205401921645e-05 
250.0 	 255.0 	 5.108627010486089e-05 
255.0 	 260.0 	 4.0067661757348105e-05 
260.0 	 265.0 	 5.8098110457649454e-05 
265.0 	 270.0 	 4.707950211013667e-05 
270.0 	 275.0 	 5.30896577402018e-05 
275.0 	 280.0 	 5.0084574468201026e-05 
280.0 	 285.0 	 4.908288974547759e-05 
285.0 	 290.0 	 5.208796210354194e-05 
290.0 	 295.0 	 5.9099806094309315e-05 
295.0 	 300.0 	 6.611165008507669e-05 
300.0 	 305.0 	 5.6094730098266155e-05 
305.0 	 310.0 	 6.0101490817032754e-05 
310.0 	 315.0 	 6.0101490817032754e-05 
315.0 	 320.0 	 6.711333116982132e-05 
320.0 	 325.0 	 5.0084574468201026e-05 
325.0 	 330.0 	 6.010149809299037e-05 
330.0 	 335.0 	 6.410825881175697e-05 
335.0 	 340.0 	 6.711333116982132e-05 
340.0 	 345.0 	 4.8081194108817726e-05 
345.0 	 350.0 	 6.210487481439486e-05 
350.0 	 355.0 	 7.312348316190764e-05 
355.0 	 360.0 	 5.409134246292524e-05 
360.0 	 365.0 	 7.21217948012054e-05 
365.0 	 370.0 	 6.711333116982132e-05 
370.0 	 375.0 	 5.50930380995851e-05 
375.0 	 380.0 	 7.112009916454554e-05 
380.0 	 385.0 	 6.811501953052357e-05 
385.0 	 390.0 	 7.212178752524778e-05 
390.0 	 395.0 	 7.011841080384329e-05 
395.0 	 400.0 	 7.011841080384329e-05 
400.0 	 405.0 	 7.913363515399396e-05 
405.0 	 410.0 	 8.113701915135607e-05 
410.0 	 415.0 	 7.713025115663186e-05 
415.0 	 420.0 	 9.415900422027335e-05 
420.0 	 425.0 	 4.106935375602916e-05 
425.0 	 430.0 	 0.00010016916348831728 
430.0 	 435.0 	 6.410825881175697e-05 
435.0 	 440.0 	 8.51437944220379e-05 
440.0 	 445.0 	 6.711333116982132e-05 
445.0 	 450.0 	 6.410825881175697e-05 
450.0 	 455.0 	 7.312348316190764e-05 
455.0 	 460.0 	 8.314040314871818e-05 
460.0 	 465.0 	 7.112009916454554e-05 
465.0 	 470.0 	 5.70964184589684e-05 
470.0 	 475.0 	 6.510995444841683e-05 
475.0 	 480.0 	 8.414209878537804e-05 
480.0 	 485.0 	 7.112009916454554e-05 
485.0 	 490.0 	 6.110318645369262e-05 
490.0 	 495.0 	 6.811501953052357e-05 
495.0 	 500.0 	 6.911671516718343e-05 
500.0 	 505.0 	 6.611165008507669e-05 
505.0 	 510.0 	 7.6128555519972e-05 
510.0 	 515.0 	 5.8098110457649454e-05 
515.0 	 520.0 	 5.609472282230854e-05 
520.0 	 525.0 	 6.611165008507669e-05 
525.0 	 530.0 	 5.50930380995851e-05 
530.0 	 535.0 	 5.709642209694721e-05 
535.0 	 540.0 	 4.307273411541246e-05 
540.0 	 545.0 	 4.106935375602916e-05 
545.0 	 550.0 	 3.60608974006027e-05 
550.0 	 555.0 	 4.407442975207232e-05 
555.0 	 560.0 	 3.105243740719743e-05 
560.0 	 565.0 	 3.706258939928375e-05 
565.0 	 570.0 	 5.208796210354194e-05 
570.0 	 575.0 	 2.9049055228824727e-05 
575.0 	 580.0 	 2.604398105177097e-05 
580.0 	 585.0 	 2.4040597054408863e-05 
585.0 	 590.0 	 3.706258939928375e-05 
590.0 	 595.0 	 3.0050745408516377e-05 
595.0 	 600.0 	 3.0050745408516377e-05 
600.0 	 605.0 	 1.4023680705577135e-05 
605.0 	 610.0 	 2.604398105177097e-05 
610.0 	 615.0 	 2.4040597054408863e-05 
615.0 	 620.0 	 1.3021990525885485e-05 
620.0 	 625.0 	 2.404059523541946e-05 
625.0 	 630.0 	 7.0118403527885675e-06 
630.0 	 635.0 	 1.3021990525885485e-05 
635.0 	 640.0 	 1.7028754882630892e-05 
640.0 	 645.0 	 1.5025372704258189e-05 
645.0 	 650.0 	 1.803044870030135e-05 
650.0 	 655.0 	 1.4023682524566539e-05 
655.0 	 660.0 	 8.013532351469621e-06 
660.0 	 665.0 	 1.0016915439337026e-05 
665.0 	 670.0 	 9.015224350150675e-06 
670.0 	 675.0 	 1.3021989616390783e-05 
675.0 	 680.0 	 1.0016915439337026e-05 
680.0 	 685.0 	 1.3021990525885485e-05 
685.0 	 690.0 	 7.0118403527885675e-06 
690.0 	 695.0 	 9.015224350150675e-06 
695.0 	 700.0 	 6.010149263602216e-06 
700.0 	 705.0 	 5.008457719668513e-06 
705.0 	 710.0 	 3.005074631801108e-06 
710.0 	 715.0 	 6.010149263602216e-06 
715.0 	 720.0 	 5.008457719668513e-06 
720.0 	 725.0 	 3.005074631801108e-06 
725.0 	 730.0 	 3.005074631801108e-06 
730.0 	 735.0 	 3.005074631801108e-06 
735.0 	 740.0 	 0.0 
740.0 	 745.0 	 3.005074631801108e-06 
745.0 	 750.0 	 3.005074631801108e-06 
750.0 	 755.0 	 0.0 
755.0 	 760.0 	 3.005074631801108e-06 
760.0 	 765.0 	 1.0016915439337026e-06 
765.0 	 770.0 	 0.0 
770.0 	 775.0 	 1.0016915439337026e-06 
775.0 	 780.0 	 1.0016915439337026e-06 
780.0 	 785.0 	 0.0 
785.0 	 790.0 	 0.0 
790.0 	 795.0 	 1.0016915439337026e-06 
795.0 	 800.0 	 0.0 
800.0 	 805.0 	 0.0 
805.0 	 810.0 	 0.0 
810.0 	 815.0 	 0.0 
815.0 	 820.0 	 0.0 
820.0 	 825.0 	 0.0 
825.0 	 830.0 	 0.0 
830.0 	 835.0 	 0.0 
835.0 	 840.0 	 0.0 
840.0 	 845.0 	 0.0 
845.0 	 850.0 	 0.0 
850.0 	 855.0 	 0.0 
855.0 	 860.0 	 0.0 
860.0 	 865.0 	 0.0 
865.0 	 870.0 	 0.0 
870.0 	 875.0 	 0.0 
875.0 	 880.0 	 0.0 
880.0 	 885.0 	 0.0 
885.0 	 890.0 	 0.0 
890.0 	 895.0 	 0.0 
895.0 	 900.0 	 0.0 
900.0 	 905.0 	 0.0 
905.0 	 910.0 	 0.0 
910.0 	 915.0 	 0.0 
915.0 	 920.0 	 0.0 
920.0 	 925.0 	 0.0 
925.0 	 930.0 	 0.0 
930.0 	 935.0 	 0.0 
935.0 	 940.0 	 0.0 
940.0 	 945.0 	 0.0 
945.0 	 950.0 	 0.0 
950.0 	 955.0 	 0.0 
955.0 	 960.0 	 0.0 
960.0 	 965.0 	 0.0 
965.0 	 970.0 	 0.0 
970.0 	 975.0 	 0.0 
975.0 	 980.0 	 0.0 
980.0 	 985.0 	 0.0 
985.0 	 990.0 	 0.0 
990.0 	 995.0 	 0.0 
995.0 	 1000.0 	 0.0 
1000.0 	 1005.0 	 0.0 
1005.0 	 1010.0 	 0.0 
1010.0 	 1015.0 	 0.0 
1015.0 	 1020.0 	 0.0 
1020.0 	 1025.0 	 0.0 
1025.0 	 1030.0 	 0.0 
1030.0 	 1035.0 	 0.0 
1035.0 	 1040.0 	 0.0 
1040.0 	 1045.0 	 0.0 
1045.0 	 1050.0 	 0.0 
1050.0 	 1055.0 	 0.0 
1055.0 	 1060.0 	 0.0 
1060.0 	 1065.0 	 0.0 
1065.0 	 1070.0 	 0.0 
1070.0 	 1075.0 	 0.0 
1075.0 	 1080.0 	 0.0 
1080.0 	 1085.0 	 0.0 
1085.0 	 1090.0 	 0.0 
1090.0 	 1095.0 	 0.0 
1095.0 	 1100.0 	 0.0 
1100.0 	 1105.0 	 0.0 
1105.0 	 1110.0 	 0.0 
1110.0 	 1115.0 	 0.0 
1115.0 	 1120.0 	 0.0 
1120.0 	 1125.0 	 0.0 
1125.0 	 1130.0 	 0.0 
1130.0 	 1135.0 	 0.0 
1135.0 	 1140.0 	 0.0 
1140.0 	 1145.0 	 0.0 
1145.0 	 1150.0 	 0.0 
1150.0 	 1155.0 	 0.0 
1155.0 	 1160.0 	 0.0 
1160.0 	 1165.0 	 0.0 
1165.0 	 1170.0 	 0.0 
1170.0 	 1175.0 	 0.0 
1175.0 	 1180.0 	 0.0 
1180.0 	 1185.0 	 0.0 
1185.0 	 1190.0 	 0.0 
1190.0 	 1195.0 	 0.0 
1195.0 	 1200.0 	 0.0 
1200.0 	 1205.0 	 0.0 
1205.0 	 1210.0 	 0.0 
1210.0 	 1215.0 	 0.0 
1215.0 	 1220.0 	 0.0 
1220.0 	 1225.0 	 0.0 
1225.0 	 1230.0 	 0.0 
1230.0 	 1235.0 	 0.0 
1235.0 	 1240.0 	 0.0 
1240.0 	 1245.0 	 0.0 
1245.0 	 1250.0 	 0.0 
1250.0 	 1255.0 	 0.0 
1255.0 	 1260.0 	 0.0 
1260.0 	 1265.0 	 0.0 
1265.0 	 1270.0 	 0.0 
1270.0 	 1275.0 	 0.0 
1275.0 	 1280.0 	 0.0 
1280.0 	 1285.0 	 0.0 
1285.0 	 1290.0 	 0.0 
1290.0 	 1295.0 	 0.0 
1295.0 	 1300.0 	 0.0 
1300.0 	 1305.0 	 0.0 
1305.0 	 1310.0 	 0.0 
1310.0 	 1315.0 	 0.0 
1315.0 	 1320.0 	 0.0 
1320.0 	 1325.0 	 0.0 
1325.0 	 1330.0 	 0.0 
1330.0 	 1335.0 	 0.0 
1335.0 	 1340.0 	 0.0 
1340.0 	 1345.0 	 0.0 
1345.0 	 1350.0 	 0.0 
1350.0 	 1355.0 	 0.0 
1355.0 	 1360.0 	 0.0 
1360.0 	 1365.0 	 0.0 
1365.0 	 1370.0 	 0.0 
1370.0 	 1375.0 	 0.0 
1375.0 	 1380.0 	 0.0 
1380.0 	 1385.0 	 0.0 
1385.0 	 1390.0 	 0.0 
1390.0 	 1395.0 	 0.0 
1395.0 	 1400.0 	 0.0 
1400.0 	 1405.0 	 0.0 
1405.0 	 1410.0 	 0.0 
1410.0 	 1415.0 	 0.0 
1415.0 	 1420.0 	 0.0 
1420.0 	 1425.0 	 0.0 
1425.0 	 1430.0 	 0.0 
1430.0 	 1435.0 	 0.0 
1435.0 	 1440.0 	 0.0 
1440.0 	 1445.0 	 0.0 
1445.0 	 1450.0 	 0.0 
1450.0 	 1455.0 	 0.0 
1455.0 	 1460.0 	 0.0 
1460.0 	 1465.0 	 0.0 
1465.0 	 1470.0 	 0.0 
1470.0 	 1475.0 	 0.0 
1475.0 	 1480.0 	 0.0 
1480.0 	 1485.0 	 0.0 
1485.0 	 1490.0 	 0.0 
1490.0 	 1495.0 	 0.0 
1495.0 	 1500.0 	 0.0 
1500.0 	 1505.0 	 0.0 
1505.0 	 1510.0 	 0.0 
1510.0 	 1515.0 	 0.0 
1515.0 	 1520.0 	 0.0 
1520.0 	 1525.0 	 0.0 
1525.0 	 1530.0 	 0.0 
1530.0 	 1535.0 	 0.0 
1535.0 	 1540.0 	 0.0 
1540.0 	 1545.0 	 0.0 
1545.0 	 1550.0 	 0.0 
1550.0 	 1555.0 	 0.0 
1555.0 	 1560.0 	 0.0 
1560.0 	 1565.0 	 0.0 
1565.0 	 1570.0 	 0.0 
1570.0 	 1575.0 	 0.0 
1575.0 	 1580.0 	 0.0 
1580.0 	 1585.0 	 0.0 
1585.0 	 1590.0 	 0.0 
1590.0 	 1595.0 	 0.0 
1595.0 	 1600.0 	 0.0 
1600.0 	 1605.0 	 0.0 
1605.0 	 1610.0 	 0.0 
1610.0 	 1615.0 	 0.0 
1615.0 	 1620.0 	 0.0 
1620.0 	 1625.0 	 0.0 
1625.0 	 1630.0 	 0.0 
1630.0 	 1635.0 	 0.0 
1635.0 	 1640.0 	 0.0 
1640.0 	 1645.0 	 0.0 
1645.0 	 1650.0 	 0.0 
1650.0 	 1655.0 	 0.0 
1655.0 	 1660.0 	 0.0 
1660.0 	 1665.0 	 0.0 
1665.0 	 1670.0 	 0.0 
1670.0 	 1675.0 	 0.0 
1675.0 	 1680.0 	 0.0 
1680.0 	 1685.0 	 0.0 
1685.0 	 1690.0 	 0.0 
1690.0 	 1695.0 	 0.0 
1695.0 	 1700.0 	 0.0 
1700.0 	 1705.0 	 0.0 
1705.0 	 1710.0 	 0.0 
1710.0 	 1715.0 	 0.0 
1715.0 	 1720.0 	 0.0 
1720.0 	 1725.0 	 0.0 
1725.0 	 1730.0 	 0.0 
1730.0 	 1735.0 	 0.0 
1735.0 	 1740.0 	 0.0 
1740.0 	 1745.0 	 0.0 
1745.0 	 1750.0 	 0.0 
1750.0 	 1755.0 	 0.0 
1755.0 	 1760.0 	 0.0 
1760.0 	 1765.0 	 0.0 
1765.0 	 1770.0 	 0.0 
1770.0 	 1775.0 	 0.0 
1775.0 	 1780.0 	 0.0 
1780.0 	 1785.0 	 0.0 
1785.0 	 1790.0 	 0.0 
1790.0 	 1795.0 	 0.0 
1795.0 	 1800.0 	 0.0 
1800.0 	 1805.0 	 0.0 
1805.0 	 1810.0 	 0.0 
1810.0 	 1815.0 	 0.0 
1815.0 	 1820.0 	 0.0 
1820.0 	 1825.0 	 0.0 
1825.0 	 1830.0 	 0.0 
1830.0 	 1835.0 	 0.0 
1835.0 	 1840.0 	 0.0 
1840.0 	 1845.0 	 0.0 
1845.0 	 1850.0 	 0.0 
1850.0 	 1855.0 	 0.0 
1855.0 	 1860.0 	 0.0 
1860.0 	 1865.0 	 0.0 
1865.0 	 1870.0 	 0.0 
1870.0 	 1875.0 	 0.0 
1875.0 	 1880.0 	 0.0 
1880.0 	 1885.0 	 0.0 
1885.0 	 1890.0 	 0.0 
1890.0 	 1895.0 	 0.0 
1895.0 	 1900.0 	 0.0 
1900.0 	 1905.0 	 0.0 
1905.0 	 1910.0 	 0.0 
1910.0 	 1915.0 	 0.0 
1915.0 	 1920.0 	 0.0 
1920.0 	 1925.0 	 0.0 
1925.0 	 1930.0 	 0.0 
1930.0 	 1935.0 	 0.0 
1935.0 	 1940.0 	 0.0 
1940.0 	 1945.0 	 0.0 
1945.0 	 1950.0 	 0.0 
1950.0 	 1955.0 	 0.0 
1955.0 	 1960.0 	 0.0 
1960.0 	 1965.0 	 0.0 
1965.0 	 1970.0 	 0.0 
1970.0 	 1975.0 	 0.0 
1975.0 	 1980.0 	 0.0 
1980.0 	 1985.0 	 0.0 
1985.0 	 1990.0 	 0.0 
1990.0 	 1995.0 	 0.0 
1995.0 	 2000.0 	 0.0 
2000.0 	 2005.0 	 0.0 
2005.0 	 2010.0 	 0.0 
2010.0 	 2015.0 	 0.0 
2015.0 	 2020.0 	 0.0 
2020.0 	 2025.0 	 0.0 
2025.0 	 2030.0 	 0.0 
2030.0 	 2035.0 	 0.0 
2035.0 	 2040.0 	 0.0 
2040.0 	 2045.0 	 0.0 
2045.0 	 2050.0 	 0.0 
2050.0 	 2055.0 	 0.0 
2055.0 	 2060.0 	 0.0 
2060.0 	 2065.0 	 0.0 
2065.0 	 2070.0 	 0.0 
2070.0 	 2075.0 	 0.0 
2075.0 	 2080.0 	 0.0 
2080.0 	 2085.0 	 0.0 
2085.0 	 2090.0 	 0.0 
2090.0 	 2095.0 	 0.0 
2095.0 	 2100.0 	 0.0 
2100.0 	 2105.0 	 0.0 
2105.0 	 2110.0 	 0.0 
2110.0 	 2115.0 	 0.0 
2115.0 	 2120.0 	 0.0 
2120.0 	 2125.0 	 0.0 
2125.0 	 2130.0 	 0.0 
2130.0 	 2135.0 	 0.0 
2135.0 	 2140.0 	 0.0 
2140.0 	 2145.0 	 0.0 
2145.0 	 2150.0 	 0.0 
2150.0 	 2155.0 	 0.0 
2155.0 	 2160.0 	 0.0 
2160.0 	 2165.0 	 0.0 
2165.0 	 2170.0 	 0.0 
2170.0 	 2175.0 	 0.0 
2175.0 	 2180.0 	 0.0 
2180.0 	 2185.0 	 0.0 
2185.0 	 2190.0 	 0.0 
2190.0 	 2195.0 	 0.0 
2195.0 	 2200.0 	 0.0 
2200.0 	 2205.0 	 0.0 
2205.0 	 2210.0 	 0.0 
2210.0 	 2215.0 	 0.0 
2215.0 	 2220.0 	 0.0 
2220.0 	 2225.0 	 0.0 
2225.0 	 2230.0 	 0.0 
2230.0 	 2235.0 	 0.0 
2235.0 	 2240.0 	 0.0 
2240.0 	 2245.0 	 0.0 
2245.0 	 2250.0 	 0.0 
2250.0 	 2255.0 	 0.0 
2255.0 	 2260.0 	 0.0 
2260.0 	 2265.0 	 0.0 
2265.0 	 2270.0 	 0.0 
2270.0 	 2275.0 	 0.0 
2275.0 	 2280.0 	 0.0 
2280.0 	 2285.0 	 0.0 
2285.0 	 2290.0 	 0.0 
2290.0 	 2295.0 	 0.0 
2295.0 	 2300.0 	 0.0 
2300.0 	 2305.0 	 0.0 
2305.0 	 2310.0 	 0.0 
2310.0 	 2315.0 	 0.0 
2315.0 	 2320.0 	 0.0 
2320.0 	 2325.0 	 0.0 
2325.0 	 2330.0 	 0.0 
2330.0 	 2335.0 	 0.0 
2335.0 	 2340.0 	 0.0 
2340.0 	 2345.0 	 0.0 
2345.0 	 2350.0 	 0.0 
2350.0 	 2355.0 	 0.0 
2355.0 	 2360.0 	 0.0 
2360.0 	 2365.0 	 0.0 
2365.0 	 2370.0 	 0.0 
2370.0 	 2375.0 	 0.0 
2375.0 	 2380.0 	 0.0 
2380.0 	 2385.0 	 0.0 
2385.0 	 2390.0 	 0.0 
2390.0 	 2395.0 	 0.0 
2395.0 	 2400.0 	 0.0 
2400.0 	 2405.0 	 0.0 
2405.0 	 2410.0 	 0.0 
2410.0 	 2415.0 	 0.0 
2415.0 	 2420.0 	 0.0 
2420.0 	 2425.0 	 0.0 
2425.0 	 2430.0 	 0.0 
2430.0 	 2435.0 	 0.0 
2435.0 	 2440.0 	 0.0 
2440.0 	 2445.0 	 0.0 
2445.0 	 2450.0 	 0.0 
2450.0 	 2455.0 	 0.0 
2455.0 	 2460.0 	 0.0 
2460.0 	 2465.0 	 0.0 
2465.0 	 2470.0 	 0.0 
2470.0 	 2475.0 	 0.0 
2475.0 	 2480.0 	 0.0 
2480.0 	 2485.0 	 0.0 
2485.0 	 2490.0 	 0.0 
2490.0 	 2495.0 	 0.0 
2495.0 	 2500.0 	 0.0 
2500.0 	 2505.0 	 0.0 
2505.0 	 2510.0 	 0.0 
2510.0 	 2515.0 	 0.0 
2515.0 	 2520.0 	 0.0 
2520.0 	 2525.0 	 0.0 
2525.0 	 2530.0 	 0.0 
2530.0 	 2535.0 	 0.0 
2535.0 	 2540.0 	 0.0 
2540.0 	 2545.0 	 0.0 
2545.0 	 2550.0 	 0.0 
2550.0 	 2555.0 	 0.0 
2555.0 	 2560.0 	 0.0 
2560.0 	 2565.0 	 0.0 
2565.0 	 2570.0 	 0.0 
2570.0 	 2575.0 	 0.0 
2575.0 	 2580.0 	 0.0 
2580.0 	 2585.0 	 0.0 
2585.0 	 2590.0 	 0.0 
2590.0 	 2595.0 	 0.0 
2595.0 	 2600.0 	 0.0 
2600.0 	 2605.0 	 0.0 
2605.0 	 2610.0 	 0.0 
2610.0 	 2615.0 	 0.0 
2615.0 	 2620.0 	 0.0 
2620.0 	 2625.0 	 0.0 
2625.0 	 2630.0 	 0.0 
2630.0 	 2635.0 	 0.0 
2635.0 	 2640.0 	 0.0 
2640.0 	 2645.0 	 0.0 
2645.0 	 2650.0 	 0.0 
2650.0 	 2655.0 	 0.0 
2655.0 	 2660.0 	 0.0 
2660.0 	 2665.0 	 0.0 
2665.0 	 2670.0 	 0.0 
2670.0 	 2675.0 	 0.0 
2675.0 	 2680.0 	 0.0 
2680.0 	 2685.0 	 0.0 
2685.0 	 2690.0 	 0.0 
2690.0 	 2695.0 	 0.0 
2695.0 	 2700.0 	 0.0 
2700.0 	 2705.0 	 0.0 
2705.0 	 2710.0 	 0.0 
2710.0 	 2715.0 	 0.0 
2715.0 	 2720.0 	 0.0 
2720.0 	 2725.0 	 0.0 
2725.0 	 2730.0 	 0.0 
2730.0 	 2735.0 	 0.0 
2735.0 	 2740.0 	 0.0 
2740.0 	 2745.0 	 0.0 
2745.0 	 2750.0 	 0.0 
2750.0 	 2755.0 	 0.0 
2755.0 	 2760.0 	 0.0 
2760.0 	 2765.0 	 0.0 
2765.0 	 2770.0 	 0.0 
2770.0 	 2775.0 	 0.0 
2775.0 	 2780.0 	 0.0 
2780.0 	 2785.0 	 0.0 
2785.0 	 2790.0 	 0.0 
2790.0 	 2795.0 	 0.0 
2795.0 	 2800.0 	 0.0 
2800.0 	 2805.0 	 0.0 
2805.0 	 2810.0 	 0.0 
2810.0 	 2815.0 	 0.0 
2815.0 	 2820.0 	 0.0 
2820.0 	 2825.0 	 0.0 
2825.0 	 2830.0 	 0.0 
2830.0 	 2835.0 	 0.0 
2835.0 	 2840.0 	 0.0 
2840.0 	 2845.0 	 0.0 
2845.0 	 2850.0 	 0.0 
2850.0 	 2855.0 	 0.0 
2855.0 	 2860.0 	 0.0 
2860.0 	 2865.0 	 0.0 
2865.0 	 2870.0 	 0.0 
2870.0 	 2875.0 	 0.0 
2875.0 	 2880.0 	 0.0 
2880.0 	 2885.0 	 0.0 
2885.0 	 2890.0 	 0.0 
2890.0 	 2895.0 	 0.0 
2895.0 	 2900.0 	 0.0 
2900.0 	 2905.0 	 0.0 
2905.0 	 2910.0 	 0.0 
2910.0 	 2915.0 	 0.0 
2915.0 	 2920.0 	 0.0 
2920.0 	 2925.0 	 0.0 
2925.0 	 2930.0 	 0.0 
2930.0 	 2935.0 	 0.0 
2935.0 	 2940.0 	 0.0 
2940.0 	 2945.0 	 0.0 
2945.0 	 2950.0 	 0.0 
2950.0 	 2955.0 	 0.0 
2955.0 	 2960.0 	 0.0 
2960.0 	 2965.0 	 0.0 
2965.0 	 2970.0 	 0.0 
2970.0 	 2975.0 	 0.0 
2975.0 	 2980.0 	 0.0 
2980.0 	 2985.0 	 0.0 
2985.0 	 2990.0 	 0.0 
2990.0 	 2995.0 	 0.0 
2995.0 	 3000.0 	 0.0 
3000.0 	 3005.0 	 0.0 
3005.0 	 3010.0 	 0.0 
3010.0 	 3015.0 	 0.0 
3015.0 	 3020.0 	 0.0 
3020.0 	 3025.0 	 0.0 
3025.0 	 3030.0 	 0.0 
3030.0 	 3035.0 	 0.0 
3035.0 	 3040.0 	 0.0 
3040.0 	 3045.0 	 0.0 
3045.0 	 3050.0 	 0.0 
3050.0 	 3055.0 	 0.0 
3055.0 	 3060.0 	 0.0 
3060.0 	 3065.0 	 0.0 
3065.0 	 3070.0 	 0.0 
3070.0 	 3075.0 	 0.0 
3075.0 	 3080.0 	 0.0 
3080.0 	 3085.0 	 0.0 
3085.0 	 3090.0 	 0.0 
3090.0 	 3095.0 	 0.0 
3095.0 	 3100.0 	 0.0 
3100.0 	 3105.0 	 0.0 
3105.0 	 3110.0 	 0.0 
3110.0 	 3115.0 	 0.0 
3115.0 	 3120.0 	 0.0 
3120.0 	 3125.0 	 0.0 
3125.0 	 3130.0 	 0.0 
3130.0 	 3135.0 	 0.0 
3135.0 	 3140.0 	 0.0 
3140.0 	 3145.0 	 0.0 
3145.0 	 3150.0 	 0.0 
3150.0 	 3155.0 	 0.0 
3155.0 	 3160.0 	 0.0 
3160.0 	 3165.0 	 0.0 
3165.0 	 3170.0 	 0.0 
3170.0 	 3175.0 	 0.0 
3175.0 	 3180.0 	 0.0 
3180.0 	 3185.0 	 0.0 
3185.0 	 3190.0 	 0.0 
3190.0 	 3195.0 	 0.0 
3195.0 	 3200.0 	 0.0 
3200.0 	 3205.0 	 0.0 
3205.0 	 3210.0 	 0.0 
3210.0 	 3215.0 	 0.0 
3215.0 	 3220.0 	 0.0 
3220.0 	 3225.0 	 0.0 
3225.0 	 3230.0 	 0.0 
3230.0 	 3235.0 	 0.0 
3235.0 	 3240.0 	 0.0 
3240.0 	 3245.0 	 0.0 
3245.0 	 3250.0 	 0.0 
3250.0 	 3255.0 	 0.0 
3255.0 	 3260.0 	 0.0 
3260.0 	 3265.0 	 0.0 
3265.0 	 3270.0 	 0.0 
3270.0 	 3275.0 	 0.0 
3275.0 	 3280.0 	 0.0 
3280.0 	 3285.0 	 0.0 
3285.0 	 3290.0 	 0.0 
3290.0 	 3295.0 	 0.0 
3295.0 	 3300.0 	 0.0 
3300.0 	 3305.0 	 0.0 
3305.0 	 3310.0 	 0.0 
3310.0 	 3315.0 	 0.0 
3315.0 	 3320.0 	 0.0 
3320.0 	 3325.0 	 0.0 
3325.0 	 3330.0 	 0.0 
3330.0 	 3335.0 	 0.0 
3335.0 	 3340.0 	 0.0 
3340.0 	 3345.0 	 0.0 
3345.0 	 3350.0 	 0.0 
3350.0 	 3355.0 	 0.0 
3355.0 	 3360.0 	 0.0 
3360.0 	 3365.0 	 0.0 
3365.0 	 3370.0 	 0.0 
3370.0 	 3375.0 	 0.0 
3375.0 	 3380.0 	 0.0 
3380.0 	 3385.0 	 0.0 
3385.0 	 3390.0 	 0.0 
3390.0 	 3395.0 	 0.0 
3395.0 	 3400.0 	 0.0 
3400.0 	 3405.0 	 0.0 
3405.0 	 3410.0 	 0.0 
3410.0 	 3415.0 	 0.0 
3415.0 	 3420.0 	 0.0 
3420.0 	 3425.0 	 0.0 
3425.0 	 3430.0 	 0.0 
3430.0 	 3435.0 	 0.0 
3435.0 	 3440.0 	 0.0 
3440.0 	 3445.0 	 0.0 
3445.0 	 3450.0 	 0.0 
3450.0 	 3455.0 	 0.0 
3455.0 	 3460.0 	 0.0 
3460.0 	 3465.0 	 0.0 
3465.0 	 3470.0 	 0.0 
3470.0 	 3475.0 	 0.0 
3475.0 	 3480.0 	 0.0 
3480.0 	 3485.0 	 0.0 
3485.0 	 3490.0 	 0.0 
3490.0 	 3495.0 	 0.0 
3495.0 	 3500.0 	 0.0 
3500.0 	 3505.0 	 0.0 
3505.0 	 3510.0 	 0.0 
3510.0 	 3515.0 	 0.0 
3515.0 	 3520.0 	 0.0 
3520.0 	 3525.0 	 0.0 
3525.0 	 3530.0 	 0.0 
3530.0 	 3535.0 	 0.0 
3535.0 	 3540.0 	 0.0 
3540.0 	 3545.0 	 0.0 
3545.0 	 3550.0 	 0.0 
3550.0 	 3555.0 	 0.0 
3555.0 	 3560.0 	 0.0 
3560.0 	 3565.0 	 0.0 
3565.0 	 3570.0 	 0.0 
3570.0 	 3575.0 	 0.0 
3575.0 	 3580.0 	 0.0 
3580.0 	 3585.0 	 0.0 
3585.0 	 3590.0 	 0.0 
3590.0 	 3595.0 	 0.0 
3595.0 	 3600.0 	 0.0 
3600.0 	 3605.0 	 0.0 
3605.0 	 3610.0 	 0.0 
3610.0 	 3615.0 	 0.0 
3615.0 	 3620.0 	 0.0 
3620.0 	 3625.0 	 0.0 
3625.0 	 3630.0 	 0.0 
3630.0 	 3635.0 	 0.0 
3635.0 	 3640.0 	 0.0 
3640.0 	 3645.0 	 0.0 
3645.0 	 3650.0 	 0.0 
3650.0 	 3655.0 	 0.0 
3655.0 	 3660.0 	 0.0 
3660.0 	 3665.0 	 0.0 
3665.0 	 3670.0 	 0.0 
3670.0 	 3675.0 	 0.0 
3675.0 	 3680.0 	 0.0 
3680.0 	 3685.0 	 0.0 
3685.0 	 3690.0 	 0.0 
3690.0 	 3695.0 	 0.0 
3695.0 	 3700.0 	 0.0 
3700.0 	 3705.0 	 0.0 
3705.0 	 3710.0 	 0.0 
3710.0 	 3715.0 	 0.0 
3715.0 	 3720.0 	 0.0 
3720.0 	 3725.0 	 0.0 
3725.0 	 3730.0 	 0.0 
3730.0 	 3735.0 	 0.0 
3735.0 	 3740.0 	 0.0 
3740.0 	 3745.0 	 0.0 
3745.0 	 3750.0 	 0.0 
3750.0 	 3755.0 	 0.0 
3755.0 	 3760.0 	 0.0 
3760.0 	 3765.0 	 0.0 
3765.0 	 3770.0 	 0.0 
3770.0 	 3775.0 	 0.0 
3775.0 	 3780.0 	 0.0 
3780.0 	 3785.0 	 0.0 
3785.0 	 3790.0 	 0.0 
3790.0 	 3795.0 	 0.0 
3795.0 	 3800.0 	 0.0 
3800.0 	 3805.0 	 0.0 
3805.0 	 3810.0 	 0.0 
3810.0 	 3815.0 	 0.0 
3815.0 	 3820.0 	 0.0 
3820.0 	 3825.0 	 0.0 
3825.0 	 3830.0 	 0.0 
3830.0 	 3835.0 	 0.0 
3835.0 	 3840.0 	 0.0 
3840.0 	 3845.0 	 0.0 
3845.0 	 3850.0 	 0.0 
3850.0 	 3855.0 	 0.0 
3855.0 	 3860.0 	 0.0 
3860.0 	 3865.0 	 0.0 
3865.0 	 3870.0 	 0.0 
3870.0 	 3875.0 	 0.0 
3875.0 	 3880.0 	 0.0 
3880.0 	 3885.0 	 0.0 
3885.0 	 3890.0 	 0.0 
3890.0 	 3895.0 	 0.0 
3895.0 	 3900.0 	 0.0 
3900.0 	 3905.0 	 0.0 
3905.0 	 3910.0 	 0.0 
3910.0 	 3915.0 	 0.0 
3915.0 	 3920.0 	 0.0 
3920.0 	 3925.0 	 0.0 
3925.0 	 3930.0 	 0.0 
3930.0 	 3935.0 	 0.0 
3935.0 	 3940.0 	 0.0 
3940.0 	 3945.0 	 0.0 
3945.0 	 3950.0 	 0.0 
3950.0 	 3955.0 	 0.0 
3955.0 	 3960.0 	 0.0 
3960.0 	 3965.0 	 0.0 
3965.0 	 3970.0 	 0.0 
3970.0 	 3975.0 	 0.0 
3975.0 	 3980.0 	 0.0 
3980.0 	 3985.0 	 0.0 
3985.0 	 3990.0 	 0.0 
3990.0 	 3995.0 	 0.0 
3995.0 	 4000.0 	 0.0 
