bin 	 value 	 error 
-2.5 	 0.0 	 0.0 
2.5 	 0.0 	 0.0 
7.5 	 46.54991912841797 	 14.093066414390572 
12.5 	 0.7864908576011658 	 0.05241039843334181 
17.5 	 0.6782950758934021 	 0.0442206500603393 
22.5 	 1.0545011758804321 	 0.09636921999802321 
27.5 	 0.9572047591209412 	 0.11688346087913157 
32.5 	 0.8547421097755432 	 0.13446991828508925 
37.5 	 0.7747280597686768 	 0.13575508491953464 
42.5 	 1.0735843181610107 	 0.14047766629899552 
47.5 	 1.2437340021133423 	 0.021366018493278856 
52.5 	 1.1425639390945435 	 0.01978193211362912 
57.5 	 1.0870431661605835 	 0.018847004364189405 
62.5 	 1.0334984064102173 	 0.018063005695664065 
67.5 	 0.9695025086402893 	 0.01701558542008666 
72.5 	 0.9545143842697144 	 0.017187242190349766 
77.5 	 0.8937361240386963 	 0.016262945193548265 
82.5 	 0.9193263053894043 	 0.01705601304749261 
87.5 	 0.9520454406738281 	 0.018219105687919693 
92.5 	 0.9927104711532593 	 0.019285446298966932 
97.5 	 1.064951777458191 	 0.021816560336434494 
102.5 	 1.0539438724517822 	 0.022227432760844067 
107.5 	 1.0180916786193848 	 0.02252374915534994 
112.5 	 1.0256623029708862 	 0.02408101558926085 
117.5 	 0.9552966952323914 	 0.023221750214605864 
122.5 	 0.9898976683616638 	 0.025588466580015425 
127.5 	 1.0204758644104004 	 0.02738961060149079 
132.5 	 1.0480101108551025 	 0.029095207439886393 
137.5 	 1.075775146484375 	 0.03064728101678924 
142.5 	 1.0654112100601196 	 0.03067564349137484 
147.5 	 1.0582407712936401 	 0.031240628339438945 
152.5 	 1.0925053358078003 	 0.03279277969545433 
157.5 	 1.0474141836166382 	 0.03131858559342734 
162.5 	 1.0100126266479492 	 0.030413861195742808 
167.5 	 1.0594931840896606 	 0.03216600785069425 
172.5 	 1.0318398475646973 	 0.03202786755836039 
177.5 	 1.0045220851898193 	 0.031181919704809505 
182.5 	 0.9544515609741211 	 0.029592880221543345 
187.5 	 1.0443387031555176 	 0.03344117451910897 
192.5 	 0.9510135650634766 	 0.030426878012510407 
197.5 	 0.913904070854187 	 0.028914033150617816 
202.5 	 0.9209816455841064 	 0.029972604101229653 
207.5 	 0.9782475829124451 	 0.03194886617161894 
212.5 	 0.8986466526985168 	 0.02931149476949718 
217.5 	 0.9336191415786743 	 0.030904593405802927 
222.5 	 1.0262160301208496 	 0.0344531445522009 
227.5 	 0.955890953540802 	 0.03226571952252792 
232.5 	 0.8951544165611267 	 0.02983575875422431 
237.5 	 0.9711537957191467 	 0.03281707549336074 
242.5 	 0.9088075160980225 	 0.031058598971513078 
247.5 	 0.9556866884231567 	 0.03288645358762636 
252.5 	 0.9956508278846741 	 0.03514896957554097 
257.5 	 0.9697197079658508 	 0.0343808306774051 
262.5 	 0.9609681367874146 	 0.035008209079890384 
267.5 	 1.0034136772155762 	 0.03626993661993418 
272.5 	 1.0470327138900757 	 0.0397529973018374 
277.5 	 1.0027389526367188 	 0.03839918282971267 
282.5 	 1.0856075286865234 	 0.042976709462673714 
287.5 	 1.099472165107727 	 0.04436051802265325 
292.5 	 1.1260287761688232 	 0.04608894038464209 
297.5 	 1.1600911617279053 	 0.04860722141644889 
302.5 	 1.090929627418518 	 0.047700152890594344 
307.5 	 1.0917555093765259 	 0.04881252963236323 
312.5 	 0.9969519376754761 	 0.045364922034697955 
317.5 	 1.1015347242355347 	 0.052313703282454035 
322.5 	 1.1029080152511597 	 0.053329616305667564 
327.5 	 1.005415678024292 	 0.05034922410343682 
332.5 	 1.0192844867706299 	 0.052457045127498304 
337.5 	 1.0390461683273315 	 0.054732139735026636 
342.5 	 1.1618025302886963 	 0.06297970224281801 
347.5 	 1.052310824394226 	 0.05776022577147116 
352.5 	 1.0993952751159668 	 0.0615553267362474 
357.5 	 1.086819052696228 	 0.06251379610329676 
362.5 	 1.077780842781067 	 0.06323101328243555 
367.5 	 1.0019899606704712 	 0.059018577011799314 
372.5 	 1.0251710414886475 	 0.06261710248004777 
377.5 	 1.0266789197921753 	 0.06338930869286558 
382.5 	 0.968519926071167 	 0.061857641988568426 
387.5 	 0.8802436590194702 	 0.05477585036693833 
392.5 	 0.9201026558876038 	 0.058706444613515034 
397.5 	 0.9422234296798706 	 0.06314534362481966 
402.5 	 0.8697080612182617 	 0.05718797615342735 
407.5 	 0.8734911680221558 	 0.05745940780698943 
412.5 	 0.8498488664627075 	 0.05660189847309007 
417.5 	 0.9274405837059021 	 0.062237382607191756 
422.5 	 0.960974931716919 	 0.06733821346959164 
427.5 	 0.9066140651702881 	 0.06263959888354921 
432.5 	 0.8102215528488159 	 0.05533577583641652 
437.5 	 1.0223958492279053 	 0.07420699539045426 
442.5 	 0.8782231211662292 	 0.062414861781288314 
447.5 	 0.9265622496604919 	 0.06425607093241036 
452.5 	 0.939307689666748 	 0.06782391588478588 
457.5 	 1.0679701566696167 	 0.0759604079534765 
462.5 	 1.0354381799697876 	 0.07684404283702435 
467.5 	 0.9700731635093689 	 0.07250453192422965 
472.5 	 0.9376161098480225 	 0.06554666282910179 
477.5 	 0.9546732902526855 	 0.07223395287169115 
482.5 	 0.9568669199943542 	 0.0715639258183605 
487.5 	 0.9160451292991638 	 0.06914525696156987 
492.5 	 1.0528066158294678 	 0.07951773240311408 
497.5 	 1.0340981483459473 	 0.08133755533493525 
502.5 	 1.0472075939178467 	 0.0829428306794808 
507.5 	 0.9520132541656494 	 0.07427498282337672 
512.5 	 1.0549921989440918 	 0.08769365939216352 
517.5 	 1.1401623487472534 	 0.0934316422385932 
522.5 	 1.1363389492034912 	 0.08471147382713752 
527.5 	 0.9500616788864136 	 0.07916018985965136 
532.5 	 0.9876052737236023 	 0.08334436449258083 
537.5 	 0.9237291216850281 	 0.08438413654474902 
542.5 	 0.8902987837791443 	 0.07867774198296434 
547.5 	 0.9299345016479492 	 0.08980034087352116 
552.5 	 0.7215175628662109 	 0.07068469100008247 
557.5 	 1.010335087776184 	 0.10233938372050806 
562.5 	 1.154953956604004 	 0.11894711712823326 
567.5 	 0.8176232576370239 	 0.09254529650835494 
572.5 	 0.8484182357788086 	 0.10535214942322137 
577.5 	 0.7615424990653992 	 0.10127030414842457 
582.5 	 0.700133204460144 	 0.09525701131487713 
587.5 	 0.9211506247520447 	 0.13204791820995 
592.5 	 0.8329664468765259 	 0.14062685360164626 
597.5 	 0.6112779974937439 	 0.09758253676866357 
602.5 	 0.8276780247688293 	 0.13995933641708969 
607.5 	 0.624944269657135 	 0.1124082528272943 
612.5 	 0.5448539853096008 	 0.10640925646636629 
617.5 	 0.6107822060585022 	 0.13480054154907115 
622.5 	 0.7902418375015259 	 0.19439371735797054 
627.5 	 0.5531143546104431 	 0.128166240374945 
632.5 	 0.6862257719039917 	 0.19498436094718247 
637.5 	 1.254837155342102 	 0.31716008844249144 
642.5 	 1.3402780294418335 	 0.39777428753546584 
647.5 	 0.6730299592018127 	 0.19531191823475597 
652.5 	 1.1547691822052002 	 0.4421243520571285 
657.5 	 0.4335867762565613 	 0.14251049619414427 
662.5 	 0.7918668985366821 	 0.2884507692948017 
667.5 	 0.4818602502346039 	 0.18707846582058352 
672.5 	 1.2649978399276733 	 0.6411167714479645 
677.5 	 0.3466449975967407 	 0.1457480108621323 
682.5 	 0.8475565314292908 	 0.4273214528449834 
687.5 	 0.7671347856521606 	 0.4097469066823948 
692.5 	 0.6266593337059021 	 0.31700048914556667 
697.5 	 0.2770809829235077 	 0.11557545394646304 
702.5 	 2.298022985458374 	 0.994050690814579 
707.5 	 0.37111130356788635 	 0.17078961882457527 
712.5 	 0.8088331818580627 	 0.5758528172995714 
717.5 	 0.4014926254749298 	 0.19423875612438693 
722.5 	 0.5907763838768005 	 0.3360256033645431 
727.5 	 1.4222747087478638 	 1.151591912827765 
732.5 	 0.5473842024803162 	 0.31345483929461515 
737.5 	 0.6320981979370117 	 0.4366008491049028 
742.5 	 1.5851150751113892 	 0.9762451624519882 
747.5 	 0.10423298925161362 	 0.0666954499002002 
752.5 	 0.1878385692834854 	 0.10476850421931114 
757.5 	 0.13801243901252747 	 0.08475496748412238 
762.5 	 0.13088162243366241 	 0.08788145060882094 
767.5 	 0.041942302137613297 	 0.03359903909335732 
772.5 	 0.8738792538642883 	 0.934380334387073 
777.5 	 0.030718328431248665 	 0.03335732982556243 
782.5 	 0.3547981083393097 	 0.251059092200209 
787.5 	 0.17812493443489075 	 0.14581409798716644 
792.5 	 0.10215236991643906 	 0.0757248314906568 
797.5 	 0.32889458537101746 	 0.3145006513861651 
802.5 	 0.312644362449646 	 0.2358383919956103 
807.5 	 0.32827454805374146 	 0.3135324101483726 
812.5 	 0.06338237971067429 	 0.052633114855779733 
817.5 	 0.14673179388046265 	 0.10352609059831121 
822.5 	 0.07754555344581604 	 0.06562968110538332 
827.5 	 0.2027227133512497 	 0.17661749407398267 
832.5 	 4.013619422912598 	 3.9005325192386735 
837.5 	 0.1245211586356163 	 0.16386389880161056 
842.5 	 0.13483451306819916 	 0.12959064627209316 
847.5 	 0.034004855901002884 	 0.03749180086678428 
852.5 	 0.0 	 0.0 
857.5 	 0.19617582857608795 	 0.19382911937807784 
862.5 	 0.09751305729150772 	 0.08874859530016184 
867.5 	 0.11406600475311279 	 0.07550097140464358 
872.5 	 0.06789039075374603 	 0.08117630720802903 
877.5 	 0.08057501912117004 	 0.09314412627339913 
882.5 	 0.1245211586356163 	 0.16386389880161056 
887.5 	 0.19601403176784515 	 0.14949190488017752 
892.5 	 0.04406941682100296 	 0.04971658070616106 
897.5 	 0.3320302665233612 	 0.31942285256437447 
902.5 	 0.0 	 0.0 
907.5 	 0.06300397962331772 	 0.07386908357704902 
912.5 	 0.5544410347938538 	 0.49417716531960854 
917.5 	 0.06568881869316101 	 0.05505249977858488 
922.5 	 0.29034414887428284 	 0.35205340047794326 
927.5 	 0.06348636746406555 	 0.07459018143943322 
932.5 	 0.27156156301498413 	 0.22388439965864385 
937.5 	 0.1261448860168457 	 0.16691735606183186 
942.5 	 0.07054344564676285 	 0.060294245701421195 
947.5 	 1.3538771867752075 	 1.2131813341991124 
952.5 	 0.1359397917985916 	 0.1311446204864667 
957.5 	 0.08888114243745804 	 0.0783623131870101 
962.5 	 0.0 	 0.0 
967.5 	 0.14738382399082184 	 0.2084321890836654 
972.5 	 0.0 	 0.0 
977.5 	 0.093109130859375 	 0.0833743567292397 
982.5 	 0.1111004427075386 	 0.14038728464663294 
987.5 	 0.03677591681480408 	 0.041101125503003676 
992.5 	 0.19617964327335358 	 0.14969021552828427 
997.5 	 0.0 	 0.0 
1002.5 	 0.0 	 0.0 
1007.5 	 0.4657783508300781 	 0.5704596417044979 
1012.5 	 0.0 	 0.0 
1017.5 	 0.07322706282138824 	 0.08949652482644048 
1022.5 	 0.12669558823108673 	 0.11876556675400932 
1027.5 	 0.0 	 0.0 
1032.5 	 0.0 	 0.0 
1037.5 	 0.23011919856071472 	 0.25667686085916896 
1042.5 	 0.22262702882289886 	 0.23338592725416424 
1047.5 	 0.0 	 0.0 
1052.5 	 0.1271117776632309 	 0.11932431392791497 
1057.5 	 0.08874524384737015 	 0.07819989914043725 
1062.5 	 0.06334779411554337 	 0.0743827030400419 
1067.5 	 0.0 	 0.0 
1072.5 	 0.0 	 0.0 
1077.5 	 0.9168418645858765 	 1.286491938555549 
1082.5 	 0.0 	 0.0 
1087.5 	 0.0 	 0.0 
1092.5 	 0.0 	 0.0 
1097.5 	 1.8051694631576538 	 2.1656389314512134 
1102.5 	 0.03179534897208214 	 0.03469659014158803 
1107.5 	 0.08113950490951538 	 0.06955793303358086 
1112.5 	 0.11195764690637589 	 0.141878685676534 
1117.5 	 0.0 	 0.0 
1122.5 	 0.0 	 0.0 
1127.5 	 0.0 	 0.0 
1132.5 	 0.06362555176019669 	 0.07479884610564808 
1137.5 	 0.0 	 0.0 
1142.5 	 0.22348421812057495 	 0.23477583527068246 
1147.5 	 0.055444713681936264 	 0.04567622754737421 
1152.5 	 0.11195764690637589 	 0.141878685676534 
1157.5 	 0.25450220704078674 	 0.2861445150674452 
1162.5 	 0.0 	 0.0 
1167.5 	 0.0 	 0.0 
1172.5 	 0.13657952845096588 	 0.13204873185212748 
1177.5 	 0.07088806480169296 	 0.060682230608691975 
1182.5 	 0.0 	 0.0 
1187.5 	 0.9315567016601562 	 1.3174201034241122 
1192.5 	 0.19989164173603058 	 0.19933086724609525 
1197.5 	 0.0 	 0.0 
1202.5 	 0.07369191199541092 	 0.09025378655460865 
1207.5 	 0.07369191199541092 	 0.09025378655460865 
1212.5 	 0.698667585849762 	 0.5336161446612452 
1217.5 	 0.0 	 0.0 
1222.5 	 0.06828976422548294 	 0.08179830757592434 
1227.5 	 0.07369191199541092 	 0.09025378655460865 
1232.5 	 0.05597882345318794 	 0.06389843136225394 
1237.5 	 0.0 	 0.0 
1242.5 	 0.0 	 0.0 
1247.5 	 0.04056975245475769 	 0.04508357717776277 
1252.5 	 0.0 	 0.0 
1257.5 	 0.08483407646417618 	 0.07369860173743642 
1262.5 	 0.0 	 0.0 
1267.5 	 0.0 	 0.0 
1272.5 	 0.0 	 0.0 
1277.5 	 0.0 	 0.0 
1282.5 	 0.0 	 0.0 
1287.5 	 0.030762244015932083 	 0.03341227149641565 
1292.5 	 0.0 	 0.0 
1297.5 	 0.0 	 0.0 
1302.5 	 0.0 	 0.0 
1307.5 	 0.13657952845096588 	 0.13204873185212748 
1312.5 	 0.0 	 0.0 
1317.5 	 0.0 	 0.0 
1322.5 	 0.07088806480169296 	 0.060682230608691975 
1327.5 	 0.0 	 0.0 
1332.5 	 0.0 	 0.0 
1337.5 	 0.0 	 0.0 
1342.5 	 0.0 	 0.0 
1347.5 	 0.2947676479816437 	 0.3610151366329885 
1352.5 	 0.0 	 0.0 
1357.5 	 0.0 	 0.0 
1362.5 	 0.0 	 0.0 
1367.5 	 0.0 	 0.0 
1372.5 	 0.0 	 0.0 
1377.5 	 0.31051892042160034 	 0.35855637615326114 
1382.5 	 0.0 	 0.0 
1387.5 	 0.0 	 0.0 
1392.5 	 0.0 	 0.0 
1397.5 	 0.0 	 0.0 
1402.5 	 0.12725110352039337 	 0.1690150691323933 
1407.5 	 0.049127936363220215 	 0.05672805527764974 
1412.5 	 0.06362555176019669 	 0.07479884610564808 
1417.5 	 0.0 	 0.0 
1422.5 	 0.29983747005462646 	 0.27279120507255245 
1427.5 	 0.06828976422548294 	 0.08179830757592434 
1432.5 	 0.0 	 0.0 
1437.5 	 0.0 	 0.0 
1442.5 	 0.31051892042160034 	 0.35855637615326114 
1447.5 	 0.0 	 0.0 
1452.5 	 0.12725110352039337 	 0.1690150691323933 
1457.5 	 0.0 	 0.0 
1462.5 	 0.0 	 0.0 
1467.5 	 0.0 	 0.0 
1472.5 	 0.0 	 0.0 
1477.5 	 0.0 	 0.0 
1482.5 	 0.0 	 0.0 
1487.5 	 0.0 	 0.0 
1492.5 	 0.9315567016601562 	 1.3174201034241122 
1497.5 	 0.0 	 0.0 
1502.5 	 0.09994582086801529 	 0.12217930473882298 
1507.5 	 0.0 	 0.0 
1512.5 	 0.0 	 0.0 
1517.5 	 0.12725110352039337 	 0.1690150691323933 
1522.5 	 0.06362555176019669 	 0.07479884610564808 
1527.5 	 0.0 	 0.0 
1532.5 	 0.0 	 0.0 
1537.5 	 0.0 	 0.0 
1542.5 	 0.4657783508300781 	 0.5704596417044979 
1547.5 	 0.09026172012090683 	 0.10727935821104907 
1552.5 	 0.0 	 0.0 
1557.5 	 0.0 	 0.0 
1562.5 	 0.0 	 0.0 
1567.5 	 0.0 	 0.0 
1572.5 	 0.0 	 0.0 
1577.5 	 0.11195764690637589 	 0.141878685676534 
1582.5 	 0.0 	 0.0 
1587.5 	 0.0 	 0.0 
1592.5 	 0.0 	 0.0 
1597.5 	 0.14738382399082184 	 0.2084321890836654 
1602.5 	 0.0 	 0.0 
1607.5 	 0.0 	 0.0 
1612.5 	 0.0 	 0.0 
1617.5 	 0.0 	 0.0 
1622.5 	 0.0 	 0.0 
1627.5 	 0.0 	 0.0 
1632.5 	 0.0 	 0.0 
1637.5 	 0.0 	 0.0 
1642.5 	 0.0 	 0.0 
1647.5 	 0.0 	 0.0 
1652.5 	 0.0 	 0.0 
1657.5 	 0.0 	 0.0 
1662.5 	 0.0 	 0.0 
1667.5 	 0.0 	 0.0 
1672.5 	 0.0 	 0.0 
1677.5 	 0.4657783508300781 	 0.5704596417044979 
1682.5 	 0.0 	 0.0 
1687.5 	 0.0 	 0.0 
1692.5 	 0.0 	 0.0 
1697.5 	 0.0 	 0.0 
1702.5 	 0.06828976422548294 	 0.08179830757592434 
1707.5 	 0.0 	 0.0 
1712.5 	 0.0 	 0.0 
1717.5 	 0.0 	 0.0 
1722.5 	 0.0 	 0.0 
1727.5 	 0.0 	 0.0 
1732.5 	 0.0 	 0.0 
1737.5 	 0.0 	 0.0 
1742.5 	 0.0 	 0.0 
1747.5 	 0.0 	 0.0 
1752.5 	 0.0 	 0.0 
1757.5 	 0.0 	 0.0 
1762.5 	 0.0 	 0.0 
1767.5 	 0.06362555176019669 	 0.07479884610564808 
1772.5 	 0.0 	 0.0 
1777.5 	 0.0 	 0.0 
1782.5 	 0.0 	 0.0 
1787.5 	 0.0 	 0.0 
1792.5 	 0.0 	 0.0 
1797.5 	 0.0 	 0.0 
1802.5 	 0.0 	 0.0 
1807.5 	 0.0 	 0.0 
1812.5 	 1.8631134033203125 	 2.2818385412684234 
1817.5 	 0.09825587272644043 	 0.08969492942139588 
1822.5 	 0.0 	 0.0 
1827.5 	 0.0 	 0.0 
1832.5 	 0.9315567016601562 	 1.3174201034241122 
1837.5 	 0.12725110352039337 	 0.1690150691323933 
1842.5 	 0.0 	 0.0 
1847.5 	 0.0 	 0.0 
1852.5 	 0.0 	 0.0 
1857.5 	 0.0 	 0.0 
1862.5 	 0.0 	 0.0 
1867.5 	 0.12725110352039337 	 0.1690150691323933 
1872.5 	 0.0 	 0.0 
1877.5 	 0.0 	 0.0 
1882.5 	 0.0 	 0.0 
1887.5 	 0.0 	 0.0 
1892.5 	 0.0 	 0.0 
1897.5 	 0.0 	 0.0 
1902.5 	 0.14738382399082184 	 0.2084321890836654 
1907.5 	 0.0 	 0.0 
1912.5 	 0.06828976422548294 	 0.08179830757592434 
1917.5 	 0.0 	 0.0 
1922.5 	 0.0 	 0.0 
1927.5 	 0.0 	 0.0 
1932.5 	 0.07369191199541092 	 0.09025378655460865 
1937.5 	 0.0 	 0.0 
1942.5 	 0.0 	 0.0 
1947.5 	 0.06362555176019669 	 0.07479884610564808 
1952.5 	 0.11195764690637589 	 0.141878685676534 
1957.5 	 0.0 	 0.0 
1962.5 	 0.0 	 0.0 
1967.5 	 0.0 	 0.0 
1972.5 	 0.0 	 0.0 
1977.5 	 0.0 	 0.0 
1982.5 	 0.0 	 0.0 
1987.5 	 0.0 	 0.0 
1992.5 	 0.0 	 0.0 
1997.5 	 0.0 	 0.0 
2002.5 	 0.0 	 0.0 
2007.5 	 0.0 	 0.0 
2012.5 	 0.0 	 0.0 
2017.5 	 0.0 	 0.0 
2022.5 	 0.0 	 0.0 
2027.5 	 0.0 	 0.0 
2032.5 	 0.0 	 0.0 
2037.5 	 0.0 	 0.0 
2042.5 	 0.0 	 0.0 
2047.5 	 0.0 	 0.0 
2052.5 	 0.0 	 0.0 
2057.5 	 0.0 	 0.0 
2062.5 	 0.0 	 0.0 
2067.5 	 0.0 	 0.0 
2072.5 	 0.0 	 0.0 
2077.5 	 0.0 	 0.0 
2082.5 	 0.0 	 0.0 
2087.5 	 0.09994582086801529 	 0.12217930473882298 
2092.5 	 0.0 	 0.0 
2097.5 	 0.0 	 0.0 
2102.5 	 0.0 	 0.0 
2107.5 	 0.14738382399082184 	 0.2084321890836654 
2112.5 	 0.0 	 0.0 
2117.5 	 0.0 	 0.0 
2122.5 	 0.0 	 0.0 
2127.5 	 0.0 	 0.0 
2132.5 	 0.0 	 0.0 
2137.5 	 0.0 	 0.0 
2142.5 	 0.9315567016601562 	 1.3174201034241122 
2147.5 	 0.0 	 0.0 
2152.5 	 0.0 	 0.0 
2157.5 	 0.0 	 0.0 
2162.5 	 0.0 	 0.0 
2167.5 	 0.0 	 0.0 
2172.5 	 0.0 	 0.0 
2177.5 	 0.0 	 0.0 
2182.5 	 0.0 	 0.0 
2187.5 	 0.0 	 0.0 
2192.5 	 0.0 	 0.0 
2197.5 	 0.0 	 0.0 
2202.5 	 0.0 	 0.0 
2207.5 	 0.0 	 0.0 
2212.5 	 0.0 	 0.0 
2217.5 	 0.0 	 0.0 
2222.5 	 0.0 	 0.0 
2227.5 	 0.0 	 0.0 
2232.5 	 0.0 	 0.0 
2237.5 	 0.0 	 0.0 
2242.5 	 0.0 	 0.0 
2247.5 	 0.0 	 0.0 
2252.5 	 0.0 	 0.0 
2257.5 	 0.0 	 0.0 
2262.5 	 0.0 	 0.0 
2267.5 	 0.0 	 0.0 
2272.5 	 0.9315567016601562 	 1.3174201034241122 
2277.5 	 0.0 	 0.0 
2282.5 	 0.0 	 0.0 
2287.5 	 0.0 	 0.0 
2292.5 	 0.0 	 0.0 
2297.5 	 0.0 	 0.0 
2302.5 	 0.0 	 0.0 
2307.5 	 0.0 	 0.0 
2312.5 	 0.0 	 0.0 
2317.5 	 0.0 	 0.0 
2322.5 	 0.0 	 0.0 
2327.5 	 0.0 	 0.0 
2332.5 	 0.0 	 0.0 
2337.5 	 0.0 	 0.0 
2342.5 	 0.0 	 0.0 
2347.5 	 0.0 	 0.0 
2352.5 	 0.0 	 0.0 
2357.5 	 0.0 	 0.0 
2362.5 	 0.0 	 0.0 
2367.5 	 0.0 	 0.0 
2372.5 	 0.0 	 0.0 
2377.5 	 0.0 	 0.0 
2382.5 	 0.0 	 0.0 
2387.5 	 0.0 	 0.0 
2392.5 	 0.0 	 0.0 
2397.5 	 0.0 	 0.0 
2402.5 	 0.0 	 0.0 
2407.5 	 0.0 	 0.0 
2412.5 	 0.0 	 0.0 
2417.5 	 0.0 	 0.0 
2422.5 	 0.0 	 0.0 
2427.5 	 0.0 	 0.0 
2432.5 	 0.0 	 0.0 
2437.5 	 0.0 	 0.0 
2442.5 	 0.0 	 0.0 
2447.5 	 0.0 	 0.0 
2452.5 	 0.0 	 0.0 
2457.5 	 0.0 	 0.0 
2462.5 	 0.0 	 0.0 
2467.5 	 0.0 	 0.0 
2472.5 	 0.0 	 0.0 
2477.5 	 0.0 	 0.0 
2482.5 	 0.0 	 0.0 
2487.5 	 0.0 	 0.0 
2492.5 	 0.0 	 0.0 
2497.5 	 0.0 	 0.0 
2502.5 	 0.0 	 0.0 
2507.5 	 0.0 	 0.0 
2512.5 	 0.0 	 0.0 
2517.5 	 0.0 	 0.0 
2522.5 	 0.0 	 0.0 
2527.5 	 0.0 	 0.0 
2532.5 	 0.0 	 0.0 
2537.5 	 0.0 	 0.0 
2542.5 	 0.0 	 0.0 
2547.5 	 0.0 	 0.0 
2552.5 	 0.0 	 0.0 
2557.5 	 0.0 	 0.0 
2562.5 	 0.0 	 0.0 
2567.5 	 0.0 	 0.0 
2572.5 	 0.0 	 0.0 
2577.5 	 0.0 	 0.0 
2582.5 	 0.0 	 0.0 
2587.5 	 0.0 	 0.0 
2592.5 	 0.0 	 0.0 
2597.5 	 0.0 	 0.0 
2602.5 	 0.0 	 0.0 
2607.5 	 0.0 	 0.0 
2612.5 	 0.0 	 0.0 
2617.5 	 0.0 	 0.0 
2622.5 	 0.0 	 0.0 
2627.5 	 0.0 	 0.0 
2632.5 	 0.0 	 0.0 
2637.5 	 0.0 	 0.0 
2642.5 	 0.0 	 0.0 
2647.5 	 0.0 	 0.0 
2652.5 	 0.0 	 0.0 
2657.5 	 0.0 	 0.0 
2662.5 	 0.0 	 0.0 
2667.5 	 0.0 	 0.0 
2672.5 	 0.0 	 0.0 
2677.5 	 0.0 	 0.0 
2682.5 	 0.0 	 0.0 
2687.5 	 0.0 	 0.0 
2692.5 	 0.0 	 0.0 
2697.5 	 0.0 	 0.0 
2702.5 	 0.0 	 0.0 
2707.5 	 0.0 	 0.0 
2712.5 	 0.0 	 0.0 
2717.5 	 0.0 	 0.0 
2722.5 	 0.0 	 0.0 
2727.5 	 0.0 	 0.0 
2732.5 	 0.0 	 0.0 
2737.5 	 0.0 	 0.0 
2742.5 	 0.0 	 0.0 
2747.5 	 0.0 	 0.0 
2752.5 	 0.0 	 0.0 
2757.5 	 0.0 	 0.0 
2762.5 	 0.0 	 0.0 
2767.5 	 0.0 	 0.0 
2772.5 	 0.0 	 0.0 
2777.5 	 0.0 	 0.0 
2782.5 	 0.0 	 0.0 
2787.5 	 0.0 	 0.0 
2792.5 	 0.0 	 0.0 
2797.5 	 0.0 	 0.0 
2802.5 	 0.0 	 0.0 
2807.5 	 0.0 	 0.0 
2812.5 	 0.0 	 0.0 
2817.5 	 0.0 	 0.0 
2822.5 	 0.0 	 0.0 
2827.5 	 0.0 	 0.0 
2832.5 	 0.0 	 0.0 
2837.5 	 0.0 	 0.0 
2842.5 	 0.0 	 0.0 
2847.5 	 0.0 	 0.0 
2852.5 	 0.0 	 0.0 
2857.5 	 0.0 	 0.0 
2862.5 	 0.0 	 0.0 
2867.5 	 0.0 	 0.0 
2872.5 	 0.0 	 0.0 
2877.5 	 0.0 	 0.0 
2882.5 	 0.0 	 0.0 
2887.5 	 0.0 	 0.0 
2892.5 	 0.0 	 0.0 
2897.5 	 0.0 	 0.0 
2902.5 	 0.0 	 0.0 
2907.5 	 0.0 	 0.0 
2912.5 	 0.0 	 0.0 
2917.5 	 0.0 	 0.0 
2922.5 	 0.0 	 0.0 
2927.5 	 0.0 	 0.0 
2932.5 	 0.0 	 0.0 
2937.5 	 0.0 	 0.0 
2942.5 	 0.0 	 0.0 
2947.5 	 0.0 	 0.0 
2952.5 	 0.0 	 0.0 
2957.5 	 0.0 	 0.0 
2962.5 	 0.0 	 0.0 
2967.5 	 0.0 	 0.0 
2972.5 	 0.0 	 0.0 
2977.5 	 0.0 	 0.0 
2982.5 	 0.0 	 0.0 
2987.5 	 0.0 	 0.0 
2992.5 	 0.0 	 0.0 
2997.5 	 0.0 	 0.0 
3002.5 	 0.0 	 0.0 
3007.5 	 0.0 	 0.0 
3012.5 	 0.0 	 0.0 
3017.5 	 0.0 	 0.0 
3022.5 	 0.0 	 0.0 
3027.5 	 0.0 	 0.0 
3032.5 	 0.0 	 0.0 
3037.5 	 0.0 	 0.0 
3042.5 	 0.0 	 0.0 
3047.5 	 0.0 	 0.0 
3052.5 	 0.0 	 0.0 
3057.5 	 0.0 	 0.0 
3062.5 	 0.0 	 0.0 
3067.5 	 0.0 	 0.0 
3072.5 	 0.0 	 0.0 
3077.5 	 0.0 	 0.0 
3082.5 	 0.0 	 0.0 
3087.5 	 0.0 	 0.0 
3092.5 	 0.0 	 0.0 
3097.5 	 0.0 	 0.0 
3102.5 	 0.0 	 0.0 
3107.5 	 0.0 	 0.0 
3112.5 	 0.0 	 0.0 
3117.5 	 0.0 	 0.0 
3122.5 	 0.0 	 0.0 
3127.5 	 0.0 	 0.0 
3132.5 	 0.0 	 0.0 
3137.5 	 0.0 	 0.0 
3142.5 	 0.0 	 0.0 
3147.5 	 0.0 	 0.0 
3152.5 	 0.0 	 0.0 
3157.5 	 0.0 	 0.0 
3162.5 	 0.0 	 0.0 
3167.5 	 0.0 	 0.0 
3172.5 	 0.0 	 0.0 
3177.5 	 0.0 	 0.0 
3182.5 	 0.0 	 0.0 
3187.5 	 0.0 	 0.0 
3192.5 	 0.0 	 0.0 
3197.5 	 0.0 	 0.0 
3202.5 	 0.0 	 0.0 
3207.5 	 0.0 	 0.0 
3212.5 	 0.0 	 0.0 
3217.5 	 0.0 	 0.0 
3222.5 	 0.0 	 0.0 
3227.5 	 0.0 	 0.0 
3232.5 	 0.0 	 0.0 
3237.5 	 0.0 	 0.0 
3242.5 	 0.0 	 0.0 
3247.5 	 0.0 	 0.0 
3252.5 	 0.0 	 0.0 
3257.5 	 0.0 	 0.0 
3262.5 	 0.0 	 0.0 
3267.5 	 0.0 	 0.0 
3272.5 	 0.0 	 0.0 
3277.5 	 0.0 	 0.0 
3282.5 	 0.0 	 0.0 
3287.5 	 0.0 	 0.0 
3292.5 	 0.0 	 0.0 
3297.5 	 0.0 	 0.0 
3302.5 	 0.0 	 0.0 
3307.5 	 0.0 	 0.0 
3312.5 	 0.0 	 0.0 
3317.5 	 0.0 	 0.0 
3322.5 	 0.0 	 0.0 
3327.5 	 0.0 	 0.0 
3332.5 	 0.0 	 0.0 
3337.5 	 0.0 	 0.0 
3342.5 	 0.0 	 0.0 
3347.5 	 0.0 	 0.0 
3352.5 	 0.0 	 0.0 
3357.5 	 0.0 	 0.0 
3362.5 	 0.0 	 0.0 
3367.5 	 0.0 	 0.0 
3372.5 	 0.0 	 0.0 
3377.5 	 0.0 	 0.0 
3382.5 	 0.0 	 0.0 
3387.5 	 0.0 	 0.0 
3392.5 	 0.0 	 0.0 
3397.5 	 0.0 	 0.0 
3402.5 	 0.0 	 0.0 
3407.5 	 0.0 	 0.0 
3412.5 	 0.0 	 0.0 
3417.5 	 0.0 	 0.0 
3422.5 	 0.0 	 0.0 
3427.5 	 0.0 	 0.0 
3432.5 	 0.0 	 0.0 
3437.5 	 0.0 	 0.0 
3442.5 	 0.0 	 0.0 
3447.5 	 0.0 	 0.0 
3452.5 	 0.0 	 0.0 
3457.5 	 0.0 	 0.0 
3462.5 	 0.0 	 0.0 
3467.5 	 0.0 	 0.0 
3472.5 	 0.0 	 0.0 
3477.5 	 0.0 	 0.0 
3482.5 	 0.0 	 0.0 
3487.5 	 0.0 	 0.0 
3492.5 	 0.0 	 0.0 
3497.5 	 0.0 	 0.0 
3502.5 	 0.0 	 0.0 
3507.5 	 0.0 	 0.0 
3512.5 	 0.0 	 0.0 
3517.5 	 0.0 	 0.0 
3522.5 	 0.0 	 0.0 
3527.5 	 0.0 	 0.0 
3532.5 	 0.0 	 0.0 
3537.5 	 0.0 	 0.0 
3542.5 	 0.0 	 0.0 
3547.5 	 0.0 	 0.0 
3552.5 	 0.0 	 0.0 
3557.5 	 0.0 	 0.0 
3562.5 	 0.0 	 0.0 
3567.5 	 0.0 	 0.0 
3572.5 	 0.0 	 0.0 
3577.5 	 0.0 	 0.0 
3582.5 	 0.0 	 0.0 
3587.5 	 0.0 	 0.0 
3592.5 	 0.0 	 0.0 
3597.5 	 0.0 	 0.0 
3602.5 	 0.0 	 0.0 
3607.5 	 0.0 	 0.0 
3612.5 	 0.0 	 0.0 
3617.5 	 0.0 	 0.0 
3622.5 	 0.0 	 0.0 
3627.5 	 0.0 	 0.0 
3632.5 	 0.0 	 0.0 
3637.5 	 0.0 	 0.0 
3642.5 	 0.0 	 0.0 
3647.5 	 0.0 	 0.0 
3652.5 	 0.0 	 0.0 
3657.5 	 0.0 	 0.0 
3662.5 	 0.0 	 0.0 
3667.5 	 0.0 	 0.0 
3672.5 	 0.0 	 0.0 
3677.5 	 0.0 	 0.0 
3682.5 	 0.0 	 0.0 
3687.5 	 0.0 	 0.0 
3692.5 	 0.0 	 0.0 
3697.5 	 0.0 	 0.0 
3702.5 	 0.0 	 0.0 
3707.5 	 0.0 	 0.0 
3712.5 	 0.0 	 0.0 
3717.5 	 0.0 	 0.0 
3722.5 	 0.0 	 0.0 
3727.5 	 0.0 	 0.0 
3732.5 	 0.0 	 0.0 
3737.5 	 0.0 	 0.0 
3742.5 	 0.0 	 0.0 
3747.5 	 0.0 	 0.0 
3752.5 	 0.0 	 0.0 
3757.5 	 0.0 	 0.0 
3762.5 	 0.0 	 0.0 
3767.5 	 0.0 	 0.0 
3772.5 	 0.0 	 0.0 
3777.5 	 0.0 	 0.0 
3782.5 	 0.0 	 0.0 
3787.5 	 0.0 	 0.0 
3792.5 	 0.0 	 0.0 
3797.5 	 0.0 	 0.0 
3802.5 	 0.0 	 0.0 
3807.5 	 0.0 	 0.0 
3812.5 	 0.0 	 0.0 
3817.5 	 0.0 	 0.0 
3822.5 	 0.0 	 0.0 
3827.5 	 0.0 	 0.0 
3832.5 	 0.0 	 0.0 
3837.5 	 0.0 	 0.0 
3842.5 	 0.0 	 0.0 
3847.5 	 0.0 	 0.0 
3852.5 	 0.0 	 0.0 
3857.5 	 0.0 	 0.0 
3862.5 	 0.0 	 0.0 
3867.5 	 0.0 	 0.0 
3872.5 	 0.0 	 0.0 
3877.5 	 0.0 	 0.0 
3882.5 	 0.0 	 0.0 
3887.5 	 0.0 	 0.0 
3892.5 	 0.0 	 0.0 
3897.5 	 0.0 	 0.0 
3902.5 	 0.0 	 0.0 
3907.5 	 0.0 	 0.0 
3912.5 	 0.0 	 0.0 
3917.5 	 0.0 	 0.0 
3922.5 	 0.0 	 0.0 
3927.5 	 0.0 	 0.0 
3932.5 	 0.0 	 0.0 
3937.5 	 0.0 	 0.0 
3942.5 	 0.0 	 0.0 
3947.5 	 0.0 	 0.0 
3952.5 	 0.0 	 0.0 
3957.5 	 0.0 	 0.0 
3962.5 	 0.0 	 0.0 
3967.5 	 0.0 	 0.0 
3972.5 	 0.0 	 0.0 
3977.5 	 0.0 	 0.0 
3982.5 	 0.0 	 0.0 
3987.5 	 0.0 	 0.0 
3992.5 	 0.0 	 0.0 
