bin_low 	 bin_high 	 weight 
0.0 	 5.0 	 0.0 
5.0 	 10.0 	 0.08482548594474792 
10.0 	 15.0 	 1.7362382411956787 
15.0 	 20.0 	 1.0400965213775635 
20.0 	 25.0 	 0.5271170139312744 
25.0 	 30.0 	 0.36507171392440796 
30.0 	 35.0 	 0.28964146971702576 
35.0 	 40.0 	 0.23165948688983917 
40.0 	 45.0 	 0.20025257766246796 
45.0 	 50.0 	 0.18047785758972168 
50.0 	 55.0 	 0.15900304913520813 
55.0 	 60.0 	 0.14728139340877533 
60.0 	 65.0 	 0.13985468447208405 
65.0 	 70.0 	 0.1280435472726822 
70.0 	 75.0 	 0.123927541077137 
75.0 	 80.0 	 0.1218695342540741 
80.0 	 85.0 	 0.11354804784059525 
85.0 	 90.0 	 0.10173690319061279 
90.0 	 95.0 	 0.10128951072692871 
95.0 	 100.0 	 0.09735246002674103 
100.0 	 105.0 	 0.09565237164497375 
105.0 	 110.0 	 0.09243115037679672 
110.0 	 115.0 	 0.08500444889068604 
115.0 	 120.0 	 0.07945679128170013 
120.0 	 125.0 	 0.08187270909547806 
125.0 	 130.0 	 0.07721982896327972 
130.0 	 135.0 	 0.07310382276773453 
135.0 	 140.0 	 0.07390912622213364 
140.0 	 145.0 	 0.07355121523141861 
145.0 	 150.0 	 0.06558764725923538 
150.0 	 155.0 	 0.06084528565406799 
155.0 	 160.0 	 0.06361912190914154 
160.0 	 165.0 	 0.060039982199668884 
165.0 	 170.0 	 0.06012946367263794 
170.0 	 175.0 	 0.061561115086078644 
175.0 	 180.0 	 0.057713545858860016 
180.0 	 185.0 	 0.05744510889053345 
185.0 	 190.0 	 0.05413440987467766 
190.0 	 195.0 	 0.056460849940776825 
195.0 	 200.0 	 0.05529763177037239 
200.0 	 205.0 	 0.05153953656554222 
205.0 	 210.0 	 0.048676230013370514 
210.0 	 215.0 	 0.05306066572666168 
215.0 	 220.0 	 0.047065623104572296 
220.0 	 225.0 	 0.049660492688417435 
225.0 	 230.0 	 0.04894466698169708 
230.0 	 235.0 	 0.04742353409528732 
235.0 	 240.0 	 0.04599187895655632 
240.0 	 245.0 	 0.045902401208877563 
245.0 	 250.0 	 0.04617083817720413 
250.0 	 255.0 	 0.04241274297237396 
255.0 	 260.0 	 0.040086306631565094 
260.0 	 265.0 	 0.04366544261574745 
265.0 	 270.0 	 0.04447074607014656 
270.0 	 275.0 	 0.04017578810453415 
275.0 	 280.0 	 0.0394599586725235 
280.0 	 285.0 	 0.0374019555747509 
285.0 	 290.0 	 0.040086306631565094 
290.0 	 295.0 	 0.04241274297237396 
295.0 	 300.0 	 0.04017578437924385 
300.0 	 305.0 	 0.036775607615709305 
305.0 	 310.0 	 0.03847569599747658 
310.0 	 315.0 	 0.03668613359332085 
315.0 	 320.0 	 0.03731248155236244 
320.0 	 325.0 	 0.03641769662499428 
325.0 	 330.0 	 0.03230169042944908 
330.0 	 335.0 	 0.034449171274900436 
335.0 	 340.0 	 0.034449171274900436 
340.0 	 345.0 	 0.03337543085217476 
345.0 	 350.0 	 0.03516499698162079 
350.0 	 355.0 	 0.03274908289313316 
355.0 	 360.0 	 0.030870037153363228 
360.0 	 365.0 	 0.033017516136169434 
365.0 	 370.0 	 0.03158586472272873 
370.0 	 375.0 	 0.030870037153363228 
375.0 	 380.0 	 0.03033316507935524 
380.0 	 385.0 	 0.028185684233903885 
385.0 	 390.0 	 0.030780557543039322 
390.0 	 395.0 	 0.03274908289313316 
395.0 	 400.0 	 0.02827516198158264 
400.0 	 405.0 	 0.03060160018503666 
405.0 	 410.0 	 0.03230169042944908 
410.0 	 415.0 	 0.03140690550208092 
415.0 	 420.0 	 0.030870037153363228 
420.0 	 425.0 	 0.028006726875901222 
425.0 	 430.0 	 0.028722554445266724 
430.0 	 435.0 	 0.029885772615671158 
435.0 	 440.0 	 0.025948725640773773 
440.0 	 445.0 	 0.02800672873854637 
445.0 	 450.0 	 0.02881203219294548 
450.0 	 455.0 	 0.027917249128222466 
455.0 	 460.0 	 0.027111943811178207 
460.0 	 465.0 	 0.02451707050204277 
465.0 	 470.0 	 0.023622287437319756 
470.0 	 475.0 	 0.02934890426695347 
475.0 	 480.0 	 0.026575075462460518 
480.0 	 485.0 	 0.02729090116918087 
485.0 	 490.0 	 0.026217158883810043 
490.0 	 495.0 	 0.02550133503973484 
495.0 	 500.0 	 0.02326437458395958 
500.0 	 505.0 	 0.023443331941962242 
505.0 	 510.0 	 0.02371176704764366 
510.0 	 515.0 	 0.01968524046242237 
515.0 	 520.0 	 0.020848458632826805 
520.0 	 525.0 	 0.02326437458395958 
525.0 	 530.0 	 0.02245907112956047 
530.0 	 535.0 	 0.02049054577946663 
535.0 	 540.0 	 0.018522022292017937 
540.0 	 545.0 	 0.020311588421463966 
545.0 	 550.0 	 0.017000889405608177 
550.0 	 555.0 	 0.017806194722652435 
555.0 	 560.0 	 0.014942886307835579 
560.0 	 565.0 	 0.01261644996702671 
565.0 	 570.0 	 0.013690189458429813 
570.0 	 575.0 	 0.011005839332938194 
575.0 	 580.0 	 0.010468969121575356 
580.0 	 585.0 	 0.010021576657891273 
585.0 	 590.0 	 0.00796357449144125 
590.0 	 595.0 	 0.005726615432649851 
595.0 	 600.0 	 0.00796357449144125 
600.0 	 605.0 	 0.006531920749694109 
605.0 	 610.0 	 0.006710877176374197 
610.0 	 615.0 	 0.006084528751671314 
615.0 	 620.0 	 0.004473918583244085 
620.0 	 625.0 	 0.003579134587198496 
625.0 	 630.0 	 0.004473918583244085 
630.0 	 635.0 	 0.0024159157183021307 
635.0 	 640.0 	 0.002505394397303462 
640.0 	 645.0 	 0.0019685239531099796 
645.0 	 650.0 	 0.0022369592916220427 
650.0 	 655.0 	 0.0011632187524810433 
655.0 	 660.0 	 0.0019685239531099796 
660.0 	 665.0 	 0.0010737404227256775 
665.0 	 670.0 	 0.0008053052588365972 
670.0 	 675.0 	 0.0006263485411182046 
675.0 	 680.0 	 0.0003579134645406157 
680.0 	 685.0 	 0.0007158269290812314 
685.0 	 690.0 	 0.0003579134645406157 
690.0 	 695.0 	 0.0005368701531551778 
695.0 	 700.0 	 0.0002684350765775889 
700.0 	 705.0 	 0.0006263485411182046 
705.0 	 710.0 	 0.0005368702113628387 
710.0 	 715.0 	 8.947836613515392e-05 
715.0 	 720.0 	 0.0002684350765775889 
720.0 	 725.0 	 0.0002684350765775889 
725.0 	 730.0 	 0.00017895673227030784 
730.0 	 735.0 	 0.0002684350765775889 
735.0 	 740.0 	 0.00017895673227030784 
740.0 	 745.0 	 0.0003579134645406157 
745.0 	 750.0 	 0.0003579134645406157 
750.0 	 755.0 	 0.0002684350765775889 
755.0 	 760.0 	 0.00017895673227030784 
760.0 	 765.0 	 0.0002684350765775889 
765.0 	 770.0 	 0.0 
770.0 	 775.0 	 0.0 
775.0 	 780.0 	 0.000447391823399812 
780.0 	 785.0 	 0.0002684350765775889 
785.0 	 790.0 	 0.0002684350765775889 
790.0 	 795.0 	 0.00017895673227030784 
795.0 	 800.0 	 0.00017895673227030784 
800.0 	 805.0 	 0.00017895673227030784 
805.0 	 810.0 	 0.00017895673227030784 
810.0 	 815.0 	 0.0003579134645406157 
815.0 	 820.0 	 0.0 
820.0 	 825.0 	 0.000447391823399812 
825.0 	 830.0 	 8.947836613515392e-05 
830.0 	 835.0 	 8.947836613515392e-05 
835.0 	 840.0 	 8.947836613515392e-05 
840.0 	 845.0 	 8.947836613515392e-05 
845.0 	 850.0 	 0.00017895673227030784 
850.0 	 855.0 	 0.0 
855.0 	 860.0 	 0.0002684350765775889 
860.0 	 865.0 	 0.0 
865.0 	 870.0 	 8.947836613515392e-05 
870.0 	 875.0 	 8.947836613515392e-05 
875.0 	 880.0 	 0.000447391823399812 
880.0 	 885.0 	 8.947836613515392e-05 
885.0 	 890.0 	 0.0 
890.0 	 895.0 	 0.00017895673227030784 
895.0 	 900.0 	 0.00017895673227030784 
900.0 	 905.0 	 8.947836613515392e-05 
905.0 	 910.0 	 0.00017895673227030784 
910.0 	 915.0 	 0.00017895673227030784 
915.0 	 920.0 	 0.0002684350765775889 
920.0 	 925.0 	 0.0 
925.0 	 930.0 	 0.00017895673227030784 
930.0 	 935.0 	 8.947836613515392e-05 
935.0 	 940.0 	 8.947836613515392e-05 
940.0 	 945.0 	 8.947836613515392e-05 
945.0 	 950.0 	 0.00017895673227030784 
950.0 	 955.0 	 8.947836613515392e-05 
955.0 	 960.0 	 0.00017895673227030784 
960.0 	 965.0 	 0.0002684350765775889 
965.0 	 970.0 	 0.0 
970.0 	 975.0 	 0.0002684350765775889 
975.0 	 980.0 	 8.947836613515392e-05 
980.0 	 985.0 	 0.00017895673227030784 
985.0 	 990.0 	 0.0 
990.0 	 995.0 	 0.0 
995.0 	 1000.0 	 0.0002684350765775889 
1000.0 	 1005.0 	 0.0 
1005.0 	 1010.0 	 0.00017895673227030784 
1010.0 	 1015.0 	 0.0002684350765775889 
1015.0 	 1020.0 	 0.0 
1020.0 	 1025.0 	 0.00017895673227030784 
1025.0 	 1030.0 	 8.947836613515392e-05 
1030.0 	 1035.0 	 0.0 
1035.0 	 1040.0 	 0.0003579134645406157 
1040.0 	 1045.0 	 0.00017895673227030784 
1045.0 	 1050.0 	 0.00017895673227030784 
1050.0 	 1055.0 	 0.00017895673227030784 
1055.0 	 1060.0 	 0.00017895673227030784 
1060.0 	 1065.0 	 0.00017895673227030784 
1065.0 	 1070.0 	 8.947836613515392e-05 
1070.0 	 1075.0 	 8.947836613515392e-05 
1075.0 	 1080.0 	 8.947836613515392e-05 
1080.0 	 1085.0 	 0.0 
1085.0 	 1090.0 	 8.947836613515392e-05 
1090.0 	 1095.0 	 0.00017895673227030784 
1095.0 	 1100.0 	 8.947836613515392e-05 
1100.0 	 1105.0 	 0.0003579134645406157 
1105.0 	 1110.0 	 0.0003579134645406157 
1110.0 	 1115.0 	 0.00017895673227030784 
1115.0 	 1120.0 	 0.0002684350765775889 
1120.0 	 1125.0 	 0.00017895673227030784 
1125.0 	 1130.0 	 0.0 
1130.0 	 1135.0 	 0.00017895673227030784 
1135.0 	 1140.0 	 0.0002684350765775889 
1140.0 	 1145.0 	 0.00017895673227030784 
1145.0 	 1150.0 	 0.00017895673227030784 
1150.0 	 1155.0 	 0.00017895673227030784 
1155.0 	 1160.0 	 8.947836613515392e-05 
1160.0 	 1165.0 	 0.0 
1165.0 	 1170.0 	 0.0 
1170.0 	 1175.0 	 8.947836613515392e-05 
1175.0 	 1180.0 	 8.947836613515392e-05 
1180.0 	 1185.0 	 8.947836613515392e-05 
1185.0 	 1190.0 	 8.947836613515392e-05 
1190.0 	 1195.0 	 0.0002684350765775889 
1195.0 	 1200.0 	 8.947836613515392e-05 
1200.0 	 1205.0 	 0.0 
1205.0 	 1210.0 	 0.0 
1210.0 	 1215.0 	 0.0003579134645406157 
1215.0 	 1220.0 	 8.947836613515392e-05 
1220.0 	 1225.0 	 8.947836613515392e-05 
1225.0 	 1230.0 	 0.0 
1230.0 	 1235.0 	 0.0003579134645406157 
1235.0 	 1240.0 	 0.00017895673227030784 
1240.0 	 1245.0 	 0.0006263485411182046 
1245.0 	 1250.0 	 0.0003579134645406157 
1250.0 	 1255.0 	 8.947836613515392e-05 
1255.0 	 1260.0 	 0.0002684350765775889 
1260.0 	 1265.0 	 8.947836613515392e-05 
1265.0 	 1270.0 	 0.0002684350765775889 
1270.0 	 1275.0 	 0.00017895673227030784 
1275.0 	 1280.0 	 0.0 
1280.0 	 1285.0 	 0.0 
1285.0 	 1290.0 	 0.000447391823399812 
1290.0 	 1295.0 	 8.947836613515392e-05 
1295.0 	 1300.0 	 0.0002684350765775889 
1300.0 	 1305.0 	 0.0 
1305.0 	 1310.0 	 8.947836613515392e-05 
1310.0 	 1315.0 	 0.0 
1315.0 	 1320.0 	 8.947836613515392e-05 
1320.0 	 1325.0 	 8.947836613515392e-05 
1325.0 	 1330.0 	 0.0002684350765775889 
1330.0 	 1335.0 	 0.0002684350765775889 
1335.0 	 1340.0 	 0.0 
1340.0 	 1345.0 	 0.00017895673227030784 
1345.0 	 1350.0 	 0.0 
1350.0 	 1355.0 	 0.0 
1355.0 	 1360.0 	 0.0 
1360.0 	 1365.0 	 0.0 
1365.0 	 1370.0 	 0.00017895673227030784 
1370.0 	 1375.0 	 0.0 
1375.0 	 1380.0 	 0.0002684350765775889 
1380.0 	 1385.0 	 0.0002684350765775889 
1385.0 	 1390.0 	 8.947836613515392e-05 
1390.0 	 1395.0 	 0.00017895673227030784 
1395.0 	 1400.0 	 0.00017895673227030784 
1400.0 	 1405.0 	 8.947836613515392e-05 
1405.0 	 1410.0 	 0.0 
1410.0 	 1415.0 	 0.00017895673227030784 
1415.0 	 1420.0 	 0.0 
1420.0 	 1425.0 	 0.0002684350765775889 
1425.0 	 1430.0 	 8.947836613515392e-05 
1430.0 	 1435.0 	 0.00017895673227030784 
1435.0 	 1440.0 	 0.0 
1440.0 	 1445.0 	 0.0002684350765775889 
1445.0 	 1450.0 	 0.0 
1450.0 	 1455.0 	 8.947836613515392e-05 
1455.0 	 1460.0 	 0.00017895673227030784 
1460.0 	 1465.0 	 0.0 
1465.0 	 1470.0 	 0.0 
1470.0 	 1475.0 	 0.00017895673227030784 
1475.0 	 1480.0 	 8.947836613515392e-05 
1480.0 	 1485.0 	 0.0003579134645406157 
1485.0 	 1490.0 	 8.947836613515392e-05 
1490.0 	 1495.0 	 8.947836613515392e-05 
1495.0 	 1500.0 	 8.947836613515392e-05 
1500.0 	 1505.0 	 0.0002684350765775889 
1505.0 	 1510.0 	 0.0 
1510.0 	 1515.0 	 0.0 
1515.0 	 1520.0 	 8.947836613515392e-05 
1520.0 	 1525.0 	 0.00017895673227030784 
1525.0 	 1530.0 	 8.947836613515392e-05 
1530.0 	 1535.0 	 0.00017895673227030784 
1535.0 	 1540.0 	 0.00017895673227030784 
1540.0 	 1545.0 	 0.00017895673227030784 
1545.0 	 1550.0 	 0.0003579134645406157 
1550.0 	 1555.0 	 0.00017895673227030784 
1555.0 	 1560.0 	 8.947836613515392e-05 
1560.0 	 1565.0 	 0.0 
1565.0 	 1570.0 	 0.0002684350765775889 
1570.0 	 1575.0 	 8.947836613515392e-05 
1575.0 	 1580.0 	 0.00017895673227030784 
1580.0 	 1585.0 	 0.00017895673227030784 
1585.0 	 1590.0 	 8.947836613515392e-05 
1590.0 	 1595.0 	 8.947836613515392e-05 
1595.0 	 1600.0 	 0.0 
1600.0 	 1605.0 	 8.947836613515392e-05 
1605.0 	 1610.0 	 0.00017895673227030784 
1610.0 	 1615.0 	 8.947836613515392e-05 
1615.0 	 1620.0 	 8.947836613515392e-05 
1620.0 	 1625.0 	 0.0003579134645406157 
1625.0 	 1630.0 	 0.0002684350765775889 
1630.0 	 1635.0 	 0.00017895673227030784 
1635.0 	 1640.0 	 8.947836613515392e-05 
1640.0 	 1645.0 	 0.0 
1645.0 	 1650.0 	 0.0 
1650.0 	 1655.0 	 8.947836613515392e-05 
1655.0 	 1660.0 	 8.947836613515392e-05 
1660.0 	 1665.0 	 0.0 
1665.0 	 1670.0 	 0.0002684350765775889 
1670.0 	 1675.0 	 0.0 
1675.0 	 1680.0 	 0.00017895673227030784 
1680.0 	 1685.0 	 8.947836613515392e-05 
1685.0 	 1690.0 	 8.947836613515392e-05 
1690.0 	 1695.0 	 0.0002684350765775889 
1695.0 	 1700.0 	 0.0 
1700.0 	 1705.0 	 8.947836613515392e-05 
1705.0 	 1710.0 	 8.947836613515392e-05 
1710.0 	 1715.0 	 0.00017895673227030784 
1715.0 	 1720.0 	 0.00017895673227030784 
1720.0 	 1725.0 	 0.0 
1725.0 	 1730.0 	 0.00017895673227030784 
1730.0 	 1735.0 	 0.0 
1735.0 	 1740.0 	 0.00017895673227030784 
1740.0 	 1745.0 	 8.947836613515392e-05 
1745.0 	 1750.0 	 0.00017895673227030784 
1750.0 	 1755.0 	 8.947836613515392e-05 
1755.0 	 1760.0 	 0.0 
1760.0 	 1765.0 	 8.947836613515392e-05 
1765.0 	 1770.0 	 0.00017895673227030784 
1770.0 	 1775.0 	 8.947836613515392e-05 
1775.0 	 1780.0 	 0.0 
1780.0 	 1785.0 	 8.947836613515392e-05 
1785.0 	 1790.0 	 0.00017895673227030784 
1790.0 	 1795.0 	 0.0002684350765775889 
1795.0 	 1800.0 	 0.0 
1800.0 	 1805.0 	 8.947836613515392e-05 
1805.0 	 1810.0 	 0.00017895673227030784 
1810.0 	 1815.0 	 8.947836613515392e-05 
1815.0 	 1820.0 	 0.0 
1820.0 	 1825.0 	 0.0 
1825.0 	 1830.0 	 0.0 
1830.0 	 1835.0 	 8.947836613515392e-05 
1835.0 	 1840.0 	 8.947836613515392e-05 
1840.0 	 1845.0 	 8.947836613515392e-05 
1845.0 	 1850.0 	 8.947836613515392e-05 
1850.0 	 1855.0 	 0.0 
1855.0 	 1860.0 	 0.00017895673227030784 
1860.0 	 1865.0 	 8.947836613515392e-05 
1865.0 	 1870.0 	 8.947836613515392e-05 
1870.0 	 1875.0 	 0.0 
1875.0 	 1880.0 	 0.0 
1880.0 	 1885.0 	 0.0 
1885.0 	 1890.0 	 8.947836613515392e-05 
1890.0 	 1895.0 	 0.00017895673227030784 
1895.0 	 1900.0 	 8.947836613515392e-05 
1900.0 	 1905.0 	 0.0 
1905.0 	 1910.0 	 0.0 
1910.0 	 1915.0 	 8.947836613515392e-05 
1915.0 	 1920.0 	 8.947836613515392e-05 
1920.0 	 1925.0 	 0.00017895673227030784 
1925.0 	 1930.0 	 0.0003579134645406157 
1930.0 	 1935.0 	 0.0 
1935.0 	 1940.0 	 0.0 
1940.0 	 1945.0 	 0.00017895673227030784 
1945.0 	 1950.0 	 0.00017895673227030784 
1950.0 	 1955.0 	 0.00017895673227030784 
1955.0 	 1960.0 	 8.947836613515392e-05 
1960.0 	 1965.0 	 8.947836613515392e-05 
1965.0 	 1970.0 	 0.0 
1970.0 	 1975.0 	 8.947836613515392e-05 
1975.0 	 1980.0 	 0.00017895673227030784 
1980.0 	 1985.0 	 0.00017895673227030784 
1985.0 	 1990.0 	 0.00017895673227030784 
1990.0 	 1995.0 	 8.947836613515392e-05 
1995.0 	 2000.0 	 0.0 
2000.0 	 2005.0 	 8.947836613515392e-05 
2005.0 	 2010.0 	 8.947836613515392e-05 
2010.0 	 2015.0 	 0.0 
2015.0 	 2020.0 	 8.947836613515392e-05 
2020.0 	 2025.0 	 0.0 
2025.0 	 2030.0 	 0.0 
2030.0 	 2035.0 	 0.0 
2035.0 	 2040.0 	 8.947836613515392e-05 
2040.0 	 2045.0 	 0.0 
2045.0 	 2050.0 	 0.00017895673227030784 
2050.0 	 2055.0 	 8.947836613515392e-05 
2055.0 	 2060.0 	 0.0 
2060.0 	 2065.0 	 0.0 
2065.0 	 2070.0 	 0.0 
2070.0 	 2075.0 	 0.00017895673227030784 
2075.0 	 2080.0 	 0.00017895673227030784 
2080.0 	 2085.0 	 0.0 
2085.0 	 2090.0 	 0.0002684350765775889 
2090.0 	 2095.0 	 0.0 
2095.0 	 2100.0 	 0.0 
2100.0 	 2105.0 	 0.0 
2105.0 	 2110.0 	 0.0 
2110.0 	 2115.0 	 8.947836613515392e-05 
2115.0 	 2120.0 	 0.0 
2120.0 	 2125.0 	 0.0 
2125.0 	 2130.0 	 8.947836613515392e-05 
2130.0 	 2135.0 	 8.947836613515392e-05 
2135.0 	 2140.0 	 8.947836613515392e-05 
2140.0 	 2145.0 	 8.947836613515392e-05 
2145.0 	 2150.0 	 0.00017895673227030784 
2150.0 	 2155.0 	 0.0 
2155.0 	 2160.0 	 0.0 
2160.0 	 2165.0 	 0.0 
2165.0 	 2170.0 	 8.947836613515392e-05 
2170.0 	 2175.0 	 0.0 
2175.0 	 2180.0 	 0.0 
2180.0 	 2185.0 	 0.0 
2185.0 	 2190.0 	 0.0 
2190.0 	 2195.0 	 0.0 
2195.0 	 2200.0 	 0.0 
2200.0 	 2205.0 	 0.0 
2205.0 	 2210.0 	 8.947836613515392e-05 
2210.0 	 2215.0 	 0.0 
2215.0 	 2220.0 	 0.0 
2220.0 	 2225.0 	 0.0 
2225.0 	 2230.0 	 0.0 
2230.0 	 2235.0 	 0.0 
2235.0 	 2240.0 	 0.0 
2240.0 	 2245.0 	 0.0 
2245.0 	 2250.0 	 8.947836613515392e-05 
2250.0 	 2255.0 	 0.0 
2255.0 	 2260.0 	 0.0 
2260.0 	 2265.0 	 0.0 
2265.0 	 2270.0 	 0.0 
2270.0 	 2275.0 	 8.947836613515392e-05 
2275.0 	 2280.0 	 0.0 
2280.0 	 2285.0 	 0.0 
2285.0 	 2290.0 	 0.00017895673227030784 
2290.0 	 2295.0 	 0.0 
2295.0 	 2300.0 	 0.0 
2300.0 	 2305.0 	 0.0 
2305.0 	 2310.0 	 0.0 
2310.0 	 2315.0 	 8.947836613515392e-05 
2315.0 	 2320.0 	 8.947836613515392e-05 
2320.0 	 2325.0 	 0.0 
2325.0 	 2330.0 	 0.0 
2330.0 	 2335.0 	 0.0 
2335.0 	 2340.0 	 0.0 
2340.0 	 2345.0 	 0.0 
2345.0 	 2350.0 	 0.0 
2350.0 	 2355.0 	 8.947836613515392e-05 
2355.0 	 2360.0 	 0.0 
2360.0 	 2365.0 	 0.0 
2365.0 	 2370.0 	 8.947836613515392e-05 
2370.0 	 2375.0 	 0.0 
2375.0 	 2380.0 	 0.0 
2380.0 	 2385.0 	 0.0 
2385.0 	 2390.0 	 0.0 
2390.0 	 2395.0 	 0.0 
2395.0 	 2400.0 	 0.0 
2400.0 	 2405.0 	 0.0 
2405.0 	 2410.0 	 0.0 
2410.0 	 2415.0 	 0.0 
2415.0 	 2420.0 	 0.0 
2420.0 	 2425.0 	 0.0 
2425.0 	 2430.0 	 0.0 
2430.0 	 2435.0 	 0.0 
2435.0 	 2440.0 	 0.0 
2440.0 	 2445.0 	 0.0 
2445.0 	 2450.0 	 0.0 
2450.0 	 2455.0 	 0.0 
2455.0 	 2460.0 	 0.0 
2460.0 	 2465.0 	 0.0 
2465.0 	 2470.0 	 0.0 
2470.0 	 2475.0 	 0.0 
2475.0 	 2480.0 	 0.0 
2480.0 	 2485.0 	 0.0 
2485.0 	 2490.0 	 0.0 
2490.0 	 2495.0 	 0.0 
2495.0 	 2500.0 	 0.0 
2500.0 	 2505.0 	 0.0 
2505.0 	 2510.0 	 0.0 
2510.0 	 2515.0 	 0.0 
2515.0 	 2520.0 	 0.0 
2520.0 	 2525.0 	 0.0 
2525.0 	 2530.0 	 0.0 
2530.0 	 2535.0 	 8.947836613515392e-05 
2535.0 	 2540.0 	 0.0 
2540.0 	 2545.0 	 0.0 
2545.0 	 2550.0 	 0.0 
2550.0 	 2555.0 	 0.0 
2555.0 	 2560.0 	 0.0 
2560.0 	 2565.0 	 0.0 
2565.0 	 2570.0 	 0.0 
2570.0 	 2575.0 	 0.0 
2575.0 	 2580.0 	 0.0 
2580.0 	 2585.0 	 0.0 
2585.0 	 2590.0 	 0.0 
2590.0 	 2595.0 	 0.0 
2595.0 	 2600.0 	 8.947836613515392e-05 
2600.0 	 2605.0 	 0.0 
2605.0 	 2610.0 	 0.0 
2610.0 	 2615.0 	 0.0 
2615.0 	 2620.0 	 0.0 
2620.0 	 2625.0 	 0.0 
2625.0 	 2630.0 	 0.0 
2630.0 	 2635.0 	 0.0 
2635.0 	 2640.0 	 8.947836613515392e-05 
2640.0 	 2645.0 	 0.0 
2645.0 	 2650.0 	 0.0 
2650.0 	 2655.0 	 0.0 
2655.0 	 2660.0 	 0.0 
2660.0 	 2665.0 	 0.0 
2665.0 	 2670.0 	 0.0 
2670.0 	 2675.0 	 0.0 
2675.0 	 2680.0 	 0.0 
2680.0 	 2685.0 	 0.0 
2685.0 	 2690.0 	 0.0 
2690.0 	 2695.0 	 0.0 
2695.0 	 2700.0 	 0.0 
2700.0 	 2705.0 	 0.0 
2705.0 	 2710.0 	 0.0 
2710.0 	 2715.0 	 0.0 
2715.0 	 2720.0 	 0.0 
2720.0 	 2725.0 	 0.0 
2725.0 	 2730.0 	 0.0 
2730.0 	 2735.0 	 0.0 
2735.0 	 2740.0 	 0.0 
2740.0 	 2745.0 	 0.0 
2745.0 	 2750.0 	 0.0 
2750.0 	 2755.0 	 0.0 
2755.0 	 2760.0 	 0.0 
2760.0 	 2765.0 	 0.0 
2765.0 	 2770.0 	 0.0 
2770.0 	 2775.0 	 0.0 
2775.0 	 2780.0 	 0.0 
2780.0 	 2785.0 	 0.0 
2785.0 	 2790.0 	 0.0 
2790.0 	 2795.0 	 0.0 
2795.0 	 2800.0 	 0.0 
2800.0 	 2805.0 	 0.0 
2805.0 	 2810.0 	 0.0 
2810.0 	 2815.0 	 0.0 
2815.0 	 2820.0 	 0.0 
2820.0 	 2825.0 	 0.0 
2825.0 	 2830.0 	 0.0 
2830.0 	 2835.0 	 0.0 
2835.0 	 2840.0 	 0.0 
2840.0 	 2845.0 	 0.0 
2845.0 	 2850.0 	 0.0 
2850.0 	 2855.0 	 0.0 
2855.0 	 2860.0 	 0.0 
2860.0 	 2865.0 	 0.0 
2865.0 	 2870.0 	 0.0 
2870.0 	 2875.0 	 0.0 
2875.0 	 2880.0 	 0.0 
2880.0 	 2885.0 	 0.0 
2885.0 	 2890.0 	 0.0 
2890.0 	 2895.0 	 0.0 
2895.0 	 2900.0 	 0.0 
2900.0 	 2905.0 	 0.0 
2905.0 	 2910.0 	 0.0 
2910.0 	 2915.0 	 0.0 
2915.0 	 2920.0 	 0.0 
2920.0 	 2925.0 	 0.0 
2925.0 	 2930.0 	 0.0 
2930.0 	 2935.0 	 0.0 
2935.0 	 2940.0 	 0.0 
2940.0 	 2945.0 	 0.0 
2945.0 	 2950.0 	 0.0 
2950.0 	 2955.0 	 0.0 
2955.0 	 2960.0 	 0.0 
2960.0 	 2965.0 	 0.0 
2965.0 	 2970.0 	 0.0 
2970.0 	 2975.0 	 0.0 
2975.0 	 2980.0 	 0.0 
2980.0 	 2985.0 	 0.0 
2985.0 	 2990.0 	 0.0 
2990.0 	 2995.0 	 0.0 
2995.0 	 3000.0 	 0.0 
3000.0 	 3005.0 	 0.0 
3005.0 	 3010.0 	 0.0 
3010.0 	 3015.0 	 0.0 
3015.0 	 3020.0 	 0.0 
3020.0 	 3025.0 	 0.0 
3025.0 	 3030.0 	 0.0 
3030.0 	 3035.0 	 0.0 
3035.0 	 3040.0 	 0.0 
3040.0 	 3045.0 	 0.0 
3045.0 	 3050.0 	 0.0 
3050.0 	 3055.0 	 0.0 
3055.0 	 3060.0 	 0.0 
3060.0 	 3065.0 	 0.0 
3065.0 	 3070.0 	 0.0 
3070.0 	 3075.0 	 0.0 
3075.0 	 3080.0 	 0.0 
3080.0 	 3085.0 	 0.0 
3085.0 	 3090.0 	 0.0 
3090.0 	 3095.0 	 0.0 
3095.0 	 3100.0 	 0.0 
3100.0 	 3105.0 	 0.0 
3105.0 	 3110.0 	 0.0 
3110.0 	 3115.0 	 0.0 
3115.0 	 3120.0 	 0.0 
3120.0 	 3125.0 	 0.0 
3125.0 	 3130.0 	 0.0 
3130.0 	 3135.0 	 0.0 
3135.0 	 3140.0 	 0.0 
3140.0 	 3145.0 	 0.0 
3145.0 	 3150.0 	 0.0 
3150.0 	 3155.0 	 0.0 
3155.0 	 3160.0 	 0.0 
3160.0 	 3165.0 	 0.0 
3165.0 	 3170.0 	 0.0 
3170.0 	 3175.0 	 0.0 
3175.0 	 3180.0 	 0.0 
3180.0 	 3185.0 	 0.0 
3185.0 	 3190.0 	 0.0 
3190.0 	 3195.0 	 0.0 
3195.0 	 3200.0 	 0.0 
3200.0 	 3205.0 	 0.0 
3205.0 	 3210.0 	 0.0 
3210.0 	 3215.0 	 0.0 
3215.0 	 3220.0 	 0.0 
3220.0 	 3225.0 	 8.947836613515392e-05 
3225.0 	 3230.0 	 0.0 
3230.0 	 3235.0 	 8.947836613515392e-05 
3235.0 	 3240.0 	 0.0 
3240.0 	 3245.0 	 0.0 
3245.0 	 3250.0 	 0.0 
3250.0 	 3255.0 	 0.0 
3255.0 	 3260.0 	 0.0 
3260.0 	 3265.0 	 0.0 
3265.0 	 3270.0 	 0.0 
3270.0 	 3275.0 	 0.0 
3275.0 	 3280.0 	 0.0 
3280.0 	 3285.0 	 0.0 
3285.0 	 3290.0 	 0.0 
3290.0 	 3295.0 	 0.0 
3295.0 	 3300.0 	 0.0 
3300.0 	 3305.0 	 0.0 
3305.0 	 3310.0 	 0.0 
3310.0 	 3315.0 	 0.0 
3315.0 	 3320.0 	 0.0 
3320.0 	 3325.0 	 0.0 
3325.0 	 3330.0 	 0.0 
3330.0 	 3335.0 	 0.0 
3335.0 	 3340.0 	 0.0 
3340.0 	 3345.0 	 0.0 
3345.0 	 3350.0 	 0.0 
3350.0 	 3355.0 	 0.0 
3355.0 	 3360.0 	 0.0 
3360.0 	 3365.0 	 0.0 
3365.0 	 3370.0 	 0.0 
3370.0 	 3375.0 	 0.0 
3375.0 	 3380.0 	 0.0 
3380.0 	 3385.0 	 0.0 
3385.0 	 3390.0 	 0.0 
3390.0 	 3395.0 	 0.0 
3395.0 	 3400.0 	 0.0 
3400.0 	 3405.0 	 0.0 
3405.0 	 3410.0 	 0.0 
3410.0 	 3415.0 	 0.0 
3415.0 	 3420.0 	 0.0 
3420.0 	 3425.0 	 0.0 
3425.0 	 3430.0 	 0.0 
3430.0 	 3435.0 	 0.0 
3435.0 	 3440.0 	 0.0 
3440.0 	 3445.0 	 0.0 
3445.0 	 3450.0 	 0.0 
3450.0 	 3455.0 	 0.0 
3455.0 	 3460.0 	 0.0 
3460.0 	 3465.0 	 0.0 
3465.0 	 3470.0 	 0.0 
3470.0 	 3475.0 	 0.0 
3475.0 	 3480.0 	 0.0 
3480.0 	 3485.0 	 0.0 
3485.0 	 3490.0 	 0.0 
3490.0 	 3495.0 	 0.0 
3495.0 	 3500.0 	 0.0 
3500.0 	 3505.0 	 0.0 
3505.0 	 3510.0 	 0.0 
3510.0 	 3515.0 	 0.0 
3515.0 	 3520.0 	 0.0 
3520.0 	 3525.0 	 0.0 
3525.0 	 3530.0 	 0.0 
3530.0 	 3535.0 	 0.0 
3535.0 	 3540.0 	 0.0 
3540.0 	 3545.0 	 0.0 
3545.0 	 3550.0 	 0.0 
3550.0 	 3555.0 	 0.0 
3555.0 	 3560.0 	 0.0 
3560.0 	 3565.0 	 0.0 
3565.0 	 3570.0 	 0.0 
3570.0 	 3575.0 	 0.0 
3575.0 	 3580.0 	 0.0 
3580.0 	 3585.0 	 0.0 
3585.0 	 3590.0 	 0.0 
3590.0 	 3595.0 	 0.0 
3595.0 	 3600.0 	 0.0 
3600.0 	 3605.0 	 0.0 
3605.0 	 3610.0 	 0.0 
3610.0 	 3615.0 	 0.0 
3615.0 	 3620.0 	 0.0 
3620.0 	 3625.0 	 0.0 
3625.0 	 3630.0 	 0.0 
3630.0 	 3635.0 	 0.0 
3635.0 	 3640.0 	 0.0 
3640.0 	 3645.0 	 0.0 
3645.0 	 3650.0 	 0.0 
3650.0 	 3655.0 	 0.0 
3655.0 	 3660.0 	 0.0 
3660.0 	 3665.0 	 0.0 
3665.0 	 3670.0 	 0.0 
3670.0 	 3675.0 	 0.0 
3675.0 	 3680.0 	 0.0 
3680.0 	 3685.0 	 0.0 
3685.0 	 3690.0 	 0.0 
3690.0 	 3695.0 	 0.0 
3695.0 	 3700.0 	 0.0 
3700.0 	 3705.0 	 0.0 
3705.0 	 3710.0 	 0.0 
3710.0 	 3715.0 	 0.0 
3715.0 	 3720.0 	 0.0 
3720.0 	 3725.0 	 0.0 
3725.0 	 3730.0 	 0.0 
3730.0 	 3735.0 	 0.0 
3735.0 	 3740.0 	 0.0 
3740.0 	 3745.0 	 0.0 
3745.0 	 3750.0 	 0.0 
3750.0 	 3755.0 	 0.0 
3755.0 	 3760.0 	 0.0 
3760.0 	 3765.0 	 0.0 
3765.0 	 3770.0 	 0.0 
3770.0 	 3775.0 	 0.0 
3775.0 	 3780.0 	 0.0 
3780.0 	 3785.0 	 0.0 
3785.0 	 3790.0 	 0.0 
3790.0 	 3795.0 	 0.0 
3795.0 	 3800.0 	 0.0 
3800.0 	 3805.0 	 0.0 
3805.0 	 3810.0 	 0.0 
3810.0 	 3815.0 	 0.0 
3815.0 	 3820.0 	 0.0 
3820.0 	 3825.0 	 0.0 
3825.0 	 3830.0 	 0.0 
3830.0 	 3835.0 	 0.0 
3835.0 	 3840.0 	 0.0 
3840.0 	 3845.0 	 0.0 
3845.0 	 3850.0 	 0.0 
3850.0 	 3855.0 	 0.0 
3855.0 	 3860.0 	 0.0 
3860.0 	 3865.0 	 0.0 
3865.0 	 3870.0 	 0.0 
3870.0 	 3875.0 	 0.0 
3875.0 	 3880.0 	 0.0 
3880.0 	 3885.0 	 0.0 
3885.0 	 3890.0 	 0.0 
3890.0 	 3895.0 	 0.0 
3895.0 	 3900.0 	 0.0 
3900.0 	 3905.0 	 0.0 
3905.0 	 3910.0 	 0.0 
3910.0 	 3915.0 	 0.0 
3915.0 	 3920.0 	 0.0 
3920.0 	 3925.0 	 0.0 
3925.0 	 3930.0 	 0.0 
3930.0 	 3935.0 	 0.0 
3935.0 	 3940.0 	 0.0 
3940.0 	 3945.0 	 0.0 
3945.0 	 3950.0 	 0.0 
3950.0 	 3955.0 	 0.0 
3955.0 	 3960.0 	 0.0 
3960.0 	 3965.0 	 0.0 
3965.0 	 3970.0 	 0.0 
3970.0 	 3975.0 	 0.0 
3975.0 	 3980.0 	 0.0 
3980.0 	 3985.0 	 0.0 
3985.0 	 3990.0 	 0.0 
3990.0 	 3995.0 	 0.0 
3995.0 	 4000.0 	 0.0 
